   3
   1   3   4  10  11  21
  21
  70  61  63  63  61  53  45  47  45  46  46  46  47  46  46  46  48  46
  48  48  50
    0.51    0.53    0.55    0.55    0.57    0.60    0.65    0.70
    0.75    0.80    0.80    0.90    1.00    1.10    1.20    1.30    1.40    1.50
    1.60    1.70    1.75
   0.000000E+00  1.2878  4.3693 M=  0.51                     1    21  
   0.384895E+07  1.3152  4.3653              2    40                  
   0.836005E+07  1.3283  4.3641              3    53                  
   0.130472E+08  1.3433  4.3623              4    65                  
   0.181108E+08  1.3582  4.3597              5    79                  
   0.235285E+08  1.3735  4.3570              6    93                  
   0.291723E+08  1.3892  4.3542              7   107                  
   0.352316E+08  1.4051  4.3515              8   121                  
   0.413850E+08  1.4212  4.3486              9   136                  
   0.475081E+08  1.4377  4.3458             10   151                  
   0.536541E+08  1.4548  4.3431             11   167                  
   0.599940E+08  1.4722  4.3403             12   184                  
   0.664037E+08  1.4902  4.3377             13   202                  
   0.729293E+08  1.5084  4.3352             14   221                  
   0.792301E+08  1.5271  4.3331             15   241                  
   0.864593E+08  1.5460  4.3316             16   264                  
   0.959680E+08  1.5715  4.3301             17   290                  
   0.989891E+08  1.5682  4.3315             18   292                  
   0.104854E+09  1.5856  4.3333             19   315                  
   0.108425E+09  1.5941  4.3358             20   323                  
   0.112881E+09  1.6021  4.3403             21   334                  
   0.136746E+09  1.6134  4.3605             22   365                  
   0.137801E+09  1.6144  4.3721             23   382                  
   0.138640E+09  1.6160  4.3901             24   395                  
   0.138890E+09  1.6286  4.4014             25   405                  
   0.139038E+09  1.6584  4.4130 Yc=0        26   422                  
   0.139172E+09  1.6948  4.4268             27   431                  
   0.139342E+09  1.7043  4.4423             28   437                  
   0.139417E+09  1.7038  4.4434             29   439                  
   0.139697E+09  1.7796  4.4256             30   442                  
   0.139979E+09  1.8457  4.4089             31   444                  
   0.140392E+09  1.9098  4.3906             32   446                  
   0.140926E+09  1.9738  4.3696             33   448                  
   0.141238E+09  2.0072  4.3571             34   449                  
   0.141568E+09  2.0406  4.3435             35   450                  
   0.141890E+09  2.0716  4.3298             36   451                  
   0.142206E+09  2.1008  4.3159             37   452                  
   0.142755E+09  2.1471  4.2922             38   454                  
   0.143284E+09  2.1863  4.2712             39   456                  
   0.143746E+09  2.2159  4.2557             40   458                  
   0.144170E+09  2.2423  4.2419             41   460                  
   0.144740E+09  2.2790  4.2219             42   463                  
   0.145226E+09  2.3105  4.2047             43   466                  
   0.145643E+09  2.3378  4.1905             44   469                  
   0.145996E+09  2.3649  4.1741             45   472                  
   0.146226E+09  2.3979  4.1392             46   474                  
   0.146342E+09  2.4220  4.1061             47   475                  
   0.146458E+09  2.4470  4.0664             48   476                  
   0.146567E+09  2.4673  4.0309             49   477                  
   0.146675E+09  2.4836  4.0009             50   478                  
   0.146770E+09  2.4947  3.9811             51   479                  
   0.146865E+09  2.5041  3.9646             52   480                  
   0.146960E+09  2.5128  3.9497             53   481                  
   0.147145E+09  2.5290  3.9232             54   483                  
   0.147320E+09  2.5429  3.9021             55   485                  
   0.147563E+09  2.5578  3.8854             56   488                  
   0.147865E+09  2.5652  3.9015             57   493                  
   0.148026E+09  2.5668  3.9194             58   496                  
   0.148183E+09  2.5678  3.9408             59   499                  
   0.148339E+09  2.5718  3.9581             60   502                  
   0.148565E+09  2.6037  3.9213             61   506                  
   0.148612E+09  2.6179  3.8953             62   507                  
   0.148656E+09  2.6355  3.8566             63   508                  
   0.148694E+09  2.6537  3.8143             64   509                  
   0.148712E+09  2.6643  3.7919             65   510                  
   0.148727E+09  2.6728  3.7745             66   511                  
   0.148741E+09  2.6811  3.7596             67   512                  
   0.148762E+09  2.6915  3.7447             68   515                  
   0.148807E+09  2.7112  3.7304             69   522                  
   0.148984E+09  2.7616  3.7193 C=0.4928    70   531                  
   0.000000E+00  1.3399  4.2970 M=  0.53                     1    60  
   0.333887E+07  1.3510  4.2942              2    72                  
   0.760931E+07  1.3630  4.2906              3    85                  
   0.122106E+08  1.3761  4.2866              4    98                  
   0.169887E+08  1.3901  4.2825              5   112                  
   0.220540E+08  1.4042  4.2781              6   125                  
   0.274881E+08  1.4189  4.2735              7   139                  
   0.332199E+08  1.4337  4.2688              8   154                  
   0.390965E+08  1.4488  4.2640              9   169                  
   0.449432E+08  1.4645  4.2591             10   184                  
   0.508991E+08  1.4807  4.2540             11   200                  
   0.569192E+08  1.4973  4.2489             12   217                  
   0.630439E+08  1.5144  4.2437             13   234                  
   0.693248E+08  1.5319  4.2386             14   253                  
   0.757199E+08  1.5500  4.2337             15   274                  
   0.825647E+08  1.5685  4.2293             16   297                  
   0.908124E+08  1.5870  4.2259             17   319                  
   0.981792E+08  1.6103  4.2198             18   333                  
   0.103871E+09  1.6097  4.2250             19   350                  
   0.106706E+09  1.6176  4.2265             20   358                  
   0.110403E+09  1.6256  4.2298             21   369                  
   0.115970E+09  1.6318  4.2441             22   392                  
   0.119241E+09  1.6331  4.2569             23   408                  
   0.120149E+09  1.6390  4.2741             24   420                  
   0.120401E+09  1.6527  4.2837             25   431                  
   0.120549E+09  1.6838  4.2905 Yc=0        26   447                  
   0.120702E+09  1.7391  4.2968             27   458                  
   0.120829E+09  1.7779  4.3001             28   462                  
   0.121123E+09  1.8213  4.2869             29   468                  
   0.121373E+09  1.8636  4.2585             30   470                  
   0.121506E+09  1.8857  4.2440             31   471                  
   0.121771E+09  1.9232  4.2183             32   473                  
   0.122098E+09  1.9607  4.1906             33   475                  
   0.122279E+09  1.9793  4.1758             34   476                  
   0.122472E+09  1.9977  4.1605             35   477                  
   0.122678E+09  2.0161  4.1445             36   478                  
   0.122901E+09  2.0349  4.1271             37   479                  
   0.123151E+09  2.0545  4.1084             38   480                  
   0.123427E+09  2.0757  4.0865             39   481                  
   0.123674E+09  2.0953  4.0643             40   482                  
   0.123939E+09  2.1183  4.0349             41   483                  
   0.124195E+09  2.1407  4.0027             42   484                  
   0.124450E+09  2.1613  3.9709             43   485                  
   0.124657E+09  2.1760  3.9484             44   486                  
   0.124865E+09  2.1905  3.9254             45   487                  
   0.125072E+09  2.2072  3.8958             46   488                  
   0.125279E+09  2.2290  3.8510             47   489                  
   0.125486E+09  2.2568  3.7862             48   490                  
   0.125590E+09  2.2712  3.7592             49   491                  
   0.125738E+09  2.2904  3.7444             50   493                  
   0.126221E+09  2.3346  3.7315             51   499                  
   0.126854E+09  2.3858  3.7230             52   504                  
   0.127617E+09  2.4492  3.7156             53   510                  
   0.128330E+09  2.5080  3.7105             54   516                  
   0.129360E+09  2.5683  3.7069             55   531                  
   0.130243E+09  2.6359  3.7028             56   544                  
   0.130437E+09  2.7021  3.6983             57   547                  
   0.130681E+09  2.7683  3.6943             58   552                  
   0.130798E+09  2.8304  3.6908             59   556                  
   0.130848E+09  2.8924  3.6873             60   561                  
   0.130872E+09  2.9019  3.6868 C=0.4943    61   564                  
   0.000000E+00  1.3827  4.2419 M=  0.55                     1    63  
   0.308360E+07  1.3863  4.2393              2    74                  
   0.718588E+07  1.3968  4.2348              3    87                  
   0.115091E+08  1.4084  4.2298              4   100                  
   0.161814E+08  1.4203  4.2246              5   113                  
   0.211494E+08  1.4329  4.2192              6   127                  
   0.263781E+08  1.4460  4.2133              7   141                  
   0.318661E+08  1.4596  4.2073              8   155                  
   0.375136E+08  1.4735  4.2010              9   170                  
   0.431717E+08  1.4881  4.1945             10   186                  
   0.488896E+08  1.5031  4.1877             11   202                  
   0.546587E+08  1.5188  4.1806             12   218                  
   0.605092E+08  1.5349  4.1733             13   236                  
   0.665073E+08  1.5516  4.1660             14   255                  
   0.727011E+08  1.5688  4.1587             15   276                  
   0.789974E+08  1.5864  4.1517             16   298                  
   0.903414E+08  1.6100  4.1439             17   321                  
   0.957458E+08  1.6243  4.1419             18   353                  
   0.965873E+08  1.6268  4.1417             19   355                  
   0.990939E+08  1.6326  4.1421             20   361                  
   0.103220E+09  1.6413  4.1444             21   372                  
   0.111103E+09  1.6512  4.1587             22   391                  
   0.114304E+09  1.6545  4.1719             23   410                  
   0.115175E+09  1.6652  4.1880             24   422                  
   0.115421E+09  1.6831  4.1938             25   433                  
   0.115468E+09  1.6911  4.1941             26   435                  
   0.115565E+09  1.7195  4.1914 Yc=0        27   449                  
   0.115659E+09  1.7667  4.1793             28   458                  
   0.115742E+09  1.8149  4.1616             29   461                  
   0.115808E+09  1.8530  4.1432             30   463                  
   0.115872E+09  1.8863  4.1239             31   465                  
   0.115955E+09  1.9172  4.1031             32   467                  
   0.116065E+09  1.9309  4.0922             33   469                  
   0.116248E+09  1.9313  4.0849             34   471                  
   0.116546E+09  1.9486  4.0562             35   473                  
   0.116706E+09  1.9616  4.0377             36   474                  
   0.116866E+09  1.9750  4.0188             37   475                  
   0.117027E+09  1.9882  3.9997             38   476                  
   0.117187E+09  2.0012  3.9803             39   477                  
   0.117347E+09  2.0138  3.9609             40   478                  
   0.117508E+09  2.0262  3.9416             41   479                  
   0.117668E+09  2.0383  3.9220             42   480                  
   0.117829E+09  2.0503  3.9016             43   481                  
   0.117989E+09  2.0625  3.8798             44   482                  
   0.118149E+09  2.0749  3.8563             45   483                  
   0.118310E+09  2.0875  3.8307             46   484                  
   0.118470E+09  2.1005  3.8034             47   485                  
   0.118630E+09  2.1139  3.7758             48   486                  
   0.118791E+09  2.1277  3.7595             49   487                  
   0.119109E+09  2.1561  3.7447             50   489                  
   0.119583E+09  2.1995  3.7340             51   492                  
   0.120216E+09  2.2626  3.7241             52   496                  
   0.120848E+09  2.3295  3.7172             53   500                  
   0.121677E+09  2.3967  3.7116             54   505                  
   0.122423E+09  2.4566  3.7072             55   510                  
   0.123229E+09  2.5182  3.7032             56   518                  
   0.124034E+09  2.5778  3.6999             57   528                  
   0.124861E+09  2.6498  3.6959             58   540                  
   0.125123E+09  2.7153  3.6925             59   544                  
   0.125393E+09  2.7790  3.6888             60   549                  
   0.125677E+09  2.8592  3.6847             61   559                  
   0.125711E+09  2.9217  3.6814             62   563                  
   0.125743E+09  2.9482  3.6797 C=0.4960    63   566                  
   0.000000E+00  1.3827  4.2419 M=  0.55                     1    63  
   0.308360E+07  1.3863  4.2393              2    74                  
   0.718588E+07  1.3968  4.2348              3    87                  
   0.115091E+08  1.4084  4.2298              4   100                  
   0.161814E+08  1.4203  4.2246              5   113                  
   0.211494E+08  1.4329  4.2192              6   127                  
   0.263781E+08  1.4460  4.2133              7   141                  
   0.318661E+08  1.4596  4.2073              8   155                  
   0.375136E+08  1.4735  4.2010              9   170                  
   0.431717E+08  1.4881  4.1945             10   186                  
   0.488896E+08  1.5031  4.1877             11   202                  
   0.546587E+08  1.5188  4.1806             12   218                  
   0.605092E+08  1.5349  4.1733             13   236                  
   0.665073E+08  1.5516  4.1660             14   255                  
   0.727011E+08  1.5688  4.1587             15   276                  
   0.789974E+08  1.5864  4.1517             16   298                  
   0.903414E+08  1.6100  4.1439             17   321                  
   0.957458E+08  1.6243  4.1419             18   353                  
   0.965873E+08  1.6268  4.1417             19   355                  
   0.990939E+08  1.6326  4.1421             20   361                  
   0.103220E+09  1.6413  4.1444             21   372                  
   0.111103E+09  1.6512  4.1587             22   391                  
   0.114304E+09  1.6545  4.1719             23   410                  
   0.115175E+09  1.6652  4.1880             24   422                  
   0.115421E+09  1.6831  4.1938             25   433                  
   0.115468E+09  1.6911  4.1941             26   435                  
   0.115565E+09  1.7195  4.1914 Yc=0        27   449                  
   0.115659E+09  1.7667  4.1793             28   458                  
   0.115742E+09  1.8149  4.1616             29   461                  
   0.115808E+09  1.8530  4.1432             30   463                  
   0.115872E+09  1.8863  4.1239             31   465                  
   0.115955E+09  1.9172  4.1031             32   467                  
   0.116065E+09  1.9309  4.0922 L-M         33   469                  
   0.116248E+09  1.9313  4.0849 L-m         34   471                  
   0.116546E+09  1.9486  4.0562             35   473                  
   0.116706E+09  1.9616  4.0377             36   474                  
   0.116866E+09  1.9750  4.0188             37   475                  
   0.117027E+09  1.9882  3.9997             38   476                  
   0.117187E+09  2.0012  3.9803             39   477                  
   0.117347E+09  2.0138  3.9609             40   478                  
   0.117508E+09  2.0262  3.9416             41   479                  
   0.117668E+09  2.0383  3.9220             42   480                  
   0.117829E+09  2.0503  3.9016             43   481                  
   0.117989E+09  2.0625  3.8798             44   482                  
   0.118149E+09  2.0749  3.8563             45   483                  
   0.118310E+09  2.0875  3.8307             46   484                  
   0.118470E+09  2.1005  3.8034             47   485                  
   0.118630E+09  2.1139  3.7758             48   486                  
   0.118791E+09  2.1277  3.7595             49   487                  
   0.119109E+09  2.1561  3.7447             50   489                  
   0.119583E+09  2.1995  3.7340             51   492                  
   0.120216E+09  2.2626  3.7241             52   496                  
   0.120848E+09  2.3295  3.7172             53   500                  
   0.121677E+09  2.3967  3.7116             54   505                  
   0.122423E+09  2.4566  3.7072             55   510                  
   0.123229E+09  2.5182  3.7032             56   518                  
   0.124034E+09  2.5778  3.6999             57   528                  
   0.124861E+09  2.6498  3.6959             58   540                  
   0.125123E+09  2.7153  3.6925             59   544                  
   0.125393E+09  2.7790  3.6888             60   549                  
   0.125677E+09  2.8592  3.6847             61   559                  
   0.125711E+09  2.9217  3.6814             62   563                  
   0.125743E+09  2.9482  3.6797 C=0.4960    63   566                  
   0.000000E+00  1.4195  4.1959 M=  0.57                     1    69  
   0.297433E+07  1.4232  4.1919              2    80                  
   0.694603E+07  1.4315  4.1872              3    93                  
   0.112155E+08  1.4407  4.1818              4   106                  
   0.157358E+08  1.4505  4.1762              5   119                  
   0.205855E+08  1.4611  4.1700              6   133                  
   0.256501E+08  1.4725  4.1635              7   147                  
   0.309559E+08  1.4846  4.1565              8   161                  
   0.364630E+08  1.4970  4.1492              9   176                  
   0.419752E+08  1.5103  4.1414             10   191                  
   0.475285E+08  1.5241  4.1333             11   207                  
   0.531610E+08  1.5387  4.1247             12   224                  
   0.588825E+08  1.5539  4.1157             13   242                  
   0.646959E+08  1.5696  4.1064             14   261                  
   0.707580E+08  1.5862  4.0970             15   282                  
   0.772261E+08  1.6030  4.0879             16   305                  
   0.840296E+08  1.6206  4.0792             17   331                  
   0.921280E+08  1.6388  4.0730             18   360                  
   0.957797E+08  1.6477  4.0719             19   368                  
   0.106489E+09  1.6757  4.0564             20   378                  
   0.110223E+09  1.6639  4.0729             21   380                  
   0.113621E+09  1.6728  4.0867             22   401                  
   0.114893E+09  1.6790  4.0975             23   418                  
   0.115744E+09  1.6967  4.1084             24   430                  
   0.115810E+09  1.7011  4.1086             25   432                  
   0.115984E+09  1.7216  4.1052             26   441                  
   0.116127E+09  1.7663  4.0846 Yc=0        27   457                  
   0.116166E+09  1.7882  4.0706             28   463                  
   0.116212E+09  1.8186  4.0489             29   465                  
   0.116263E+09  1.8539  4.0197             30   467                  
   0.116289E+09  1.8715  4.0034             31   468                  
   0.116314E+09  1.8888  3.9861             32   469                  
   0.116340E+09  1.9056  3.9679             33   470                  
   0.116366E+09  1.9217  3.9495             34   471                  
   0.116391E+09  1.9369  3.9312             35   472                  
   0.116417E+09  1.9508  3.9133             36   473                  
   0.116442E+09  1.9633  3.8964             37   474                  
   0.116468E+09  1.9741  3.8812             38   475                  
   0.116519E+09  1.9897  3.8585             39   477                  
   0.116601E+09  1.9960  3.8501 L-M         40   479                  
   0.116891E+09  1.9846  3.8539 L-m         41   482                  
   0.117050E+09  1.9897  3.8365             42   483                  
   0.117209E+09  1.9982  3.8143             43   484                  
   0.117369E+09  2.0083  3.7905             44   485                  
   0.117528E+09  2.0187  3.7727             45   486                  
   0.117846E+09  2.0400  3.7560             46   488                  
   0.118484E+09  2.0844  3.7410             47   492                  
   0.119280E+09  2.1434  3.7304             48   497                  
   0.120117E+09  2.2009  3.7235             49   502                  
   0.121117E+09  2.2658  3.7177             50   507                  
   0.121910E+09  2.3368  3.7119             51   512                  
   0.122328E+09  2.4070  3.7070             52   515                  
   0.122978E+09  2.4714  3.7029             53   520                  
   0.123638E+09  2.5302  3.6995             54   526                  
   0.124421E+09  2.5930  3.6962             55   535                  
   0.124929E+09  2.6576  3.6928             56   544                  
   0.125278E+09  2.7231  3.6892             57   551                  
   0.125564E+09  2.7839  3.6864             58   556                  
   0.125839E+09  2.8476  3.6831             59   564                  
   0.126000E+09  2.9126  3.6796             60   571                  
   0.126034E+09  2.9408  3.6778 C=0.4977    61   576                  
   0.000000E+00  1.4798  4.1275 M=  0.60                     1    71  
   0.273754E+07  1.4809  4.1248              2    81                  
   0.667514E+07  1.4852  4.1208              3    94                  
   0.108266E+08  1.4907  4.1160              4   107                  
   0.151457E+08  1.4972  4.1105              5   120                  
   0.197831E+08  1.5046  4.1045              6   134                  
   0.247306E+08  1.5128  4.0978              7   148                  
   0.298426E+08  1.5221  4.0904              8   163                  
   0.351335E+08  1.5321  4.0824              9   177                  
   0.404688E+08  1.5431  4.0736             10   193                  
   0.458230E+08  1.5550  4.0642             11   209                  
   0.512820E+08  1.5677  4.0540             12   225                  
   0.568021E+08  1.5812  4.0431             13   243                  
   0.624591E+08  1.5956  4.0315             14   262                  
   0.683346E+08  1.6106  4.0194             15   283                  
   0.744911E+08  1.6266  4.0071             16   306                  
   0.808869E+08  1.6432  3.9954             17   332                  
   0.899904E+08  1.6625  3.9847             18   364                  
   0.930978E+08  1.6712  3.9816             19   372                  
   0.958065E+08  1.6777  3.9806             20   379                  
   0.970195E+08  1.6810  3.9807             21   383                  
   0.105375E+09  1.6980  3.9895             22   407                  
   0.106915E+09  1.7110  3.9930             23   424                  
   0.107132E+09  1.7155  3.9932             24   426                  
   0.107750E+09  1.7426  3.9841             25   436                  
   0.107988E+09  1.7760  3.9586             26   447                  
   0.108127E+09  1.8252  3.9021 Yc=0        27   463                  
   0.108159E+09  1.8439  3.8758             28   469                  
   0.108180E+09  1.8578  3.8558             29   470                  
   0.108200E+09  1.8721  3.8341             30   471                  
   0.108221E+09  1.8866  3.8111             31   472                  
   0.108241E+09  1.9010  3.7884             32   473                  
   0.108262E+09  1.9154  3.7736             33   474                  
   0.108303E+09  1.9437  3.7583             34   476                  
   0.108365E+09  1.9843  3.7467             35   479                  
   0.108467E+09  2.0420  3.7362             36   484                  
   0.108651E+09  2.0851  3.7308 L-M         37   490                  
   0.109140E+09  2.0730  3.7321 L-m         38   494                  
   0.110589E+09  2.1347  3.7243             39   501                  
   0.111643E+09  2.2038  3.7177             40   506                  
   0.112275E+09  2.2656  3.7132             41   509                  
   0.112881E+09  2.3284  3.7088             42   512                  
   0.113828E+09  2.3995  3.7045             43   517                  
   0.114581E+09  2.4592  3.7010             44   522                  
   0.115302E+09  2.5201  3.6980             45   528                  
   0.116000E+09  2.5813  3.6945             46   536                  
   0.116587E+09  2.6432  3.6916             47   546                  
   0.117043E+09  2.7076  3.6882             48   553                  
   0.117403E+09  2.7721  3.6851             49   559                  
   0.117680E+09  2.8353  3.6821             50   565                  
   0.117935E+09  2.8943  3.6792             51   574                  
   0.118079E+09  2.9581  3.6751             52   583                  
   0.118124E+09  3.0160  3.6723 C=0.5011    53   588                  
   0.000000E+00  1.5649  4.0210 M=  0.65                     1    82  
   0.259965E+07  1.5660  4.0194              2    91                  
   0.642869E+07  1.5674  4.0173              3   104                  
   0.104822E+08  1.5689  4.0150              4   117                  
   0.147456E+08  1.5714  4.0116              5   131                  
   0.193179E+08  1.5744  4.0077              6   144                  
   0.240386E+08  1.5786  4.0025              7   158                  
   0.290032E+08  1.5838  3.9964              8   173                  
   0.341645E+08  1.5897  3.9894              9   188                  
   0.393649E+08  1.5971  3.9809             10   203                  
   0.445497E+08  1.6055  3.9713             11   219                  
   0.497163E+08  1.6149  3.9604             12   235                  
   0.550363E+08  1.6255  3.9481             13   253                  
   0.605300E+08  1.6374  3.9345             14   272                  
   0.661890E+08  1.6504  3.9196             15   293                  
   0.721666E+08  1.6648  3.9033             16   315                  
   0.784872E+08  1.6806  3.8863             17   339                  
   0.877177E+08  1.6992  3.8689             18   377                  
   0.904932E+08  1.7089  3.8615             19   387                  
   0.941641E+08  1.7212  3.8538             20   397                  
   0.100538E+09  1.7498  3.8384             21   422                  
   0.104040E+09  1.7764  3.8150             22   446                  
   0.104820E+09  1.8230  3.7723             23   459                  
   0.105047E+09  1.8592  3.7570             24   470                  
   0.105225E+09  1.9332  3.7392 Yc=0        25   509                  
   0.105305E+09  1.9939  3.7318             26   515                  
   0.105386E+09  2.0578  3.7255             27   521                  
   0.105479E+09  2.1254  3.7203             28   527                  
   0.105626E+09  2.1900  3.7159             29   533                  
   0.105681E+09  2.1944  3.7153 L-M         30   534                  
   0.106254E+09  2.1555  3.7182 L-m         31   539                  
   0.107764E+09  2.2175  3.7141             32   546                  
   0.108662E+09  2.2865  3.7095             33   550                  
   0.109336E+09  2.3556  3.7051             34   553                  
   0.110098E+09  2.4292  3.7011             35   556                  
   0.110893E+09  2.5140  3.6968             36   559                  
   0.111384E+09  2.5756  3.6936             37   566                  
   0.111784E+09  2.6363  3.6908             38   580                  
   0.112127E+09  2.6974  3.6879             39   599                  
   0.112430E+09  2.7621  3.6846             40   617                  
   0.112681E+09  2.8226  3.6820             41   643                  
   0.112946E+09  2.8828  3.6787             42   686                  
   0.113211E+09  2.9421  3.6757             43   742                  
   0.113336E+09  3.0017  3.6726             44   772                  
   0.113341E+09  3.0051  3.6725 C=0.5070    45   773                  
   0.000000E+00  1.6283  3.9239 M=  0.70                     1    78  
   0.264810E+07  1.6296  3.9225              2    87                  
   0.649826E+07  1.6302  3.9224              3   100                  
   0.105864E+08  1.6317  3.9211              4   113                  
   0.148545E+08  1.6334  3.9190              5   127                  
   0.193435E+08  1.6347  3.9176              6   141                  
   0.240097E+08  1.6368  3.9153              7   155                  
   0.289235E+08  1.6400  3.9110              8   169                  
   0.340826E+08  1.6438  3.9057              9   184                  
   0.391676E+08  1.6481  3.8996             10   199                  
   0.441990E+08  1.6535  3.8918             11   215                  
   0.492801E+08  1.6603  3.8819             12   232                  
   0.544866E+08  1.6681  3.8704             13   249                  
   0.598294E+08  1.6773  3.8568             14   268                  
   0.653741E+08  1.6881  3.8407             15   289                  
   0.711526E+08  1.7005  3.8225             16   312                  
   0.769214E+08  1.7152  3.8028             17   339                  
   0.846018E+08  1.7336  3.7869             18   373                  
   0.876243E+08  1.7433  3.7813             19   381                  
   0.988620E+08  1.7677  3.7719             20   409                  
   0.101646E+09  1.7981  3.7631             21   433                  
   0.102761E+09  1.8238  3.7563             22   451                  
   0.103523E+09  1.8695  3.7456             23   463                  
   0.103746E+09  1.9043  3.7391             24   474                  
   0.103921E+09  1.9775  3.7295 Yc=0        25   513                  
   0.103993E+09  2.0370  3.7246             26   518                  
   0.104066E+09  2.0984  3.7201             27   523                  
   0.104147E+09  2.1624  3.7161             28   528                  
   0.104268E+09  2.2234  3.7125             29   533                  
   0.104311E+09  2.2295  3.7122 L-M         30   534                  
   0.104868E+09  2.1660  3.7161             31   541                  
   0.105053E+09  2.1653  3.7161 L-m         32   542                  
   0.106554E+09  2.2361  3.7119             33   552                  
   0.107525E+09  2.3116  3.7075             34   556                  
   0.108242E+09  2.3894  3.7031             35   559                  
   0.108902E+09  2.4810  3.6983             36   562                  
   0.109459E+09  2.5507  3.6944             37   566                  
   0.109881E+09  2.6118  3.6918             38   574                  
   0.110241E+09  2.6716  3.6887             39   582                  
   0.110545E+09  2.7335  3.6861             40   596                  
   0.110792E+09  2.7932  3.6832             41   609                  
   0.111046E+09  2.8528  3.6800             42   623                  
   0.111264E+09  2.9137  3.6774             43   662                  
   0.111544E+09  2.9752  3.6740             44   720                  
   0.111644E+09  3.0378  3.6705             45   746                  
   0.111671E+09  3.0985  3.6673             46   756                  
   0.111705E+09  3.1269  3.6655 C=0.5121    47   778                  
   0.000000E+00  1.6792  3.8470 M=  0.75                     1    76  
   0.257518E+07  1.6804  3.8466              2    85                  
   0.644745E+07  1.6826  3.8449              3    98                  
   0.105295E+08  1.6844  3.8449              4   111                  
   0.148031E+08  1.6864  3.8434              5   125                  
   0.192585E+08  1.6875  3.8433              6   138                  
   0.239213E+08  1.6899  3.8418              7   152                  
   0.287853E+08  1.6916  3.8407              8   167                  
   0.338464E+08  1.6936  3.8395              9   181                  
   0.389272E+08  1.6961  3.8366             10   197                  
   0.439459E+08  1.6998  3.8313             11   213                  
   0.488981E+08  1.7040  3.8248             12   229                  
   0.539625E+08  1.7100  3.8153             13   247                  
   0.591520E+08  1.7169  3.8047             14   266                  
   0.645780E+08  1.7256  3.7942             15   286                  
   0.701820E+08  1.7362  3.7843             16   309                  
   0.763573E+08  1.7493  3.7762             17   337                  
   0.833428E+08  1.7663  3.7689             18   371                  
   0.864580E+08  1.7771  3.7655             19   379                  
   0.900106E+08  1.7917  3.7617             20   390                  
   0.961832E+08  1.8261  3.7538             21   414                  
   0.977166E+08  1.8504  3.7484             22   431                  
   0.984658E+08  1.8920  3.7405             23   443                  
   0.986839E+08  1.9231  3.7357             24   454                  
   0.988566E+08  1.9917  3.7280 Yc=0        25   494                  
   0.989336E+08  2.0543  3.7228             26   499                  
   0.990119E+08  2.1201  3.7185             27   504                  
   0.991006E+08  2.1879  3.7144             28   509                  
   0.992456E+08  2.2491  3.7112             29   514                  
   0.992921E+08  2.2525  3.7110 L-M         30   515                  
   0.100013E+09  2.2024  3.7138 L-m         31   523                  
   0.101484E+09  2.2699  3.7099             32   530                  
   0.102187E+09  2.3401  3.7063             33   533                  
   0.102913E+09  2.4154  3.7023             34   536                  
   0.103463E+09  2.4741  3.6989             35   538                  
   0.104008E+09  2.5377  3.6957             36   540                  
   0.104531E+09  2.6032  3.6925             37   544                  
   0.104955E+09  2.6670  3.6895             38   548                  
   0.105270E+09  2.7308  3.6868             39   557                  
   0.105546E+09  2.7937  3.6838             40   572                  
   0.105797E+09  2.8565  3.6809             41   584                  
   0.106012E+09  2.9153  3.6779             42   602                  
   0.106246E+09  2.9745  3.6747             43   649                  
   0.106475E+09  3.0410  3.6715             44   725                  
   0.106515E+09  3.0899  3.6685 C=0.5156    45   739                  
   0.000000E+00  1.7132  3.7931 M=  0.80                     1    74  
   0.269211E+07  1.7148  3.7929              2    83                  
   0.664308E+07  1.7183  3.7911              3    96                  
   0.107869E+08  1.7212  3.7903              4   109                  
   0.151480E+08  1.7238  3.7895              5   123                  
   0.179706E+08  1.7252  3.7893              6   131                  
   0.196998E+08  1.7254  3.7897              7   137                  
   0.244149E+08  1.7274  3.7899              8   151                  
   0.293350E+08  1.7286  3.7909              9   165                  
   0.344741E+08  1.7300  3.7918             10   180                  
   0.384603E+08  1.7313  3.7922             11   191                  
   0.395947E+08  1.7317  3.7917             12   195                  
   0.446833E+08  1.7342  3.7905             13   211                  
   0.496816E+08  1.7372  3.7886             14   227                  
   0.548093E+08  1.7419  3.7848             15   245                  
   0.599414E+08  1.7476  3.7806             16   264                  
   0.652803E+08  1.7549  3.7760             17   284                  
   0.708736E+08  1.7643  3.7713             18   307                  
   0.768838E+08  1.7762  3.7664             19   334                  
   0.847220E+08  1.7931  3.7610             20   371                  
   0.871873E+08  1.8026  3.7583             21   380                  
   0.905469E+08  1.8163  3.7549             22   391                  
   0.102993E+09  1.8606  3.7463             23   439                  
   0.103897E+09  1.8854  3.7420             24   457                  
   0.104587E+09  1.9270  3.7355             25   469                  
   0.104794E+09  1.9579  3.7314             26   480                  
   0.104956E+09  2.0225  3.7255 Yc=0        27   519                  
   0.105033E+09  2.0858  3.7208             28   524                  
   0.105117E+09  2.1542  3.7169             29   529                  
   0.105228E+09  2.2210  3.7129             30   534                  
   0.105308E+09  2.2349  3.7123 L-M         31   536                  
   0.105895E+09  2.1956  3.7144 L-m         32   542                  
   0.107185E+09  2.2548  3.7111             33   549                  
   0.108043E+09  2.3275  3.7073             34   553                  
   0.108740E+09  2.3997  3.7035             35   556                  
   0.109222E+09  2.4673  3.7002             36   561                  
   0.109660E+09  2.5449  3.6962             37   565                  
   0.110059E+09  2.6055  3.6929             38   567                  
   0.110472E+09  2.6700  3.6899             39   571                  
   0.110810E+09  2.7334  3.6873             40   577                  
   0.111060E+09  2.7966  3.6843             41   595                  
   0.111297E+09  2.8619  3.6815             42   609                  
   0.111488E+09  2.9217  3.6782             43   633                  
   0.111695E+09  2.9811  3.6753             44   680                  
   0.111913E+09  3.0422  3.6724             45   746                  
   0.111935E+09  3.0624  3.6714 C=0.5185    46   753                  
   0.000000E+00  1.7132  3.7931 M=  0.80                     1    74  
   0.269211E+07  1.7148  3.7929              2    83                  
   0.664308E+07  1.7183  3.7911              3    96                  
   0.107869E+08  1.7212  3.7903              4   109                  
   0.151480E+08  1.7238  3.7895              5   123                  
   0.179706E+08  1.7252  3.7893 Te-m         6   131                  
   0.196998E+08  1.7254  3.7897              7   137                  
   0.244149E+08  1.7274  3.7899              8   151                  
   0.293350E+08  1.7286  3.7909              9   165                  
   0.344741E+08  1.7300  3.7918             10   180                  
   0.384603E+08  1.7313  3.7922 Te-M        11   191                  
   0.395947E+08  1.7317  3.7917             12   195                  
   0.446833E+08  1.7342  3.7905             13   211                  
   0.496816E+08  1.7372  3.7886             14   227                  
   0.548093E+08  1.7419  3.7848             15   245                  
   0.599414E+08  1.7476  3.7806             16   264                  
   0.652803E+08  1.7549  3.7760             17   284                  
   0.708736E+08  1.7643  3.7713             18   307                  
   0.768838E+08  1.7762  3.7664             19   334                  
   0.847220E+08  1.7931  3.7610             20   371                  
   0.871873E+08  1.8026  3.7583             21   380                  
   0.905469E+08  1.8163  3.7549             22   391                  
   0.102993E+09  1.8606  3.7463             23   439                  
   0.103897E+09  1.8854  3.7420             24   457                  
   0.104587E+09  1.9270  3.7355             25   469                  
   0.104794E+09  1.9579  3.7314             26   480                  
   0.104956E+09  2.0225  3.7255 Yc=0        27   519                  
   0.105033E+09  2.0858  3.7208             28   524                  
   0.105117E+09  2.1542  3.7169             29   529                  
   0.105228E+09  2.2210  3.7129             30   534                  
   0.105308E+09  2.2349  3.7123 L-M         31   536                  
   0.105895E+09  2.1956  3.7144 L-m         32   542                  
   0.107185E+09  2.2548  3.7111             33   549                  
   0.108043E+09  2.3275  3.7073             34   553                  
   0.108740E+09  2.3997  3.7035             35   556                  
   0.109222E+09  2.4673  3.7002             36   561                  
   0.109660E+09  2.5449  3.6962             37   565                  
   0.110059E+09  2.6055  3.6929             38   567                  
   0.110472E+09  2.6700  3.6899             39   571                  
   0.110810E+09  2.7334  3.6873             40   577                  
   0.111060E+09  2.7966  3.6843             41   595                  
   0.111297E+09  2.8619  3.6815             42   609                  
   0.111488E+09  2.9217  3.6782             43   633                  
   0.111695E+09  2.9811  3.6753             44   680                  
   0.111913E+09  3.0422  3.6724             45   746                  
   0.111935E+09  3.0624  3.6714 C=0.5185    46   753                  
   0.000000E+00  1.7652  3.7690 M=  0.90                     1    68  
   0.279541E+07  1.7688  3.7682              2    78                  
   0.684411E+07  1.7734  3.7672              3    91                  
   0.111100E+08  1.7773  3.7664              4   104                  
   0.142586E+08  1.7801  3.7662 Te-m         5   113                  
   0.155464E+08  1.7810  3.7662              6   117                  
   0.201524E+08  1.7834  3.7666              7   131                  
   0.249378E+08  1.7851  3.7676              8   145                  
   0.298911E+08  1.7863  3.7689              9   160                  
   0.350027E+08  1.7876  3.7703             10   174                  
   0.400331E+08  1.7890  3.7714             11   189                  
   0.450830E+08  1.7910  3.7719             12   205                  
   0.466274E+08  1.7917  3.7720 Te-M        13   210                  
   0.499827E+08  1.7936  3.7716             14   222                  
   0.549648E+08  1.7966  3.7707             15   239                  
   0.600060E+08  1.8015  3.7688             16   258                  
   0.652544E+08  1.8074  3.7666             17   279                  
   0.707698E+08  1.8150  3.7637             18   302                  
   0.764628E+08  1.8249  3.7601             19   328                  
   0.855781E+08  1.8421  3.7546             20   367                  
   0.876778E+08  1.8499  3.7528             21   374                  
   0.905857E+08  1.8627  3.7494             22   385                  
   0.952732E+08  1.8927  3.7435             23   409                  
   0.967318E+08  1.9128  3.7397             24   426                  
   0.974375E+08  1.9470  3.7346             25   439                  
   0.976434E+08  1.9720  3.7318             26   449                  
   0.978000E+08  2.0238  3.7262 Yc=0        27   488                  
   0.978819E+08  2.0895  3.7217             28   493                  
   0.979664E+08  2.1609  3.7174             29   498                  
   0.980446E+08  2.2195  3.7141             30   502                  
   0.982217E+08  2.2735  3.7114 L-M         31   507                  
   0.988608E+08  2.2323  3.7135 L-m         32   514                  
   0.100178E+09  2.2992  3.7100             33   522                  
   0.100805E+09  2.3719  3.7063             34   525                  
   0.101472E+09  2.4491  3.7025             35   528                  
   0.101977E+09  2.5092  3.6996             36   530                  
   0.102474E+09  2.5741  3.6968             37   532                  
   0.102984E+09  2.6453  3.6929             38   535                  
   0.103372E+09  2.7093  3.6899             39   543                  
   0.103672E+09  2.7693  3.6872             40   552                  
   0.103930E+09  2.8346  3.6844             41   560                  
   0.104135E+09  2.8961  3.6818             42   575                  
   0.104325E+09  2.9559  3.6785             43   604                  
   0.104557E+09  3.0158  3.6758             44   662                  
   0.104743E+09  3.0754  3.6728             45   728                  
   0.104757E+09  3.0831  3.6724 C=0.5234    46   734                  
   0.000000E+00  1.8033  3.7649 M=  1.00                     1    65  
   0.309489E+07  1.8105  3.7629              2    76                  
   0.722238E+07  1.8161  3.7615              3    89                  
   0.115346E+08  1.8209  3.7605              4   102                  
   0.131257E+08  1.8224  3.7604 Te-m         5   106                  
   0.160266E+08  1.8249  3.7607              6   115                  
   0.206420E+08  1.8277  3.7616              7   129                  
   0.254245E+08  1.8300  3.7633              8   143                  
   0.304250E+08  1.8323  3.7650              9   157                  
   0.354704E+08  1.8346  3.7663             10   172                  
   0.405488E+08  1.8371  3.7674             11   187                  
   0.455315E+08  1.8398  3.7679             12   203                  
   0.506590E+08  1.8428  3.7681 Te-M        13   220                  
   0.553117E+08  1.8461  3.7677             14   237                  
   0.602915E+08  1.8502  3.7667             15   256                  
   0.654824E+08  1.8555  3.7651             16   277                  
   0.708847E+08  1.8624  3.7626             17   300                  
   0.765915E+08  1.8715  3.7591             18   326                  
   0.834140E+08  1.8839  3.7548             19   359                  
   0.859707E+08  1.8918  3.7524             20   367                  
   0.893865E+08  1.9040  3.7489             21   378                  
   0.996099E+08  1.9396  3.7413             22   421                  
   0.100446E+09  1.9589  3.7377             23   439                  
   0.101083E+09  1.9909  3.7329             24   451                  
   0.101275E+09  2.0142  3.7302             25   462                  
   0.101423E+09  2.0634  3.7253 Yc=0        26   501                  
   0.101508E+09  2.1316  3.7209             27   506                  
   0.101579E+09  2.1910  3.7173             28   510                  
   0.101702E+09  2.2615  3.7137             29   515                  
   0.101788E+09  2.2706  3.7133 L-M         30   517                  
   0.102256E+09  2.2360  3.7150 L-m         31   522                  
   0.103608E+09  2.3112  3.7111             32   530                  
   0.104209E+09  2.3718  3.7081             33   533                  
   0.104795E+09  2.4433  3.7047             34   536                  
   0.105127E+09  2.5118  3.7017             35   538                  
   0.105450E+09  2.5768  3.6984             36   540                  
   0.105773E+09  2.6378  3.6957             37   542                  
   0.106150E+09  2.6989  3.6923             38   545                  
   0.106463E+09  2.7641  3.6892             39   550                  
   0.106702E+09  2.8265  3.6868             40   558                  
   0.106908E+09  2.8910  3.6839             41   572                  
   0.107103E+09  2.9514  3.6813             42   588                  
   0.107276E+09  3.0107  3.6782             43   619                  
   0.107468E+09  3.0726  3.6751             44   677                  
   0.107590E+09  3.1402  3.6720             45   716                  
   0.107611E+09  3.2003  3.6684             46   725                  
   0.107635E+09  3.2332  3.6670 C=0.5303    47   750                  
   0.000000E+00  1.8427  3.7657 M=  1.10                     1    61  
   0.344082E+07  1.8449  3.7623              2    73                  
   0.770939E+07  1.8510  3.7602              3    86                  
   0.121184E+08  1.8563  3.7594 Te-m         4    99                  
   0.121455E+08  1.8563  3.7594              5   100                  
   0.167406E+08  1.8609  3.7599              6   113                  
   0.214781E+08  1.8649  3.7615              7   127                  
   0.263135E+08  1.8684  3.7634              8   141                  
   0.313201E+08  1.8721  3.7652              9   155                  
   0.365300E+08  1.8759  3.7665             10   170                  
   0.415943E+08  1.8795  3.7677             11   185                  
   0.466218E+08  1.8831  3.7685             12   201                  
   0.514515E+08  1.8869  3.7690 Te-M        13   217                  
   0.514851E+08  1.8869  3.7690             14   218                  
   0.563563E+08  1.8906  3.7687             15   235                  
   0.613538E+08  1.8952  3.7681             16   254                  
   0.665173E+08  1.9004  3.7667             17   275                  
   0.724269E+08  1.9072  3.7645             18   303                  
   0.776970E+08  1.9151  3.7611             19   329                  
   0.854033E+08  1.9279  3.7562             20   369                  
   0.876900E+08  1.9347  3.7535             21   377                  
   0.905645E+08  1.9450  3.7496             22   388                  
   0.965489E+08  1.9720  3.7424             23   418                  
   0.976865E+08  1.9853  3.7389             24   435                  
   0.983354E+08  2.0107  3.7342             25   447                  
   0.985262E+08  2.0287  3.7316             26   458                  
   0.986706E+08  2.0685  3.7273 Yc=0        27   497                  
   0.987571E+08  2.1359  3.7225             28   502                  
   0.988294E+08  2.1977  3.7185             29   506                  
   0.989134E+08  2.2584  3.7156             30   510                  
   0.990604E+08  2.2914  3.7139 L-M         31   514                  
   0.996166E+08  2.2507  3.7161 L-m         32   520                  
   0.100795E+09  2.3227  3.7124             33   527                  
   0.101340E+09  2.3897  3.7090             34   530                  
   0.101860E+09  2.4719  3.7051             35   533                  
   0.102279E+09  2.5310  3.7025             36   535                  
   0.102724E+09  2.5949  3.6994             37   537                  
   0.103132E+09  2.6594  3.6967             38   539                  
   0.103591E+09  2.7368  3.6925             39   543                  
   0.103908E+09  2.7994  3.6895             40   548                  
   0.104150E+09  2.8601  3.6871             41   569                  
   0.104353E+09  2.9217  3.6844             42   589                  
   0.104533E+09  2.9812  3.6821             43   610                  
   0.104709E+09  3.0433  3.6787             44   641                  
   0.104873E+09  3.1054  3.6759             45   689                  
   0.104886E+09  3.1301  3.6745 C=0.5322    46   694                  
   0.000000E+00  1.8747  3.7685 M=  1.20                     1    59  
   0.352524E+07  1.8807  3.7647              2    71                  
   0.794171E+07  1.8874  3.7619              3    84                  
   0.109553E+08  1.8914  3.7613 Te-m         4    92                  
   0.125493E+08  1.8935  3.7615              5    97                  
   0.172889E+08  1.8992  3.7629              6   110                  
   0.221198E+08  1.9044  3.7651              7   124                  
   0.270651E+08  1.9096  3.7669              8   138                  
   0.321385E+08  1.9147  3.7687              9   152                  
   0.373539E+08  1.9198  3.7704             10   167                  
   0.424735E+08  1.9248  3.7719             11   182                  
   0.474927E+08  1.9293  3.7730             12   198                  
   0.523490E+08  1.9340  3.7736             13   215                  
   0.569570E+08  1.9386  3.7740 Te-M        14   231                  
   0.572380E+08  1.9386  3.7739             15   233                  
   0.621626E+08  1.9436  3.7733             16   251                  
   0.671949E+08  1.9491  3.7722             17   272                  
   0.720118E+08  1.9553  3.7694             18   293                  
   0.775900E+08  1.9637  3.7660             19   320                  
   0.843953E+08  1.9742  3.7610             20   361                  
   0.869179E+08  1.9808  3.7575             21   369                  
   0.904494E+08  1.9907  3.7530             22   379                  
   0.998443E+08  2.0175  3.7433             23   423                  
   0.100625E+09  2.0309  3.7390             24   441                  
   0.101219E+09  2.0530  3.7341             25   453                  
   0.101397E+09  2.0691  3.7316             26   464                  
   0.101534E+09  2.1058  3.7274 Yc=0        27   503                  
   0.101619E+09  2.1734  3.7226             28   508                  
   0.101691E+09  2.2341  3.7186             29   512                  
   0.101824E+09  2.2944  3.7160 L-M         30   517                  
   0.102310E+09  2.2641  3.7176 L-m         31   523                  
   0.103345E+09  2.3265  3.7142             32   530                  
   0.104060E+09  2.4052  3.7104             33   534                  
   0.104592E+09  2.4766  3.7071             34   537                  
   0.104893E+09  2.5484  3.7037             35   539                  
   0.105184E+09  2.6184  3.7006             36   541                  
   0.105495E+09  2.6859  3.6975             37   543                  
   0.105846E+09  2.7491  3.6942             38   546                  
   0.106134E+09  2.8116  3.6914             39   550                  
   0.106363E+09  2.8761  3.6884             40   556                  
   0.106581E+09  2.9473  3.6854             41   564                  
   0.106752E+09  3.0120  3.6827             42   585                  
   0.106899E+09  3.0713  3.6797             43   615                  
   0.107062E+09  3.1311  3.6771             44   654                  
   0.107158E+09  3.1901  3.6738             45   681                  
   0.107161E+09  3.1934  3.6737 C=0.5406    46   682                  
   0.000000E+00  1.9103  3.7752 M=  1.30                     1    58  
   0.362530E+07  1.9145  3.7694              2    70                  
   0.816270E+07  1.9212  3.7661              3    83                  
   0.103913E+08  1.9246  3.7657 Te-m         4    89                  
   0.128948E+08  1.9284  3.7662              5    96                  
   0.177427E+08  1.9351  3.7681              6   110                  
   0.227223E+08  1.9420  3.7705              7   123                  
   0.277093E+08  1.9484  3.7729              8   137                  
   0.327917E+08  1.9547  3.7753              9   152                  
   0.379918E+08  1.9611  3.7773             10   167                  
   0.430990E+08  1.9671  3.7794             11   182                  
   0.481459E+08  1.9728  3.7813             12   198                  
   0.530432E+08  1.9783  3.7824             13   214                  
   0.578140E+08  1.9836  3.7830             14   232                  
   0.598491E+08  1.9862  3.7833 Te-M        15   239                  
   0.626714E+08  1.9892  3.7825             16   251                  
   0.676787E+08  1.9952  3.7805             17   271                  
   0.727888E+08  2.0021  3.7774             18   294                  
   0.781132E+08  2.0098  3.7729             19   320                  
   0.851121E+08  2.0212  3.7667             20   354                  
   0.877238E+08  2.0272  3.7627             21   362                  
   0.911849E+08  2.0363  3.7571             22   372                  
   0.994341E+08  2.0580  3.7457             23   414                  
   0.100191E+09  2.0678  3.7409             24   432                  
   0.100763E+09  2.0843  3.7353             25   444                  
   0.100934E+09  2.0964  3.7326             26   455                  
   0.101065E+09  2.1255  3.7282 Yc=0        27   494                  
   0.101148E+09  2.1915  3.7235             28   499                  
   0.101219E+09  2.2540  3.7199             29   503                  
   0.101349E+09  2.3093  3.7172 L-M         30   508                  
   0.101725E+09  2.2809  3.7186 L-m         31   513                  
   0.102742E+09  2.3409  3.7153             32   521                  
   0.103345E+09  2.4094  3.7122             33   525                  
   0.103926E+09  2.4907  3.7082             34   529                  
   0.104210E+09  2.5655  3.7047             35   531                  
   0.104487E+09  2.6361  3.7017             36   533                  
   0.104775E+09  2.7008  3.6984             37   535                  
   0.105065E+09  2.7637  3.6954             38   537                  
   0.105380E+09  2.8286  3.6924             39   541                  
   0.105617E+09  2.8905  3.6895             40   545                  
   0.105799E+09  2.9509  3.6872             41   555                  
   0.105972E+09  3.0170  3.6843             42   565                  
   0.106116E+09  3.0773  3.6819             43   593                  
   0.106259E+09  3.1374  3.6786             44   617                  
   0.106422E+09  3.1997  3.6758             45   677                  
   0.106453E+09  3.2482  3.6732 C=0.5481    46   692                  
   0.000000E+00  1.9492  3.7865 M=  1.40                     1    58  
   0.379948E+07  1.9502  3.7771              2    70                  
   0.846346E+07  1.9575  3.7725              3    83                  
   0.966210E+07  1.9597  3.7724 Te-m         4    86                  
   0.132774E+08  1.9659  3.7738              5    96                  
   0.181975E+08  1.9739  3.7770              6   110                  
   0.232106E+08  1.9818  3.7801              7   123                  
   0.282161E+08  1.9893  3.7835              8   137                  
   0.333230E+08  1.9969  3.7870              9   152                  
   0.385514E+08  2.0042  3.7910             10   166                  
   0.436453E+08  2.0113  3.7947             11   182                  
   0.485843E+08  2.0178  3.7977             12   197                  
   0.533827E+08  2.0243  3.8001             13   214                  
   0.580534E+08  2.0302  3.8009             14   232                  
   0.584951E+08  2.0311  3.8015 Te-M        15   233                  
   0.627883E+08  2.0363  3.8005             16   251                  
   0.675919E+08  2.0427  3.7980             17   271                  
   0.725491E+08  2.0499  3.7935             18   294                  
   0.781268E+08  2.0589  3.7862             19   321                  
   0.839339E+08  2.0685  3.7760             20   353                  
   0.864345E+08  2.0743  3.7701             21   361                  
   0.896916E+08  2.0825  3.7634             22   371                  
   0.952952E+08  2.0981  3.7503             23   404                  
   0.960877E+08  2.1039  3.7444             24   423                  
   0.966537E+08  2.1129  3.7378             25   435                  
   0.968205E+08  2.1194  3.7346             26   446                  
   0.969445E+08  2.1378  3.7307 Yc=0        27   485                  
   0.970256E+08  2.1971  3.7252             28   490                  
   0.970944E+08  2.2631  3.7216             29   494                  
   0.971785E+08  2.3229  3.7182             30   498                  
   0.972405E+08  2.3387  3.7175 L-M         31   500                  
   0.976937E+08  2.3053  3.7192 L-m         32   506                  
   0.986948E+08  2.3799  3.7152             33   514                  
   0.991540E+08  2.4413  3.7124             34   517                  
   0.994687E+08  2.5130  3.7089             35   519                  
   0.997812E+08  2.5812  3.7059             36   521                  
   0.100097E+09  2.6432  3.7030             37   523                  
   0.100424E+09  2.7088  3.7002             38   525                  
   0.100736E+09  2.7750  3.6972             39   527                  
   0.101038E+09  2.8370  3.6937             40   531                  
   0.101311E+09  2.9069  3.6907             41   536                  
   0.101509E+09  2.9685  3.6880             42   548                  
   0.101673E+09  3.0309  3.6855             43   556                  
   0.101804E+09  3.0914  3.6829             44   573                  
   0.101942E+09  3.1517  3.6799             45   593                  
   0.102088E+09  3.2130  3.6773             46   631                  
   0.102150E+09  3.2716  3.6740             47   655                  
   0.102172E+09  3.3246  3.6715 C=0.5550    48   677                  
   0.000000E+00  1.9697  3.8074 M=  1.50                     1    58  
   0.420268E+07  1.9734  3.7883              2    71                  
   0.853442E+07  1.9808  3.7833 Te-m         3    81                  
   0.932201E+07  1.9823  3.7836              4    83                  
   0.145416E+08  1.9925  3.7877              5    97                  
   0.197987E+08  2.0023  3.7927              6   110                  
   0.250812E+08  2.0118  3.7981              7   124                  
   0.303742E+08  2.0209  3.8037              8   137                  
   0.356505E+08  2.0299  3.8096              9   152                  
   0.411002E+08  2.0391  3.8152             10   166                  
   0.463943E+08  2.0477  3.8205             11   182                  
   0.515176E+08  2.0554  3.8242             12   197                  
   0.564503E+08  2.0631  3.8269             13   214                  
   0.612278E+08  2.0701  3.8286             14   232                  
   0.635037E+08  2.0736  3.8289 Te-M        15   240                  
   0.660641E+08  2.0774  3.8283             16   251                  
   0.708647E+08  2.0845  3.8259             17   271                  
   0.756936E+08  2.0922  3.8209             18   293                  
   0.808929E+08  2.1008  3.8107             19   321                  
   0.864035E+08  2.1111  3.7958             20   355                  
   0.887602E+08  2.1167  3.7847             21   363                  
   0.920553E+08  2.1250  3.7732             22   374                  
   0.999219E+08  2.1419  3.7550             23   415                  
   0.100613E+09  2.1454  3.7474             24   433                  
   0.101137E+09  2.1485  3.7394             25   445                  
   0.101295E+09  2.1512  3.7358             26   456                  
   0.101414E+09  2.1643  3.7317 Yc=0        27   495                  
   0.101493E+09  2.2217  3.7263             28   500                  
   0.101560E+09  2.2857  3.7223             29   504                  
   0.101687E+09  2.3454  3.7187 L-M         30   509                  
   0.102040E+09  2.3216  3.7204 L-m         31   514                  
   0.102952E+09  2.3875  3.7169             32   521                  
   0.103526E+09  2.4664  3.7129             33   525                  
   0.103953E+09  2.5460  3.7092             34   528                  
   0.104206E+09  2.6265  3.7056             35   530                  
   0.104458E+09  2.6922  3.7027             36   532                  
   0.104718E+09  2.7559  3.6997             37   534                  
   0.104972E+09  2.8190  3.6966             38   536                  
   0.105249E+09  2.8924  3.6932             39   540                  
   0.105466E+09  2.9544  3.6904             40   544                  
   0.105663E+09  3.0178  3.6878             41   550                  
   0.105798E+09  3.0830  3.6850             42   560                  
   0.105921E+09  3.1424  3.6825             43   584                  
   0.106063E+09  3.2036  3.6793             44   625                  
   0.106189E+09  3.2631  3.6769             45   704                  
   0.106239E+09  3.3181  3.6738 C=0.5615    46   737                  
   0.000000E+00  1.9854  3.8366 M=  1.60                     1    58  
   0.512559E+07  1.9821  3.8079              2    72                  
   0.743355E+07  1.9854  3.8030 Te-m         3    76                  
   0.111674E+08  1.9935  3.8058              4    84                  
   0.172641E+08  2.0061  3.8135              5    98                  
   0.233199E+08  2.0185  3.8197              6   111                  
   0.292766E+08  2.0304  3.8267              7   125                  
   0.352386E+08  2.0418  3.8323              8   139                  
   0.412147E+08  2.0531  3.8382              9   153                  
   0.470054E+08  2.0640  3.8434             10   169                  
   0.526302E+08  2.0743  3.8480             11   184                  
   0.581012E+08  2.0840  3.8514             12   200                  
   0.634326E+08  2.0932  3.8545             13   215                  
   0.684936E+08  2.1017  3.8555             14   233                  
   0.720558E+08  2.1077  3.8558 Te-M        15   246                  
   0.734291E+08  2.1100  3.8556             16   252                  
   0.782303E+08  2.1181  3.8539             17   271                  
   0.833778E+08  2.1269  3.8492             18   292                  
   0.896725E+08  2.1381  3.8407             19   320                  
   0.950235E+08  2.1486  3.8256             20   355                  
   0.976380E+08  2.1545  3.8118             21   363                  
   0.100915E+09  2.1627  3.7918             22   373                  
   0.108480E+09  2.1783  3.7628             23   415                  
   0.109164E+09  2.1803  3.7528             24   434                  
   0.109682E+09  2.1776  3.7427             25   446                  
   0.109837E+09  2.1743  3.7381             26   457                  
   0.109955E+09  2.1784  3.7334 Yc=0        27   496                  
   0.110049E+09  2.2470  3.7268             28   502                  
   0.110117E+09  2.3102  3.7227             29   506                  
   0.110220E+09  2.3497  3.7205 L-M         30   510                  
   0.110565E+09  2.3270  3.7221 L-m         31   515                  
   0.111507E+09  2.3997  3.7178             32   523                  
   0.112071E+09  2.4796  3.7138             33   527                  
   0.112484E+09  2.5578  3.7102             34   530                  
   0.112727E+09  2.6396  3.7067             35   532                  
   0.112970E+09  2.7066  3.7035             36   534                  
   0.113213E+09  2.7725  3.7007             37   536                  
   0.113455E+09  2.8378  3.6977             38   538                  
   0.113685E+09  2.8986  3.6944             39   541                  
   0.113909E+09  2.9643  3.6918             40   545                  
   0.114106E+09  3.0249  3.6890             41   551                  
   0.114244E+09  3.0859  3.6866             42   564                  
   0.114365E+09  3.1449  3.6838             43   591                  
   0.114482E+09  3.2045  3.6812             44   617                  
   0.114601E+09  3.2642  3.6783             45   663                  
   0.114722E+09  3.3242  3.6753             46   737                  
   0.114740E+09  3.3832  3.6724             47   749                  
   0.114754E+09  3.4083  3.6711 C=0.5667    48   768                  
   0.000000E+00  1.9331  3.8678 M=  1.70                     1    57  
   0.699014E+07  1.9323  3.8322 Te-m         2    69                  
   0.927573E+07  1.9377  3.8346              3    72                  
   0.192659E+08  1.9586  3.8404              4    85                  
   0.288493E+08  1.9788  3.8479              5    99                  
   0.375527E+08  1.9976  3.8527              6   118                  
   0.457776E+08  2.0149  3.8580              7   136                  
   0.537691E+08  2.0318  3.8637              8   153                  
   0.617121E+08  2.0483  3.8684              9   169                  
   0.693524E+08  2.0641  3.8730             10   185                  
   0.765997E+08  2.0787  3.8765             11   201                  
   0.834016E+08  2.0922  3.8797             12   217                  
   0.897877E+08  2.1050  3.8825             13   233                  
   0.958578E+08  2.1163  3.8834             14   251                  
   0.995625E+08  2.1236  3.8837 Te-M        15   262                  
   0.101479E+09  2.1270  3.8836             16   269                  
   0.107853E+09  2.1392  3.8817             17   295                  
   0.113339E+09  2.1496  3.8782             18   317                  
   0.119277E+09  2.1611  3.8710             19   343                  
   0.126181E+09  2.1750  3.8573             20   380                  
   0.128816E+09  2.1812  3.8455             21   388                  
   0.132577E+09  2.1908  3.8262             22   400                  
   0.142038E+09  2.2100  3.7739             23   445                  
   0.142693E+09  2.2103  3.7601             24   463                  
   0.143201E+09  2.2023  3.7467             25   475                  
   0.143356E+09  2.1932  3.7410             26   486                  
   0.143475E+09  2.1881  3.7350 Yc=0        27   525                  
   0.143569E+09  2.2507  3.7282             28   531                  
   0.143637E+09  2.3139  3.7240             29   535                  
   0.143750E+09  2.3538  3.7221 L-M         30   539                  
   0.144126E+09  2.3311  3.7232 L-m         31   544                  
   0.145047E+09  2.4045  3.7190             32   551                  
   0.145487E+09  2.4667  3.7159             33   554                  
   0.145925E+09  2.5358  3.7127             34   557                  
   0.146173E+09  2.6043  3.7096             35   559                  
   0.146407E+09  2.6855  3.7060             36   561                  
   0.146641E+09  2.7518  3.7031             37   563                  
   0.146879E+09  2.8159  3.7001             38   565                  
   0.147119E+09  2.8795  3.6969             39   568                  
   0.147347E+09  2.9434  3.6939             40   572                  
   0.147570E+09  3.0140  3.6910             41   577                  
   0.147719E+09  3.0769  3.6883             42   589                  
   0.147846E+09  3.1375  3.6859             43   613                  
   0.147976E+09  3.2011  3.6830             44   647                  
   0.148097E+09  3.2599  3.6800             45   699                  
   0.148187E+09  3.3209  3.6775             46   751                  
   0.148207E+09  3.3801  3.6742             47   766                  
   0.148214E+09  3.3871  3.6739 C=0.5647    48   773                  
   0.000000E+00  1.9490  3.8698 M=  1.75                     1    47  
   0.377829E+07  1.9527  3.8594              2    52                  
   0.584341E+07  1.9569  3.8578 Te-m         3    54                  
   0.151287E+08  1.9770  3.8619              4    65                  
   0.255383E+08  1.9997  3.8672              5    78                  
   0.351519E+08  2.0209  3.8724              6    94                  
   0.441484E+08  2.0406  3.8773              7   109                  
   0.525360E+08  2.0590  3.8819              8   123                  
   0.606735E+08  2.0767  3.8863              9   137                  
   0.686694E+08  2.0940  3.8901             10   152                  
   0.758895E+08  2.1094  3.8935             11   164                  
   0.826644E+08  2.1238  3.8965             12   178                  
   0.892139E+08  2.1374  3.8986             13   194                  
   0.952098E+08  2.1497  3.8999             14   212                  
   0.998411E+08  2.1590  3.9000 Te-M        15   226                  
   0.100812E+09  2.1610  3.9000             16   230                  
   0.106309E+09  2.1721  3.8985             17   250                  
   0.112456E+09  2.1845  3.8949             18   277                  
   0.118165E+09  2.1964  3.8881             19   302                  
   0.125692E+09  2.2122  3.8735             20   332                  
   0.127530E+09  2.2172  3.8624             21   341                  
   0.130084E+09  2.2244  3.8445             22   351                  
   0.143232E+09  2.2548  3.7792             23   384                  
   0.143816E+09  2.2535  3.7621             24   402                  
   0.144293E+09  2.2453  3.7470             25   414                  
   0.144440E+09  2.2355  3.7409             26   425                  
   0.144530E+09  2.2290  3.7360 Yc=0        27   441                  
   0.144643E+09  2.2928  3.7275             28   455                  
   0.144710E+09  2.3515  3.7238             29   459                  
   0.144794E+09  2.3721  3.7227 L-M         30   462                  
   0.145159E+09  2.3523  3.7239 L-m         31   467                  
   0.145902E+09  2.4152  3.7199             32   473                  
   0.146386E+09  2.4910  3.7161             33   477                  
   0.146795E+09  2.5543  3.7130             34   481                  
   0.147206E+09  2.6233  3.7098             35   486                  
   0.147474E+09  2.6955  3.7068             36   490                  
   0.147613E+09  2.7617  3.7036             37   492                  
   0.147786E+09  2.8213  3.7011             38   495                  
   0.148006E+09  2.8836  3.6978             39   499                  
   0.148229E+09  2.9475  3.6947             40   504                  
   0.148440E+09  3.0097  3.6923             41   510                  
   0.148642E+09  3.0727  3.6893             42   518                  
   0.148858E+09  3.1345  3.6870             43   534                  
   0.149061E+09  3.1946  3.6841             44   547                  
   0.149197E+09  3.2539  3.6816             45   557                  
   0.149302E+09  3.3141  3.6786             46   567                  
   0.149413E+09  3.3733  3.6758             47   586                  
   0.149462E+09  3.4385  3.6725             48   598                  
   0.149478E+09  3.4977  3.6692             49   605                  
   0.149484E+09  3.5066  3.6688 C=0.5774    50   609                  
   3   3   3   5   5   5   5   5   5   5   7   7   7   7   7   7   7   7
   7   7   7
   1  26  70                                                             !  0.51 1
   1  26  61                                                             !  0.53 0
   1  27  63                                                             !  0.55 3
   1  27  33  34  63                                                     !  0.55 4
   1  27  40  41  61                                                     !  0.57 0
   1  27  37  38  53                                                     !  0.60 5
   1  25  30  31  45                                                     !  0.65 0
   1  25  30  32  47                                                     !  0.70 6
   1  25  30  31  45                                                     !  0.75 0
   1  27  31  32  46                                                     !  0.80 7
   1   6  11  27  31  32  46                                             !  0.80 8
   1   5  13  27  31  32  46                                             !  0.90 9
   1   5  13  26  30  31  47                                             !  1.00 10
   1   4  13  27  31  32  46                                             !  1.10 11
   1   4  14  27  30  31  46                                             !  1.20 12
   1   4  15  27  30  31  46                                             !  1.30 14
   1   4  15  27  31  32  48                                             !  1.40 15
   1   3  15  27  30  31  46                                             !  1.50 16
   1   3  15  27  30  31  48                                             !  1.60 17
   1   2  15  27  30  31  48                                             !  1.70 18
   1   3  15  27  30  31  50                                             !  1.75 19
  0.4928  0.4943  0.4960  0.4960  0.4977  0.5011  0.5070  0.5121
  0.5156  0.5185  0.5185  0.5234  0.5303  0.5322  0.5406  0.5481  0.5550  0.5615
  0.5667  0.5647  0.5774
	INTERPOLA
  1 0 3 4 0 5 0 6 0 7 8 9 10 11 12 14 15 16 17 18 19
  