   1
   1  17
  17
  55  55  52  53  53  54  52  52  53  52  56  50  52  51  50  51  50
    0.55    0.60    0.65    0.70    0.80    0.90    1.00    1.10    1.20    1.30
    1.40    1.50    1.60    1.70    1.80    1.90    1.95
   0.000000E+00  1.4646  3.7259 M=  0.55                     1    24  
   0.283371E+07  1.4941  3.7150              2    36                  
   0.787673E+07  1.5147  3.7108 Te-m         3    47                  
   0.847312E+07  1.5153  3.7108              4    49                  
   0.143202E+08  1.5117  3.7141              5    62                  
   0.203860E+08  1.4994  3.7193              6    75                  
   0.266694E+08  1.4873  3.7255              7    89                  
   0.331149E+08  1.4768  3.7316              8   103                  
   0.399138E+08  1.4676  3.7373              9   117                  
   0.467758E+08  1.4607  3.7404             10   132                  
   0.538753E+08  1.4561  3.7429             11   148                  
   0.609835E+08  1.4539  3.7442             12   163                  
   0.652477E+08  1.4535  3.7444 Te-M        13   173                  
   0.679252E+08  1.4546  3.7438             14   180                  
   0.749940E+08  1.4591  3.7418             15   197                  
   0.821100E+08  1.4665  3.7391             16   216                  
   0.892585E+08  1.4765  3.7358             17   236                  
   0.964751E+08  1.4901  3.7306             18   259                  
   0.104168E+09  1.5073  3.7250             19   285                  
   0.112170E+09  1.5281  3.7204             20   319                  
   0.122548E+09  1.5482  3.7172             21   337                  
   0.125213E+09  1.5659  3.7147             22   348                  
   0.130947E+09  1.6136  3.7061             23   372                  
   0.132917E+09  1.6572  3.6982             24   389                  
   0.133927E+09  1.7397  3.6825             25   401                  
   0.134218E+09  1.8070  3.6732             26   412                  
   0.134452E+09  1.9370  3.6546 Yc=0        27   451                  
   0.134552E+09  2.0146  3.6461             28   454                  
   0.134629E+09  2.0724  3.6389             29   456                  
   0.134718E+09  2.1311  3.6324             30   458                  
   0.134888E+09  2.1983  3.6249             31   461                  
   0.135026E+09  2.2073  3.6241 L-M         32   463                  
   0.135396E+09  2.1495  3.6311             33   468                  
   0.136296E+09  2.0932  3.6382             34   478                  
   0.136623E+09  2.0907  3.6387 L-m         35   479                  
   0.139380E+09  2.1460  3.6324             36   489                  
   0.141273E+09  2.2307  3.6227             37   493                  
   0.142441E+09  2.2995  3.6154             38   495                  
   0.143435E+09  2.3737  3.6076             39   497                  
   0.144074E+09  2.4325  3.6014             40   499                  
   0.144535E+09  2.4883  3.5953             41   508                  
   0.144977E+09  2.5501  3.5888             42   522                  
   0.145327E+09  2.6112  3.5825             43   528                  
   0.145622E+09  2.6733  3.5757             44   536                  
   0.145847E+09  2.7293  3.5692             45   545                  
   0.146071E+09  2.7858  3.5632             46   558                  
   0.146272E+09  2.8410  3.5572             47   573                  
   0.146501E+09  2.8978  3.5509             48   615                  
   0.146718E+09  2.9541  3.5446             49   649                  
   0.146965E+09  3.0109  3.5392             50   704                  
   0.147229E+09  3.0683  3.5339             51   790                  
   0.147531E+09  3.1258  3.5295             52   908                  
   0.147742E+09  3.1854  3.5246             53  1009                  
   0.147765E+09  3.2394  3.5179             54  1028                  
   0.147775E+09  3.2481  3.5168 C=0.5040    55  1037                  
   0.000000E+00  1.5141  3.6856 M=  0.60                     1    22  
   0.279704E+07  1.5443  3.6794              2    30                  
   0.812379E+07  1.5632  3.6783 Te-m         3    42                  
   0.844719E+07  1.5634  3.6783              4    43                  
   0.143819E+08  1.5570  3.6795              5    58                  
   0.203788E+08  1.5471  3.6815              6    71                  
   0.266426E+08  1.5388  3.6842              7    85                  
   0.331236E+08  1.5312  3.6873              8    99                  
   0.397165E+08  1.5249  3.6893              9   113                  
   0.464097E+08  1.5192  3.6914             10   128                  
   0.533855E+08  1.5149  3.6931             11   143                  
   0.602516E+08  1.5118  3.6944             12   159                  
   0.670152E+08  1.5104  3.6952             13   176                  
   0.726179E+08  1.5106  3.6954 Te-M        14   190                  
   0.738400E+08  1.5119  3.6951             15   194                  
   0.806815E+08  1.5156  3.6944             16   212                  
   0.878024E+08  1.5228  3.6928             17   232                  
   0.948405E+08  1.5330  3.6909             18   255                  
   0.102199E+09  1.5476  3.6884             19   281                  
   0.115267E+09  1.5731  3.6843             20   322                  
   0.117704E+09  1.5853  3.6826             21   329                  
   0.121346E+09  1.6057  3.6805             22   341                  
   0.127594E+09  1.6553  3.6756             23   363                  
   0.129755E+09  1.7025  3.6704             24   384                  
   0.130797E+09  1.7801  3.6625             25   395                  
   0.131082E+09  1.8430  3.6537             26   406                  
   0.131309E+09  1.9673  3.6417 Yc=0        27   445                  
   0.131406E+09  2.0414  3.6334             28   448                  
   0.131521E+09  2.1245  3.6243             29   451                  
   0.131665E+09  2.1937  3.6174             30   454                  
   0.131770E+09  2.2054  3.6161 L-M         31   456                  
   0.132190E+09  2.1456  3.6224             32   461                  
   0.133397E+09  2.1079  3.6277 L-m         33   468                  
   0.136741E+09  2.1800  3.6199             34   478                  
   0.138318E+09  2.2590  3.6123             35   481                  
   0.139397E+09  2.3260  3.6054             36   483                  
   0.140272E+09  2.3975  3.5979             37   485                  
   0.140981E+09  2.4786  3.5896             38   489                  
   0.141371E+09  2.5368  3.5844             39   497                  
   0.141732E+09  2.5931  3.5786             40   517                  
   0.142018E+09  2.6503  3.5727             41   527                  
   0.142269E+09  2.7061  3.5644             42   539                  
   0.142481E+09  2.7653  3.5584             43   549                  
   0.142693E+09  2.8232  3.5525             44   578                  
   0.142859E+09  2.8760  3.5450             45   607                  
   0.143069E+09  2.9326  3.5389             46   647                  
   0.143255E+09  2.9859  3.5312             47   677                  
   0.143484E+09  3.0422  3.5256             48   734                  
   0.143754E+09  3.0964  3.5191             49   826                  
   0.143983E+09  3.1507  3.5115             50   920                  
   0.144149E+09  3.2083  3.5069             51  1007                  
   0.144167E+09  3.1494  3.5134             52  1016                  
   0.144192E+09  3.2076  3.5072             53  1030                  
   0.144210E+09  3.2583  3.4990             54  1048                  
   0.144224E+09  3.2762  3.4966 C=0.5086    55  1067                  
   0.000000E+00  1.5385  3.6733 M=  0.65                     1    21  
   0.293375E+07  1.5694  3.6691              2    30                  
   0.808082E+07  1.5852  3.6676 Te-m         3    41                  
   0.865455E+07  1.5855  3.6676              4    43                  
   0.146393E+08  1.5785  3.6691              5    56                  
   0.207882E+08  1.5696  3.6712              6    69                  
   0.270682E+08  1.5627  3.6728              7    83                  
   0.334962E+08  1.5569  3.6741              8    97                  
   0.401246E+08  1.5512  3.6756              9   111                  
   0.468404E+08  1.5464  3.6771             10   126                  
   0.538285E+08  1.5424  3.6780             11   142                  
   0.607076E+08  1.5393  3.6788             12   157                  
   0.675588E+08  1.5381  3.6793             13   173                  
   0.743888E+08  1.5386  3.6795             14   191                  
   0.753101E+08  1.5387  3.6795 Te-M        15   193                  
   0.813603E+08  1.5414  3.6793             16   209                  
   0.883685E+08  1.5469  3.6788             17   229                  
   0.954196E+08  1.5559  3.6778             18   252                  
   0.102689E+09  1.5693  3.6762             19   277                  
   0.114550E+09  1.5919  3.6739             20   316                  
   0.116921E+09  1.6059  3.6724             21   324                  
   0.120444E+09  1.6268  3.6703             22   334                  
   0.141270E+09  1.7032  3.6629             23   394                  
   0.142427E+09  1.7543  3.6574             24   410                  
   0.143260E+09  1.8399  3.6491             25   423                  
   0.143518E+09  1.9037  3.6433             26   434                  
   0.143740E+09  2.0298  3.6312 Yc=0        27   473                  
   0.143837E+09  2.1019  3.6243             28   476                  
   0.143954E+09  2.1705  3.6157             29   479                  
   0.144092E+09  2.1980  3.6133 L-M         30   482                  
   0.144567E+09  2.1418  3.6187             31   488                  
   0.145445E+09  2.1218  3.6230 L-m         32   494                  
   0.147512E+09  2.1934  3.6144             33   504                  
   0.148449E+09  2.2563  3.6098             34   508                  
   0.149732E+09  2.3275  3.6019             35   512                  
   0.150662E+09  2.4052  3.5944             36   515                  
   0.151298E+09  2.4757  3.5879             37   517                  
   0.151729E+09  2.5353  3.5828             38   527                  
   0.152174E+09  2.6095  3.5753             39   532                  
   0.152426E+09  2.6665  3.5693             40   537                  
   0.152624E+09  2.7233  3.5608             41   552                  
   0.152833E+09  2.7796  3.5554             42   561                  
   0.153017E+09  2.8380  3.5492             43   575                  
   0.153177E+09  2.8905  3.5414             44   606                  
   0.153344E+09  2.9460  3.5356             45   631                  
   0.153522E+09  2.9994  3.5282             46   663                  
   0.153744E+09  3.0549  3.5223             47   726                  
   0.153948E+09  3.1074  3.5144             48   797                  
   0.154176E+09  3.1621  3.5081             49   894                  
   0.154347E+09  3.2138  3.5004             50   981                  
   0.154423E+09  3.2655  3.4920             51  1030                  
   0.154432E+09  3.2701  3.4912 C=0.5113    52  1038                  
   0.000000E+00  1.5568  3.6681 M=  0.70                     1    17  
   0.293520E+07  1.5881  3.6649              2    25                  
   0.828494E+07  1.6096  3.6629 Te-m         3    37                  
   0.865819E+07  1.6099  3.6629              4    38                  
   0.145935E+08  1.6029  3.6641              5    53                  
   0.207143E+08  1.5941  3.6659              6    66                  
   0.269347E+08  1.5872  3.6671              7    80                  
   0.333470E+08  1.5830  3.6683              8    93                  
   0.398312E+08  1.5783  3.6693              9   108                  
   0.464247E+08  1.5739  3.6704             10   122                  
   0.533571E+08  1.5701  3.6713             11   138                  
   0.601047E+08  1.5674  3.6721             12   154                  
   0.666778E+08  1.5660  3.6725             13   170                  
   0.732006E+08  1.5662  3.6728             14   187                  
   0.750084E+08  1.5664  3.6728 Te-M        15   192                  
   0.799980E+08  1.5685  3.6727             16   206                  
   0.867984E+08  1.5735  3.6724             17   225                  
   0.937680E+08  1.5816  3.6716             18   248                  
   0.100964E+09  1.5940  3.6702             19   272                  
   0.108270E+09  1.6137  3.6682             20   304                  
   0.112657E+09  1.6291  3.6668             21   311                  
   0.121563E+09  1.6557  3.6645             22   333                  
   0.126070E+09  1.7080  3.6595             23   357                  
   0.127983E+09  1.7515  3.6554             24   375                  
   0.128923E+09  1.8284  3.6478             25   387                  
   0.129193E+09  1.8884  3.6423             26   398                  
   0.129408E+09  2.0062  3.6321 Yc=0        27   437                  
   0.129490E+09  2.0692  3.6262             28   440                  
   0.129596E+09  2.1489  3.6168             29   443                  
   0.129729E+09  2.2275  3.6105             30   446                  
   0.129899E+09  2.2564  3.6087 L-M         31   449                  
   0.130289E+09  2.1777  3.6150             32   454                  
   0.131095E+09  2.1314  3.6210 L-m         33   461                  
   0.133754E+09  2.1908  3.6142             34   471                  
   0.135262E+09  2.2659  3.6083             35   476                  
   0.136279E+09  2.3331  3.6005             36   478                  
   0.137163E+09  2.4056  3.5938             37   480                  
   0.137890E+09  2.4794  3.5871             38   482                  
   0.138405E+09  2.5446  3.5823             39   484                  
   0.138759E+09  2.6006  3.5767             40   503                  
   0.139052E+09  2.6576  3.5706             41   509                  
   0.139268E+09  2.7100  3.5632             42   514                  
   0.139490E+09  2.7723  3.5562             43   522                  
   0.139668E+09  2.8321  3.5509             44   532                  
   0.139843E+09  2.8856  3.5427             45   546                  
   0.140022E+09  2.9426  3.5369             46   567                  
   0.140203E+09  2.9968  3.5299             47   594                  
   0.140419E+09  3.0512  3.5231             48   646                  
   0.140625E+09  3.1037  3.5151             49   713                  
   0.140851E+09  3.1589  3.5088             50   805                  
   0.141065E+09  3.2121  3.5007             51   916                  
   0.141199E+09  3.2682  3.4922             52  1000                  
   0.141224E+09  3.3140  3.4851 C=0.5143    53  1025                  
   0.000000E+00  1.5945  3.6638 M=  0.80                     1    15  
   0.308195E+07  1.6261  3.6605              2    24                  
   0.760957E+07  1.6432  3.6592 Te-m         3    34                  
   0.882182E+07  1.6435  3.6593              4    37                  
   0.147428E+08  1.6342  3.6604              5    51                  
   0.207878E+08  1.6284  3.6613              6    64                  
   0.269873E+08  1.6246  3.6626              7    78                  
   0.333097E+08  1.6198  3.6636              8    92                  
   0.397328E+08  1.6162  3.6643              9   106                  
   0.462592E+08  1.6128  3.6649             10   121                  
   0.531008E+08  1.6098  3.6657             11   137                  
   0.598415E+08  1.6078  3.6663             12   152                  
   0.664306E+08  1.6068  3.6667             13   169                  
   0.728996E+08  1.6072  3.6669             14   186                  
   0.759723E+08  1.6079  3.6670 Te-M        15   194                  
   0.793800E+08  1.6091  3.6669             16   204                  
   0.861489E+08  1.6133  3.6667             17   224                  
   0.931431E+08  1.6210  3.6661             18   246                  
   0.102615E+09  1.6345  3.6650             19   273                  
   0.108594E+09  1.6531  3.6633             20   308                  
   0.118215E+09  1.6727  3.6618             21   326                  
   0.120485E+09  1.6933  3.6600             22   334                  
   0.124484E+09  1.7455  3.6553             23   358                  
   0.126101E+09  1.7875  3.6516             24   374                  
   0.127009E+09  1.8616  3.6452             25   386                  
   0.127270E+09  1.9194  3.6401             26   397                  
   0.127477E+09  2.0324  3.6306 Yc=0        27   436                  
   0.127564E+09  2.1010  3.6243             28   439                  
   0.127668E+09  2.1792  3.6174             29   442                  
   0.127797E+09  2.2528  3.6100             30   445                  
   0.127929E+09  2.2779  3.6086 L-M         31   449                  
   0.128274E+09  2.2124  3.6138             32   455                  
   0.128996E+09  2.1556  3.6195             33   461                  
   0.129085E+09  2.1538  3.6199 L-m         34   462                  
   0.131852E+09  2.2182  3.6135             35   471                  
   0.133424E+09  2.3074  3.6072             36   474                  
   0.134373E+09  2.3770  3.5994             37   476                  
   0.135182E+09  2.4491  3.5922             38   478                  
   0.135853E+09  2.5221  3.5858             39   480                  
   0.136346E+09  2.5835  3.5815             40   482                  
   0.136737E+09  2.6533  3.5744             41   497                  
   0.137017E+09  2.7192  3.5678             42   502                  
   0.137190E+09  2.7709  3.5595             43   508                  
   0.137372E+09  2.8284  3.5542             44   517                  
   0.137537E+09  2.8872  3.5488             45   530                  
   0.137683E+09  2.9393  3.5405             46   545                  
   0.137860E+09  2.9954  3.5349             47   570                  
   0.138045E+09  3.0493  3.5267             48   615                  
   0.138240E+09  3.1050  3.5209             49   684                  
   0.138423E+09  3.1577  3.5136             50   753                  
   0.138632E+09  3.2118  3.5067             51   855                  
   0.138823E+09  3.2642  3.4985             52   973                  
   0.138849E+09  3.3130  3.4899 C=0.5179    53   996                  
   0.000000E+00  1.6169  3.6631 M=  0.90                     1    19  
   0.305118E+07  1.6538  3.6597              2    28                  
   0.888742E+07  1.6642  3.6583 Te-m         3    41                  
   0.145589E+08  1.6585  3.6601              4    55                  
   0.205299E+08  1.6526  3.6612              5    68                  
   0.265711E+08  1.6482  3.6621              6    82                  
   0.327662E+08  1.6451  3.6627              7    96                  
   0.390142E+08  1.6414  3.6633              8   111                  
   0.454479E+08  1.6392  3.6639              9   125                  
   0.521177E+08  1.6371  3.6643             10   141                  
   0.586879E+08  1.6355  3.6648             11   157                  
   0.651102E+08  1.6346  3.6652             12   173                  
   0.713978E+08  1.6350  3.6654             13   190                  
   0.761036E+08  1.6362  3.6654 Te-M        14   204                  
   0.777131E+08  1.6370  3.6654             15   209                  
   0.843456E+08  1.6414  3.6652             16   229                  
   0.910443E+08  1.6482  3.6647             17   251                  
   0.980311E+08  1.6598  3.6638             18   276                  
   0.106786E+09  1.6801  3.6616             19   316                  
   0.110574E+09  1.6951  3.6610             20   325                  
   0.115821E+09  1.7195  3.6590             21   338                  
   0.124533E+09  1.7761  3.6542             22   371                  
   0.125716E+09  1.8192  3.6505             23   390                  
   0.126582E+09  1.8934  3.6442             24   402                  
   0.126834E+09  1.9502  3.6391             25   413                  
   0.127036E+09  2.0594  3.6311 Yc=0        26   452                  
   0.127121E+09  2.1255  3.6253             27   455                  
   0.127223E+09  2.1991  3.6186             28   458                  
   0.127376E+09  2.2562  3.6136 L-M         29   462                  
   0.127769E+09  2.1980  3.6188             30   467                  
   0.128393E+09  2.1721  3.6209 L-m         31   473                  
   0.131241E+09  2.2324  3.6159             32   482                  
   0.132624E+09  2.3164  3.6085             33   485                  
   0.133483E+09  2.3854  3.6020             34   487                  
   0.134225E+09  2.4585  3.5952             35   489                  
   0.134836E+09  2.5309  3.5892             36   491                  
   0.135307E+09  2.5936  3.5842             37   494                  
   0.135738E+09  2.6672  3.5774             38   506                  
   0.135980E+09  2.7280  3.5713             39   512                  
   0.136167E+09  2.7834  3.5653             40   517                  
   0.136339E+09  2.8431  3.5568             41   525                  
   0.136497E+09  2.9009  3.5522             42   554                  
   0.136659E+09  2.9573  3.5452             43   576                  
   0.136819E+09  3.0132  3.5381             44   602                  
   0.136985E+09  3.0686  3.5323             45   642                  
   0.137149E+09  3.1208  3.5249             46   697                  
   0.137320E+09  3.1718  3.5169             47   761                  
   0.137526E+09  3.2277  3.5114             48   869                  
   0.137665E+09  3.2802  3.5032             49   957                  
   0.137694E+09  3.2202  3.5126             50   979                  
   0.137711E+09  3.2777  3.5038             51   988                  
   0.137721E+09  3.3290  3.4950             52   996                  
   0.137743E+09  3.3805  3.4868             53  1020                  
   0.137746E+09  3.3809  3.4867 C=0.5214    54  1024                  
   0.000000E+00  1.6333  3.6631 M=  1.00                     1    16  
   0.316159E+07  1.6706  3.6606              2    25                  
   0.633919E+07  1.6814  3.6597 Te-m         3    32                  
   0.891957E+07  1.6798  3.6599              4    38                  
   0.148518E+08  1.6721  3.6612              5    52                  
   0.209004E+08  1.6689  3.6619              6    66                  
   0.270119E+08  1.6654  3.6625              7    80                  
   0.332722E+08  1.6619  3.6631              8    95                  
   0.396077E+08  1.6604  3.6635              9   109                  
   0.461455E+08  1.6572  3.6641             10   124                  
   0.527785E+08  1.6565  3.6644             11   139                  
   0.592809E+08  1.6559  3.6648             12   155                  
   0.657830E+08  1.6554  3.6651             13   172                  
   0.721777E+08  1.6559  3.6653             14   189                  
   0.758908E+08  1.6570  3.6653 Te-M        15   199                  
   0.785725E+08  1.6582  3.6653             16   207                  
   0.850808E+08  1.6623  3.6651             17   227                  
   0.917781E+08  1.6694  3.6647             18   249                  
   0.984793E+08  1.6809  3.6640             19   274                  
   0.109041E+09  1.7024  3.6625             20   316                  
   0.111367E+09  1.7161  3.6615             21   325                  
   0.115159E+09  1.7358  3.6595             22   334                  
   0.123525E+09  1.7936  3.6550             23   368                  
   0.124751E+09  1.8358  3.6515             24   387                  
   0.125626E+09  1.9079  3.6455             25   399                  
   0.125877E+09  1.9630  3.6411             26   410                  
   0.126077E+09  2.0693  3.6322 Yc=0        27   449                  
   0.126161E+09  2.1351  3.6277             28   452                  
   0.126261E+09  2.2084  3.6208             29   455                  
   0.126410E+09  2.2696  3.6158             30   459                  
   0.126451E+09  2.2699  3.6158 L-M         31   460                  
   0.126895E+09  2.1992  3.6218             32   466                  
   0.127508E+09  2.1793  3.6241 L-m         33   471                  
   0.130429E+09  2.2475  3.6178             34   480                  
   0.131802E+09  2.3358  3.6106             35   483                  
   0.132616E+09  2.4039  3.6052             36   485                  
   0.133299E+09  2.4739  3.5982             37   487                  
   0.133854E+09  2.5443  3.5912             38   489                  
   0.134386E+09  2.6277  3.5842             39   495                  
   0.134689E+09  2.6888  3.5797             40   498                  
   0.134891E+09  2.7460  3.5739             41   512                  
   0.135097E+09  2.8049  3.5681             42   523                  
   0.135258E+09  2.8648  3.5603             43   531                  
   0.135422E+09  2.9237  3.5540             44   543                  
   0.135581E+09  2.9809  3.5488             45   565                  
   0.135725E+09  3.0321  3.5407             46   600                  
   0.135884E+09  3.0883  3.5351             47   644                  
   0.136038E+09  3.1412  3.5273             48   698                  
   0.136228E+09  3.1985  3.5217             49   776                  
   0.136415E+09  3.2509  3.5138             50   885                  
   0.136540E+09  3.3050  3.5073             51   971                  
   0.136555E+09  3.3255  3.5036 C=0.5224    52   985                  
   0.000000E+00  1.6488  3.6644 M=  1.10                     1    17  
   0.313685E+07  1.6828  3.6620              2    26                  
   0.574528E+07  1.6936  3.6614 Te-m         3    31                  
   0.892366E+07  1.6923  3.6617              4    39                  
   0.148725E+08  1.6868  3.6625              5    53                  
   0.208617E+08  1.6831  3.6629              6    67                  
   0.269398E+08  1.6805  3.6632              7    81                  
   0.330873E+08  1.6782  3.6636              8    96                  
   0.393076E+08  1.6748  3.6641              9   110                  
   0.455526E+08  1.6739  3.6644             10   125                  
   0.521633E+08  1.6725  3.6647             11   140                  
   0.586879E+08  1.6727  3.6649             12   155                  
   0.651548E+08  1.6726  3.6652             13   172                  
   0.713970E+08  1.6734  3.6653             14   189                  
   0.776974E+08  1.6759  3.6653             15   208                  
   0.840503E+08  1.6800  3.6652             16   228                  
   0.908149E+08  1.6874  3.6655 Te-M        17   250                  
   0.971839E+08  1.6981  3.6648             18   273                  
   0.107098E+09  1.7194  3.6635             19   316                  
   0.110415E+09  1.7335  3.6626             20   325                  
   0.114576E+09  1.7536  3.6610             21   335                  
   0.126944E+09  1.8200  3.6557             22   378                  
   0.127994E+09  1.8628  3.6522             23   396                  
   0.128791E+09  1.9351  3.6458             24   409                  
   0.129030E+09  1.9902  3.6419             25   419                  
   0.129223E+09  2.0956  3.6335 Yc=0        26   458                  
   0.129306E+09  2.1598  3.6286             27   461                  
   0.129403E+09  2.2272  3.6235             28   464                  
   0.129548E+09  2.2681  3.6195 L-M         29   468                  
   0.130013E+09  2.2088  3.6249             30   475                  
   0.130599E+09  2.1894  3.6268 L-m         31   479                  
   0.132673E+09  2.2528  3.6208             32   487                  
   0.133960E+09  2.3194  3.6153             33   491                  
   0.134729E+09  2.3839  3.6102             34   493                  
   0.135447E+09  2.4547  3.6045             35   495                  
   0.136059E+09  2.5269  3.5968             36   497                  
   0.136526E+09  2.5899  3.5911             37   499                  
   0.136920E+09  2.6530  3.5866             38   503                  
   0.137266E+09  2.7237  3.5807             39   512                  
   0.137487E+09  2.7874  3.5743             40   517                  
   0.137653E+09  2.8450  3.5687             41   524                  
   0.137802E+09  2.9020  3.5621             42   550                  
   0.137931E+09  2.9556  3.5553             43   573                  
   0.138080E+09  3.0142  3.5504             44   597                  
   0.138209E+09  3.0652  3.5424             45   626                  
   0.138371E+09  3.1234  3.5371             46   676                  
   0.138532E+09  3.1794  3.5308             47   736                  
   0.138710E+09  3.2324  3.5235             48   821                  
   0.138865E+09  3.2840  3.5156             49   923                  
   0.138963E+09  3.3411  3.5091             50   996                  
   0.138980E+09  3.3914  3.5008             51  1015                  
   0.138986E+09  3.3971  3.5001 C=0.5257    52  1023                  
   0.000000E+00  1.6628  3.6657 M=  1.20                     1    15  
   0.322107E+07  1.6938  3.6631              2    24                  
   0.764554E+07  1.7036  3.6627 Te-m         3    34                  
   0.896038E+07  1.7027  3.6627              4    37                  
   0.148148E+08  1.6964  3.6635              5    58                  
   0.207653E+08  1.6926  3.6640              6    73                  
   0.268189E+08  1.6910  3.6643              7    87                  
   0.329956E+08  1.6885  3.6647              8   101                  
   0.390472E+08  1.6875  3.6650              9   116                  
   0.452532E+08  1.6851  3.6657             10   130                  
   0.518110E+08  1.6855  3.6660             11   146                  
   0.582558E+08  1.6850  3.6664             12   161                  
   0.646255E+08  1.6853  3.6666             13   178                  
   0.664484E+08  1.6852  3.6667 Te-M        14   182                  
   0.708962E+08  1.6864  3.6666             15   195                  
   0.770369E+08  1.6888  3.6663             16   213                  
   0.832666E+08  1.6928  3.6662             17   233                  
   0.898916E+08  1.7000  3.6658             18   254                  
   0.991945E+08  1.7123  3.6652             19   285                  
   0.103906E+09  1.7300  3.6648             20   320                  
   0.112616E+09  1.7501  3.6635             21   337                  
   0.115170E+09  1.7684  3.6623             22   346                  
   0.118591E+09  1.8191  3.6580             23   371                  
   0.120177E+09  1.8581  3.6548             24   388                  
   0.121031E+09  1.9260  3.6493             25   400                  
   0.121276E+09  1.9787  3.6447             26   411                  
   0.121469E+09  2.0802  3.6372 Yc=0        27   450                  
   0.121549E+09  2.1432  3.6315             28   453                  
   0.121643E+09  2.2178  3.6264             29   456                  
   0.121761E+09  2.2890  3.6207             30   459                  
   0.121852E+09  2.3127  3.6187 L-M         31   461                  
   0.122133E+09  2.2553  3.6241             32   466                  
   0.122793E+09  2.1930  3.6283             33   470                  
   0.122989E+09  2.1918  3.6284 L-m         34   471                  
   0.125767E+09  2.2749  3.6224             35   480                  
   0.126659E+09  2.3375  3.6169             36   482                  
   0.127466E+09  2.4083  3.6112             37   484                  
   0.128153E+09  2.4842  3.6054             38   486                  
   0.128774E+09  2.5467  3.5989             39   489                  
   0.129159E+09  2.6107  3.5924             40   493                  
   0.129596E+09  2.6901  3.5859             41   508                  
   0.129857E+09  2.7560  3.5814             42   512                  
   0.130038E+09  2.8134  3.5757             43   518                  
   0.130192E+09  2.8727  3.5701             44   526                  
   0.130350E+09  2.9297  3.5640             45   539                  
   0.130476E+09  2.9825  3.5566             46   566                  
   0.130630E+09  3.0404  3.5523             47   600                  
   0.130779E+09  3.0954  3.5452             48   638                  
   0.130934E+09  3.1496  3.5384             49   690                  
   0.131113E+09  3.2059  3.5327             50   767                  
   0.131285E+09  3.2596  3.5255             51   863                  
   0.131401E+09  3.3116  3.5177             52   950                  
   0.131421E+09  3.3484  3.5136 C=0.5243    53   969                  
   0.000000E+00  1.6692  3.6678 M=  1.30                     1    17  
   0.321696E+07  1.7045  3.6649              2    26                  
   0.461481E+07  1.7109  3.6646 Te-m         3    29                  
   0.897850E+07  1.7096  3.6649              4    40                  
   0.148672E+08  1.7067  3.6654              5    54                  
   0.208709E+08  1.7024  3.6661              6    69                  
   0.269372E+08  1.7014  3.6665              7    84                  
   0.330570E+08  1.6998  3.6670              8    98                  
   0.392283E+08  1.6977  3.6675              9   113                  
   0.453860E+08  1.6973  3.6678             10   128                  
   0.519285E+08  1.6967  3.6681             11   143                  
   0.584304E+08  1.6972  3.6684             12   159                  
   0.647311E+08  1.6980  3.6688             13   176                  
   0.711285E+08  1.6995  3.6689             14   194                  
   0.733367E+08  1.7002  3.6689 Te-M        15   200                  
   0.771324E+08  1.7019  3.6689             16   212                  
   0.836178E+08  1.7063  3.6687             17   232                  
   0.900852E+08  1.7130  3.6682             18   254                  
   0.958862E+08  1.7228  3.6665             19   278                  
   0.104139E+09  1.7420  3.6648             20   318                  
   0.108932E+09  1.7568  3.6650             21   330                  
   0.111748E+09  1.7764  3.6638             22   341                  
   0.129087E+09  1.8451  3.6586             23   396                  
   0.131327E+09  1.9000  3.6545             24   412                  
   0.132038E+09  1.9739  3.6485             25   424                  
   0.132259E+09  2.0277  3.6439             26   435                  
   0.132443E+09  2.1298  3.6366 Yc=0        27   474                  
   0.132524E+09  2.1931  3.6316             28   477                  
   0.132618E+09  2.2559  3.6267             29   480                  
   0.132723E+09  2.2879  3.6243 L-M         30   483                  
   0.133204E+09  2.2249  3.6291             31   490                  
   0.134084E+09  2.2042  3.6308 L-m         32   497                  
   0.135726E+09  2.2816  3.6249             33   503                  
   0.136821E+09  2.3577  3.6189             34   507                  
   0.137452E+09  2.4225  3.6129             35   509                  
   0.138045E+09  2.4887  3.6081             36   511                  
   0.138556E+09  2.5519  3.6025             37   513                  
   0.138990E+09  2.6298  3.5951             38   516                  
   0.139350E+09  2.6910  3.5897             39   525                  
   0.139591E+09  2.7490  3.5847             40   527                  
   0.139782E+09  2.8081  3.5808             41   546                  
   0.139976E+09  2.8731  3.5749             42   555                  
   0.140111E+09  2.9304  3.5687             43   580                  
   0.140225E+09  2.9867  3.5611             44   596                  
   0.140346E+09  3.0436  3.5552             45   618                  
   0.140476E+09  3.1011  3.5505             46   650                  
   0.140609E+09  3.1524  3.5426             47   692                  
   0.140760E+09  3.2084  3.5372             48   754                  
   0.140926E+09  3.2636  3.5313             49   851                  
   0.141068E+09  3.3208  3.5236             50   952                  
   0.141084E+09  3.3732  3.5155             51   967                  
   0.141093E+09  3.3848  3.5143 C=0.5279    52   978                  
   0.000000E+00  1.6797  3.6698 M=  1.40                     1    15  
   0.320213E+07  1.7149  3.6669              2    23                  
   0.549261E+07  1.7221  3.6665 Te-m         3    28                  
   0.902542E+07  1.7189  3.6669              4    36                  
   0.149467E+08  1.7154  3.6675              5    49                  
   0.209919E+08  1.7128  3.6680              6    65                  
   0.270380E+08  1.7115  3.6684              7    81                  
   0.331519E+08  1.7113  3.6687              8    96                  
   0.392441E+08  1.7105  3.6692              9   111                  
   0.454751E+08  1.7100  3.6696             10   126                  
   0.520396E+08  1.7093  3.6700             11   141                  
   0.585714E+08  1.7104  3.6702             12   157                  
   0.650626E+08  1.7120  3.6704             13   173                  
   0.713146E+08  1.7137  3.6705             14   191                  
   0.725889E+08  1.7141  3.6705 Te-M        15   194                  
   0.774345E+08  1.7166  3.6704             16   209                  
   0.839663E+08  1.7212  3.6703             17   230                  
   0.905917E+08  1.7282  3.6699             18   252                  
   0.962015E+08  1.7380  3.6691             19   277                  
   0.105090E+09  1.7580  3.6678             20   315                  
   0.107704E+09  1.7710  3.6668             21   324                  
   0.111716E+09  1.7899  3.6653             22   333                  
   0.118391E+09  1.8441  3.6618             23   362                  
   0.121077E+09  1.8864  3.6584             24   383                  
   0.122047E+09  1.9514  3.6533             25   394                  
   0.122286E+09  2.0016  3.6492             26   405                  
   0.122475E+09  2.0986  3.6419 Yc=0        27   444                  
   0.122555E+09  2.1606  3.6371             28   447                  
   0.122648E+09  2.2323  3.6316             29   450                  
   0.122759E+09  2.2928  3.6268             30   453                  
   0.122841E+09  2.3082  3.6254 L-M         31   455                  
   0.123261E+09  2.2470  3.6304             32   462                  
   0.125188E+09  2.2183  3.6327 L-m         33   472                  
   0.126656E+09  2.2757  3.6280             34   476                  
   0.127593E+09  2.3376  3.6231             35   478                  
   0.128446E+09  2.4090  3.6176             36   480                  
   0.129156E+09  2.4825  3.6118             37   482                  
   0.129715E+09  2.5512  3.6070             38   484                  
   0.130156E+09  2.6152  3.5998             39   486                  
   0.130477E+09  2.6727  3.5941             40   496                  
   0.130758E+09  2.7332  3.5897             41   503                  
   0.130956E+09  2.7921  3.5855             42   520                  
   0.131156E+09  2.8561  3.5798             43   533                  
   0.131314E+09  2.9168  3.5746             44   542                  
   0.131440E+09  2.9742  3.5684             45   555                  
   0.131566E+09  3.0263  3.5606             46   575                  
   0.131700E+09  3.0834  3.5554             47   609                  
   0.131846E+09  3.1407  3.5507             48   659                  
   0.131990E+09  3.1930  3.5431             49   716                  
   0.132161E+09  3.2496  3.5377             50   808                  
   0.132327E+09  3.3057  3.5314             51   927                  
   0.132359E+09  3.2479  3.5381             52   953                  
   0.132373E+09  3.3043  3.5318             53   960                  
   0.132383E+09  3.3599  3.5241             54   969                  
   0.132403E+09  3.4128  3.5159             55   990                  
   0.132406E+09  3.4142  3.5158 C=0.5282    56   994                  
   0.000000E+00  1.6873  3.6725 M=  1.50                     1    16  
   0.342127E+07  1.7205  3.6695              2    25                  
   0.506008E+07  1.7258  3.6692 Te-m         3    28                  
   0.949751E+07  1.7234  3.6696              4    38                  
   0.156983E+08  1.7205  3.6702              5    52                  
   0.219456E+08  1.7195  3.6707              6    70                  
   0.282017E+08  1.7193  3.6711              7    86                  
   0.345723E+08  1.7184  3.6717              8   101                  
   0.408343E+08  1.7186  3.6720              9   116                  
   0.470436E+08  1.7181  3.6724             10   131                  
   0.537618E+08  1.7189  3.6727             11   147                  
   0.604581E+08  1.7204  3.6728             12   163                  
   0.671073E+08  1.7218  3.6730             13   178                  
   0.692893E+08  1.7223  3.6731 Te-M        14   183                  
   0.736032E+08  1.7246  3.6730             15   196                  
   0.799699E+08  1.7282  3.6730             16   214                  
   0.861645E+08  1.7326  3.6728             17   234                  
   0.925931E+08  1.7396  3.6723             18   256                  
   0.991125E+08  1.7499  3.6713             19   283                  
   0.108456E+09  1.7704  3.6697             20   320                  
   0.110882E+09  1.7829  3.6687             21   328                  
   0.115058E+09  1.8018  3.6674             22   339                  
   0.123070E+09  1.8552  3.6637             23   373                  
   0.138468E+09  1.9395  3.6577             24   431                  
   0.139139E+09  2.0177  3.6515             25   443                  
   0.139351E+09  2.0706  3.6467             26   454                  
   0.139524E+09  2.1665  3.6398 Yc=0        27   494                  
   0.139623E+09  2.2390  3.6345             28   498                  
   0.139768E+09  2.2883  3.6306 L-M         29   503                  
   0.140227E+09  2.2240  3.6358             30   508                  
   0.140792E+09  2.2098  3.6370 L-m         31   512                  
   0.142613E+09  2.2797  3.6316             32   519                  
   0.143441E+09  2.3447  3.6262             33   522                  
   0.144182E+09  2.4137  3.6208             34   525                  
   0.144723E+09  2.4835  3.6145             35   527                  
   0.145218E+09  2.5510  3.6093             36   529                  
   0.145652E+09  2.6191  3.6032             37   531                  
   0.146014E+09  2.6809  3.5975             38   533                  
   0.146409E+09  2.7654  3.5907             39   544                  
   0.146597E+09  2.8240  3.5868             40   555                  
   0.146779E+09  2.8888  3.5811             41   565                  
   0.146903E+09  2.9473  3.5763             42   573                  
   0.147010E+09  3.0020  3.5701             43   584                  
   0.147118E+09  3.0571  3.5626             44   600                  
   0.147232E+09  3.1143  3.5567             45   629                  
   0.147356E+09  3.1724  3.5521             46   671                  
   0.147499E+09  3.2264  3.5455             47   732                  
   0.147625E+09  3.2812  3.5388             48   807                  
   0.147687E+09  3.3396  3.5326             49   849                  
   0.147700E+09  3.3664  3.5287 C=0.5287    50   864                  
   0.000000E+00  1.6770  3.6755 M=  1.60                     1    17  
   0.361987E+07  1.7147  3.6723              2    26                  
   0.498892E+07  1.7187  3.6721 Te-m         3    28                  
   0.101366E+08  1.7145  3.6728              4    39                  
   0.167289E+08  1.7121  3.6733              5    52                  
   0.233204E+08  1.7145  3.6736              6    69                  
   0.300212E+08  1.7126  3.6741              7    85                  
   0.366256E+08  1.7126  3.6746              8   101                  
   0.433416E+08  1.7138  3.6748              9   116                  
   0.501812E+08  1.7150  3.6751             10   131                  
   0.572361E+08  1.7155  3.6754             11   147                  
   0.642926E+08  1.7172  3.6756             12   163                  
   0.712776E+08  1.7202  3.6757             13   179                  
   0.781585E+08  1.7228  3.6757             14   196                  
   0.808713E+08  1.7240  3.6758 Te-M        15   203                  
   0.848754E+08  1.7266  3.6757             16   215                  
   0.913610E+08  1.7316  3.6754             17   235                  
   0.983719E+08  1.7390  3.6749             18   256                  
   0.104885E+09  1.7493  3.6741             19   283                  
   0.113643E+09  1.7687  3.6725             20   320                  
   0.116695E+09  1.7817  3.6714             21   329                  
   0.121761E+09  1.8012  3.6695             22   342                  
   0.137212E+09  1.8715  3.6649             23   392                  
   0.138169E+09  1.9143  3.6618             24   410                  
   0.138915E+09  1.9838  3.6565             25   423                  
   0.139144E+09  2.0336  3.6525             26   433                  
   0.139331E+09  2.1307  3.6451 Yc=0        27   472                  
   0.139412E+09  2.1917  3.6407             28   475                  
   0.139507E+09  2.2532  3.6356             29   478                  
   0.139613E+09  2.2863  3.6332 L-M         30   481                  
   0.140272E+09  2.2254  3.6374             31   490                  
   0.140866E+09  2.2135  3.6388 L-m         32   493                  
   0.142637E+09  2.2817  3.6337             33   500                  
   0.144004E+09  2.3639  3.6274             34   505                  
   0.144674E+09  2.4298  3.6219             35   507                  
   0.145293E+09  2.4995  3.6167             36   509                  
   0.145834E+09  2.5684  3.6103             37   511                  
   0.146283E+09  2.6369  3.6064             38   513                  
   0.146624E+09  2.6912  3.5994             39   523                  
   0.146900E+09  2.7591  3.5938             40   527                  
   0.147100E+09  2.8191  3.5890             41   532                  
   0.147264E+09  2.8806  3.5841             42   539                  
   0.147392E+09  2.9405  3.5796             43   548                  
   0.147520E+09  2.9975  3.5746             44   561                  
   0.147646E+09  3.0543  3.5685             45   584                  
   0.147765E+09  3.1064  3.5609             46   617                  
   0.147916E+09  3.1634  3.5558             47   666                  
   0.148067E+09  3.2201  3.5503             48   738                  
   0.148226E+09  3.2738  3.5435             49   837                  
   0.148389E+09  3.3326  3.5377             50   959                  
   0.148401E+09  3.3853  3.5298             51   970                  
   0.148423E+09  3.4287  3.5256 C=0.5271    52   999                  
   0.000000E+00  1.6647  3.6784 M=  1.70                     1    15  
   0.407801E+07  1.7030  3.6753              2    24                  
   0.560951E+07  1.7056  3.6752 Te-m         3    26                  
   0.113210E+08  1.6992  3.6762              4    38                  
   0.185252E+08  1.6997  3.6767              5    51                  
   0.256925E+08  1.7019  3.6770              6    72                  
   0.329635E+08  1.7028  3.6773              7    91                  
   0.402200E+08  1.7030  3.6777              8   109                  
   0.474650E+08  1.7043  3.6780              9   126                  
   0.547936E+08  1.7052  3.6784             10   143                  
   0.625357E+08  1.7081  3.6785             11   160                  
   0.701705E+08  1.7117  3.6786             12   178                  
   0.746457E+08  1.7122  3.6788 Te-M        13   187                  
   0.775421E+08  1.7141  3.6787             14   194                  
   0.848182E+08  1.7184  3.6787             15   211                  
   0.920178E+08  1.7227  3.6786             16   229                  
   0.990374E+08  1.7281  3.6785             17   248                  
   0.106178E+09  1.7357  3.6780             18   270                  
   0.112968E+09  1.7463  3.6772             19   296                  
   0.126232E+09  1.7691  3.6752             20   349                  
   0.128286E+09  1.7817  3.6741             21   357                  
   0.130794E+09  1.7996  3.6724             22   368                  
   0.136892E+09  1.8487  3.6684             23   394                  
   0.139330E+09  1.8895  3.6655             24   419                  
   0.140263E+09  1.9515  3.6605             25   431                  
   0.140517E+09  2.0001  3.6574             26   442                  
   0.140717E+09  2.0928  3.6502 Yc=0        27   480                  
   0.140803E+09  2.1552  3.6451             28   483                  
   0.140903E+09  2.2265  3.6399             29   486                  
   0.141026E+09  2.2924  3.6354             30   489                  
   0.141116E+09  2.3099  3.6340 L-M         31   491                  
   0.141664E+09  2.2372  3.6394             32   498                  
   0.142635E+09  2.2096  3.6419 L-m         33   504                  
   0.145626E+09  2.2779  3.6368             34   513                  
   0.146614E+09  2.3391  3.6320             35   515                  
   0.147378E+09  2.3995  3.6271             36   517                  
   0.148117E+09  2.4713  3.6216             37   519                  
   0.148719E+09  2.5404  3.6150             38   521                  
   0.149204E+09  2.6113  3.6099             39   523                  
   0.149551E+09  2.6764  3.6051             40   536                  
   0.149833E+09  2.7403  3.5983             41   541                  
   0.150040E+09  2.8047  3.5930             42   548                  
   0.150214E+09  2.8655  3.5887             43   557                  
   0.150373E+09  2.9253  3.5837             44   568                  
   0.150527E+09  2.9855  3.5789             45   585                  
   0.150686E+09  3.0424  3.5735             46   620                  
   0.150836E+09  3.0989  3.5676             47   657                  
   0.150993E+09  3.1509  3.5598             48   708                  
   0.151189E+09  3.2088  3.5552             49   798                  
   0.151356E+09  3.2650  3.5498             50   902                  
   0.151432E+09  3.3119  3.5434 C=0.5190    51   952                  
   0.000000E+00  1.6519  3.6810 M=  1.80                     1    16  
   0.587233E+07  1.6737  3.6790 Te-m         2    28                  
   0.138485E+08  1.6712  3.6798              3    41                  
   0.223728E+08  1.6715  3.6803              4    55                  
   0.309773E+08  1.6740  3.6806              5    81                  
   0.393013E+08  1.6761  3.6809              6   102                  
   0.475527E+08  1.6788  3.6811              7   123                  
   0.558815E+08  1.6808  3.6816              8   143                  
   0.640559E+08  1.6829  3.6819              9   161                  
   0.727788E+08  1.6873  3.6820             10   180                  
   0.811737E+08  1.6909  3.6822             11   198                  
   0.894522E+08  1.6945  3.6823             12   216                  
   0.920431E+08  1.6957  3.6824 Te-M        13   222                  
   0.976341E+08  1.6999  3.6823             14   234                  
   0.105760E+09  1.7049  3.6822             15   252                  
   0.113627E+09  1.7114  3.6820             16   272                  
   0.121369E+09  1.7195  3.6815             17   294                  
   0.129032E+09  1.7303  3.6806             18   319                  
   0.141965E+09  1.7535  3.6788             19   368                  
   0.144326E+09  1.7653  3.6777             20   376                  
   0.147703E+09  1.7841  3.6760             21   386                  
   0.162072E+09  1.8407  3.6714             22   433                  
   0.169311E+09  1.9017  3.6666             23   458                  
   0.170136E+09  1.9771  3.6615             24   469                  
   0.170382E+09  2.0285  3.6576             25   480                  
   0.170592E+09  2.1295  3.6499 Yc=0        26   520                  
   0.170682E+09  2.1904  3.6455             27   523                  
   0.170816E+09  2.2571  3.6405             28   527                  
   0.170896E+09  2.2678  3.6397 L-M         29   529                  
   0.171373E+09  2.2085  3.6442             30   536                  
   0.172102E+09  2.1869  3.6458 L-m         31   543                  
   0.174154E+09  2.2475  3.6408             32   552                  
   0.175031E+09  2.3069  3.6372             33   556                  
   0.176472E+09  2.3811  3.6312             34   563                  
   0.177354E+09  2.4639  3.6240             35   566                  
   0.177938E+09  2.5303  3.6188             36   568                  
   0.178368E+09  2.5882  3.6141             37   573                  
   0.178781E+09  2.6590  3.6090             38   576                  
   0.179035E+09  2.7208  3.6036             39   585                  
   0.179237E+09  2.7779  3.5981             40   590                  
   0.179428E+09  2.8385  3.5931             41   598                  
   0.179586E+09  2.8992  3.5887             42   616                  
   0.179742E+09  2.9595  3.5837             43   632                  
   0.179900E+09  3.0185  3.5790             44   655                  
   0.180048E+09  3.0754  3.5737             45   690                  
   0.180218E+09  3.1312  3.5679             46   744                  
   0.180392E+09  3.1838  3.5605             47   818                  
   0.180576E+09  3.2407  3.5555             48   923                  
   0.180655E+09  3.2970  3.5500             49   978                  
   0.180667E+09  3.3120  3.5485 C=0.5150    50   987                  
   0.000000E+00  1.5949  3.6859 M=  1.90                     1    17  
   0.531192E+07  1.6261  3.6835 Te-m         2    27                  
   0.700456E+07  1.6248  3.6837              3    30                  
   0.185229E+08  1.6274  3.6840              4    47                  
   0.298894E+08  1.6311  3.6845              5    63                  
   0.408529E+08  1.6351  3.6847              6    93                  
   0.514606E+08  1.6384  3.6850              7   124                  
   0.617468E+08  1.6423  3.6853              8   152                  
   0.719871E+08  1.6460  3.6856              9   178                  
   0.822357E+08  1.6508  3.6857             10   204                  
   0.927366E+08  1.6563  3.6859             11   227                  
   0.102994E+09  1.6629  3.6859             12   250                  
   0.109499E+09  1.6656  3.6861 Te-M        13   263                  
   0.112989E+09  1.6687  3.6859             14   271                  
   0.122615E+09  1.6750  3.6859             15   291                  
   0.132058E+09  1.6818  3.6858             16   310                  
   0.141192E+09  1.6896  3.6856             17   331                  
   0.150042E+09  1.6991  3.6851             18   354                  
   0.162717E+09  1.7149  3.6842             19   383                  
   0.169198E+09  1.7308  3.6830             20   418                  
   0.173705E+09  1.7432  3.6820             21   426                  
   0.185437E+09  1.7741  3.6793             22   451                  
   0.189137E+09  1.8196  3.6752             23   475                  
   0.191094E+09  1.8567  3.6719             24   493                  
   0.192123E+09  1.9198  3.6672             25   505                  
   0.192421E+09  1.9691  3.6638             26   516                  
   0.192658E+09  2.0654  3.6568 Yc=0        27   555                  
   0.192763E+09  2.1298  3.6520             28   558                  
   0.192887E+09  2.2022  3.6461             29   561                  
   0.193041E+09  2.2633  3.6420             30   564                  
   0.193148E+09  2.2713  3.6409 L-M         31   566                  
   0.193459E+09  2.2137  3.6459             32   571                  
   0.194690E+09  2.1629  3.6493 L-m         33   580                  
   0.196879E+09  2.2225  3.6454             34   591                  
   0.199898E+09  2.2857  3.6409             35   603                  
   0.201272E+09  2.3649  3.6347             36   606                  
   0.202000E+09  2.4227  3.6302             37   608                  
   0.202595E+09  2.4830  3.6255             38   611                  
   0.203095E+09  2.5438  3.6198             39   620                  
   0.203466E+09  2.6036  3.6151             40   625                  
   0.203778E+09  2.6614  3.6107             41   642                  
   0.204029E+09  2.7207  3.6077             42   651                  
   0.204265E+09  2.7794  3.6007             43   661                  
   0.204500E+09  2.8405  3.5958             44   675                  
   0.204708E+09  2.8979  3.5913             45   692                  
   0.204937E+09  2.9576  3.5863             46   731                  
   0.205164E+09  3.0154  3.5821             47   771                  
   0.205394E+09  3.0727  3.5776             48   833                  
   0.205623E+09  3.1282  3.5717             49   919                  
   0.205798E+09  3.1832  3.5653             50   996                  
   0.205885E+09  3.2318  3.5591 C=0.5028    51  1044                  
   0.000000E+00  1.5443  3.6885 M=  1.95                     1    15  
   0.469765E+07  1.5748  3.6864 Te-m         2    24                  
   0.962494E+07  1.5732  3.6869              3    32                  
   0.252284E+08  1.5789  3.6871              4    55                  
   0.401363E+08  1.5858  3.6875              5    76                  
   0.546375E+08  1.5926  3.6876              6   122                  
   0.682193E+08  1.5989  3.6878              7   161                  
   0.812477E+08  1.6039  3.6881              8   198                  
   0.936468E+08  1.6093  3.6883              9   232                  
   0.106753E+09  1.6182  3.6883             10   264                  
   0.119363E+09  1.6250  3.6884             11   293                  
   0.126151E+09  1.6281  3.6885 Te-M        12   308                  
   0.131442E+09  1.6321  3.6884             13   320                  
   0.143171E+09  1.6404  3.6883             14   344                  
   0.154327E+09  1.6475  3.6883             15   366                  
   0.165389E+09  1.6560  3.6881             16   388                  
   0.175906E+09  1.6644  3.6879             17   410                  
   0.185892E+09  1.6756  3.6874             18   433                  
   0.196258E+09  1.6877  3.6868             19   460                  
   0.208508E+09  1.7112  3.6850             20   502                  
   0.212398E+09  1.7229  3.6841             21   511                  
   0.218132E+09  1.7435  3.6825             22   524                  
   0.234196E+09  1.8098  3.6769             23   569                  
   0.235564E+09  1.8482  3.6734             24   587                  
   0.236610E+09  1.9142  3.6682             25   599                  
   0.236921E+09  1.9654  3.6647             26   610                  
   0.237174E+09  2.0650  3.6577 Yc=0        27   649                  
   0.237290E+09  2.1287  3.6530             28   652                  
   0.237430E+09  2.1953  3.6482             29   655                  
   0.237591E+09  2.2294  3.6458 L-M         30   658                  
   0.238617E+09  2.1685  3.6501             31   667                  
   0.239299E+09  2.1658  3.6504 L-m         32   671                  
   0.242159E+09  2.2308  3.6459             33   685                  
   0.244945E+09  2.2927  3.6415             34   699                  
   0.246278E+09  2.3620  3.6361             35   704                  
   0.247198E+09  2.4322  3.6308             36   708                  
   0.247797E+09  2.4915  3.6260             37   713                  
   0.248234E+09  2.5496  3.6204             38   718                  
   0.248659E+09  2.6144  3.6154             39   725                  
   0.248962E+09  2.6751  3.6108             40   733                  
   0.249232E+09  2.7340  3.6078             41   766                  
   0.249502E+09  2.7906  3.6011             42   792                  
   0.249751E+09  2.8487  3.5965             43   813                  
   0.250004E+09  2.9069  3.5920             44   845                  
   0.250255E+09  2.9653  3.5870             45   881                  
   0.250485E+09  3.0242  3.5826             46   930                  
   0.250789E+09  3.0820  3.5779             47  1018                  
   0.250966E+09  3.1384  3.5723             48  1087                  
   0.251229E+09  3.1944  3.5665             49  1203                  
   0.251296E+09  3.2174  3.5625 C=0.5013    50  1237                  
   7   7   7   7   7   7   7   7   7   7   7   7   7   7   7   7   7
   1   3  13  27  32  35  55                                             !  0.55 1
   1   3  14  27  31  33  55                                             !  0.60 2
   1   3  15  27  30  32  52                                             !  0.65 3 
   1   3  15  27  31  33  53                                             !  0.70 4
   1   3  15  27  31  34  53                                             !  0.80 5
   1   3  14  26  29  31  54                                             !  0.90 6
   1   3  15  27  31  33  52                                             !  1.00 7
   1   3  17  26  29  31  52                                             !  1.10 8
   1   3  14  27  31  34  53                                             !  1.20 9
   1   3  15  27  30  32  52                                             !  1.30 10
   1   3  15  27  31  33  56                                             !  1.40 11
   1   3  14  27  29  31  50                                             !  1.50 12
   1   3  15  27  30  32  52                                             !  1.60 13
   1   3  13  27  31  33  51                                             !  1.70 14
   1   2  13  26  29  31  50                                             !  1.80 15
   1   2  13  27  31  33  51                                             !  1.90 0 
   1   2  12  27  30  32  50                                             !  1.95 16
  0.5040  0.5086  0.5113  0.5143  0.5179  0.5214  0.5224  0.5257  0.5243  0.5279
  0.5282  0.5287  0.5271  0.5190  0.5150  0.5028  0.5013
        INTERPOLA
   1 2 3 4 5 6 7 8 9 10 11 12 13 14 15 0 16
