   1
   1  16
  16
  63  55  58  57  52  57  54  58  54  54  56  56  55  55  55  52
    0.50    0.55    0.60    0.70    0.80    0.90    1.00    1.10    1.20    1.30
    1.40    1.50    1.60    1.70    1.80    1.90
   0.000000E+00  1.3079  4.0351 M=  0.50                     1    37  
   0.157892E+07  1.3188  4.0264              2    41                  
   0.754264E+07  1.3400  4.0151              3    54                  
   0.100778E+08  1.3447  4.0126 Te-m         4    59                  
   0.137986E+08  1.3435  4.0146              5    67                  
   0.203268E+08  1.3306  4.0242              6    81                  
   0.270323E+08  1.3192  4.0309              7    94                  
   0.340076E+08  1.3104  4.0343              8   108                  
   0.386435E+08  1.3049  4.0361 Te-M         9   117                  
   0.413417E+08  1.3052  4.0350             10   123                  
   0.488232E+08  1.3041  4.0329             11   138                  
   0.566923E+08  1.3079  4.0277             12   153                  
   0.645947E+08  1.3158  4.0201             13   169                  
   0.723464E+08  1.3265  4.0107             14   186                  
   0.803407E+08  1.3394  4.0000             15   203                  
   0.884508E+08  1.3541  3.9883             16   222                  
   0.967971E+08  1.3707  3.9757             17   243                  
   0.105720E+09  1.3888  3.9633             18   266                  
   0.114734E+09  1.4093  3.9515             19   293                  
   0.126264E+09  1.4322  3.9436             20   328                  
   0.138322E+09  1.4533  3.9386             21   347                  
   0.141583E+09  1.4665  3.9435             22   357                  
   0.148691E+09  1.5069  3.9515             23   381                  
   0.151131E+09  1.5553  3.9393             24   396                  
   0.152734E+09  1.6663  3.8607             25   408                  
   0.153070E+09  1.7588  3.7506             26   419                  
   0.153265E+09  1.8623  3.6944 Yc=0        27   436                  
   0.153346E+09  1.9219  3.6780             28   443                  
   0.153417E+09  1.9745  3.6653             29   445                  
   0.153497E+09  2.0332  3.6530             30   447                  
   0.153590E+09  2.0939  3.6425             31   449                  
   0.153698E+09  2.1471  3.6345             32   451                  
   0.153875E+09  2.1756  3.6313 L-M         33   454                  
   0.154191E+09  2.1259  3.6402             34   458                  
   0.155016E+09  2.0799  3.6504             35   466                  
   0.156137E+09  2.0712  3.6556 L-m         36   473                  
   0.160358E+09  2.1287  3.6487             37   492                  
   0.161981E+09  2.1881  3.6390             38   496                  
   0.163181E+09  2.2462  3.6313             39   500                  
   0.164161E+09  2.3092  3.6228             40   506                  
   0.164792E+09  2.3633  3.6162             41   512                  
   0.165491E+09  2.4264  3.6088             42   522                  
   0.165993E+09  2.4852  3.6022             43   530                  
   0.166381E+09  2.5410  3.5961             44   539                  
   0.166728E+09  2.5993  3.5905             45   550                  
   0.167036E+09  2.6552  3.5843             46   565                  
   0.167318E+09  2.7131  3.5785             47   584                  
   0.167604E+09  2.7731  3.5732             48   613                  
   0.167892E+09  2.8314  3.5688             49   654                  
   0.168176E+09  2.8923  3.5654             50   707                  
   0.168464E+09  2.9524  3.5641             51   769                  
   0.168780E+09  3.0118  3.5679             52   862                  
   0.169031E+09  3.0612  3.5767             53   957                  
   0.169199E+09  3.0878  3.5902             54  1036                  
   0.169295E+09  3.1007  3.6050             55  1083                  
   0.169343E+09  3.1061  3.6206             56  1105                  
   0.169377E+09  3.1155  3.6370             57  1128                  
   0.169394E+09  3.1180  3.6532             58  1142                  
   0.169408E+09  3.1201  3.6689             59  1160                  
   0.169420E+09  3.1224  3.6867             60  1167                  
   0.169432E+09  3.1238  3.7028             61  1175                  
   0.169440E+09  3.1264  3.7184             62  1190                  
   0.169442E+09  3.1268  3.7225 C=0.4957    63  1211                  
   0.000000E+00  1.5027  3.6877 M=  0.55                     1    27  
   0.177530E+07  1.5170  3.6836              2    32                  
   0.657899E+07  1.5452  3.6790 Te-m         3    42                  
   0.786867E+07  1.5468  3.6791              4    45                  
   0.141269E+08  1.5358  3.6835              5    58                  
   0.204911E+08  1.5230  3.6896              6    72                  
   0.270400E+08  1.5115  3.6950              7    85                  
   0.337649E+08  1.5007  3.7001              8    99                  
   0.407363E+08  1.4906  3.7048              9   114                  
   0.477493E+08  1.4816  3.7101             10   128                  
   0.550324E+08  1.4743  3.7148             11   144                  
   0.623341E+08  1.4692  3.7177             12   160                  
   0.694698E+08  1.4653  3.7202             13   176                  
   0.760088E+08  1.4662  3.7204 Te-M        14   192                  
   0.766731E+08  1.4667  3.7202             15   194                  
   0.839778E+08  1.4699  3.7195             16   213                  
   0.915750E+08  1.4774  3.7169             17   234                  
   0.993721E+08  1.4892  3.7140             18   257                  
   0.107832E+09  1.5051  3.7094             19   283                  
   0.118521E+09  1.5281  3.7046             20   319                  
   0.122957E+09  1.5434  3.7024             21   327                  
   0.128725E+09  1.5680  3.6985             22   339                  
   0.147399E+09  1.6436  3.6871             23   386                  
   0.148628E+09  1.6995  3.6778             24   404                  
   0.149569E+09  1.7960  3.6623             25   417                  
   0.149853E+09  1.8690  3.6498             26   428                  
   0.150021E+09  1.9582  3.6388 Yc=0        27   444                  
   0.150101E+09  2.0174  3.6320             28   451                  
   0.150203E+09  2.0934  3.6230             29   454                  
   0.150328E+09  2.1695  3.6143             30   457                  
   0.150471E+09  2.2023  3.6117 L-M         31   460                  
   0.150874E+09  2.1447  3.6180             32   466                  
   0.152006E+09  2.1024  3.6240 L-m         33   477                  
   0.153914E+09  2.1658  3.6167             34   490                  
   0.155974E+09  2.2305  3.6107             35   501                  
   0.157105E+09  2.2942  3.6034             36   505                  
   0.158010E+09  2.3580  3.5957             37   509                  
   0.158705E+09  2.4180  3.5901             38   513                  
   0.159314E+09  2.4833  3.5820             39   518                  
   0.159723E+09  2.5434  3.5761             40   533                  
   0.160040E+09  2.5984  3.5691             41   537                  
   0.160306E+09  2.6558  3.5626             42   545                  
   0.160546E+09  2.7155  3.5560             43   562                  
   0.160740E+09  2.7698  3.5488             44   575                  
   0.160924E+09  2.8242  3.5423             45   594                  
   0.161117E+09  2.8796  3.5360             46   620                  
   0.161301E+09  2.9338  3.5295             47   668                  
   0.161513E+09  2.9909  3.5235             48   716                  
   0.161759E+09  3.0487  3.5172             49   795                  
   0.162001E+09  3.1049  3.5115             50   887                  
   0.162252E+09  3.1619  3.5068             51  1011                  
   0.162503E+09  3.2207  3.5036             52  1163                  
   0.162753E+09  3.2816  3.5022             53  1360                  
   0.162823E+09  3.3398  3.4983             54  1427                  
   0.162832E+09  3.3502  3.4976 C=0.5150    55  1438                  
   0.000000E+00  1.5405  3.6643 M=  0.60                     1    25  
   0.176842E+07  1.5605  3.6615              2    30                  
   0.609386E+07  1.5813  3.6593 Te-m         3    39                  
   0.782191E+07  1.5825  3.6594              4    43                  
   0.140200E+08  1.5730  3.6621              5    56                  
   0.204669E+08  1.5628  3.6643              6    69                  
   0.270554E+08  1.5546  3.6668              7    83                  
   0.336735E+08  1.5468  3.6689              8    97                  
   0.404180E+08  1.5390  3.6707              9   111                  
   0.473175E+08  1.5326  3.6724             10   126                  
   0.544577E+08  1.5269  3.6740             11   142                  
   0.615841E+08  1.5225  3.6755             12   158                  
   0.685841E+08  1.5198  3.6767             13   174                  
   0.755243E+08  1.5191  3.6775             14   192                  
   0.825601E+08  1.5211  3.6775             15   211                  
   0.839195E+08  1.5206  3.6777 Te-M        16   214                  
   0.899244E+08  1.5256  3.6770             17   232                  
   0.975636E+08  1.5338  3.6758             18   255                  
   0.105722E+09  1.5484  3.6741             19   282                  
   0.117322E+09  1.5734  3.6715             20   318                  
   0.120313E+09  1.5884  3.6699             21   327                  
   0.124698E+09  1.6114  3.6675             22   338                  
   0.139761E+09  1.6837  3.6600             23   380                  
   0.141010E+09  1.7340  3.6539             24   398                  
   0.141951E+09  1.8229  3.6434             25   410                  
   0.142229E+09  1.8916  3.6361             26   421                  
   0.142392E+09  1.9757  3.6270 Yc=0        27   436                  
   0.142472E+09  2.0364  3.6221             28   443                  
   0.142570E+09  2.1104  3.6136             29   446                  
   0.142687E+09  2.1866  3.6060             30   449                  
   0.142814E+09  2.2231  3.6025 L-M         31   452                  
   0.143230E+09  2.1618  3.6089             32   459                  
   0.144085E+09  2.1251  3.6131 L-m         33   466                  
   0.146114E+09  2.1843  3.6076             34   476                  
   0.148119E+09  2.2438  3.6016             35   486                  
   0.149155E+09  2.3063  3.5949             36   490                  
   0.150036E+09  2.3721  3.5879             37   494                  
   0.150671E+09  2.4300  3.5826             38   498                  
   0.151240E+09  2.4918  3.5746             39   503                  
   0.151616E+09  2.5445  3.5667             40   509                  
   0.151970E+09  2.6066  3.5611             41   516                  
   0.152242E+09  2.6646  3.5547             42   524                  
   0.152441E+09  2.7217  3.5461             43   532                  
   0.152652E+09  2.7800  3.5402             44   546                  
   0.152824E+09  2.8342  3.5326             45   563                  
   0.153003E+09  2.8921  3.5270             46   598                  
   0.153175E+09  2.9429  3.5186             47   627                  
   0.153358E+09  2.9958  3.5103             48   666                  
   0.153573E+09  3.0528  3.5042             49   726                  
   0.153773E+09  3.1082  3.4979             50   796                  
   0.153994E+09  3.1612  3.4907             51   901                  
   0.154206E+09  3.2151  3.4839             52  1020                  
   0.154437E+09  3.2703  3.4776             53  1185                  
   0.154589E+09  3.2238  3.4873             54  1326                  
   0.154598E+09  3.2773  3.4788             55  1334                  
   0.154606E+09  3.3290  3.4710             56  1341                  
   0.154620E+09  3.3836  3.4634             57  1359                  
   0.154634E+09  3.4068  3.4610 C=0.5190    58  1382                  
   0.000000E+00  1.5828  3.6508 M=  0.70                     1    24  
   0.179758E+07  1.6028  3.6486              2    29                  
   0.598083E+07  1.6227  3.6472 Te-m         3    37                  
   0.794551E+07  1.6228  3.6474              4    42                  
   0.142389E+08  1.6131  3.6490              5    55                  
   0.206094E+08  1.6040  3.6507              6    69                  
   0.270915E+08  1.6003  3.6519              7    83                  
   0.336663E+08  1.5944  3.6532              8    97                  
   0.403154E+08  1.5884  3.6544              9   111                  
   0.471201E+08  1.5836  3.6557             10   126                  
   0.541072E+08  1.5794  3.6569             11   141                  
   0.611262E+08  1.5760  3.6577             12   157                  
   0.680574E+08  1.5739  3.6584             13   174                  
   0.748054E+08  1.5732  3.6588             14   191                  
   0.817262E+08  1.5746  3.6590             15   210                  
   0.885974E+08  1.5748  3.6593 Te-M        16   230                  
   0.887521E+08  1.5759  3.6591             17   231                  
   0.960201E+08  1.5858  3.6584             18   253                  
   0.103823E+09  1.5987  3.6572             19   280                  
   0.113142E+09  1.6202  3.6551             20   312                  
   0.117205E+09  1.6359  3.6536             21   320                  
   0.125913E+09  1.6646  3.6510             22   341                  
   0.130947E+09  1.7224  3.6457             23   365                  
   0.132956E+09  1.7714  3.6412             24   382                  
   0.133925E+09  1.8528  3.6336             25   394                  
   0.134199E+09  1.9166  3.6276             26   405                  
   0.134360E+09  1.9963  3.6199 Yc=0        27   421                  
   0.134435E+09  2.0537  3.6150             28   428                  
   0.134527E+09  2.1267  3.6085             29   431                  
   0.134638E+09  2.2092  3.6006             30   434                  
   0.134774E+09  2.2737  3.5945             31   437                  
   0.134824E+09  2.2822  3.5936 L-M         32   438                  
   0.135180E+09  2.2267  3.5993             33   443                  
   0.136378E+09  2.1691  3.6048             34   452                  
   0.136682E+09  2.1686  3.6049 L-m         35   454                  
   0.139601E+09  2.2311  3.5991             36   467                  
   0.140785E+09  2.2974  3.5927             37   471                  
   0.141736E+09  2.3663  3.5859             38   475                  
   0.142416E+09  2.4278  3.5801             39   480                  
   0.142952E+09  2.4847  3.5732             40   486                  
   0.143449E+09  2.5464  3.5644             41   490                  
   0.143867E+09  2.6162  3.5585             42   500                  
   0.144132E+09  2.6755  3.5516             43   506                  
   0.144342E+09  2.7323  3.5439             44   516                  
   0.144537E+09  2.7901  3.5377             45   526                  
   0.144713E+09  2.8477  3.5300             46   540                  
   0.144859E+09  2.9003  3.5216             47   563                  
   0.145044E+09  2.9565  3.5155             48   591                  
   0.145212E+09  3.0066  3.5068             49   627                  
   0.145390E+09  3.0640  3.5012             50   677                  
   0.145581E+09  3.1178  3.4939             51   745                  
   0.145772E+09  3.1701  3.4865             52   831                  
   0.145962E+09  3.2214  3.4778             53   937                  
   0.146157E+09  3.2724  3.4694             54  1077                  
   0.146342E+09  3.3247  3.4619             55  1246                  
   0.146402E+09  3.3754  3.4536             56  1311                  
   0.146411E+09  3.3848  3.4522 C=0.5225    57  1322                  
   0.000000E+00  1.6094  3.6479 M=  0.80                     1    26  
   0.189406E+07  1.6287  3.6462              2    31                  
   0.560940E+07  1.6483  3.6445 Te-m         3    38                  
   0.813724E+07  1.6477  3.6447              4    44                  
   0.144929E+08  1.6369  3.6465              5    57                  
   0.209333E+08  1.6343  3.6473              6    72                  
   0.274434E+08  1.6289  3.6482              7    85                  
   0.340077E+08  1.6236  3.6492              8    99                  
   0.407141E+08  1.6194  3.6500              9   114                  
   0.474410E+08  1.6155  3.6509             10   128                  
   0.543924E+08  1.6119  3.6517             11   144                  
   0.612990E+08  1.6094  3.6524             12   159                  
   0.681891E+08  1.6080  3.6529             13   176                  
   0.749418E+08  1.6075  3.6533             14   194                  
   0.819770E+08  1.6092  3.6534 Te-M        15   213                  
   0.887756E+08  1.6132  3.6533             16   233                  
   0.962195E+08  1.6204  3.6528             17   257                  
   0.103954E+09  1.6326  3.6519             18   283                  
   0.114912E+09  1.6556  3.6499             19   321                  
   0.117762E+09  1.6706  3.6486             20   329                  
   0.122092E+09  1.6937  3.6468             21   341                  
   0.129693E+09  1.7552  3.6416             22   367                  
   0.146772E+09  1.8456  3.6347             23   422                  
   0.147579E+09  1.9447  3.6258             24   433                  
   0.147818E+09  2.0112  3.6200             25   444                  
   0.147962E+09  2.0877  3.6132 Yc=0        26   460                  
   0.148049E+09  2.1532  3.6080             27   467                  
   0.148136E+09  2.2109  3.6025             28   470                  
   0.148260E+09  2.2475  3.5994 L-M         29   474                  
   0.148720E+09  2.1770  3.6059             30   479                  
   0.149311E+09  2.1575  3.6084 L-m         31   485                  
   0.151135E+09  2.2136  3.6027             32   491                  
   0.152077E+09  2.2755  3.5974             33   495                  
   0.153325E+09  2.3458  3.5905             34   502                  
   0.154109E+09  2.4192  3.5838             35   506                  
   0.154730E+09  2.4854  3.5764             36   510                  
   0.155198E+09  2.5411  3.5704             37   514                  
   0.155643E+09  2.6046  3.5623             38   520                  
   0.155956E+09  2.6640  3.5572             39   526                  
   0.156208E+09  2.7227  3.5494             40   531                  
   0.156392E+09  2.7823  3.5427             41   547                  
   0.156557E+09  2.8454  3.5352             42   557                  
   0.156715E+09  2.9044  3.5281             43   572                  
   0.156845E+09  2.9567  3.5197             44   592                  
   0.156976E+09  3.0141  3.5114             45   617                  
   0.157117E+09  3.0690  3.5043             46   654                  
   0.157264E+09  3.1240  3.4982             47   706                  
   0.157412E+09  3.1774  3.4906             48   772                  
   0.157575E+09  3.2289  3.4827             49   858                  
   0.157731E+09  3.2783  3.4739             50   964                  
   0.157877E+09  3.3289  3.4658             51  1092                  
   0.157894E+09  3.3697  3.4592 C=0.5239    52  1113                  
   0.000000E+00  1.6289  3.6478 M=  0.90                     1    23  
   0.203805E+07  1.6500  3.6462              2    28                  
   0.599222E+07  1.6643  3.6449 Te-m         3    36                  
   0.830675E+07  1.6639  3.6452              4    41                  
   0.146711E+08  1.6554  3.6466              5    54                  
   0.210838E+08  1.6512  3.6474              6    71                  
   0.275685E+08  1.6490  3.6480              7    86                  
   0.341492E+08  1.6441  3.6488              8   100                  
   0.408224E+08  1.6408  3.6494              9   115                  
   0.474771E+08  1.6374  3.6501             10   129                  
   0.543555E+08  1.6347  3.6508             11   145                  
   0.612388E+08  1.6327  3.6514             12   161                  
   0.680575E+08  1.6317  3.6519             13   177                  
   0.748716E+08  1.6320  3.6522             14   195                  
   0.816591E+08  1.6336  3.6522             15   214                  
   0.832291E+08  1.6339  3.6523 Te-M        16   218                  
   0.885478E+08  1.6377  3.6521             17   234                  
   0.959522E+08  1.6448  3.6516             18   257                  
   0.103589E+09  1.6568  3.6506             19   283                  
   0.113121E+09  1.6786  3.6489             20   319                  
   0.116541E+09  1.6941  3.6477             21   328                  
   0.128413E+09  1.7234  3.6454             22   354                  
   0.131564E+09  1.7821  3.6406             23   377                  
   0.132910E+09  1.8279  3.6368             24   395                  
   0.133810E+09  1.9069  3.6303             25   407                  
   0.134069E+09  1.9668  3.6251             26   418                  
   0.134222E+09  2.0427  3.6186 Yc=0        27   434                  
   0.134297E+09  2.1010  3.6137             28   441                  
   0.134385E+09  2.1712  3.6084             29   444                  
   0.134486E+09  2.2437  3.6017             30   447                  
   0.134630E+09  2.2878  3.5979 L-M         31   451                  
   0.134937E+09  2.2227  3.6035             32   456                  
   0.135927E+09  2.1761  3.6083 L-m         33   465                  
   0.138549E+09  2.2405  3.6023             34   477                  
   0.139709E+09  2.3035  3.5968             35   481                  
   0.140644E+09  2.3712  3.5908             36   485                  
   0.141327E+09  2.4322  3.5851             37   489                  
   0.141857E+09  2.4889  3.5798             38   494                  
   0.142351E+09  2.5508  3.5726             39   501                  
   0.142758E+09  2.6114  3.5661             40   505                  
   0.143058E+09  2.6704  3.5595             41   509                  
   0.143290E+09  2.7277  3.5538             42   514                  
   0.143449E+09  2.7804  3.5461             43   538                  
   0.143638E+09  2.8424  3.5403             44   551                  
   0.143798E+09  2.8990  3.5336             45   567                  
   0.143954E+09  2.9584  3.5267             46   587                  
   0.144094E+09  3.0110  3.5185             47   616                  
   0.144232E+09  3.0633  3.5106             48   654                  
   0.144389E+09  3.1185  3.5040             49   707                  
   0.144560E+09  3.1731  3.4974             50   780                  
   0.144729E+09  3.2269  3.4898             51   872                  
   0.144910E+09  3.2787  3.4819             52   999                  
   0.145041E+09  3.3287  3.4728             53  1120                  
   0.145116E+09  3.3863  3.4632             54  1203                  
   0.145123E+09  3.4388  3.4546             55  1215                  
   0.145132E+09  3.4835  3.4444             56  1236                  
   0.145155E+09  3.5224  3.4385 C=0.5267    57  1292                  
   0.000000E+00  1.6439  3.6490 M=  1.00                     1    25  
   0.199141E+07  1.6640  3.6474              2    30                  
   0.518222E+07  1.6791  3.6463 Te-m         3    36                  
   0.832385E+07  1.6789  3.6465              4    43                  
   0.147479E+08  1.6710  3.6476              5    56                  
   0.212230E+08  1.6700  3.6481              6    73                  
   0.277741E+08  1.6651  3.6490              7    89                  
   0.343254E+08  1.6620  3.6496              8   104                  
   0.409465E+08  1.6597  3.6502              9   119                  
   0.476062E+08  1.6568  3.6510             10   134                  
   0.545704E+08  1.6551  3.6515             11   149                  
   0.614685E+08  1.6538  3.6521             12   165                  
   0.682667E+08  1.6532  3.6524             13   181                  
   0.750459E+08  1.6539  3.6526             14   199                  
   0.776867E+08  1.6544  3.6530 Te-M        15   208                  
   0.817237E+08  1.6559  3.6528             16   220                  
   0.886022E+08  1.6600  3.6526             17   241                  
   0.958601E+08  1.6672  3.6522             18   264                  
   0.103594E+09  1.6794  3.6511             19   290                  
   0.112056E+09  1.6996  3.6496             20   325                  
   0.121123E+09  1.7209  3.6480             21   343                  
   0.123481E+09  1.7423  3.6462             22   353                  
   0.128108E+09  1.7984  3.6419             23   377                  
   0.130349E+09  1.8465  3.6379             24   396                  
   0.131460E+09  1.9215  3.6316             25   408                  
   0.131718E+09  1.9799  3.6269             26   418                  
   0.131869E+09  2.0528  3.6209 Yc=0        27   434                  
   0.131944E+09  2.1104  3.6161             28   441                  
   0.132029E+09  2.1792  3.6103             29   444                  
   0.132132E+09  2.2563  3.6046             30   447                  
   0.132291E+09  2.3152  3.5989 L-M         31   451                  
   0.132735E+09  2.2399  3.6066             32   456                  
   0.133793E+09  2.1999  3.6088 L-m         33   462                  
   0.136759E+09  2.2718  3.6031             34   474                  
   0.137783E+09  2.3364  3.5974             35   478                  
   0.138619E+09  2.4032  3.5916             36   482                  
   0.139279E+09  2.4675  3.5854             37   487                  
   0.139837E+09  2.5313  3.5799             38   494                  
   0.140270E+09  2.5901  3.5732             39   498                  
   0.140636E+09  2.6517  3.5670             40   502                  
   0.140876E+09  2.7095  3.5600             41   507                  
   0.141089E+09  2.7678  3.5545             42   517                  
   0.141250E+09  2.8199  3.5468             43   524                  
   0.141424E+09  2.8803  3.5417             44   542                  
   0.141571E+09  2.9359  3.5344             45   559                  
   0.141707E+09  2.9918  3.5282             46   598                  
   0.141834E+09  3.0432  3.5201             47   628                  
   0.141978E+09  3.0965  3.5131             48   668                  
   0.142129E+09  3.1520  3.5070             49   723                  
   0.142289E+09  3.2050  3.4999             50   802                  
   0.142457E+09  3.2580  3.4926             51   902                  
   0.142594E+09  3.3101  3.4851             52  1005                  
   0.142694E+09  3.3620  3.4769             53  1095                  
   0.142705E+09  3.3818  3.4720 C=0.5252    54  1108                  
   0.000000E+00  1.6597  3.6505 M=  1.10                     1    25  
   0.208468E+07  1.6746  3.6491              2    30                  
   0.562774E+07  1.6912  3.6481 Te-m         3    37                  
   0.833275E+07  1.6900  3.6484              4    43                  
   0.146258E+08  1.6846  3.6492              5    56                  
   0.209367E+08  1.6820  3.6498              6    73                  
   0.273747E+08  1.6772  3.6506              7    89                  
   0.338086E+08  1.6751  3.6512              8   104                  
   0.403229E+08  1.6728  3.6518              9   119                  
   0.468317E+08  1.6712  3.6523             10   134                  
   0.534901E+08  1.6690  3.6528             11   149                  
   0.603253E+08  1.6683  3.6532             12   165                  
   0.671111E+08  1.6680  3.6535             13   180                  
   0.738039E+08  1.6692  3.6537             14   195                  
   0.794524E+08  1.6705  3.6538 Te-M        15   208                  
   0.804639E+08  1.6708  3.6538             16   211                  
   0.870513E+08  1.6757  3.6536             17   229                  
   0.936447E+08  1.6826  3.6532             18   249                  
   0.103779E+09  1.6966  3.6524             19   277                  
   0.109244E+09  1.7145  3.6507             20   312                  
   0.112916E+09  1.7297  3.6495             21   320                  
   0.121567E+09  1.7570  3.6475             22   341                  
   0.125548E+09  1.8126  3.6431             23   366                  
   0.127297E+09  1.8565  3.6395             24   383                  
   0.128173E+09  1.9309  3.6337             25   395                  
   0.128426E+09  1.9884  3.6290             26   406                  
   0.128574E+09  2.0590  3.6233 Yc=0        27   421                  
   0.128658E+09  2.1247  3.6179             28   429                  
   0.128751E+09  2.2003  3.6118             29   433                  
   0.128848E+09  2.2736  3.6070             30   437                  
   0.128993E+09  2.3296  3.6012             31   441                  
   0.129040E+09  2.3299  3.6012 L-M         32   442                  
   0.129299E+09  2.2738  3.6070             33   446                  
   0.129751E+09  2.2149  3.6107             34   453                  
   0.130293E+09  2.2050  3.6116 L-m         35   457                  
   0.132944E+09  2.2646  3.6076             36   466                  
   0.134060E+09  2.3346  3.6009             37   470                  
   0.134877E+09  2.4007  3.5953             38   475                  
   0.135471E+09  2.4589  3.5903             39   479                  
   0.136011E+09  2.5213  3.5847             40   485                  
   0.136509E+09  2.5863  3.5784             41   491                  
   0.136907E+09  2.6496  3.5715             42   498                  
   0.137212E+09  2.7177  3.5636             43   502                  
   0.137400E+09  2.7756  3.5583             44   509                  
   0.137565E+09  2.8316  3.5526             45   518                  
   0.137719E+09  2.8850  3.5450             46   538                  
   0.137872E+09  2.9449  3.5391             47   567                  
   0.137999E+09  3.0000  3.5317             48   589                  
   0.138141E+09  3.0575  3.5258             49   624                  
   0.138284E+09  3.1100  3.5184             50   667                  
   0.138421E+09  3.1614  3.5105             51   721                  
   0.138588E+09  3.2169  3.5043             52   802                  
   0.138770E+09  3.2719  3.4977             53   914                  
   0.138887E+09  3.3245  3.4901             54  1009                  
   0.138916E+09  3.2635  3.4991             55  1043                  
   0.138931E+09  3.3208  3.4908             56  1054                  
   0.138945E+09  3.3720  3.4827             57  1069                  
   0.138953E+09  3.3820  3.4812 C=0.5258    58  1078                  
   0.000000E+00  1.6700  3.6524 M=  1.20                     1    16  
   0.211126E+07  1.6894  3.6511              2    21                  
   0.524228E+07  1.7016  3.6502 Te-m         3    27                  
   0.849430E+07  1.6979  3.6507              4    34                  
   0.149480E+08  1.6957  3.6513              5    47                  
   0.213956E+08  1.6939  3.6519              6    66                  
   0.278851E+08  1.6895  3.6526              7    82                  
   0.344072E+08  1.6887  3.6530              8    99                  
   0.409586E+08  1.6853  3.6536              9   113                  
   0.475105E+08  1.6851  3.6539             10   128                  
   0.543312E+08  1.6833  3.6544             11   143                  
   0.611832E+08  1.6832  3.6548             12   159                  
   0.679981E+08  1.6833  3.6551             13   176                  
   0.747660E+08  1.6845  3.6553             14   193                  
   0.808104E+08  1.6870  3.6553 Te-M        15   210                  
   0.812305E+08  1.6871  3.6553             16   212                  
   0.878474E+08  1.6913  3.6552             17   231                  
   0.945644E+08  1.6985  3.6548             18   252                  
   0.102991E+09  1.7110  3.6539             19   281                  
   0.113930E+09  1.7335  3.6523             20   320                  
   0.116150E+09  1.7481  3.6511             21   327                  
   0.119375E+09  1.7685  3.6494             22   338                  
   0.135441E+09  1.8471  3.6433             23   385                  
   0.136421E+09  1.8950  3.6396             24   403                  
   0.137180E+09  1.9741  3.6334             25   415                  
   0.137410E+09  2.0319  3.6289             26   426                  
   0.137548E+09  2.1021  3.6231 Yc=0        27   441                  
   0.137637E+09  2.1722  3.6175             28   449                  
   0.137722E+09  2.2379  3.6122             29   452                  
   0.137847E+09  2.2990  3.6080             30   456                  
   0.137885E+09  2.3034  3.6078 L-M         31   457                  
   0.138300E+09  2.2383  3.6122             32   464                  
   0.139000E+09  2.2123  3.6143 L-m         33   470                  
   0.140612E+09  2.2753  3.6092             34   476                  
   0.142065E+09  2.3459  3.6039             35   482                  
   0.142718E+09  2.4042  3.5987             36   485                  
   0.143407E+09  2.4766  3.5926             37   489                  
   0.143934E+09  2.5410  3.5867             38   493                  
   0.144338E+09  2.5996  3.5822             39   498                  
   0.144748E+09  2.6652  3.5745             40   507                  
   0.145016E+09  2.7211  3.5688             41   511                  
   0.145238E+09  2.7834  3.5614             42   515                  
   0.145395E+09  2.8411  3.5566             43   525                  
   0.145538E+09  2.8958  3.5491             44   534                  
   0.145669E+09  2.9518  3.5432             45   548                  
   0.145782E+09  3.0077  3.5372             46   570                  
   0.145896E+09  3.0634  3.5301             47   596                  
   0.146009E+09  3.1150  3.5223             48   630                  
   0.146143E+09  3.1728  3.5171             49   682                  
   0.146282E+09  3.2236  3.5091             50   750                  
   0.146428E+09  3.2784  3.5027             51   842                  
   0.146583E+09  3.3324  3.4960             52   973                  
   0.146679E+09  3.3849  3.4884             53  1073                  
   0.146685E+09  3.3941  3.4871 C=0.5302    54  1082                  
   0.000000E+00  1.6784  3.6545 M=  1.30                     1    16  
   0.211631E+07  1.6975  3.6530              2    21                  
   0.526298E+07  1.7094  3.6522 Te-m         3    27                  
   0.852296E+07  1.7049  3.6528              4    34                  
   0.149349E+08  1.7043  3.6532              5    47                  
   0.213572E+08  1.7013  3.6538              6    67                  
   0.278319E+08  1.6987  3.6544              7    85                  
   0.342889E+08  1.6981  3.6548              8   101                  
   0.408176E+08  1.6960  3.6554              9   115                  
   0.473455E+08  1.6940  3.6559             10   131                  
   0.540138E+08  1.6945  3.6563             11   146                  
   0.608655E+08  1.6940  3.6566             12   162                  
   0.676367E+08  1.6946  3.6569             13   179                  
   0.744010E+08  1.6963  3.6571             14   196                  
   0.788558E+08  1.6978  3.6571 Te-M        15   208                  
   0.809192E+08  1.6987  3.6571             16   214                  
   0.875251E+08  1.7033  3.6569             17   234                  
   0.942944E+08  1.7102  3.6565             18   255                  
   0.102446E+09  1.7227  3.6556             19   283                  
   0.113137E+09  1.7452  3.6539             20   321                  
   0.115430E+09  1.7591  3.6529             21   329                  
   0.119107E+09  1.7796  3.6513             22   341                  
   0.135164E+09  1.8567  3.6453             23   387                  
   0.136147E+09  1.9038  3.6417             24   405                  
   0.136906E+09  1.9818  3.6355             25   417                  
   0.137135E+09  2.0382  3.6310             26   428                  
   0.137269E+09  2.1054  3.6258 Yc=0        27   443                  
   0.137349E+09  2.1671  3.6210             28   450                  
   0.137432E+09  2.2322  3.6157             29   453                  
   0.137551E+09  2.2959  3.6106             30   457                  
   0.137627E+09  2.3030  3.6100 L-M         31   459                  
   0.137997E+09  2.2441  3.6147             32   464                  
   0.138615E+09  2.2170  3.6171 L-m         33   470                  
   0.140388E+09  2.2767  3.6123             34   477                  
   0.141826E+09  2.3510  3.6073             35   483                  
   0.142529E+09  2.4151  3.6010             36   487                  
   0.143136E+09  2.4796  3.5956             37   493                  
   0.143637E+09  2.5421  3.5905             38   497                  
   0.144073E+09  2.6051  3.5846             39   503                  
   0.144458E+09  2.6656  3.5790             40   510                  
   0.144742E+09  2.7218  3.5728             41   514                  
   0.144956E+09  2.7783  3.5670             42   519                  
   0.145123E+09  2.8334  3.5606             43   537                  
   0.145269E+09  2.8920  3.5556             44   546                  
   0.145389E+09  2.9451  3.5479             45   558                  
   0.145504E+09  3.0023  3.5426             46   575                  
   0.145620E+09  3.0593  3.5360             47   597                  
   0.145735E+09  3.1156  3.5292             48   632                  
   0.145854E+09  3.1676  3.5211             49   679                  
   0.145999E+09  3.2242  3.5153             50   748                  
   0.146147E+09  3.2786  3.5085             51   840                  
   0.146302E+09  3.3326  3.5018             52   968                  
   0.146403E+09  3.3857  3.4945             53  1069                  
   0.146413E+09  3.4027  3.4922 C=0.5314    54  1082                  
   0.000000E+00  1.6880  3.6567 M=  1.40                     1    16  
   0.212854E+07  1.7068  3.6554              2    21                  
   0.516630E+07  1.7186  3.6545 Te-m         3    27                  
   0.850724E+07  1.7150  3.6551              4    34                  
   0.149306E+08  1.7139  3.6555              5    47                  
   0.213684E+08  1.7123  3.6561              6    67                  
   0.278020E+08  1.7089  3.6567              7    85                  
   0.342176E+08  1.7085  3.6571              8   102                  
   0.406951E+08  1.7081  3.6574              9   118                  
   0.471888E+08  1.7057  3.6579             10   133                  
   0.538657E+08  1.7063  3.6582             11   148                  
   0.606394E+08  1.7066  3.6585             12   164                  
   0.673592E+08  1.7075  3.6587             13   180                  
   0.739849E+08  1.7092  3.6589             14   198                  
   0.771175E+08  1.7105  3.6589 Te-M        15   206                  
   0.806223E+08  1.7123  3.6589             16   217                  
   0.870523E+08  1.7167  3.6587             17   236                  
   0.936969E+08  1.7238  3.6583             18   257                  
   0.101309E+09  1.7356  3.6575             19   285                  
   0.110212E+09  1.7565  3.6560             20   321                  
   0.113327E+09  1.7706  3.6548             21   330                  
   0.123957E+09  1.7982  3.6528             22   354                  
   0.126967E+09  1.8529  3.6483             23   377                  
   0.128275E+09  1.8947  3.6450             24   395                  
   0.129114E+09  1.9662  3.6394             25   407                  
   0.129357E+09  2.0204  3.6351             26   418                  
   0.129498E+09  2.0869  3.6301 Yc=0        27   433                  
   0.129595E+09  2.1635  3.6241             28   441                  
   0.129681E+09  2.2329  3.6185             29   444                  
   0.129775E+09  2.2968  3.6135             30   447                  
   0.129873E+09  2.3229  3.6115 L-M         31   450                  
   0.130143E+09  2.2638  3.6160             32   454                  
   0.131205E+09  2.2127  3.6201 L-m         33   463                  
   0.133385E+09  2.2710  3.6156             34   476                  
   0.134471E+09  2.3381  3.6103             35   480                  
   0.135344E+09  2.4088  3.6058             36   484                  
   0.135927E+09  2.4660  3.6000             37   488                  
   0.136424E+09  2.5239  3.5952             38   493                  
   0.136847E+09  2.5811  3.5906             39   499                  
   0.137300E+09  2.6486  3.5843             40   505                  
   0.137658E+09  2.7172  3.5775             41   510                  
   0.137872E+09  2.7748  3.5716             42   514                  
   0.138054E+09  2.8326  3.5649             43   532                  
   0.138202E+09  2.8922  3.5590             44   544                  
   0.138325E+09  2.9485  3.5538             45   561                  
   0.138451E+09  3.0014  3.5460             46   576                  
   0.138569E+09  3.0606  3.5412             47   602                  
   0.138690E+09  3.1134  3.5340             48   636                  
   0.138822E+09  3.1699  3.5282             49   685                  
   0.138958E+09  3.2209  3.5202             50   752                  
   0.139117E+09  3.2754  3.5133             51   853                  
   0.139240E+09  3.3311  3.5075             52   955                  
   0.139314E+09  3.2605  3.5172             53  1028                  
   0.139323E+09  3.3138  3.5095             54  1035                  
   0.139334E+09  3.3707  3.5023             55  1045                  
   0.139352E+09  3.4216  3.4955 C=0.5303    56  1070                  
   0.000000E+00  1.6863  3.6594 M=  1.50                     1    16  
   0.219052E+07  1.7038  3.6581              2    21                  
   0.558811E+07  1.7156  3.6573 Te-m         3    27                  
   0.892467E+07  1.7116  3.6578              4    34                  
   0.156722E+08  1.7106  3.6582              5    47                  
   0.223333E+08  1.7102  3.6586              6    69                  
   0.289897E+08  1.7088  3.6591              7    87                  
   0.357075E+08  1.7080  3.6595              8   105                  
   0.423976E+08  1.7079  3.6599              9   120                  
   0.491671E+08  1.7069  3.6604             10   136                  
   0.560775E+08  1.7078  3.6607             11   152                  
   0.631589E+08  1.7087  3.6610             12   168                  
   0.701563E+08  1.7102  3.6612             13   184                  
   0.769015E+08  1.7123  3.6613 Te-M        14   201                  
   0.769924E+08  1.7124  3.6613             15   202                  
   0.838097E+08  1.7157  3.6612             16   221                  
   0.904515E+08  1.7204  3.6610             17   240                  
   0.973361E+08  1.7281  3.6605             18   262                  
   0.107045E+09  1.7417  3.6598             19   291                  
   0.112649E+09  1.7592  3.6584             20   325                  
   0.121496E+09  1.7785  3.6572             21   343                  
   0.123773E+09  1.7995  3.6554             22   353                  
   0.128325E+09  1.8518  3.6510             23   377                  
   0.130143E+09  1.8951  3.6477             24   393                  
   0.131037E+09  1.9632  3.6424             25   405                  
   0.131287E+09  2.0161  3.6383             26   416                  
   0.131432E+09  2.0819  3.6333 Yc=0        27   431                  
   0.131527E+09  2.1546  3.6277             28   439                  
   0.131614E+09  2.2243  3.6224             29   442                  
   0.131717E+09  2.2964  3.6166             30   445                  
   0.131879E+09  2.3379  3.6133 L-M         31   449                  
   0.132203E+09  2.2747  3.6183             32   454                  
   0.133228E+09  2.2244  3.6224 L-m         33   471                  
   0.135996E+09  2.2854  3.6174             34   495                  
   0.136987E+09  2.3502  3.6125             35   499                  
   0.137779E+09  2.4165  3.6076             36   503                  
   0.138353E+09  2.4750  3.6025             37   507                  
   0.138853E+09  2.5347  3.5977             38   513                  
   0.139285E+09  2.5922  3.5929             39   518                  
   0.139713E+09  2.6583  3.5869             40   523                  
   0.140001E+09  2.7214  3.5819             41   527                  
   0.140219E+09  2.7788  3.5752             42   536                  
   0.140407E+09  2.8394  3.5688             43   547                  
   0.140556E+09  2.8964  3.5622             44   558                  
   0.140693E+09  2.9565  3.5574             45   573                  
   0.140813E+09  3.0108  3.5508             46   594                  
   0.140942E+09  3.0665  3.5439             47   623                  
   0.141074E+09  3.1244  3.5383             48   665                  
   0.141213E+09  3.1774  3.5311             49   721                  
   0.141380E+09  3.2323  3.5250             50   808                  
   0.141498E+09  3.2867  3.5182             51   887                  
   0.141613E+09  3.3401  3.5112             52   980                  
   0.141639E+09  3.2758  3.5193             53  1008                  
   0.141656E+09  3.3324  3.5122             54  1021                  
   0.141673E+09  3.3842  3.5046             55  1041                  
   0.141677E+09  3.3858  3.5045 C=0.5272    56  1045                  
   0.000000E+00  1.6820  3.6621 M=  1.60                     1    16  
   0.235684E+07  1.6976  3.6608              2    21                  
   0.540305E+07  1.7068  3.6602 Te-m         3    26                  
   0.953312E+07  1.7041  3.6606              4    34                  
   0.167408E+08  1.7032  3.6611              5    47                  
   0.238757E+08  1.7039  3.6614              6    70                  
   0.308837E+08  1.7018  3.6619              7    91                  
   0.378052E+08  1.7025  3.6622              8   108                  
   0.446833E+08  1.7026  3.6625              9   126                  
   0.516695E+08  1.7020  3.6629             10   142                  
   0.587457E+08  1.7036  3.6632             11   158                  
   0.660456E+08  1.7045  3.6634             12   174                  
   0.733467E+08  1.7069  3.6636             13   191                  
   0.805978E+08  1.7097  3.6636             14   208                  
   0.875888E+08  1.7136  3.6637             15   226                  
   0.880456E+08  1.7138  3.6637 Te-M        16   227                  
   0.944386E+08  1.7186  3.6636             17   245                  
   0.101732E+09  1.7265  3.6633             18   267                  
   0.110043E+09  1.7390  3.6623             19   296                  
   0.119965E+09  1.7604  3.6607             20   334                  
   0.122701E+09  1.7743  3.6598             21   343                  
   0.127693E+09  1.7950  3.6581             22   355                  
   0.143792E+09  1.8707  3.6524             23   404                  
   0.144790E+09  1.9192  3.6485             24   421                  
   0.145561E+09  1.9949  3.6427             25   433                  
   0.145796E+09  2.0486  3.6386             26   444                  
   0.145936E+09  2.1162  3.6334 Yc=0        27   459                  
   0.146020E+09  2.1784  3.6286             28   466                  
   0.146105E+09  2.2409  3.6238             29   469                  
   0.146263E+09  2.3019  3.6190 L-M         30   474                  
   0.146651E+09  2.2433  3.6236             31   481                  
   0.147648E+09  2.2173  3.6258 L-m         32   488                  
   0.149060E+09  2.2765  3.6212             33   497                  
   0.150650E+09  2.3455  3.6158             34   504                  
   0.151494E+09  2.4179  3.6101             35   508                  
   0.152152E+09  2.4856  3.6046             36   512                  
   0.152708E+09  2.5525  3.5992             37   517                  
   0.153144E+09  2.6147  3.5941             38   524                  
   0.153488E+09  2.6737  3.5887             39   530                  
   0.153772E+09  2.7350  3.5837             40   534                  
   0.153980E+09  2.7963  3.5774             41   539                  
   0.154151E+09  2.8583  3.5709             42   558                  
   0.154267E+09  2.9133  3.5638             43   574                  
   0.154395E+09  2.9703  3.5591             44   587                  
   0.154518E+09  3.0274  3.5537             45   608                  
   0.154630E+09  3.0812  3.5457             46   638                  
   0.154754E+09  3.1392  3.5413             47   677                  
   0.154895E+09  3.1929  3.5342             48   738                  
   0.155040E+09  3.2494  3.5283             49   819                  
   0.155145E+09  3.3012  3.5204             50   892                  
   0.155253E+09  3.3576  3.5141             51   979                  
   0.155269E+09  3.2961  3.5212             52   999                  
   0.155283E+09  3.3504  3.5147             53  1013                  
   0.155298E+09  3.4037  3.5068             54  1033                  
   0.155311E+09  3.4236  3.5046 C=0.5269    55  1052                  
   0.000000E+00  1.6649  3.6652 M=  1.70                     1    16  
   0.283720E+07  1.6818  3.6641              2    22                  
   0.521974E+07  1.6878  3.6638 Te-m         3    25                  
   0.110102E+08  1.6838  3.6643              4    35                  
   0.191402E+08  1.6860  3.6646              5    48                  
   0.270460E+08  1.6868  3.6649              6    76                  
   0.347810E+08  1.6867  3.6653              7    98                  
   0.425587E+08  1.6867  3.6657              8   120                  
   0.501074E+08  1.6880  3.6660              9   141                  
   0.576398E+08  1.6883  3.6663             10   159                  
   0.655332E+08  1.6907  3.6665             11   180                  
   0.733476E+08  1.6940  3.6666             12   196                  
   0.811944E+08  1.6968  3.6667             13   213                  
   0.891224E+08  1.6992  3.6669 Te-M        14   230                  
   0.966834E+08  1.7049  3.6667             15   249                  
   0.104234E+09  1.7106  3.6664             16   268                  
   0.111646E+09  1.7186  3.6659             17   288                  
   0.120926E+09  1.7325  3.6651             18   315                  
   0.127952E+09  1.7502  3.6639             19   347                  
   0.136117E+09  1.7699  3.6624             20   364                  
   0.139260E+09  1.7903  3.6608             21   375                  
   0.146087E+09  1.8418  3.6571             22   401                  
   0.149192E+09  1.8879  3.6532             23   422                  
   0.150562E+09  1.9626  3.6474             24   433                  
   0.150829E+09  2.0146  3.6434             25   443                  
   0.150982E+09  2.0794  3.6385 Yc=0        26   458                  
   0.151078E+09  2.1447  3.6336             27   466                  
   0.151172E+09  2.2112  3.6286             28   469                  
   0.151302E+09  2.2795  3.6235             29   473                  
   0.151379E+09  2.2903  3.6226 L-M         30   475                  
   0.151785E+09  2.2311  3.6273             31   482                  
   0.152827E+09  2.1986  3.6296 L-m         32   489                  
   0.156524E+09  2.2668  3.6245             33   507                  
   0.157817E+09  2.3396  3.6188             34   512                  
   0.158633E+09  2.4023  3.6138             35   517                  
   0.159271E+09  2.4637  3.6096             36   522                  
   0.159869E+09  2.5323  3.6036             37   529                  
   0.160394E+09  2.6037  3.5980             38   534                  
   0.160730E+09  2.6609  3.5932             39   541                  
   0.161021E+09  2.7272  3.5871             40   546                  
   0.161241E+09  2.7891  3.5823             41   555                  
   0.161391E+09  2.8447  3.5760             42   565                  
   0.161545E+09  2.9007  3.5700             43   579                  
   0.161677E+09  2.9552  3.5633             44   608                  
   0.161822E+09  3.0133  3.5587             45   635                  
   0.161974E+09  3.0688  3.5530             46   675                  
   0.162114E+09  3.1216  3.5454             47   719                  
   0.162281E+09  3.1791  3.5403             48   790                  
   0.162438E+09  3.2348  3.5334             49   873                  
   0.162617E+09  3.2933  3.5276             50  1000                  
   0.162700E+09  3.3449  3.5197             51  1071                  
   0.162716E+09  3.2916  3.5280             52  1088                  
   0.162726E+09  3.3441  3.5197             53  1098                  
   0.162747E+09  3.3991  3.5136             54  1125                  
   0.162748E+09  3.4013  3.5133 C=0.5219    55  1127                  
   0.000000E+00  1.6338  3.6691 M=  1.80                     1    17  
   0.331308E+07  1.6532  3.6679              2    22                  
   0.542926E+07  1.6570  3.6677 Te-m         3    25                  
   0.133138E+08  1.6542  3.6682              4    36                  
   0.231664E+08  1.6578  3.6684              5    53                  
   0.326258E+08  1.6598  3.6686              6    84                  
   0.418211E+08  1.6613  3.6690              7   110                  
   0.507685E+08  1.6645  3.6691              8   138                  
   0.596450E+08  1.6661  3.6694              9   162                  
   0.684762E+08  1.6695  3.6695             10   185                  
   0.777239E+08  1.6711  3.6699             11   207                  
   0.867656E+08  1.6765  3.6699             12   227                  
   0.882931E+08  1.6757  3.6701 Te-M        13   230                  
   0.955455E+08  1.6805  3.6700             14   246                  
   0.104222E+09  1.6851  3.6700             15   264                  
   0.112826E+09  1.6909  3.6699             16   282                  
   0.121335E+09  1.6979  3.6696             17   303                  
   0.129511E+09  1.7065  3.6691             18   324                  
   0.139463E+09  1.7210  3.6682             19   353                  
   0.146998E+09  1.7389  3.6669             20   386                  
   0.155448E+09  1.7586  3.6654             21   402                  
   0.158617E+09  1.7802  3.6640             22   414                  
   0.170070E+09  1.8414  3.6592             23   449                  
   0.171307E+09  1.8844  3.6559             24   468                  
   0.172240E+09  1.9548  3.6502             25   480                  
   0.172514E+09  2.0071  3.6461             26   491                  
   0.172672E+09  2.0723  3.6413 Yc=0        27   506                  
   0.172781E+09  2.1448  3.6361             28   514                  
   0.172882E+09  2.2130  3.6311             29   517                  
   0.172997E+09  2.2738  3.6265             30   520                  
   0.173128E+09  2.2958  3.6247 L-M         31   523                  
   0.173579E+09  2.2325  3.6295             32   528                  
   0.174651E+09  2.2101  3.6314 L-m         33   543                  
   0.178165E+09  2.2755  3.6265             34   564                  
   0.179228E+09  2.3329  3.6220             35   568                  
   0.180116E+09  2.3966  3.6171             36   572                  
   0.180884E+09  2.4665  3.6117             37   577                  
   0.181438E+09  2.5297  3.6068             38   583                  
   0.181922E+09  2.6015  3.6009             39   594                  
   0.182261E+09  2.6711  3.5951             40   598                  
   0.182509E+09  2.7282  3.5899             41   610                  
   0.182714E+09  2.7879  3.5849             42   620                  
   0.182905E+09  2.8490  3.5793             43   635                  
   0.183064E+09  2.9047  3.5733             44   654                  
   0.183222E+09  2.9584  3.5660             45   676                  
   0.183367E+09  3.0156  3.5611             46   705                  
   0.183556E+09  3.0730  3.5567             47   756                  
   0.183705E+09  3.1266  3.5494             48   806                  
   0.183894E+09  3.1826  3.5436             49   885                  
   0.184115E+09  3.2391  3.5379             50  1008                  
   0.184230E+09  3.2938  3.5310             51  1086                  
   0.184399E+09  3.3484  3.5237             52  1232                  
   0.184421E+09  3.2932  3.5312             53  1254                  
   0.184446E+09  3.3512  3.5227             54  1274                  
   0.184468E+09  3.4008  3.5182 C=0.5204    55  1302                  
   0.000000E+00  1.5930  3.6730 M=  1.90                     1    17  
   0.544536E+07  1.6103  3.6720 Te-m         2    25                  
   0.182276E+08  1.6088  3.6727              3    45                  
   0.313031E+08  1.6155  3.6728              4    65                  
   0.437332E+08  1.6212  3.6729              5   108                  
   0.555298E+08  1.6247  3.6732              6   146                  
   0.667478E+08  1.6301  3.6734              7   183                  
   0.776390E+08  1.6343  3.6736              8   214                  
   0.887033E+08  1.6383  3.6738              9   241                  
   0.100061E+09  1.6446  3.6737             10   269                  
   0.110991E+09  1.6505  3.6738             11   294                  
   0.121603E+09  1.6569  3.6738             12   317                  
   0.123169E+09  1.6560  3.6740 Te-M        13   320                  
   0.131770E+09  1.6635  3.6736             14   340                  
   0.141829E+09  1.6703  3.6735             15   360                  
   0.151515E+09  1.6784  3.6733             16   380                  
   0.160962E+09  1.6886  3.6728             17   402                  
   0.172424E+09  1.7043  3.6718             18   434                  
   0.181323E+09  1.7236  3.6704             19   468                  
   0.190804E+09  1.7442  3.6688             20   486                  
   0.194203E+09  1.7655  3.6672             21   497                  
   0.201784E+09  1.8188  3.6631             22   522                  
   0.216059E+09  1.8829  3.6587             23   568                  
   0.218940E+09  1.9864  3.6503             24   586                  
   0.219207E+09  2.0433  3.6460             25   597                  
   0.219365E+09  2.1100  3.6411 Yc=0        26   612                  
   0.219464E+09  2.1704  3.6369             27   619                  
   0.219594E+09  2.2393  3.6319             28   623                  
   0.219702E+09  2.2603  3.6300 L-M         29   626                  
   0.220112E+09  2.1985  3.6346             30   631                  
   0.221301E+09  2.1751  3.6366 L-m         31   651                  
   0.223336E+09  2.2398  3.6321             32   676                  
   0.224367E+09  2.3010  3.6273             33   683                  
   0.226269E+09  2.3714  3.6218             34   700                  
   0.227042E+09  2.4310  3.6173             35   704                  
   0.227667E+09  2.4903  3.6126             36   708                  
   0.228154E+09  2.5498  3.6089             37   716                  
   0.228532E+09  2.6058  3.6033             38   731                  
   0.228854E+09  2.6656  3.5987             39   740                  
   0.229079E+09  2.7223  3.5936             40   750                  
   0.229302E+09  2.7830  3.5883             41   766                  
   0.229477E+09  2.8431  3.5833             42   779                  
   0.229640E+09  2.9008  3.5775             43   797                  
   0.229802E+09  2.9566  3.5716             44   821                  
   0.229960E+09  3.0098  3.5645             45   853                  
   0.230131E+09  3.0681  3.5602             46   899                  
   0.230296E+09  3.1246  3.5548             47   958                  
   0.230495E+09  3.1760  3.5469             48  1043                  
   0.230698E+09  3.2369  3.5421             49  1155                  
   0.230917E+09  3.2916  3.5358             50  1309                  
   0.231035E+09  3.3465  3.5295             51  1425                  
   0.231058E+09  3.3984  3.5214 C=0.5184    52  1454                  
   7   7   7   7   7   7   7   7   7   7   7   7   7   7   7   7
   1   4   9  27  33  36  63                                             !  0.50 1
   1   3  14  27  31  33  55                                             !  0.55 2
   1   3  16  27  31  33  58                                             !  0.60 3
   1   3  16  27  32  35  57                                             !  0.70 4
   1   3  15  26  29  31  52                                             !  0.80 5
   1   3  16  27  31  33  57                                             !  0.90 6
   1   3  15  27  31  33  54                                             !  1.00 7
   1   3  15  27  32  35  58                                             !  1.10 8
   1   3  15  27  31  33  54                                             !  1.20 9
   1   3  15  27  31  33  54                                             !  1.30 10
   1   3  15  27  31  33  56                                             !  1.40 11
   1   3  14  27  31  33  56                                             !  1.50 12
   1   3  16  27  30  32  55                                             !  1.60 13 
   1   3  14  26  30  32  55                                             !  1.70 14
   1   3  13  27  31  33  55                                             !  1.80 15
   1   2  13  26  29  31  52                                             !  1.90 16
  0.4957  0.5150  0.5190  0.5225  0.5239  0.5267  0.5252  0.5258  0.5302  0.5314
  0.5303  0.5272  0.5269  0.5219  0.5204  0.5184
