   2
   1   2   3  15
  15
  48  49  49  52  47  49  48  48  48  50  50  49  52  49  48
    0.55    0.60    0.60    0.65    0.70    0.80    0.90    1.00    1.10    1.20
    1.30    1.40    1.50    1.60    1.70
   0.000000E+00  1.4375  4.0280 M=  0.55                     1    82  
   0.366986E+07  1.4644  3.9894              2    96                  
   0.844650E+07  1.4711  3.9843              3   108                  
   0.135427E+08  1.4717  3.9838              4   122                  
   0.189211E+08  1.4710  3.9843              5   135                  
   0.245796E+08  1.4685  3.9860              6   149                  
   0.304823E+08  1.4685  3.9852              7   163                  
   0.366738E+08  1.4680  3.9841              8   177                  
   0.429763E+08  1.4709  3.9799              9   192                  
   0.493899E+08  1.4747  3.9747             10   207                  
   0.557340E+08  1.4818  3.9662             11   223                  
   0.621547E+08  1.4910  3.9558             12   240                  
   0.687399E+08  1.5019  3.9438             13   258                  
   0.754842E+08  1.5150  3.9292             14   276                  
   0.824277E+08  1.5295  3.9140             15   297                  
   0.893051E+08  1.5459  3.8968             16   320                  
   0.962097E+08  1.5638  3.8798             17   345                  
   0.104923E+09  1.5848  3.8643             18   378                  
   0.108783E+09  1.5965  3.8583             19   386                  
   0.114045E+09  1.6127  3.8525             20   397                  
   0.131513E+09  1.6687  3.8288             21   450                  
   0.132661E+09  1.7104  3.7908             22   468                  
   0.133531E+09  1.7914  3.7485             23   480                  
   0.133793E+09  1.8546  3.7313             24   491                  
   0.134007E+09  1.9777  3.7076 Yc=0        25   530                  
   0.134084E+09  2.0385  3.6982             26   536                  
   0.134166E+09  2.1005  3.6900             27   542                  
   0.134248E+09  2.1532  3.6828             28   547                  
   0.134403E+09  2.1966  3.6782 L-M         29   552                  
   0.134816E+09  2.1389  3.6862             30   559                  
   0.135405E+09  2.1158  3.6896 L-m         31   565                  
   0.137522E+09  2.1724  3.6823             32   573                  
   0.138642E+09  2.2393  3.6751             33   577                  
   0.139482E+09  2.3097  3.6676             34   580                  
   0.140322E+09  2.3783  3.6599             35   583                  
   0.141162E+09  2.4664  3.6511             36   586                  
   0.141659E+09  2.5234  3.6453             37   597                  
   0.142059E+09  2.5827  3.6403             38   612                  
   0.142369E+09  2.6402  3.6350             39   616                  
   0.142653E+09  2.7015  3.6288             40   622                  
   0.142888E+09  2.7632  3.6229             41   646                  
   0.143099E+09  2.8203  3.6176             42   672                  
   0.143323E+09  2.8783  3.6127             43   710                  
   0.143555E+09  2.9346  3.6071             44   757                  
   0.143807E+09  2.9932  3.6029             45   825                  
   0.144074E+09  3.0541  3.5979             46   924                  
   0.144101E+09  3.1109  3.5925             47   940                  
   0.144130E+09  3.1367  3.5904 C=0.4992    48   964                  
   0.000000E+00  1.5532  3.7581 M=  0.60                     1    69  
   0.371835E+07  1.5904  3.7444              2    83                  
   0.856015E+07  1.5981  3.7431              3    96                  
   0.915488E+07  1.5985  3.7431              4    97                  
   0.136555E+08  1.5995  3.7439              5   109                  
   0.189780E+08  1.5959  3.7464              6   122                  
   0.245308E+08  1.5895  3.7500              7   136                  
   0.303833E+08  1.5832  3.7531              8   150                  
   0.363623E+08  1.5777  3.7560              9   164                  
   0.425074E+08  1.5738  3.7582             10   179                  
   0.486858E+08  1.5720  3.7594             11   194                  
   0.547236E+08  1.5719  3.7599             12   210                  
   0.555659E+08  1.5715  3.7601             13   212                  
   0.608783E+08  1.5744  3.7592             14   227                  
   0.671584E+08  1.5785  3.7579             15   245                  
   0.734294E+08  1.5854  3.7557             16   264                  
   0.799123E+08  1.5952  3.7526             17   284                  
   0.865285E+08  1.6070  3.7495             18   307                  
   0.933831E+08  1.6225  3.7455             19   335                  
   0.101203E+09  1.6426  3.7413             20   367                  
   0.106582E+09  1.6572  3.7388             21   379                  
   0.110209E+09  1.6737  3.7361             22   390                  
   0.123473E+09  1.7307  3.7282             23   432                  
   0.124596E+09  1.7697  3.7221             24   451                  
   0.125435E+09  1.8395  3.7118             25   463                  
   0.125681E+09  1.8938  3.7034             26   474                  
   0.125880E+09  2.0039  3.6906 Yc=0        27   513                  
   0.125955E+09  2.0640  3.6824             28   518                  
   0.126035E+09  2.1260  3.6765             29   523                  
   0.126134E+09  2.1878  3.6709             30   528                  
   0.126238E+09  2.2145  3.6680 L-M         31   531                  
   0.126677E+09  2.1576  3.6741             32   538                  
   0.127173E+09  2.1416  3.6757 L-m         33   543                  
   0.129206E+09  2.2013  3.6702             34   550                  
   0.130115E+09  2.2582  3.6642             35   553                  
   0.131016E+09  2.3330  3.6565             36   556                  
   0.131857E+09  2.4185  3.6489             37   559                  
   0.132389E+09  2.4758  3.6429             38   561                  
   0.132972E+09  2.5405  3.6377             39   565                  
   0.133387E+09  2.6023  3.6322             40   573                  
   0.133711E+09  2.6652  3.6267             41   576                  
   0.133977E+09  2.7293  3.6205             42   581                  
   0.134168E+09  2.7847  3.6140             43   594                  
   0.134355E+09  2.8417  3.6082             44   617                  
   0.134546E+09  2.8992  3.6037             45   636                  
   0.134740E+09  2.9567  3.5984             46   681                  
   0.134958E+09  3.0146  3.5932             47   742                  
   0.135215E+09  3.0727  3.5884             48   838                  
   0.135259E+09  3.1157  3.5844 C=0.5056    49   859                  
   0.000000E+00  1.5532  3.7581 M=  0.60                     1    69  
   0.371835E+07  1.5904  3.7444              2    83                  
   0.856015E+07  1.5981  3.7431              3    96                  
   0.915488E+07  1.5985  3.7431 Te-m         4    97                  
   0.136555E+08  1.5995  3.7439              5   109                  
   0.189780E+08  1.5959  3.7464              6   122                  
   0.245308E+08  1.5895  3.7500              7   136                  
   0.303833E+08  1.5832  3.7531              8   150                  
   0.363623E+08  1.5777  3.7560              9   164                  
   0.425074E+08  1.5738  3.7582             10   179                  
   0.486858E+08  1.5720  3.7594             11   194                  
   0.547236E+08  1.5719  3.7599             12   210                  
   0.555659E+08  1.5715  3.7601 Te-M        13   212                  
   0.608783E+08  1.5744  3.7592             14   227                  
   0.671584E+08  1.5785  3.7579             15   245                  
   0.734294E+08  1.5854  3.7557             16   264                  
   0.799123E+08  1.5952  3.7526             17   284                  
   0.865285E+08  1.6070  3.7495             18   307                  
   0.933831E+08  1.6225  3.7455             19   335                  
   0.101203E+09  1.6426  3.7413             20   367                  
   0.106582E+09  1.6572  3.7388             21   379                  
   0.110209E+09  1.6737  3.7361             22   390                  
   0.123473E+09  1.7307  3.7282             23   432                  
   0.124596E+09  1.7697  3.7221             24   451                  
   0.125435E+09  1.8395  3.7118             25   463                  
   0.125681E+09  1.8938  3.7034             26   474                  
   0.125880E+09  2.0039  3.6906 Yc=0        27   513                  
   0.125955E+09  2.0640  3.6824             28   518                  
   0.126035E+09  2.1260  3.6765             29   523                  
   0.126134E+09  2.1878  3.6709             30   528                  
   0.126238E+09  2.2145  3.6680 L-M         31   531                  
   0.126677E+09  2.1576  3.6741             32   538                  
   0.127173E+09  2.1416  3.6757 L-m         33   543                  
   0.129206E+09  2.2013  3.6702             34   550                  
   0.130115E+09  2.2582  3.6642             35   553                  
   0.131016E+09  2.3330  3.6565             36   556                  
   0.131857E+09  2.4185  3.6489             37   559                  
   0.132389E+09  2.4758  3.6429             38   561                  
   0.132972E+09  2.5405  3.6377             39   565                  
   0.133387E+09  2.6023  3.6322             40   573                  
   0.133711E+09  2.6652  3.6267             41   576                  
   0.133977E+09  2.7293  3.6205             42   581                  
   0.134168E+09  2.7847  3.6140             43   594                  
   0.134355E+09  2.8417  3.6082             44   617                  
   0.134546E+09  2.8992  3.6037             45   636                  
   0.134740E+09  2.9567  3.5984             46   681                  
   0.134958E+09  3.0146  3.5932             47   742                  
   0.135215E+09  3.0727  3.5884             48   838                  
   0.135259E+09  3.1157  3.5844 C=0.5056    49   859                  
   0.000000E+00  1.6105  3.7280 M=  0.65                     1    59  
   0.383745E+07  1.6348  3.7204              2    73                  
   0.854197E+07  1.6431  3.7198 Te-m         3    85                  
   0.876893E+07  1.6432  3.7198              4    86                  
   0.139677E+08  1.6444  3.7204              5    99                  
   0.193558E+08  1.6401  3.7220              6   112                  
   0.249454E+08  1.6343  3.7239              7   126                  
   0.307155E+08  1.6298  3.7257              8   140                  
   0.366966E+08  1.6256  3.7279              9   155                  
   0.428483E+08  1.6228  3.7295             10   170                  
   0.489496E+08  1.6207  3.7308             11   185                  
   0.549257E+08  1.6205  3.7313             12   201                  
   0.602365E+08  1.6213  3.7315 Te-M        13   215                  
   0.609936E+08  1.6216  3.7314             14   218                  
   0.670895E+08  1.6242  3.7312             15   235                  
   0.731773E+08  1.6288  3.7303             16   254                  
   0.795040E+08  1.6356  3.7289             17   275                  
   0.862151E+08  1.6454  3.7272             18   298                  
   0.929758E+08  1.6590  3.7252             19   325                  
   0.101176E+09  1.6785  3.7225             20   359                  
   0.104963E+09  1.6916  3.7208             21   367                  
   0.109343E+09  1.7097  3.7186             22   377                  
   0.124411E+09  1.7736  3.7120             23   424                  
   0.125461E+09  1.8128  3.7072             24   443                  
   0.126261E+09  1.8812  3.6979             25   455                  
   0.126500E+09  1.9337  3.6926             26   466                  
   0.126697E+09  2.0427  3.6799 Yc=0        27   505                  
   0.126782E+09  2.1111  3.6740             28   510                  
   0.126872E+09  2.1785  3.6679             29   515                  
   0.127016E+09  2.2350  3.6626             30   520                  
   0.127062E+09  2.2351  3.6626 L-M         31   521                  
   0.127473E+09  2.1787  3.6682             32   528                  
   0.127946E+09  2.1658  3.6697 L-m         33   533                  
   0.129915E+09  2.2303  3.6633             34   540                  
   0.130810E+09  2.2949  3.6567             35   543                  
   0.131617E+09  2.3778  3.6503             36   546                  
   0.132308E+09  2.4569  3.6425             37   549                  
   0.132809E+09  2.5165  3.6376             38   557                  
   0.133399E+09  2.5957  3.6313             39   562                  
   0.133739E+09  2.6559  3.6256             40   571                  
   0.134016E+09  2.7213  3.6193             41   575                  
   0.134214E+09  2.7784  3.6145             42   593                  
   0.134402E+09  2.8354  3.6086             43   604                  
   0.134578E+09  2.8939  3.6020             44   618                  
   0.134754E+09  2.9529  3.5966             45   651                  
   0.134944E+09  3.0109  3.5915             46   702                  
   0.135175E+09  3.0677  3.5864             47   797                  
   0.135323E+09  3.0123  3.5923             48   865                  
   0.135335E+09  3.0798  3.5859             49   870                  
   0.135349E+09  3.1443  3.5796             50   875                  
   0.135369E+09  3.2030  3.5736             51   885                  
   0.135402E+09  3.2441  3.5695 C=0.5109    52   918                  
   0.000000E+00  1.6229  3.7180 M=  0.70                     1    57  
   0.380058E+07  1.6584  3.7129              2    70                  
   0.882052E+07  1.6674  3.7122 Te-m         3    83                  
   0.138895E+08  1.6676  3.7128              4    96                  
   0.192711E+08  1.6639  3.7140              5   110                  
   0.248250E+08  1.6597  3.7153              6   124                  
   0.305416E+08  1.6559  3.7167              7   137                  
   0.364883E+08  1.6531  3.7177              8   152                  
   0.425452E+08  1.6509  3.7186              9   166                  
   0.485811E+08  1.6495  3.7192             10   181                  
   0.545550E+08  1.6492  3.7196             11   197                  
   0.605647E+08  1.6495  3.7199             12   214                  
   0.629268E+08  1.6506  3.7199 Te-M        13   220                  
   0.665547E+08  1.6520  3.7198             14   231                  
   0.726348E+08  1.6560  3.7194             15   250                  
   0.789260E+08  1.6621  3.7188             16   271                  
   0.854386E+08  1.6710  3.7179             17   294                  
   0.925102E+08  1.6837  3.7169             18   322                  
   0.997049E+08  1.7022  3.7143             19   356                  
   0.103543E+09  1.7157  3.7131             20   364                  
   0.107697E+09  1.7340  3.7111             21   375                  
   0.123944E+09  1.7993  3.7039             22   424                  
   0.124940E+09  1.8384  3.6999             23   443                  
   0.125709E+09  1.9060  3.6928             24   455                  
   0.125941E+09  1.9576  3.6879             25   466                  
   0.126131E+09  2.0621  3.6772 Yc=0        26   505                  
   0.126219E+09  2.1323  3.6699             27   510                  
   0.126315E+09  2.2028  3.6640             28   515                  
   0.126477E+09  2.2502  3.6593 L-M         29   520                  
   0.126848E+09  2.1945  3.6650             30   526                  
   0.127224E+09  2.1781  3.6665 L-m         31   530                  
   0.129332E+09  2.2482  3.6596             32   538                  
   0.130205E+09  2.3123  3.6542             33   541                  
   0.130985E+09  2.3948  3.6482             34   544                  
   0.131646E+09  2.4804  3.6395             35   547                  
   0.132087E+09  2.5414  3.6350             36   549                  
   0.132549E+09  2.6014  3.6305             37   556                  
   0.132964E+09  2.6775  3.6234             38   561                  
   0.133211E+09  2.7403  3.6175             39   565                  
   0.133417E+09  2.8004  3.6129             40   575                  
   0.133585E+09  2.8564  3.6071             41   582                  
   0.133748E+09  2.9144  3.6008             42   601                  
   0.133913E+09  2.9708  3.5951             43   630                  
   0.134103E+09  3.0281  3.5897             44   674                  
   0.134305E+09  3.0853  3.5845             45   738                  
   0.134466E+09  3.1462  3.5794             46   813                  
   0.134499E+09  3.1972  3.5743 C=0.5136    47   834                  
   0.000000E+00  1.6647  3.7100 M=  0.80                     1    21  
   0.400577E+07  1.6883  3.7063              2    34                  
   0.898583E+07  1.6995  3.7054              3    47                  
   0.118159E+08  1.7027  3.7052 Te-m         4    54                  
   0.142136E+08  1.7028  3.7054              5    60                  
   0.196371E+08  1.7003  3.7065              6    74                  
   0.252392E+08  1.6972  3.7076              7    88                  
   0.310324E+08  1.6950  3.7085              8   102                  
   0.369325E+08  1.6927  3.7095              9   116                  
   0.429789E+08  1.6925  3.7101             10   131                  
   0.490010E+08  1.6920  3.7108             11   146                  
   0.549155E+08  1.6922  3.7113             12   162                  
   0.607407E+08  1.6932  3.7117             13   179                  
   0.666834E+08  1.6954  3.7117             14   196                  
   0.678113E+08  1.6947  3.7120 Te-M        15   199                  
   0.727119E+08  1.6987  3.7116             16   215                  
   0.788724E+08  1.7042  3.7110             17   235                  
   0.853443E+08  1.7121  3.7101             18   258                  
   0.920194E+08  1.7236  3.7087             19   284                  
   0.991375E+08  1.7417  3.7073             20   315                  
   0.102909E+09  1.7542  3.7061             21   323                  
   0.107319E+09  1.7728  3.7041             22   333                  
   0.120968E+09  1.8347  3.6979             23   380                  
   0.121967E+09  1.8720  3.6944             24   398                  
   0.122725E+09  1.9355  3.6883             25   411                  
   0.122952E+09  1.9839  3.6840             26   421                  
   0.123128E+09  2.0770  3.6753 Yc=0        27   460                  
   0.123202E+09  2.1363  3.6700             28   464                  
   0.123278E+09  2.1955  3.6642             29   468                  
   0.123414E+09  2.2630  3.6595             30   473                  
   0.123453E+09  2.2673  3.6591 L-M         31   474                  
   0.123979E+09  2.2079  3.6637             32   483                  
   0.124430E+09  2.2018  3.6640 L-m         33   487                  
   0.126281E+09  2.2693  3.6592             34   494                  
   0.127110E+09  2.3371  3.6532             35   497                  
   0.127813E+09  2.4175  3.6477             36   500                  
   0.128266E+09  2.4793  3.6425             37   502                  
   0.128737E+09  2.5467  3.6357             38   504                  
   0.129330E+09  2.6281  3.6302             39   508                  
   0.129696E+09  2.6960  3.6240             40   517                  
   0.129925E+09  2.7573  3.6186             41   521                  
   0.130128E+09  2.8156  3.6132             42   529                  
   0.130305E+09  2.8764  3.6078             43   539                  
   0.130464E+09  2.9352  3.6026             44   550                  
   0.130629E+09  2.9914  3.5973             45   579                  
   0.130792E+09  3.0462  3.5910             46   621                  
   0.130969E+09  3.1027  3.5856             47   691                  
   0.131120E+09  3.1614  3.5803             48   758                  
   0.131141E+09  3.1895  3.5781 C=0.5173    49   771                  
   0.000000E+00  1.6840  3.7072 M=  0.90                     1    22  
   0.396494E+07  1.7138  3.7035              2    34                  
   0.902681E+07  1.7257  3.7029              3    47                  
   0.105827E+08  1.7273  3.7028 Te-m         4    50                  
   0.142766E+08  1.7272  3.7033              5    60                  
   0.197143E+08  1.7249  3.7043              6    73                  
   0.253369E+08  1.7232  3.7051              7    87                  
   0.310393E+08  1.7222  3.7059              8   101                  
   0.369423E+08  1.7215  3.7067              9   115                  
   0.430701E+08  1.7213  3.7072             10   130                  
   0.490965E+08  1.7219  3.7077             11   145                  
   0.549718E+08  1.7226  3.7080             12   161                  
   0.607403E+08  1.7241  3.7083             13   178                  
   0.666344E+08  1.7265  3.7084             14   195                  
   0.682712E+08  1.7272  3.7085 Te-M        15   200                  
   0.726702E+08  1.7300  3.7083             16   214                  
   0.788281E+08  1.7353  3.7080             17   235                  
   0.852959E+08  1.7430  3.7074             18   257                  
   0.922511E+08  1.7543  3.7061             19   283                  
   0.100140E+09  1.7732  3.7040             20   317                  
   0.103448E+09  1.7840  3.7031             21   324                  
   0.107745E+09  1.8023  3.7016             22   334                  
   0.122801E+09  1.8680  3.6966             23   384                  
   0.123741E+09  1.9051  3.6930             24   403                  
   0.124463E+09  1.9680  3.6870             25   415                  
   0.124681E+09  2.0152  3.6827             26   426                  
   0.124851E+09  2.1053  3.6745 Yc=0        27   465                  
   0.124927E+09  2.1662  3.6693             28   469                  
   0.125009E+09  2.2275  3.6638             29   473                  
   0.125161E+09  2.2833  3.6602 L-M         30   478                  
   0.125781E+09  2.2197  3.6651             31   486                  
   0.125972E+09  2.2167  3.6653 L-m         32   488                  
   0.127709E+09  2.2762  3.6608             33   495                  
   0.128517E+09  2.3414  3.6548             34   498                  
   0.129205E+09  2.4200  3.6495             35   501                  
   0.129796E+09  2.5098  3.6430             36   504                  
   0.130153E+09  2.5650  3.6369             37   506                  
   0.130597E+09  2.6264  3.6328             38   509                  
   0.130972E+09  2.6998  3.6270             39   512                  
   0.131220E+09  2.7662  3.6214             40   516                  
   0.131398E+09  2.8295  3.6158             41   521                  
   0.131575E+09  2.8864  3.6105             42   540                  
   0.131739E+09  2.9430  3.6055             43   566                  
   0.131887E+09  3.0002  3.6005             44   596                  
   0.132034E+09  3.0569  3.5948             45   631                  
   0.132193E+09  3.1134  3.5892             46   692                  
   0.132380E+09  3.1694  3.5836             47   779                  
   0.132413E+09  3.2045  3.5805 C=0.5218    48   800                  
   0.000000E+00  1.7080  3.7069 M=  1.00                     1    19  
   0.410303E+07  1.7364  3.7034              2    32                  
   0.870324E+07  1.7466  3.7026 Te-m         3    43                  
   0.917481E+07  1.7471  3.7026              4    45                  
   0.144303E+08  1.7466  3.7031              5    58                  
   0.198895E+08  1.7453  3.7038              6    71                  
   0.254579E+08  1.7446  3.7043              7    85                  
   0.311338E+08  1.7445  3.7049              8    99                  
   0.370147E+08  1.7446  3.7055              9   113                  
   0.430467E+08  1.7453  3.7060             10   128                  
   0.489560E+08  1.7464  3.7064             11   143                  
   0.549018E+08  1.7477  3.7068             12   159                  
   0.605859E+08  1.7497  3.7069             13   176                  
   0.640845E+08  1.7512  3.7070 Te-M        14   186                  
   0.664165E+08  1.7525  3.7070             15   194                  
   0.723455E+08  1.7560  3.7069             16   212                  
   0.784733E+08  1.7616  3.7067             17   233                  
   0.846336E+08  1.7692  3.7067             18   255                  
   0.910355E+08  1.7800  3.7056             19   279                  
   0.982900E+08  1.7967  3.7042             20   312                  
   0.102302E+09  1.8086  3.7029             21   321                  
   0.106723E+09  1.8279  3.7010             22   332                  
   0.122227E+09  1.8945  3.6952             23   382                  
   0.123106E+09  1.9316  3.6927             24   400                  
   0.123793E+09  1.9932  3.6871             25   412                  
   0.124003E+09  2.0392  3.6829             26   423                  
   0.124171E+09  2.1278  3.6750 Yc=0        27   462                  
   0.124248E+09  2.1917  3.6704             28   466                  
   0.124333E+09  2.2547  3.6649             29   470                  
   0.124498E+09  2.3059  3.6613 L-M         30   475                  
   0.125008E+09  2.2424  3.6663             31   482                  
   0.125345E+09  2.2359  3.6668 L-m         32   485                  
   0.127035E+09  2.3077  3.6612             33   492                  
   0.127794E+09  2.3745  3.6551             34   495                  
   0.128413E+09  2.4555  3.6498             35   498                  
   0.128968E+09  2.5515  3.6430             36   501                  
   0.129332E+09  2.6121  3.6365             37   503                  
   0.129735E+09  2.6742  3.6325             38   510                  
   0.130113E+09  2.7488  3.6266             39   516                  
   0.130336E+09  2.8133  3.6211             40   519                  
   0.130522E+09  2.8764  3.6157             41   533                  
   0.130674E+09  2.9338  3.6102             42   542                  
   0.130805E+09  2.9912  3.6051             43   563                  
   0.130944E+09  3.0487  3.6003             44   595                  
   0.131084E+09  3.1042  3.5943             45   640                  
   0.131237E+09  3.1603  3.5886             46   707                  
   0.131375E+09  3.2172  3.5835             47   770                  
   0.131394E+09  3.2369  3.5819 C=0.5254    48   782                  
   0.000000E+00  1.7254  3.7070 M=  1.10                     1    20  
   0.406092E+07  1.7530  3.7041              2    32                  
   0.897558E+07  1.7629  3.7036 Te-m         3    44                  
   0.919664E+07  1.7631  3.7036              4    45                  
   0.145452E+08  1.7629  3.7041              5    58                  
   0.199882E+08  1.7620  3.7048              6    72                  
   0.255308E+08  1.7623  3.7054              7    85                  
   0.311786E+08  1.7631  3.7059              8    99                  
   0.370588E+08  1.7639  3.7064              9   114                  
   0.430740E+08  1.7655  3.7069             10   128                  
   0.489958E+08  1.7672  3.7073             11   144                  
   0.549328E+08  1.7688  3.7075             12   160                  
   0.606272E+08  1.7712  3.7077             13   176                  
   0.620861E+08  1.7722  3.7077 Te-M        14   180                  
   0.664948E+08  1.7747  3.7076             15   194                  
   0.723425E+08  1.7785  3.7073             16   213                  
   0.784775E+08  1.7841  3.7069             17   234                  
   0.848354E+08  1.7917  3.7063             18   257                  
   0.921191E+08  1.8030  3.7056             19   284                  
   0.993214E+08  1.8199  3.7043             20   316                  
   0.103010E+09  1.8311  3.7036             21   324                  
   0.107320E+09  1.8498  3.7017             22   334                  
   0.121478E+09  1.9120  3.6959             23   380                  
   0.122352E+09  1.9476  3.6933             24   398                  
   0.123030E+09  2.0072  3.6887             25   411                  
   0.123237E+09  2.0520  3.6845             26   422                  
   0.123396E+09  2.1339  3.6776 Yc=0        27   460                  
   0.123473E+09  2.1971  3.6726             28   464                  
   0.123558E+09  2.2620  3.6676             29   468                  
   0.123717E+09  2.3171  3.6634 L-M         30   473                  
   0.124154E+09  2.2572  3.6679             31   479                  
   0.124537E+09  2.2455  3.6689 L-m         32   483                  
   0.126149E+09  2.3122  3.6638             33   490                  
   0.126881E+09  2.3760  3.6590             34   493                  
   0.127512E+09  2.4568  3.6526             35   496                  
   0.127877E+09  2.5182  3.6478             36   498                  
   0.128387E+09  2.6043  3.6422             37   501                  
   0.128849E+09  2.6774  3.6350             38   505                  
   0.129208E+09  2.7495  3.6302             39   515                  
   0.129454E+09  2.8171  3.6246             40   518                  
   0.129641E+09  2.8779  3.6192             41   523                  
   0.129794E+09  2.9386  3.6143             42   530                  
   0.129924E+09  2.9971  3.6094             43   544                  
   0.130051E+09  3.0536  3.6040             44   572                  
   0.130187E+09  3.1106  3.5987             45   613                  
   0.130333E+09  3.1666  3.5933             46   674                  
   0.130471E+09  3.2237  3.5873             47   735                  
   0.130488E+09  3.2399  3.5857 C=0.5277    48   744                  
   0.000000E+00  1.7420  3.7081 M=  1.20                     1    19  
   0.417160E+07  1.7663  3.7049              2    31                  
   0.891597E+07  1.7754  3.7038 Te-m         3    43                  
   0.928177E+07  1.7758  3.7038              4    44                  
   0.145892E+08  1.7753  3.7043              5    58                  
   0.200294E+08  1.7758  3.7051              6    71                  
   0.255801E+08  1.7770  3.7059              7    85                  
   0.312433E+08  1.7783  3.7070              8    99                  
   0.370520E+08  1.7797  3.7075              9   113                  
   0.430741E+08  1.7817  3.7078             10   128                  
   0.489464E+08  1.7842  3.7081             11   143                  
   0.547788E+08  1.7866  3.7083             12   159                  
   0.604659E+08  1.7892  3.7085             13   176                  
   0.649069E+08  1.7917  3.7085 Te-M        14   189                  
   0.661016E+08  1.7927  3.7085             15   193                  
   0.718820E+08  1.7968  3.7084             16   212                  
   0.778864E+08  1.8023  3.7081             17   233                  
   0.851470E+08  1.8110  3.7075             18   261                  
   0.908479E+08  1.8205  3.7063             19   288                  
   0.996981E+08  1.8388  3.7046             20   327                  
   0.102382E+09  1.8487  3.7040             21   335                  
   0.105825E+09  1.8655  3.7027             22   346                  
   0.118680E+09  1.9269  3.6971             23   396                  
   0.122251E+09  1.9671  3.6938             24   416                  
   0.122901E+09  2.0262  3.6898             25   429                  
   0.123100E+09  2.0709  3.6859             26   439                  
   0.123257E+09  2.1512  3.6789 Yc=0        27   479                  
   0.123336E+09  2.2156  3.6738             28   483                  
   0.123423E+09  2.2814  3.6684             29   487                  
   0.123545E+09  2.3258  3.6654 L-M         30   491                  
   0.124006E+09  2.2618  3.6705             31   497                  
   0.124321E+09  2.2537  3.6711 L-m         32   499                  
   0.125805E+09  2.3168  3.6662             33   507                  
   0.126509E+09  2.3787  3.6618             34   510                  
   0.127126E+09  2.4541  3.6558             35   513                  
   0.127464E+09  2.5169  3.6512             36   515                  
   0.127804E+09  2.5827  3.6471             37   517                  
   0.128127E+09  2.6410  3.6424             38   519                  
   0.128557E+09  2.7145  3.6353             39   524                  
   0.128887E+09  2.7869  3.6306             40   536                  
   0.129084E+09  2.8466  3.6257             41   539                  
   0.129251E+09  2.9086  3.6203             42   544                  
   0.129392E+09  2.9707  3.6151             43   556                  
   0.129517E+09  3.0277  3.6098             44   583                  
   0.129642E+09  3.0853  3.6050             45   609                  
   0.129770E+09  3.1419  3.6000             46   658                  
   0.129908E+09  3.1974  3.5942             47   717                  
   0.130014E+09  3.2628  3.5877             48   767                  
   0.130036E+09  3.3197  3.5826             49   778                  
   0.130044E+09  3.3293  3.5818 C=0.5313    50   785                  
   0.000000E+00  1.7541  3.7098 M=  1.30                     1    18  
   0.411488E+07  1.7788  3.7065              2    30                  
   0.779287E+07  1.7866  3.7060 Te-m         3    39                  
   0.919986E+07  1.7873  3.7061              4    43                  
   0.144481E+08  1.7873  3.7067              5    56                  
   0.198367E+08  1.7880  3.7072              6    70                  
   0.253747E+08  1.7897  3.7076              7    83                  
   0.310361E+08  1.7915  3.7080              8    97                  
   0.367972E+08  1.7935  3.7084              9   111                  
   0.427800E+08  1.7958  3.7087             10   126                  
   0.486195E+08  1.7988  3.7089             11   141                  
   0.543771E+08  1.8016  3.7092             12   157                  
   0.601181E+08  1.8052  3.7096             13   174                  
   0.624937E+08  1.8063  3.7097 Te-M        14   181                  
   0.657755E+08  1.8087  3.7096             15   192                  
   0.714918E+08  1.8134  3.7095             16   211                  
   0.775503E+08  1.8190  3.7093             17   231                  
   0.838662E+08  1.8265  3.7088             18   254                  
   0.900585E+08  1.8372  3.7079             19   280                  
   0.970064E+08  1.8519  3.7061             20   312                  
   0.100897E+09  1.8633  3.7050             21   321                  
   0.105147E+09  1.8812  3.7037             22   332                  
   0.118430E+09  1.9401  3.6985             23   379                  
   0.119288E+09  1.9735  3.6955             24   397                  
   0.119952E+09  2.0297  3.6912             25   410                  
   0.120153E+09  2.0715  3.6882             26   420                  
   0.120310E+09  2.1508  3.6818 Yc=0        27   459                  
   0.120388E+09  2.2153  3.6767             28   463                  
   0.120477E+09  2.2822  3.6713             29   467                  
   0.120598E+09  2.3245  3.6679 L-M         30   471                  
   0.121141E+09  2.2623  3.6731             31   478                  
   0.121377E+09  2.2581  3.6734 L-m         32   480                  
   0.122900E+09  2.3183  3.6689             33   487                  
   0.123617E+09  2.3805  3.6634             34   490                  
   0.124245E+09  2.4565  3.6586             35   493                  
   0.124606E+09  2.5230  3.6532             36   495                  
   0.124966E+09  2.5847  3.6490             37   497                  
   0.125324E+09  2.6439  3.6452             38   499                  
   0.125661E+09  2.7049  3.6397             39   503                  
   0.125950E+09  2.7637  3.6347             40   514                  
   0.126227E+09  2.8386  3.6298             41   518                  
   0.126393E+09  2.8955  3.6250             42   522                  
   0.126536E+09  2.9557  3.6197             43   534                  
   0.126665E+09  3.0132  3.6148             44   552                  
   0.126787E+09  3.0728  3.6104             45   578                  
   0.126912E+09  3.1289  3.6048             46   620                  
   0.127053E+09  3.1867  3.5995             47   669                  
   0.127176E+09  3.2442  3.5939             48   730                  
   0.127194E+09  3.3050  3.5878             49   738                  
   0.127211E+09  3.3288  3.5855 C=0.5322    50   749                  
   0.000000E+00  1.7724  3.7110 M=  1.40                     1    18  
   0.417643E+07  1.7960  3.7084              2    30                  
   0.789460E+07  1.8030  3.7080 Te-m         3    39                  
   0.933233E+07  1.8039  3.7081              4    43                  
   0.146469E+08  1.8044  3.7086              5    56                  
   0.200634E+08  1.8061  3.7089              6    70                  
   0.256310E+08  1.8087  3.7094              7    84                  
   0.312968E+08  1.8114  3.7098              8    98                  
   0.370980E+08  1.8144  3.7102              9   112                  
   0.430747E+08  1.8176  3.7106             10   127                  
   0.490146E+08  1.8212  3.7109             11   142                  
   0.547876E+08  1.8250  3.7110             12   158                  
   0.598988E+08  1.8284  3.7111 Te-M        13   172                  
   0.605456E+08  1.8291  3.7110             14   174                  
   0.662131E+08  1.8333  3.7110             15   192                  
   0.719878E+08  1.8381  3.7108             16   211                  
   0.778966E+08  1.8442  3.7107             17   232                  
   0.840701E+08  1.8517  3.7102             18   255                  
   0.906813E+08  1.8624  3.7093             19   281                  
   0.976128E+08  1.8776  3.7079             20   317                  
   0.100829E+09  1.8876  3.7066             21   325                  
   0.105005E+09  1.9044  3.7049             22   335                  
   0.117700E+09  1.9620  3.7003             23   383                  
   0.118550E+09  1.9938  3.6972             24   401                  
   0.119204E+09  2.0476  3.6931             25   413                  
   0.119401E+09  2.0884  3.6906             26   424                  
   0.119553E+09  2.1636  3.6840 Yc=0        27   463                  
   0.119633E+09  2.2297  3.6789             28   467                  
   0.119722E+09  2.2973  3.6737             29   471                  
   0.119843E+09  2.3383  3.6710 L-M         30   475                  
   0.120325E+09  2.2791  3.6750             31   482                  
   0.120666E+09  2.2727  3.6754 L-m         32   485                  
   0.122140E+09  2.3358  3.6712             33   492                  
   0.122821E+09  2.3981  3.6661             34   495                  
   0.123394E+09  2.4806  3.6604             35   498                  
   0.123745E+09  2.5475  3.6544             36   500                  
   0.124114E+09  2.6183  3.6495             37   502                  
   0.124513E+09  2.6807  3.6459             38   505                  
   0.124905E+09  2.7558  3.6385             39   511                  
   0.125183E+09  2.8231  3.6339             40   514                  
   0.125371E+09  2.8837  3.6300             41   526                  
   0.125525E+09  2.9444  3.6246             42   532                  
   0.125656E+09  3.0044  3.6195             43   554                  
   0.125780E+09  3.0642  3.6142             44   581                  
   0.125901E+09  3.1231  3.6097             45   616                  
   0.126034E+09  3.1797  3.6041             46   662                  
   0.126163E+09  3.2477  3.5980             47   724                  
   0.126183E+09  3.3036  3.5921             48   733                  
   0.126191E+09  3.3117  3.5913 C=0.5346    49   737                  
   0.000000E+00  1.7729  3.7133 M=  1.50                     1    17  
   0.458646E+07  1.7931  3.7102              2    30                  
   0.710596E+07  1.7978  3.7099 Te-m         3    35                  
   0.101195E+08  1.7994  3.7101              4    43                  
   0.157704E+08  1.8009  3.7107              5    56                  
   0.215808E+08  1.8040  3.7111              6    69                  
   0.274783E+08  1.8076  3.7115              7    83                  
   0.334689E+08  1.8113  3.7120              8    96                  
   0.396622E+08  1.8153  3.7123              9   111                  
   0.458960E+08  1.8195  3.7126             10   126                  
   0.520628E+08  1.8239  3.7127             11   141                  
   0.581754E+08  1.8286  3.7128             12   157                  
   0.640997E+08  1.8334  3.7130             13   173                  
   0.695085E+08  1.8379  3.7130 Te-M        14   189                  
   0.699767E+08  1.8382  3.7130             15   191                  
   0.759668E+08  1.8439  3.7130             16   210                  
   0.820884E+08  1.8504  3.7128             17   230                  
   0.884445E+08  1.8583  3.7123             18   253                  
   0.936681E+08  1.8673  3.7112             19   281                  
   0.100679E+09  1.8823  3.7099             20   339                  
   0.104528E+09  1.8927  3.7089             21   348                  
   0.108727E+09  1.9092  3.7074             22   356                  
   0.114596E+09  1.9493  3.7035             23   370                  
   0.116157E+09  1.9801  3.7011             24   375                  
   0.117003E+09  2.0290  3.6963             25   380                  
   0.117221E+09  2.0702  3.6932             26   383                  
   0.117377E+09  2.1415  3.6882 Yc=0        27   394                  
   0.117464E+09  2.2099  3.6829             28   398                  
   0.117553E+09  2.2816  3.6774             29   402                  
   0.117663E+09  2.3452  3.6724             30   406                  
   0.117732E+09  2.3560  3.6719 L-M         31   408                  
   0.118126E+09  2.2933  3.6765             32   414                  
   0.118649E+09  2.2804  3.6776 L-m         33   418                  
   0.120287E+09  2.3433  3.6725             34   425                  
   0.121147E+09  2.4254  3.6666             35   428                  
   0.121762E+09  2.4932  3.6619             36   430                  
   0.122316E+09  2.5628  3.6556             37   432                  
   0.122852E+09  2.6363  3.6515             38   435                  
   0.123343E+09  2.7099  3.6463             39   440                  
   0.123695E+09  2.7937  3.6382             40   444                  
   0.123900E+09  2.8612  3.6339             41   449                  
   0.124080E+09  2.9210  3.6300             42   469                  
   0.124220E+09  2.9798  3.6248             43   482                  
   0.124355E+09  3.0373  3.6198             44   508                  
   0.124478E+09  3.0940  3.6148             45   540                  
   0.124624E+09  3.1530  3.6107             46   595                  
   0.124770E+09  3.2089  3.6050             47   662                  
   0.124812E+09  3.1452  3.6119             48   685                  
   0.124824E+09  3.2047  3.6056             49   690                  
   0.124835E+09  3.2679  3.5993             50   694                  
   0.124853E+09  3.3247  3.5934             51   705                  
   0.124872E+09  3.3509  3.5913 C=0.5316    52   724                  
   0.000000E+00  1.7461  3.7158 M=  1.60                     1    17  
   0.530257E+07  1.7698  3.7130              2    30                  
   0.660439E+07  1.7720  3.7127 Te-m         3    32                  
   0.116988E+08  1.7748  3.7132              4    43                  
   0.182075E+08  1.7778  3.7136              5    56                  
   0.248316E+08  1.7824  3.7138              6    69                  
   0.315161E+08  1.7871  3.7142              7    83                  
   0.383327E+08  1.7922  3.7145              8    97                  
   0.453410E+08  1.7977  3.7148              9   111                  
   0.522887E+08  1.8034  3.7150             10   126                  
   0.590967E+08  1.8090  3.7150             11   141                  
   0.658465E+08  1.8149  3.7152             12   157                  
   0.724451E+08  1.8205  3.7152 Te-M        13   173                  
   0.724582E+08  1.8205  3.7152             14   174                  
   0.789877E+08  1.8268  3.7152             15   191                  
   0.854792E+08  1.8333  3.7152             16   210                  
   0.920956E+08  1.8403  3.7149             17   230                  
   0.100277E+09  1.8501  3.7143             18   260                  
   0.106812E+09  1.8601  3.7135             19   292                  
   0.113962E+09  1.8748  3.7124             20   327                  
   0.117604E+09  1.8846  3.7114             21   334                  
   0.122599E+09  1.9013  3.7097             22   344                  
   0.128769E+09  1.9397  3.7058             23   357                  
   0.130515E+09  1.9701  3.7032             24   362                  
   0.131410E+09  2.0182  3.6989             25   367                  
   0.131639E+09  2.0585  3.6955             26   370                  
   0.131796E+09  2.1242  3.6913 Yc=0        27   381                  
   0.131886E+09  2.1905  3.6866             28   385                  
   0.131981E+09  2.2623  3.6810             29   389                  
   0.132096E+09  2.3284  3.6756             30   393                  
   0.132168E+09  2.3428  3.6748 L-M         31   395                  
   0.132619E+09  2.2788  3.6798             32   401                  
   0.133128E+09  2.2646  3.6810 L-m         33   406                  
   0.135131E+09  2.3349  3.6753             34   414                  
   0.136131E+09  2.4195  3.6690             35   417                  
   0.136795E+09  2.4863  3.6639             36   419                  
   0.137463E+09  2.5648  3.6589             37   422                  
   0.138019E+09  2.6377  3.6531             38   426                  
   0.138388E+09  2.7161  3.6482             39   429                  
   0.138662E+09  2.7810  3.6432             40   434                  
   0.138858E+09  2.8412  3.6373             41   439                  
   0.139043E+09  2.9064  3.6332             42   446                  
   0.139186E+09  2.9646  3.6290             43   463                  
   0.139333E+09  3.0235  3.6240             44   491                  
   0.139481E+09  3.0806  3.6190             45   523                  
   0.139634E+09  3.1385  3.6140             46   571                  
   0.139803E+09  3.1978  3.6090             47   651                  
   0.139832E+09  3.2544  3.6037             48   666                  
   0.139834E+09  3.2549  3.6037 C=0.5249    49   667                  
   0.000000E+00  1.6966  3.7193 M=  1.70                     1    17  
   0.707657E+07  1.7227  3.7165 Te-m         2    29                  
   0.150671E+08  1.7269  3.7171              3    43                  
   0.233180E+08  1.7330  3.7173              4    56                  
   0.315759E+08  1.7397  3.7175              5    71                  
   0.398900E+08  1.7465  3.7177              6    86                  
   0.482693E+08  1.7538  3.7180              7   100                  
   0.568683E+08  1.7620  3.7181              8   115                  
   0.652919E+08  1.7696  3.7183              9   129                  
   0.735161E+08  1.7778  3.7184             10   145                  
   0.814955E+08  1.7857  3.7186             11   160                  
   0.890450E+08  1.7932  3.7186 Te-M        12   176                  
   0.892860E+08  1.7935  3.7186             13   177                  
   0.969032E+08  1.8012  3.7185             14   195                  
   0.104350E+09  1.8091  3.7183             15   214                  
   0.112040E+09  1.8175  3.7180             16   234                  
   0.120410E+09  1.8275  3.7175             17   261                  
   0.127339E+09  1.8375  3.7168             18   293                  
   0.135714E+09  1.8528  3.7153             19   353                  
   0.140481E+09  1.8637  3.7142             20   362                  
   0.145782E+09  1.8796  3.7128             21   372                  
   0.153069E+09  1.9181  3.7089             22   386                  
   0.154946E+09  1.9485  3.7064             23   391                  
   0.155951E+09  1.9958  3.7021             24   396                  
   0.156202E+09  2.0358  3.6988             25   399                  
   0.156384E+09  2.1064  3.6936 Yc=0        26   410                  
   0.156488E+09  2.1767  3.6893             27   414                  
   0.156597E+09  2.2504  3.6837             28   418                  
   0.156736E+09  2.3110  3.6792             29   422                  
   0.156776E+09  2.3160  3.6789 L-M         30   423                  
   0.157221E+09  2.2580  3.6833             31   429                  
   0.157992E+09  2.2414  3.6845 L-m         32   434                  
   0.160318E+09  2.3028  3.6801             33   455                  
   0.161387E+09  2.3719  3.6749             34   460                  
   0.162156E+09  2.4357  3.6706             35   462                  
   0.162830E+09  2.5016  3.6646             36   464                  
   0.163498E+09  2.5771  3.6603             37   468                  
   0.163888E+09  2.6352  3.6549             38   473                  
   0.164216E+09  2.6963  3.6517             39   483                  
   0.164432E+09  2.7554  3.6476             40   487                  
   0.164673E+09  2.8190  3.6428             41   494                  
   0.164848E+09  2.8760  3.6371             42   508                  
   0.165027E+09  2.9344  3.6335             43   535                  
   0.165203E+09  2.9944  3.6290             44   568                  
   0.165391E+09  3.0522  3.6243             45   619                  
   0.165587E+09  3.1100  3.6193             46   679                  
   0.165744E+09  3.1689  3.6143             47   740                  
   0.165762E+09  3.1832  3.6132 C=0.5138    48   747                  
   5   5   7   7   7   7   7   7   7   7   7   7   7   7   7
   1  25  29  31  48                                                     !  0.55 1
   1  27  31  33  49                                                     !  0.60 2
   1   4  13  27  31  33  49                                             !  0.60 3
   1   3  13  27  31  33  52                                             !  0.65 5
   1   3  13  26  29  31  47                                             !  0.70 6
   1   4  15  27  31  33  49                                             !  0.80 7
   1   4  15  27  30  32  48                                             !  0.90 8
   1   3  14  27  30  32  48                                             !  1.00 9
   1   3  14  27  30  32  48                                             !  1.10 10
   1   3  14  27  30  32  50                                             !  1.20 11
   1   3  14  27  30  32  50                                             !  1.30 12
   1   3  13  27  30  32  49                                             !  1.40 13
   1   3  14  27  31  33  52                                             !  1.50 14
   1   3  13  27  31  33  49                                             !  1.60 16
   1   2  12  26  30  32  48                                             !  1.70 17
  0.4992  0.5056  0.5056  0.5109  0.5136  0.5173  0.5218  0.5254  0.5277  0.5313
  0.5322  0.5346  0.5316  0.5249  0.5138
        INTERPOLA
  1 2 3 5 6 7 8 9 10 11 12 13 14 16 17
