   3
   1   2   3   7   8  19
  19
  65  62  62  59  49  45  48  48  48  48  49  46  46  50  47  47  46  49  46
    0.50    0.53    0.53    0.55    0.57    0.60    0.65    0.65    0.70    0.80
    0.90    1.00    1.10    1.20    1.30    1.40    1.50    1.60    1.70
   0.000000E+00  1.2523  4.3705 M=  0.50                     1    15  
   0.406577E+07  1.2804  4.3663              2    37                  
   0.876456E+07  1.2939  4.3651              3    50                  
   0.138653E+08  1.3085  4.3633              4    63                  
   0.191697E+08  1.3238  4.3610              5    76                  
   0.248981E+08  1.3398  4.3584              6    90                  
   0.308624E+08  1.3556  4.3556              7   103                  
   0.372790E+08  1.3718  4.3529              8   118                  
   0.438131E+08  1.3885  4.3502              9   133                  
   0.502926E+08  1.4054  4.3474             10   148                  
   0.569206E+08  1.4229  4.3447             11   164                  
   0.636830E+08  1.4408  4.3420             12   181                  
   0.705024E+08  1.4591  4.3395             13   198                  
   0.774183E+08  1.4778  4.3372             14   217                  
   0.841812E+08  1.4969  4.3352             15   238                  
   0.918257E+08  1.5161  4.3340             16   261                  
   0.981363E+08  1.5313  4.3337             17   280                  
   0.100384E+09  1.5357  4.3339             18   287                  
   0.109974E+09  1.5554  4.3362             19   319                  
   0.114994E+09  1.5648  4.3389             20   326                  
   0.120562E+09  1.5725  4.3443             21   333                  
   0.129539E+09  1.5779  4.3595             22   348                  
   0.132409E+09  1.5765  4.3715             23   355                  
   0.134401E+09  1.5763  4.3904             24   363                  
   0.134681E+09  1.5889  4.4028             25   366                  
   0.134877E+09  1.6296  4.4198 Yc=0        26   376                  
   0.135020E+09  1.6621  4.4363             27   381                  
   0.135171E+09  1.6685  4.4524             28   386                  
   0.135275E+09  1.6657  4.4563             29   389                  
   0.135527E+09  1.7261  4.4439             30   392                  
   0.135810E+09  1.7927  4.4300             31   394                  
   0.136197E+09  1.8519  4.4167             32   396                  
   0.136718E+09  1.9125  4.4016             33   398                  
   0.137362E+09  1.9683  4.3875             34   400                  
   0.138441E+09  2.0438  4.3717             35   403                  
   0.138788E+09  2.0909  4.3509             36   404                  
   0.139136E+09  2.1405  4.3230             37   405                  
   0.139484E+09  2.1783  4.3002             38   406                  
   0.139831E+09  2.2100  4.2807             39   407                  
   0.140179E+09  2.2350  4.2663             40   408                  
   0.140532E+09  2.2622  4.2493             41   409                  
   0.141035E+09  2.2986  4.2267             42   411                  
   0.141362E+09  2.3219  4.2121             43   412                  
   0.141798E+09  2.3535  4.1920             44   414                  
   0.142151E+09  2.3785  4.1768             45   416                  
   0.142690E+09  2.4146  4.1592             46   419                  
   0.143277E+09  2.4529  4.1456             47   424                  
   0.143912E+09  2.5058  4.1354             48   430                  
   0.144027E+09  2.5356  4.1035             49   431                  
   0.144091E+09  2.5523  4.0841             50   432                  
   0.144144E+09  2.5738  4.0506             51   433                  
   0.144181E+09  2.5900  4.0222             52   434                  
   0.144242E+09  2.6094  3.9890             53   436                  
   0.144267E+09  2.6211  3.9636             54   437                  
   0.144318E+09  2.6333  3.9462             55   439                  
   0.144378E+09  2.6480  3.9244             56   442                  
   0.144457E+09  2.6641  3.9073             57   447                  
   0.144480E+09  2.6721  3.8924             58   450                  
   0.144502E+09  2.6810  3.8749             59   453                  
   0.144582E+09  2.6972  3.8594             60   463                  
   0.144612E+09  2.7058  3.8403             61   467                  
   0.144665E+09  2.7188  3.8214             62   472                  
   0.144736E+09  2.7361  3.8067             63   481                  
   0.144888E+09  2.7726  3.7937             64   505                  
   0.145068E+09  2.8130  3.7947 C=0.4884    65   537                  
   0.000000E+00  1.3173  4.2605 M=  0.53                     1    46  
   0.359517E+07  1.3369  4.2543              2    60                  
   0.794169E+07  1.3484  4.2499              3    73                  
   0.126135E+08  1.3613  4.2453              4    86                  
   0.176134E+08  1.3742  4.2402              5   100                  
   0.228570E+08  1.3875  4.2348              6   113                  
   0.283811E+08  1.4014  4.2293              7   127                  
   0.342661E+08  1.4161  4.2233              8   142                  
   0.403334E+08  1.4306  4.2174              9   156                  
   0.463580E+08  1.4465  4.2110             10   172                  
   0.525088E+08  1.4624  4.2044             11   188                  
   0.587187E+08  1.4790  4.1977             12   204                  
   0.650325E+08  1.4959  4.1909             13   222                  
   0.714974E+08  1.5133  4.1840             14   241                  
   0.782157E+08  1.5315  4.1772             15   262                  
   0.850672E+08  1.5494  4.1710             16   285                  
   0.940206E+08  1.5692  4.1656             17   312                  
   0.101240E+09  1.5885  4.1626             18   346                  
   0.102271E+09  1.5879  4.1632             19   349                  
   0.107099E+09  1.5965  4.1641             20   358                  
   0.111882E+09  1.6055  4.1675             21   365                  
   0.120447E+09  1.6131  4.1843             22   380                  
   0.123477E+09  1.6152  4.1992             23   388                  
   0.124795E+09  1.6258  4.2176             24   394                  
   0.125060E+09  1.6495  4.2237             25   396                  
   0.125131E+09  1.6651  4.2240             26   397                  
   0.125243E+09  1.7113  4.2174 Yc=0        27   407                  
   0.125319E+09  1.7610  4.2032             28   410                  
   0.125378E+09  1.8040  4.1868             29   412                  
   0.125445E+09  1.8535  4.1630             30   414                  
   0.125515E+09  1.8995  4.1358             31   416                  
   0.125589E+09  1.9342  4.1119             32   418                  
   0.125675E+09  1.9500  4.1002             33   420                  
   0.125951E+09  1.9443  4.0984             34   423                  
   0.126251E+09  1.9562  4.0807             35   425                  
   0.126645E+09  1.9811  4.0508             36   427                  
   0.126842E+09  1.9945  4.0346             37   428                  
   0.127040E+09  2.0075  4.0182             38   429                  
   0.127237E+09  2.0215  3.9996             39   430                  
   0.127434E+09  2.0351  3.9804             40   431                  
   0.127631E+09  2.0486  3.9601             41   432                  
   0.127828E+09  2.0623  3.9385             42   433                  
   0.128026E+09  2.0763  3.9148             43   434                  
   0.128223E+09  2.0902  3.8892             44   435                  
   0.128420E+09  2.1048  3.8600             45   436                  
   0.128617E+09  2.1194  3.8292             46   437                  
   0.128814E+09  2.1336  3.7994             47   438                  
   0.129012E+09  2.1473  3.7726             48   439                  
   0.129209E+09  2.1614  3.7567             49   441                  
   0.129603E+09  2.1921  3.7415             50   445                  
   0.130096E+09  2.2425  3.7286             51   450                  
   0.130830E+09  2.3011  3.7195             52   456                  
   0.131629E+09  2.3610  3.7130             53   461                  
   0.132428E+09  2.4246  3.7073             54   466                  
   0.133067E+09  2.4834  3.7024             55   470                  
   0.133546E+09  2.5464  3.6975             56   473                  
   0.133900E+09  2.6047  3.6932             57   479                  
   0.134228E+09  2.6662  3.6890             58   500                  
   0.134505E+09  2.7249  3.6851             59   524                  
   0.134785E+09  2.7855  3.6814             60   558                  
   0.135032E+09  2.8442  3.6778             61   607                  
   0.135154E+09  2.8900  3.6746 C=0.4919    62   635                  
   0.000000E+00  1.3173  4.2605 M=  0.53                     1    46  
   0.359517E+07  1.3369  4.2543              2    60                  
   0.794169E+07  1.3484  4.2499              3    73                  
   0.126135E+08  1.3613  4.2453              4    86                  
   0.176134E+08  1.3742  4.2402              5   100                  
   0.228570E+08  1.3875  4.2348              6   113                  
   0.283811E+08  1.4014  4.2293              7   127                  
   0.342661E+08  1.4161  4.2233              8   142                  
   0.403334E+08  1.4306  4.2174              9   156                  
   0.463580E+08  1.4465  4.2110             10   172                  
   0.525088E+08  1.4624  4.2044             11   188                  
   0.587187E+08  1.4790  4.1977             12   204                  
   0.650325E+08  1.4959  4.1909             13   222                  
   0.714974E+08  1.5133  4.1840             14   241                  
   0.782157E+08  1.5315  4.1772             15   262                  
   0.850672E+08  1.5494  4.1710             16   285                  
   0.940206E+08  1.5692  4.1656             17   312                  
   0.101240E+09  1.5885  4.1626             18   346                  
   0.102271E+09  1.5879  4.1632             19   349                  
   0.107099E+09  1.5965  4.1641             20   358                  
   0.111882E+09  1.6055  4.1675             21   365                  
   0.120447E+09  1.6131  4.1843             22   380                  
   0.123477E+09  1.6152  4.1992             23   388                  
   0.124795E+09  1.6258  4.2176             24   394                  
   0.125060E+09  1.6495  4.2237             25   396                  
   0.125131E+09  1.6651  4.2240             26   397                  
   0.125243E+09  1.7113  4.2174 Yc=0        27   407                  
   0.125319E+09  1.7610  4.2032             28   410                  
   0.125378E+09  1.8040  4.1868             29   412                  
   0.125445E+09  1.8535  4.1630             30   414                  
   0.125515E+09  1.8995  4.1358             31   416                  
   0.125589E+09  1.9342  4.1119             32   418                  
   0.125675E+09  1.9500  4.1002 L-M         33   420                  
   0.125951E+09  1.9443  4.0984 L-m         34   423                  
   0.126251E+09  1.9562  4.0807             35   425                  
   0.126645E+09  1.9811  4.0508             36   427                  
   0.126842E+09  1.9945  4.0346             37   428                  
   0.127040E+09  2.0075  4.0182             38   429                  
   0.127237E+09  2.0215  3.9996             39   430                  
   0.127434E+09  2.0351  3.9804             40   431                  
   0.127631E+09  2.0486  3.9601             41   432                  
   0.127828E+09  2.0623  3.9385             42   433                  
   0.128026E+09  2.0763  3.9148             43   434                  
   0.128223E+09  2.0902  3.8892             44   435                  
   0.128420E+09  2.1048  3.8600             45   436                  
   0.128617E+09  2.1194  3.8292             46   437                  
   0.128814E+09  2.1336  3.7994             47   438                  
   0.129012E+09  2.1473  3.7726             48   439                  
   0.129209E+09  2.1614  3.7567             49   441                  
   0.129603E+09  2.1921  3.7415             50   445                  
   0.130096E+09  2.2425  3.7286             51   450                  
   0.130830E+09  2.3011  3.7195             52   456                  
   0.131629E+09  2.3610  3.7130             53   461                  
   0.132428E+09  2.4246  3.7073             54   466                  
   0.133067E+09  2.4834  3.7024             55   470                  
   0.133546E+09  2.5464  3.6975             56   473                  
   0.133900E+09  2.6047  3.6932             57   479                  
   0.134228E+09  2.6662  3.6890             58   500                  
   0.134505E+09  2.7249  3.6851             59   524                  
   0.134785E+09  2.7855  3.6814             60   558                  
   0.135032E+09  2.8442  3.6778             61   607                  
   0.135154E+09  2.8900  3.6746 C=0.4919    62   635                  
   0.000000E+00  1.3720  4.2040 M=  0.55                     1    75  
   0.339376E+07  1.3806  4.1970              2    87                  
   0.765892E+07  1.3895  4.1920              3   100                  
   0.121686E+08  1.3992  4.1866              4   113                  
   0.168783E+08  1.4096  4.1807              5   126                  
   0.219839E+08  1.4210  4.1744              6   140                  
   0.273435E+08  1.4324  4.1679              7   154                  
   0.330416E+08  1.4448  4.1608              8   168                  
   0.388951E+08  1.4578  4.1534              9   183                  
   0.447306E+08  1.4718  4.1454             10   198                  
   0.506284E+08  1.4862  4.1371             11   214                  
   0.566384E+08  1.5015  4.1283             12   231                  
   0.627951E+08  1.5173  4.1191             13   249                  
   0.690338E+08  1.5337  4.1097             14   268                  
   0.754341E+08  1.5512  4.1001             15   288                  
   0.819029E+08  1.5684  4.0908             16   312                  
   0.899838E+08  1.5867  4.0824             17   339                  
   0.990294E+08  1.6056  4.0766             18   373                  
   0.101810E+09  1.6131  4.0757             19   378                  
   0.102670E+09  1.6148  4.0760             20   380                  
   0.109179E+09  1.6239  4.0789             21   389                  
   0.117198E+09  1.6370  4.0935             22   403                  
   0.119549E+09  1.6456  4.1066             23   409                  
   0.120486E+09  1.6597  4.1128             24   412                  
   0.120708E+09  1.6735  4.1120             25   414                  
   0.120969E+09  1.7141  4.0993             26   417                  
   0.121149E+09  1.7970  4.0463 Yc=0        27   428                  
   0.121172E+09  1.8143  4.0317             28   429                  
   0.121195E+09  1.8324  4.0157             29   430                  
   0.121218E+09  1.8505  3.9983             30   431                  
   0.121241E+09  1.8685  3.9797             31   432                  
   0.121264E+09  1.8863  3.9598             32   433                  
   0.121288E+09  1.9040  3.9388             33   434                  
   0.121311E+09  1.9212  3.9167             34   435                  
   0.121334E+09  1.9380  3.8936             35   436                  
   0.121357E+09  1.9542  3.8697             36   437                  
   0.121380E+09  1.9695  3.8454             37   438                  
   0.121403E+09  1.9840  3.8211             38   439                  
   0.121426E+09  1.9974  3.7975             39   440                  
   0.121449E+09  2.0097  3.7779             40   441                  
   0.121492E+09  2.0287  3.7610             41   443                  
   0.121627E+09  2.0503  3.7517 L-M         42   448                  
   0.121966E+09  2.0358  3.7567 L-m         43   451                  
   0.122998E+09  2.0719  3.7424             44   457                  
   0.123863E+09  2.1191  3.7326             45   462                  
   0.124727E+09  2.1725  3.7247             46   467                  
   0.125592E+09  2.2408  3.7163             47   472                  
   0.126320E+09  2.2975  3.7104             48   476                  
   0.127133E+09  2.3590  3.7054             49   480                  
   0.127946E+09  2.4267  3.7001             50   484                  
   0.128555E+09  2.4861  3.6958             51   487                  
   0.129106E+09  2.5559  3.6908             52   490                  
   0.129457E+09  2.6168  3.6871             53   494                  
   0.129785E+09  2.6753  3.6832             54   521                  
   0.130067E+09  2.7341  3.6793             55   549                  
   0.130330E+09  2.7932  3.6756             56   586                  
   0.130593E+09  2.8525  3.6720             57   635                  
   0.130831E+09  2.9145  3.6680             58   689                  
   0.130875E+09  2.9508  3.6652 C=0.4950    59   703                  
   0.000000E+00  1.4231  4.1480 M=  0.57                     1    83  
   0.323944E+07  1.4339  4.1395              2    95                  
   0.737171E+07  1.4397  4.1349              3   108                  
   0.117726E+08  1.4450  4.1303              4   121                  
   0.163925E+08  1.4514  4.1251              5   134                  
   0.214373E+08  1.4584  4.1194              6   148                  
   0.267283E+08  1.4671  4.1127              7   162                  
   0.322187E+08  1.4768  4.1053              8   176                  
   0.379068E+08  1.4875  4.0973              9   191                  
   0.436457E+08  1.4991  4.0885             10   206                  
   0.494248E+08  1.5116  4.0792             11   222                  
   0.552765E+08  1.5252  4.0689             12   239                  
   0.612278E+08  1.5395  4.0580             13   257                  
   0.672108E+08  1.5546  4.0466             14   276                  
   0.735348E+08  1.5706  4.0347             15   296                  
   0.797225E+08  1.5876  4.0224             16   320                  
   0.885589E+08  1.6073  4.0097             17   349                  
   0.983314E+08  1.6258  4.0012             18   385                  
   0.101500E+09  1.6350  3.9988             19   392                  
   0.103594E+09  1.6406  3.9981             20   395                  
   0.105298E+09  1.6452  3.9985             21   399                  
   0.112202E+09  1.6635  4.0080             22   413                  
   0.114995E+09  1.6811  4.0101             23   420                  
   0.115103E+09  1.6826  4.0101             24   421                  
   0.116162E+09  1.7293  3.9886             25   426                  
   0.116417E+09  1.7778  3.9466             26   429                  
   0.116615E+09  1.8784  3.8060 Yc=0        27   442                  
   0.116629E+09  1.8884  3.7895             28   443                  
   0.116656E+09  1.9092  3.7687             29   445                  
   0.116697E+09  1.9400  3.7545             30   448                  
   0.116752E+09  1.9804  3.7433             31   452                  
   0.116834E+09  2.0385  3.7333             32   458                  
   0.116939E+09  2.1000  3.7254             33   465                  
   0.117098E+09  2.1325  3.7219 L-M         34   470                  
   0.117570E+09  2.1064  3.7248 L-m         35   474                  
   0.119399E+09  2.1673  3.7178             36   482                  
   0.120587E+09  2.2398  3.7114             37   487                  
   0.121403E+09  2.3076  3.7056             38   491                  
   0.122249E+09  2.3748  3.7001             39   495                  
   0.123095E+09  2.4502  3.6951             40   499                  
   0.123730E+09  2.5190  3.6901             41   502                  
   0.124153E+09  2.5793  3.6866             42   506                  
   0.124529E+09  2.6387  3.6827             43   528                  
   0.124829E+09  2.6974  3.6788             44   548                  
   0.125108E+09  2.7570  3.6750             45   568                  
   0.125361E+09  2.8155  3.6714             46   597                  
   0.125623E+09  2.8737  3.6676             47   644                  
   0.125856E+09  2.9321  3.6633             48   702                  
   0.125876E+09  2.9388  3.6632 C=0.4973    49   709                  
   0.000000E+00  1.5010  4.0597 M=  0.60                     1    85  
   0.321377E+07  1.5153  4.0440              2    97                  
   0.729877E+07  1.5167  4.0420              3   110                  
   0.116290E+08  1.5174  4.0399              4   123                  
   0.162416E+08  1.5202  4.0366              5   136                  
   0.211058E+08  1.5228  4.0331              6   149                  
   0.262838E+08  1.5266  4.0286              7   163                  
   0.316284E+08  1.5315  4.0230              8   178                  
   0.371496E+08  1.5380  4.0160              9   192                  
   0.427317E+08  1.5455  4.0080             10   208                  
   0.482839E+08  1.5545  3.9985             11   224                  
   0.539599E+08  1.5648  3.9877             12   240                  
   0.596156E+08  1.5766  3.9755             13   258                  
   0.654819E+08  1.5891  3.9626             14   277                  
   0.715499E+08  1.6033  3.9481             15   298                  
   0.778798E+08  1.6191  3.9324             16   321                  
   0.842090E+08  1.6358  3.9168             17   348                  
   0.937451E+08  1.6551  3.9025             18   383                  
   0.973681E+08  1.6661  3.8952             19   390                  
   0.101724E+09  1.6793  3.8894             20   396                  
   0.110601E+09  1.7149  3.8737             21   416                  
   0.112024E+09  1.7440  3.8500             22   421                  
   0.112875E+09  1.8036  3.7814             23   427                  
   0.113123E+09  1.8546  3.7559             24   430                  
   0.113307E+09  1.9431  3.7361 Yc=0        25   442                  
   0.113385E+09  2.0046  3.7284             26   448                  
   0.113464E+09  2.0680  3.7213             27   454                  
   0.113549E+09  2.1332  3.7157             28   460                  
   0.113663E+09  2.1991  3.7104             29   466                  
   0.113787E+09  2.2167  3.7093 L-M         30   469                  
   0.114235E+09  2.1564  3.7140             31   475                  
   0.114589E+09  2.1466  3.7148 L-m         32   479                  
   0.116266E+09  2.2109  3.7099             33   486                  
   0.117305E+09  2.2841  3.7042             34   490                  
   0.118083E+09  2.3480  3.6998             35   493                  
   0.118862E+09  2.4155  3.6952             36   496                  
   0.119641E+09  2.4927  3.6892             37   499                  
   0.120196E+09  2.5603  3.6851             38   503                  
   0.120620E+09  2.6276  3.6812             39   516                  
   0.120960E+09  2.6910  3.6773             40   524                  
   0.121219E+09  2.7500  3.6732             41   545                  
   0.121470E+09  2.8088  3.6694             42   575                  
   0.121723E+09  2.8679  3.6655             43   610                  
   0.121980E+09  2.9268  3.6612             44   661                  
   0.122123E+09  2.9683  3.6587 C=0.5016    45   706                  
   0.000000E+00  1.5894  3.9016 M=  0.65                     1    83  
   0.329541E+07  1.6139  3.8722              2    96                  
   0.752587E+07  1.6165  3.8706              3   109                  
   0.106657E+08  1.6177  3.8704              4   118                  
   0.119532E+08  1.6178  3.8706              5   122                  
   0.165220E+08  1.6187  3.8713              6   135                  
   0.214357E+08  1.6193  3.8725              7   149                  
   0.265436E+08  1.6196  3.8737              8   163                  
   0.318333E+08  1.6200  3.8744              9   177                  
   0.333327E+08  1.6194  3.8758             10   181                  
   0.373245E+08  1.6207  3.8746             11   192                  
   0.428311E+08  1.6221  3.8734             12   208                  
   0.483336E+08  1.6261  3.8678             13   223                  
   0.538956E+08  1.6308  3.8611             14   240                  
   0.595057E+08  1.6376  3.8513             15   258                  
   0.651612E+08  1.6458  3.8392             16   277                  
   0.710669E+08  1.6567  3.8230             17   298                  
   0.772199E+08  1.6691  3.8057             18   321                  
   0.835060E+08  1.6842  3.7904             19   347                  
   0.918458E+08  1.7039  3.7786             20   382                  
   0.954118E+08  1.7149  3.7741             21   389                  
   0.995776E+08  1.7306  3.7692             22   396                  
   0.105738E+09  1.7705  3.7600             23   408                  
   0.109575E+09  1.8054  3.7528             24   422                  
   0.110636E+09  1.8592  3.7421             25   428                  
   0.110877E+09  1.9036  3.7345             26   430                  
   0.111057E+09  1.9881  3.7245 Yc=0        27   442                  
   0.111136E+09  2.0498  3.7189             28   447                  
   0.111214E+09  2.1120  3.7141             29   452                  
   0.111303E+09  2.1738  3.7097             30   457                  
   0.111461E+09  2.2141  3.7072 L-M         31   462                  
   0.112160E+09  2.1574  3.7112 L-m         32   473                  
   0.113795E+09  2.2161  3.7073             33   480                  
   0.114759E+09  2.2789  3.7028             34   484                  
   0.115482E+09  2.3482  3.6981             35   487                  
   0.116204E+09  2.4155  3.6937             36   490                  
   0.116927E+09  2.4897  3.6889             37   493                  
   0.117463E+09  2.5509  3.6842             38   496                  
   0.117905E+09  2.6125  3.6805             39   499                  
   0.118243E+09  2.6732  3.6771             40   507                  
   0.118527E+09  2.7313  3.6733             41   524                  
   0.118777E+09  2.7915  3.6694             42   545                  
   0.119012E+09  2.8534  3.6652             43   570                  
   0.119235E+09  2.9130  3.6616             44   602                  
   0.119464E+09  2.9712  3.6574             45   662                  
   0.119650E+09  3.0328  3.6533             46   722                  
   0.119682E+09  3.0911  3.6490             47   740                  
   0.119701E+09  3.1040  3.6482 C=0.5090    48   751                  
   0.000000E+00  1.5894  3.9016 M=  0.65                     1    83  
   0.329541E+07  1.6139  3.8722              2    96                  
   0.752587E+07  1.6165  3.8706              3   109                  
   0.106657E+08  1.6177  3.8704 Te-m         4   118                  
   0.119532E+08  1.6178  3.8706              5   122                  
   0.165220E+08  1.6187  3.8713              6   135                  
   0.214357E+08  1.6193  3.8725              7   149                  
   0.265436E+08  1.6196  3.8737              8   163                  
   0.318333E+08  1.6200  3.8744              9   177                  
   0.333327E+08  1.6194  3.8758 Te-M        10   181                  
   0.373245E+08  1.6207  3.8746             11   192                  
   0.428311E+08  1.6221  3.8734             12   208                  
   0.483336E+08  1.6261  3.8678             13   223                  
   0.538956E+08  1.6308  3.8611             14   240                  
   0.595057E+08  1.6376  3.8513             15   258                  
   0.651612E+08  1.6458  3.8392             16   277                  
   0.710669E+08  1.6567  3.8230             17   298                  
   0.772199E+08  1.6691  3.8057             18   321                  
   0.835060E+08  1.6842  3.7904             19   347                  
   0.918458E+08  1.7039  3.7786             20   382                  
   0.954118E+08  1.7149  3.7741             21   389                  
   0.995776E+08  1.7306  3.7692             22   396                  
   0.105738E+09  1.7705  3.7600             23   408                  
   0.109575E+09  1.8054  3.7528             24   422                  
   0.110636E+09  1.8592  3.7421             25   428                  
   0.110877E+09  1.9036  3.7345             26   430                  
   0.111057E+09  1.9881  3.7245 Yc=0        27   442                  
   0.111136E+09  2.0498  3.7189             28   447                  
   0.111214E+09  2.1120  3.7141             29   452                  
   0.111303E+09  2.1738  3.7097             30   457                  
   0.111461E+09  2.2141  3.7072 L-M         31   462                  
   0.112160E+09  2.1574  3.7112 L-m         32   473                  
   0.113795E+09  2.2161  3.7073             33   480                  
   0.114759E+09  2.2789  3.7028             34   484                  
   0.115482E+09  2.3482  3.6981             35   487                  
   0.116204E+09  2.4155  3.6937             36   490                  
   0.116927E+09  2.4897  3.6889             37   493                  
   0.117463E+09  2.5509  3.6842             38   496                  
   0.117905E+09  2.6125  3.6805             39   499                  
   0.118243E+09  2.6732  3.6771             40   507                  
   0.118527E+09  2.7313  3.6733             41   524                  
   0.118777E+09  2.7915  3.6694             42   545                  
   0.119012E+09  2.8534  3.6652             43   570                  
   0.119235E+09  2.9130  3.6616             44   602                  
   0.119464E+09  2.9712  3.6574             45   662                  
   0.119650E+09  3.0328  3.6533             46   722                  
   0.119682E+09  3.0911  3.6490             47   740                  
   0.119701E+09  3.1040  3.6482 C=0.5090    48   751                  
   0.000000E+00  1.6450  3.7825 M=  0.70                     1    77  
   0.332195E+07  1.6668  3.7721              2    90                  
   0.751976E+07  1.6703  3.7714              3   103                  
   0.103220E+08  1.6726  3.7708 Te-m         4   111                  
   0.119190E+08  1.6730  3.7710              5   116                  
   0.165159E+08  1.6747  3.7714              6   130                  
   0.213241E+08  1.6751  3.7725              7   143                  
   0.263563E+08  1.6743  3.7744              8   157                  
   0.315412E+08  1.6733  3.7762              9   172                  
   0.369065E+08  1.6726  3.7779             10   187                  
   0.423173E+08  1.6729  3.7788             11   202                  
   0.448921E+08  1.6731  3.7792 Te-M        12   209                  
   0.476561E+08  1.6743  3.7788             13   218                  
   0.530344E+08  1.6771  3.7777             14   234                  
   0.583945E+08  1.6815  3.7754             15   252                  
   0.638689E+08  1.6877  3.7726             16   271                  
   0.695790E+08  1.6960  3.7688             17   292                  
   0.755242E+08  1.7064  3.7652             18   315                  
   0.818803E+08  1.7197  3.7612             19   342                  
   0.905302E+08  1.7393  3.7566             20   380                  
   0.931276E+08  1.7496  3.7543             21   387                  
   0.965573E+08  1.7648  3.7514             22   394                  
   0.112804E+09  1.8295  3.7409             23   441                  
   0.114087E+09  1.8568  3.7375             24   445                  
   0.114792E+09  1.9122  3.7305             25   450                  
   0.115007E+09  1.9573  3.7254             26   453                  
   0.115170E+09  2.0374  3.7180 Yc=0        27   464                  
   0.115254E+09  2.1047  3.7130             28   469                  
   0.115340E+09  2.1714  3.7088             29   474                  
   0.115463E+09  2.2305  3.7050             30   479                  
   0.115498E+09  2.2333  3.7049 L-M         31   480                  
   0.115951E+09  2.1740  3.7088             32   490                  
   0.116084E+09  2.1720  3.7089 L-m         33   492                  
   0.117649E+09  2.2443  3.7041             34   500                  
   0.118570E+09  2.3193  3.6993             35   504                  
   0.119318E+09  2.3965  3.6946             36   507                  
   0.119923E+09  2.4819  3.6895             37   510                  
   0.120310E+09  2.5445  3.6855             38   516                  
   0.120727E+09  2.6134  3.6801             39   520                  
   0.121145E+09  2.6956  3.6754             40   523                  
   0.121418E+09  2.7548  3.6719             41   540                  
   0.121651E+09  2.8164  3.6680             42   558                  
   0.121843E+09  2.8745  3.6637             43   586                  
   0.122025E+09  2.9328  3.6600             44   620                  
   0.122223E+09  2.9910  3.6560             45   668                  
   0.122411E+09  3.0515  3.6524             46   732                  
   0.122443E+09  3.1115  3.6477             47   745                  
   0.122455E+09  3.1206  3.6472 C=0.5145    48   752                  
   0.000000E+00  1.7070  3.7524 M=  0.80                     1    67  
   0.344999E+07  1.7269  3.7482              2    80                  
   0.769511E+07  1.7322  3.7475              3    93                  
   0.119852E+08  1.7363  3.7472 Te-m         4   105                  
   0.121672E+08  1.7364  3.7472              5   106                  
   0.168479E+08  1.7384  3.7475              6   119                  
   0.217061E+08  1.7390  3.7482              7   133                  
   0.267825E+08  1.7385  3.7493              8   147                  
   0.319824E+08  1.7383  3.7503              9   162                  
   0.373511E+08  1.7383  3.7514             10   176                  
   0.426738E+08  1.7389  3.7522             11   189                  
   0.479186E+08  1.7400  3.7527             12   205                  
   0.512960E+08  1.7413  3.7527 Te-M        13   215                  
   0.531843E+08  1.7421  3.7527             14   222                  
   0.584604E+08  1.7451  3.7524             15   239                  
   0.638362E+08  1.7494  3.7516             16   258                  
   0.693450E+08  1.7553  3.7506             17   279                  
   0.750696E+08  1.7635  3.7490             18   302                  
   0.810266E+08  1.7744  3.7471             19   327                  
   0.887328E+08  1.7908  3.7439             20   363                  
   0.915265E+08  1.8007  3.7427             21   370                  
   0.950416E+08  1.8157  3.7405             22   377                  
   0.996348E+08  1.8513  3.7362             23   385                  
   0.101358E+09  1.8785  3.7329             24   391                  
   0.102192E+09  1.9233  3.7279             25   396                  
   0.102417E+09  1.9600  3.7242             26   399                  
   0.102568E+09  2.0221  3.7185 Yc=0        27   410                  
   0.102655E+09  2.0900  3.7136             28   415                  
   0.102725E+09  2.1484  3.7101             29   419                  
   0.102819E+09  2.2208  3.7057             30   424                  
   0.102974E+09  2.2795  3.7022 L-M         31   429                  
   0.103562E+09  2.2208  3.7059             32   441                  
   0.103680E+09  2.2199  3.7060 L-m         33   442                  
   0.105158E+09  2.2795  3.7023             34   449                  
   0.105826E+09  2.3443  3.6982             35   453                  
   0.106446E+09  2.4047  3.6945             36   456                  
   0.107137E+09  2.4762  3.6905             37   459                  
   0.107828E+09  2.5573  3.6856             38   462                  
   0.108329E+09  2.6216  3.6817             39   465                  
   0.108828E+09  2.7006  3.6762             40   469                  
   0.109086E+09  2.7611  3.6726             41   473                  
   0.109331E+09  2.8214  3.6690             42   494                  
   0.109532E+09  2.8803  3.6650             43   520                  
   0.109716E+09  2.9381  3.6606             44   545                  
   0.109922E+09  2.9969  3.6574             45   619                  
   0.110137E+09  3.0554  3.6536             46   696                  
   0.110226E+09  3.1139  3.6495             47   735                  
   0.110238E+09  3.1268  3.6487 C=0.5191    48   743                  
   0.000000E+00  1.7557  3.7455 M=  0.90                     1    61  
   0.351773E+07  1.7634  3.7426              2    75                  
   0.782753E+07  1.7702  3.7420              3    88                  
   0.108203E+08  1.7737  3.7416 Te-m         4    96                  
   0.123776E+08  1.7749  3.7417              5   101                  
   0.171115E+08  1.7774  3.7422              6   114                  
   0.220339E+08  1.7785  3.7430              7   128                  
   0.271244E+08  1.7795  3.7439              8   142                  
   0.323463E+08  1.7808  3.7447              9   156                  
   0.377551E+08  1.7824  3.7455             10   171                  
   0.430796E+08  1.7840  3.7461             11   187                  
   0.482659E+08  1.7860  3.7466             12   202                  
   0.533952E+08  1.7884  3.7467             13   219                  
   0.544151E+08  1.7889  3.7467 Te-M        14   222                  
   0.585773E+08  1.7915  3.7466             15   236                  
   0.638286E+08  1.7953  3.7462             16   255                  
   0.692866E+08  1.8006  3.7453             17   275                  
   0.750364E+08  1.8075  3.7442             18   298                  
   0.812330E+08  1.8173  3.7428             19   325                  
   0.878230E+08  1.8315  3.7405             20   358                  
   0.910354E+08  1.8410  3.7391             21   365                  
   0.946903E+08  1.8554  3.7373             22   372                  
   0.101211E+09  1.8919  3.7328             23   388                  
   0.102318E+09  1.9166  3.7300             24   394                  
   0.103048E+09  1.9590  3.7257             25   399                  
   0.103263E+09  1.9936  3.7226             26   402                  
   0.103410E+09  2.0523  3.7176 Yc=0        27   413                  
   0.103502E+09  2.1242  3.7127             28   418                  
   0.103577E+09  2.1872  3.7089             29   422                  
   0.103658E+09  2.2477  3.7053             30   426                  
   0.103783E+09  2.2931  3.7027 L-M         31   430                  
   0.104216E+09  2.2337  3.7063             32   437                  
   0.104419E+09  2.2268  3.7068 L-m         33   439                  
   0.105835E+09  2.2901  3.7029             34   454                  
   0.106642E+09  2.3734  3.6981             35   458                  
   0.107248E+09  2.4482  3.6938             36   461                  
   0.107853E+09  2.5218  3.6896             37   464                  
   0.108459E+09  2.6014  3.6850             38   467                  
   0.108870E+09  2.6616  3.6815             39   470                  
   0.109213E+09  2.7216  3.6770             40   474                  
   0.109473E+09  2.7835  3.6736             41   488                  
   0.109691E+09  2.8431  3.6700             42   500                  
   0.109878E+09  2.9026  3.6668             43   510                  
   0.110055E+09  2.9607  3.6619             44   544                  
   0.110252E+09  3.0212  3.6581             45   593                  
   0.110459E+09  3.0821  3.6545             46   662                  
   0.110549E+09  3.1440  3.6505             47   700                  
   0.110570E+09  3.2021  3.6462             48   717                  
   0.110594E+09  3.2277  3.6443 C=0.5249    49   733                  
   0.000000E+00  1.7778  3.7433 M=  1.00                     1    56  
   0.369009E+07  1.7918  3.7407              2    69                  
   0.820091E+07  1.7991  3.7397              3    82                  
   0.105990E+08  1.8021  3.7395 Te-m         4    88                  
   0.129153E+08  1.8042  3.7396              5    95                  
   0.178087E+08  1.8072  3.7403              6   108                  
   0.228894E+08  1.8097  3.7412              7   122                  
   0.281292E+08  1.8124  3.7421              8   136                  
   0.334471E+08  1.8151  3.7428              9   150                  
   0.389592E+08  1.8181  3.7433             10   166                  
   0.443556E+08  1.8210  3.7438             11   181                  
   0.496535E+08  1.8241  3.7443             12   197                  
   0.549132E+08  1.8273  3.7445             13   214                  
   0.581404E+08  1.8294  3.7445 Te-M        14   224                  
   0.601874E+08  1.8309  3.7445             15   231                  
   0.655385E+08  1.8351  3.7442             16   250                  
   0.709982E+08  1.8401  3.7436             17   271                  
   0.767308E+08  1.8467  3.7427             18   294                  
   0.827734E+08  1.8556  3.7414             19   323                  
   0.891920E+08  1.8681  3.7393             20   355                  
   0.924283E+08  1.8771  3.7380             21   362                  
   0.963393E+08  1.8908  3.7362             22   371                  
   0.101355E+09  1.9228  3.7321             23   383                  
   0.102711E+09  1.9455  3.7294             24   388                  
   0.103438E+09  1.9838  3.7255             25   393                  
   0.103650E+09  2.0161  3.7225             26   396                  
   0.103793E+09  2.0692  3.7181 Yc=0        27   407                  
   0.103888E+09  2.1427  3.7130             28   412                  
   0.103967E+09  2.2092  3.7092             29   416                  
   0.104054E+09  2.2712  3.7057             30   420                  
   0.104194E+09  2.3071  3.7038 L-M         31   424                  
   0.104935E+09  2.2513  3.7072 L-m         32   435                  
   0.106288E+09  2.3214  3.7031             33   442                  
   0.106962E+09  2.4003  3.6984             34   445                  
   0.107635E+09  2.4768  3.6943             35   448                  
   0.108309E+09  2.5605  3.6895             36   451                  
   0.108864E+09  2.6371  3.6854             37   454                  
   0.109323E+09  2.7083  3.6812             38   458                  
   0.109603E+09  2.7688  3.6767             39   467                  
   0.109848E+09  2.8299  3.6735             40   478                  
   0.110040E+09  2.8883  3.6699             41   504                  
   0.110233E+09  2.9503  3.6664             42   527                  
   0.110393E+09  3.0094  3.6616             43   547                  
   0.110570E+09  3.0683  3.6580             44   589                  
   0.110738E+09  3.1295  3.6544             45   663                  
   0.110762E+09  3.1512  3.6531 C=0.5280    46   677                  
   0.000000E+00  1.8094  3.7429 M=  1.10                     1    54  
   0.385459E+07  1.8186  3.7405              2    67                  
   0.847000E+07  1.8261  3.7395              3    80                  
   0.105258E+08  1.8288  3.7394 Te-m         4    85                  
   0.133051E+08  1.8315  3.7395              5    93                  
   0.183043E+08  1.8356  3.7402              6   106                  
   0.234419E+08  1.8397  3.7411              7   120                  
   0.286848E+08  1.8439  3.7420              8   134                  
   0.341068E+08  1.8483  3.7426              9   149                  
   0.395833E+08  1.8526  3.7431             10   163                  
   0.450508E+08  1.8570  3.7436             11   179                  
   0.503869E+08  1.8612  3.7440             12   194                  
   0.556092E+08  1.8653  3.7443             13   211                  
   0.608307E+08  1.8695  3.7443             14   229                  
   0.613436E+08  1.8702  3.7444 Te-M        15   230                  
   0.661726E+08  1.8742  3.7442             16   248                  
   0.716019E+08  1.8795  3.7436             17   268                  
   0.770266E+08  1.8856  3.7428             18   290                  
   0.831577E+08  1.8941  3.7416             19   316                  
   0.897253E+08  1.9056  3.7394             20   351                  
   0.929903E+08  1.9138  3.7380             21   359                  
   0.968753E+08  1.9265  3.7362             22   368                  
   0.101572E+09  1.9552  3.7323             23   380                  
   0.103164E+09  1.9771  3.7293             24   385                  
   0.103950E+09  2.0116  3.7258             25   390                  
   0.104156E+09  2.0413  3.7230             26   393                  
   0.104298E+09  2.0932  3.7187 Yc=0        27   404                  
   0.104394E+09  2.1682  3.7139             28   409                  
   0.104473E+09  2.2346  3.7100             29   413                  
   0.104566E+09  2.2963  3.7067             30   417                  
   0.104655E+09  2.3176  3.7053 L-M         31   420                  
   0.105312E+09  2.2612  3.7085 L-m         32   440                  
   0.106614E+09  2.3303  3.7046             33   447                  
   0.107220E+09  2.4056  3.7005             34   450                  
   0.107826E+09  2.4793  3.6965             35   453                  
   0.108431E+09  2.5579  3.6923             36   456                  
   0.108835E+09  2.6194  3.6888             37   458                  
   0.109320E+09  2.6923  3.6846             38   462                  
   0.109680E+09  2.7579  3.6809             39   467                  
   0.109995E+09  2.8304  3.6760             40   474                  
   0.110213E+09  2.8944  3.6723             41   489                  
   0.110384E+09  2.9530  3.6688             42   512                  
   0.110538E+09  3.0114  3.6650             43   540                  
   0.110689E+09  3.0690  3.6607             44   580                  
   0.110876E+09  3.1294  3.6575             45   661                  
   0.110903E+09  3.1546  3.6558 C=0.5320    46   674                  
   0.000000E+00  1.8339  3.7452 M=  1.20                     1    28  
   0.402661E+07  1.8374  3.7427              2    41                  
   0.877720E+07  1.8451  3.7412              3    54                  
   0.121251E+08  1.8501  3.7407 Te-m         4    62                  
   0.137330E+08  1.8521  3.7408              5    67                  
   0.187898E+08  1.8578  3.7417              6    80                  
   0.240457E+08  1.8635  3.7423              7    94                  
   0.293576E+08  1.8692  3.7429              8   108                  
   0.348625E+08  1.8751  3.7436              9   122                  
   0.403692E+08  1.8809  3.7442             10   137                  
   0.458872E+08  1.8866  3.7447             11   152                  
   0.512878E+08  1.8921  3.7452             12   168                  
   0.565426E+08  1.8972  3.7455             13   185                  
   0.615698E+08  1.9020  3.7457 Te-M        14   201                  
   0.617955E+08  1.9023  3.7457             15   202                  
   0.671422E+08  1.9076  3.7455             16   221                  
   0.723186E+08  1.9130  3.7450             17   241                  
   0.782343E+08  1.9197  3.7440             18   267                  
   0.843491E+08  1.9277  3.7427             19   295                  
   0.908027E+08  1.9378  3.7407             20   327                  
   0.939180E+08  1.9451  3.7391             21   335                  
   0.976590E+08  1.9560  3.7373             22   344                  
   0.102506E+09  1.9819  3.7330             23   356                  
   0.104093E+09  2.0020  3.7304             24   361                  
   0.104816E+09  2.0320  3.7267             25   366                  
   0.105016E+09  2.0590  3.7239             26   369                  
   0.105154E+09  2.1062  3.7200 Yc=0        27   381                  
   0.105232E+09  2.1643  3.7162             28   385                  
   0.105311E+09  2.2307  3.7122             29   389                  
   0.105399E+09  2.2939  3.7086             30   393                  
   0.105496E+09  2.3248  3.7072 L-M         31   396                  
   0.106114E+09  2.2735  3.7099 L-m         32   406                  
   0.107575E+09  2.3550  3.7053             33   414                  
   0.108193E+09  2.4352  3.7010             34   417                  
   0.108676E+09  2.4947  3.6979             35   420                  
   0.109171E+09  2.5570  3.6945             36   432                  
   0.109641E+09  2.6239  3.6909             37   437                  
   0.110067E+09  2.6906  3.6873             38   445                  
   0.110429E+09  2.7506  3.6838             39   459                  
   0.110773E+09  2.8105  3.6797             40   464                  
   0.111027E+09  2.8804  3.6756             41   471                  
   0.111207E+09  2.9402  3.6722             42   484                  
   0.111373E+09  3.0014  3.6688             43   511                  
   0.111523E+09  3.0599  3.6649             44   537                  
   0.111666E+09  3.1183  3.6607             45   573                  
   0.111767E+09  3.0541  3.6655             46   614                  
   0.111780E+09  3.1265  3.6603             47   620                  
   0.111792E+09  3.1955  3.6562             48   624                  
   0.111810E+09  3.2552  3.6525             49   637                  
   0.111830E+09  3.2796  3.6507 C=0.5364    50   658                  
   0.000000E+00  1.8624  3.7450 M=  1.30                     1    52  
   0.384238E+07  1.8685  3.7427              2    64                  
   0.859717E+07  1.8759  3.7418              3    77                  
   0.925387E+07  1.8769  3.7418 Te-m         4    78                  
   0.135158E+08  1.8829  3.7422              5    90                  
   0.185633E+08  1.8899  3.7429              6   103                  
   0.236832E+08  1.8968  3.7436              7   117                  
   0.289223E+08  1.9039  3.7442              8   131                  
   0.343208E+08  1.9110  3.7450              9   145                  
   0.398072E+08  1.9180  3.7457             10   160                  
   0.452103E+08  1.9249  3.7464             11   175                  
   0.505187E+08  1.9314  3.7470             12   191                  
   0.556579E+08  1.9372  3.7472             13   208                  
   0.590777E+08  1.9411  3.7473 Te-M        14   219                  
   0.607940E+08  1.9431  3.7472             15   225                  
   0.659219E+08  1.9488  3.7471             16   244                  
   0.709378E+08  1.9543  3.7466             17   263                  
   0.766882E+08  1.9612  3.7455             18   290                  
   0.824257E+08  1.9684  3.7439             19   316                  
   0.889060E+08  1.9780  3.7420             20   349                  
   0.916945E+08  1.9839  3.7403             21   356                  
   0.952828E+08  1.9931  3.7381             22   365                  
   0.100182E+09  2.0162  3.7336             23   378                  
   0.101591E+09  2.0339  3.7309             24   382                  
   0.102322E+09  2.0610  3.7272             25   387                  
   0.102514E+09  2.0855  3.7246             26   390                  
   0.102634E+09  2.1222  3.7214 Yc=0        27   399                  
   0.102719E+09  2.1854  3.7172             28   405                  
   0.102793E+09  2.2502  3.7132             29   409                  
   0.102880E+09  2.3138  3.7096             30   413                  
   0.102969E+09  2.3409  3.7083 L-M         31   416                  
   0.103702E+09  2.2898  3.7111 L-m         32   426                  
   0.104747E+09  2.3576  3.7074             33   432                  
   0.105325E+09  2.4432  3.7028             34   435                  
   0.105903E+09  2.5239  3.6983             35   438                  
   0.106481E+09  2.6117  3.6936             36   441                  
   0.106866E+09  2.6778  3.6901             37   443                  
   0.107241E+09  2.7431  3.6868             38   446                  
   0.107608E+09  2.8096  3.6829             39   451                  
   0.107854E+09  2.8721  3.6782             40   455                  
   0.108043E+09  2.9312  3.6751             41   470                  
   0.108201E+09  2.9913  3.6718             42   478                  
   0.108340E+09  3.0500  3.6684             43   490                  
   0.108480E+09  3.1110  3.6642             44   507                  
   0.108618E+09  3.1697  3.6602             45   555                  
   0.108682E+09  3.2291  3.6568             46   583                  
   0.108693E+09  3.2437  3.6559 C=0.5424    47   593                  
   0.000000E+00  1.8973  3.7476 M=  1.40                     1    52  
   0.399699E+07  1.8959  3.7446              2    64                  
   0.887450E+07  1.9034  3.7436 Te-m         3    77                  
   0.138559E+08  1.9119  3.7442              4    91                  
   0.189930E+08  1.9207  3.7451              5   104                  
   0.242047E+08  1.9294  3.7459              6   118                  
   0.295054E+08  1.9382  3.7470              7   132                  
   0.348675E+08  1.9467  3.7477              8   146                  
   0.403801E+08  1.9553  3.7484              9   161                  
   0.457818E+08  1.9634  3.7489             10   176                  
   0.509761E+08  1.9708  3.7494             11   192                  
   0.560602E+08  1.9779  3.7492             12   208                  
   0.612378E+08  1.9848  3.7495             13   226                  
   0.621890E+08  1.9859  3.7495 Te-M        14   229                  
   0.663692E+08  1.9913  3.7494             15   245                  
   0.713548E+08  1.9974  3.7489             16   264                  
   0.773615E+08  2.0049  3.7481             17   290                  
   0.827945E+08  2.0118  3.7466             18   318                  
   0.891533E+08  2.0205  3.7439             19   348                  
   0.921507E+08  2.0256  3.7423             20   356                  
   0.953692E+08  2.0329  3.7396             21   363                  
   0.994579E+08  2.0507  3.7347             22   374                  
   0.100799E+09  2.0652  3.7321             23   379                  
   0.101484E+09  2.0885  3.7282             24   384                  
   0.101668E+09  2.1099  3.7257             25   387                  
   0.101792E+09  2.1480  3.7222 Yc=0        26   398                  
   0.101875E+09  2.2122  3.7177             27   403                  
   0.101946E+09  2.2766  3.7139             28   407                  
   0.102034E+09  2.3399  3.7105             29   411                  
   0.102125E+09  2.3593  3.7093 L-M         30   414                  
   0.102682E+09  2.3097  3.7122 L-m         31   423                  
   0.103712E+09  2.3716  3.7086             32   431                  
   0.104126E+09  2.4379  3.7051             33   434                  
   0.104557E+09  2.5049  3.7016             34   437                  
   0.105114E+09  2.5883  3.6973             35   440                  
   0.105485E+09  2.6501  3.6938             36   442                  
   0.105849E+09  2.7183  3.6903             37   444                  
   0.106247E+09  2.7957  3.6861             38   448                  
   0.106599E+09  2.8694  3.6820             39   453                  
   0.106817E+09  2.9305  3.6775             40   457                  
   0.106975E+09  2.9918  3.6740             41   467                  
   0.107127E+09  3.0522  3.6707             42   490                  
   0.107261E+09  3.1127  3.6674             43   507                  
   0.107384E+09  3.1701  3.6629             44   532                  
   0.107518E+09  3.2370  3.6587             45   593                  
   0.107538E+09  3.2978  3.6550             46   601                  
   0.107540E+09  3.3011  3.6548 C=0.5494    47   602                  
   0.000000E+00  1.9034  3.7514 M=  1.50                     1    52  
   0.447603E+07  1.9024  3.7474              2    64                  
   0.807737E+07  1.9079  3.7466 Te-m         3    72                  
   0.992853E+07  1.9117  3.7468              4    77                  
   0.154943E+08  1.9233  3.7478              5    90                  
   0.210863E+08  1.9346  3.7487              6   103                  
   0.268061E+08  1.9460  3.7497              7   117                  
   0.326231E+08  1.9571  3.7505              8   131                  
   0.384398E+08  1.9681  3.7516              9   145                  
   0.443205E+08  1.9789  3.7525             10   160                  
   0.499910E+08  1.9888  3.7532             11   175                  
   0.555550E+08  1.9982  3.7538             12   191                  
   0.609934E+08  2.0071  3.7542             13   208                  
   0.664077E+08  2.0153  3.7545 Te-M        14   225                  
   0.713328E+08  2.0227  3.7544             15   242                  
   0.768422E+08  2.0302  3.7534             16   265                  
   0.827091E+08  2.0382  3.7525             17   291                  
   0.885351E+08  2.0457  3.7502             18   318                  
   0.951115E+08  2.0545  3.7474             19   349                  
   0.979966E+08  2.0583  3.7449             20   359                  
   0.101345E+09  2.0641  3.7422             21   367                  
   0.105455E+09  2.0769  3.7366             22   378                  
   0.106738E+09  2.0876  3.7336             23   383                  
   0.107418E+09  2.1067  3.7296             24   388                  
   0.107600E+09  2.1253  3.7270             25   391                  
   0.107727E+09  2.1616  3.7232 Yc=0        26   402                  
   0.107814E+09  2.2292  3.7187             27   407                  
   0.107887E+09  2.2940  3.7148             28   411                  
   0.107980E+09  2.3548  3.7116             29   415                  
   0.108040E+09  2.3657  3.7110 L-M         30   417                  
   0.108617E+09  2.3177  3.7135 L-m         31   425                  
   0.109665E+09  2.3862  3.7097             32   432                  
   0.110179E+09  2.4716  3.7053             33   435                  
   0.110692E+09  2.5479  3.7013             34   438                  
   0.111205E+09  2.6315  3.6970             35   441                  
   0.111547E+09  2.6940  3.6936             36   443                  
   0.111903E+09  2.7632  3.6899             37   446                  
   0.112243E+09  2.8345  3.6861             38   450                  
   0.112481E+09  2.8929  3.6826             39   454                  
   0.112692E+09  2.9545  3.6782             40   459                  
   0.112854E+09  3.0163  3.6751             41   484                  
   0.112992E+09  3.0778  3.6716             42   511                  
   0.113116E+09  3.1378  3.6682             43   545                  
   0.113244E+09  3.1971  3.6640             44   575                  
   0.113354E+09  3.2574  3.6599             45   629                  
   0.113371E+09  3.2811  3.6588 C=0.5515    46   635                  
   0.000000E+00  1.9142  3.7571 M=  1.60                     1    53  
   0.509286E+07  1.9095  3.7514              2    65                  
   0.731210E+07  1.9131  3.7508 Te-m         3    69                  
   0.112603E+08  1.9225  3.7516              4    78                  
   0.174960E+08  1.9373  3.7528              5    91                  
   0.237733E+08  1.9516  3.7539              6   104                  
   0.300933E+08  1.9653  3.7549              7   118                  
   0.364264E+08  1.9789  3.7562              8   132                  
   0.427809E+08  1.9922  3.7573              9   147                  
   0.491212E+08  2.0050  3.7583             10   161                  
   0.552702E+08  2.0171  3.7593             11   176                  
   0.611562E+08  2.0283  3.7601             12   192                  
   0.668455E+08  2.0388  3.7608             13   208                  
   0.723651E+08  2.0485  3.7611             14   226                  
   0.742440E+08  2.0514  3.7610 Te-M        15   231                  
   0.780306E+08  2.0575  3.7608             16   246                  
   0.837384E+08  2.0664  3.7601             17   270                  
   0.897008E+08  2.0755  3.7586             18   298                  
   0.954712E+08  2.0835  3.7559             19   324                  
   0.102307E+09  2.0924  3.7522             20   359                  
   0.105244E+09  2.0959  3.7487             21   367                  
   0.108804E+09  2.1001  3.7449             22   376                  
   0.113106E+09  2.1083  3.7385             23   388                  
   0.114419E+09  2.1156  3.7350             24   392                  
   0.115068E+09  2.1293  3.7309             25   398                  
   0.115245E+09  2.1448  3.7281             26   401                  
   0.115366E+09  2.1758  3.7246 Yc=0        27   411                  
   0.115449E+09  2.2384  3.7202             28   416                  
   0.115521E+09  2.3029  3.7164             29   420                  
   0.115611E+09  2.3628  3.7128             30   424                  
   0.115668E+09  2.3738  3.7124 L-M         31   426                  
   0.116181E+09  2.3271  3.7150 L-m         32   434                  
   0.117236E+09  2.3954  3.7113             33   443                  
   0.117647E+09  2.4700  3.7072             34   446                  
   0.118089E+09  2.5414  3.7034             35   449                  
   0.118592E+09  2.6247  3.6991             36   452                  
   0.118928E+09  2.6852  3.6961             37   454                  
   0.119256E+09  2.7526  3.6926             38   456                  
   0.119602E+09  2.8318  3.6882             39   460                  
   0.119898E+09  2.8948  3.6847             40   465                  
   0.120107E+09  2.9582  3.6801             41   470                  
   0.120260E+09  3.0173  3.6771             42   484                  
   0.120395E+09  3.0770  3.6737             43   499                  
   0.120513E+09  3.1367  3.6704             44   517                  
   0.120628E+09  3.1955  3.6672             45   547                  
   0.120753E+09  3.2535  3.6626             46   599                  
   0.120834E+09  3.3240  3.6586             47   626                  
   0.120845E+09  3.3843  3.6545             48   634                  
   0.120874E+09  3.4402  3.6512 C=0.5577    49   666                  
   0.000000E+00  1.7776  3.7673 M=  1.70                     1    14  
   0.815248E+07  1.7717  3.7608 Te-m         2    23                  
   0.145478E+08  1.7852  3.7613              3    29                  
   0.290333E+08  1.8161  3.7629              4    42                  
   0.424622E+08  1.8461  3.7647              5    56                  
   0.546145E+08  1.8714  3.7659              6    82                  
   0.657951E+08  1.8958  3.7673              7   106                  
   0.765239E+08  1.9186  3.7687              8   128                  
   0.872116E+08  1.9412  3.7700              9   149                  
   0.973007E+08  1.9624  3.7712             10   169                  
   0.106575E+09  1.9810  3.7720             11   186                  
   0.115211E+09  1.9982  3.7728             12   203                  
   0.123237E+09  2.0141  3.7734             13   220                  
   0.129156E+09  2.0255  3.7736 Te-M        14   233                  
   0.130884E+09  2.0287  3.7735             15   238                  
   0.137822E+09  2.0413  3.7733             16   255                  
   0.145996E+09  2.0557  3.7721             17   284                  
   0.155118E+09  2.0710  3.7696             18   324                  
   0.161015E+09  2.0799  3.7664             19   352                  
   0.170030E+09  2.0925  3.7608             20   393                  
   0.172516E+09  2.0948  3.7574             21   399                  
   0.175683E+09  2.0972  3.7524             22   407                  
   0.180409E+09  2.0978  3.7436             23   419                  
   0.181879E+09  2.0985  3.7389             24   423                  
   0.182643E+09  2.1036  3.7340             25   428                  
   0.182842E+09  2.1144  3.7313             26   431                  
   0.182980E+09  2.1420  3.7275 Yc=0        27   442                  
   0.183078E+09  2.2056  3.7228             28   447                  
   0.183160E+09  2.2710  3.7189             29   451                  
   0.183266E+09  2.3304  3.7157             30   455                  
   0.183333E+09  2.3390  3.7151 L-M         31   457                  
   0.183968E+09  2.2881  3.7181 L-m         32   466                  
   0.185455E+09  2.3620  3.7136             33   475                  
   0.186061E+09  2.4443  3.7095             34   478                  
   0.186511E+09  2.5035  3.7066             35   480                  
   0.187002E+09  2.5730  3.7030             36   482                  
   0.187445E+09  2.6476  3.6993             37   484                  
   0.187889E+09  2.7177  3.6957             38   488                  
   0.188275E+09  2.7892  3.6921             39   493                  
   0.188537E+09  2.8565  3.6883             40   501                  
   0.188726E+09  2.9153  3.6851             41   515                  
   0.188908E+09  2.9807  3.6805             42   539                  
   0.189054E+09  3.0400  3.6773             43   569                  
   0.189202E+09  3.0993  3.6741             44   606                  
   0.189344E+09  3.1622  3.6706             45   641                  
   0.189366E+09  3.2018  3.6684 C=0.5370    46   648                  
   3   3   5   5   5   5   5   7   7   7   7   7   7   7   7   7   7   7   7
   1  26  65                                                             !  0.50 0 1
   1  27  62                                                             !  0.53 0 2
   1  27  33  34  62                                                     !  0.53 0 3
   1  27  42  43  59                                                     !  0.55 0 4
   1  27  34  35  49                                                     !  0.57 0 5
   1  25  30  32  45                                                     !  0.60 0 6
   1  27  31  32  48                                                     !  0.65 0 7
   1   4  10  27  31  32  48                                             !  0.65 5 8
   1   4  12  27  31  33  48                                             !  0.70 6 9
   1   4  13  27  31  33  48                                             !  0.80 7 10
   1   4  14  27  31  33  49                                             !  0.90 8 11
   1   4  14  27  31  32  46                                             !  1.00 9 12
   1   4  15  27  31  32  46                                             !  1.10 10 13
   1   4  14  27  31  32  50                                             !  1.20 11 14 
   1   4  14  27  31  32  47                                             !  1.30 12 15
   1   3  14  26  30  31  47                                             !  1.40 13 16
   1   3  14  26  30  31  46                                             !  1.50 14 17
   1   3  15  27  31  32  49                                             !  1.60 15 18
   1   2  14  27  31  32  46                                             !  1.70 17 19
  0.4884  0.4919  0.4919  0.4950  0.4973  0.5016  0.5090  0.5090  0.5145  0.5191
  0.5249  0.5280  0.5320  0.5364  0.5424  0.5494  0.5515  0.5577  0.5370
	INTERPOLA
   0 0 0 0 0 0 0 5 6 7 8 9 10 11 12 13 14 15 17

