   5
   1   3   4   8   9  13  14  14  15  16
  16
  76  73  73  73  71  71  72  74  74  75  74  73  70  70  70  56
    0.60    0.70    0.80    0.80    0.90    1.00    1.10    1.20    1.20    1.30
    1.40    1.50    1.60    1.60    1.60    1.70
   0.000000E+00 -0.8466  3.7035 M=  0.60                     1    14  
   0.823551E+09 -0.8322  3.7048              2    21                  
   0.288235E+10 -0.8111  3.7071              3    42                  
   0.485546E+10 -0.7923  3.7094              4    61                  
   0.683597E+10 -0.7729  3.7119              5    79                  
   0.882097E+10 -0.7521  3.7146              6    95                  
   0.108127E+11 -0.7307  3.7174              7   111                  
   0.128155E+11 -0.7075  3.7204              8   127                  
   0.148371E+11 -0.6829  3.7233              9   142                  
   0.168869E+11 -0.6557  3.7268             10   156                  
   0.189680E+11 -0.6261  3.7303             11   170                  
   0.210962E+11 -0.5928  3.7342             12   184                  
   0.232808E+11 -0.5551  3.7386             13   199                  
   0.255483E+11 -0.5110  3.7436             14   218                  
   0.280512E+11 -0.4545  3.7495             15   245                  
   0.295757E+11 -0.4159  3.7530             16   252                  
   0.315273E+11 -0.3580  3.7580             17   261                  
   0.351100E+11 -0.2112  3.7669             18   280                  
   0.363277E+11 -0.1405  3.7701             19   294                  
   0.368837E+11 -0.1048  3.7714             20   303                  
   0.371640E+11 -0.0849  3.7720             21   313                  
   0.377903E+11 -0.0336  3.7724 Te-h        22   327                  
   0.381563E+11  0.0022  3.7721 Xc=0        23   341                  
   0.386797E+11  0.0623  3.7690             24   348                  
   0.390516E+11  0.1165  3.7653 Brg         25   353                  
   0.393564E+11  0.1785  3.7587             26   359                  
   0.395829E+11  0.2412  3.7507             27   365                  
   0.397473E+11  0.3030  3.7435             28   370                  
   0.398726E+11  0.3635  3.7383             29   374                  
   0.399919E+11  0.4320  3.7344             30   378                  
   0.400952E+11  0.4989  3.7317             31   383                  
   0.401800E+11  0.5620  3.7298             32   389                  
   0.402609E+11  0.6240  3.7285             33   396                  
   0.403343E+11  0.6885  3.7273             34   404                  
   0.403994E+11  0.7521  3.7264             35   415                  
   0.404550E+11  0.8157  3.7253             36   427                  
   0.405023E+11  0.8796  3.7241             37   440                  
   0.405477E+11  0.9450  3.7230             38   453                  
   0.405854E+11  1.0077  3.7218             39   468                  
   0.406188E+11  1.0711  3.7206             40   484                  
   0.406465E+11  1.1311  3.7193             41   502                  
   0.406723E+11  1.1943  3.7179             42   523                  
   0.406951E+11  1.2550  3.7165             43   542                  
   0.407136E+11  1.3148  3.7149             44   561                  
   0.407310E+11  1.3771  3.7132             45   582                  
   0.407460E+11  1.4391  3.7115             46   605                  
   0.407598E+11  1.5032  3.7097             47   636                  
   0.407714E+11  1.5629  3.7078             48   663                  
   0.407819E+11  1.6230  3.7060             49   692                  
   0.407915E+11  1.6843  3.7039             50   726                  
   0.408000E+11  1.7448  3.7020             51   762                  
   0.408110E+11  1.8101  3.6998             52   824                  
   0.408169E+11  1.8703  3.6977             53   864                  
   0.408223E+11  1.9302  3.6953             54   906                  
   0.408271E+11  1.9913  3.6930             55   952                  
   0.408314E+11  2.0516  3.6907             56  1002                  
   0.408352E+11  2.1114  3.6885             57  1060                  
   0.408390E+11  2.1754  3.6857             58  1069                  
   0.408421E+11  2.2354  3.6832             59  1078                  
   0.408451E+11  2.3014  3.6803             60  1088                  
   0.408477E+11  2.3659  3.6774             61  1098                  
   0.408499E+11  2.4307  3.6743             62  1108                  
   0.408518E+11  2.4938  3.6711             63  1118                  
   0.408536E+11  2.5551  3.6676             64  1129                  
   0.408552E+11  2.6164  3.6651             65  1140                  
   0.408566E+11  2.6770  3.6623             66  1152                  
   0.408579E+11  2.7367  3.6583             67  1164                  
   0.408590E+11  2.7973  3.6553             68  1175                  
   0.408599E+11  2.8583  3.6521             69  1187                  
   0.408609E+11  2.9175  3.6492             70  1200                  
   0.408617E+11  2.9795  3.6462             71  1214                  
   0.408626E+11  3.0403  3.6432             72  1230                  
   0.408632E+11  3.1061  3.6389             73  1245                  
   0.408639E+11  3.1657  3.6371             74  1261                  
   0.408644E+11  3.2268  3.6337             75  1297                  
   0.408647E+11  3.2609  3.6322 F           76  1317                  
   0.000000E+00 -0.5462  3.7444 M=  0.70                     1    11  
   0.556258E+09 -0.5269  3.7455              2    19                  
   0.177488E+10 -0.5054  3.7479              3    40                  
   0.293523E+10 -0.4856  3.7503              4    59                  
   0.409047E+10 -0.4654  3.7528              5    77                  
   0.524398E+10 -0.4439  3.7555              6    94                  
   0.639396E+10 -0.4217  3.7581              7   110                  
   0.754207E+10 -0.3982  3.7609              8   125                  
   0.869178E+10 -0.3728  3.7638              9   140                  
   0.984177E+10 -0.3462  3.7662             10   154                  
   0.109940E+11 -0.3173  3.7691             11   168                  
   0.121504E+11 -0.2858  3.7722             12   182                  
   0.133247E+11 -0.2509  3.7754             13   197                  
   0.145653E+11 -0.2096  3.7788             14   216                  
   0.160229E+11 -0.1534  3.7830             15   243                  
   0.169613E+11 -0.1128  3.7854             16   250                  
   0.181623E+11 -0.0509  3.7888             17   259                  
   0.198665E+11  0.0656  3.7940             18   278                  
   0.202574E+11  0.0981  3.7952             19   292                  
   0.205967E+11  0.1288  3.7957             20   302                  
   0.207862E+11  0.1477  3.7958 Te-M        21   310                  
   0.208054E+11  0.1497  3.7957             22   311                  
   0.214979E+11  0.2336  3.7939 Xc=0        23   339                  
   0.218839E+11  0.2944  3.7886             24   347                  
   0.221450E+11  0.3482  3.7819             25   353                  
   0.223464E+11  0.4037  3.7710 Brg         26   360                  
   0.224743E+11  0.4487  3.7596             27   366                  
   0.225699E+11  0.4959  3.7499             28   372                  
   0.226590E+11  0.5581  3.7413             29   378                  
   0.227266E+11  0.6174  3.7369             30   383                  
   0.227895E+11  0.6841  3.7337             31   389                  
   0.228447E+11  0.7498  3.7315             32   396                  
   0.228951E+11  0.8167  3.7296             33   406                  
   0.229376E+11  0.8788  3.7282             34   415                  
   0.229760E+11  0.9425  3.7267             35   425                  
   0.230093E+11  1.0024  3.7254             36   436                  
   0.230402E+11  1.0664  3.7240             37   449                  
   0.230659E+11  1.1268  3.7227             38   466                  
   0.230895E+11  1.1883  3.7213             39   483                  
   0.231114E+11  1.2485  3.7199             40   501                  
   0.231294E+11  1.3119  3.7183             41   519                  
   0.231454E+11  1.3725  3.7166             42   538                  
   0.231604E+11  1.4341  3.7148             43   561                  
   0.231732E+11  1.4954  3.7130             44   587                  
   0.231850E+11  1.5568  3.7112             45   615                  
   0.231950E+11  1.6166  3.7092             46   641                  
   0.232043E+11  1.6787  3.7073             47   671                  
   0.232127E+11  1.7390  3.7052             48   704                  
   0.232198E+11  1.7994  3.7031             49   738                  
   0.232270E+11  1.8591  3.7009             50   782                  
   0.232376E+11  1.9221  3.6989             51   864                  
   0.232423E+11  1.9823  3.6966             52   907                  
   0.232465E+11  2.0418  3.6941             53   954                  
   0.232503E+11  2.1016  3.6920             54  1006                  
   0.232537E+11  2.1615  3.6896             55  1066                  
   0.232568E+11  2.2222  3.6871             56  1130                  
   0.232594E+11  2.2822  3.6843             57  1199                  
   0.232620E+11  2.3445  3.6816             58  1224                  
   0.232643E+11  2.4054  3.6786             59  1233                  
   0.232664E+11  2.4693  3.6756             60  1243                  
   0.232683E+11  2.5323  3.6725             61  1253                  
   0.232699E+11  2.5935  3.6688             62  1264                  
   0.232713E+11  2.6559  3.6662             63  1275                  
   0.232728E+11  2.7240  3.6627             64  1288                  
   0.232739E+11  2.7824  3.6586             65  1300                  
   0.232750E+11  2.8456  3.6553             66  1313                  
   0.232760E+11  2.9091  3.6521             67  1327                  
   0.232768E+11  2.9691  3.6486             68  1340                  
   0.232776E+11  3.0289  3.6455             69  1354                  
   0.232783E+11  3.0872  3.6415             70  1369                  
   0.232789E+11  3.1506  3.6384             71  1385                  
   0.232795E+11  3.2111  3.6353             72  1420                  
   0.232800E+11  3.2549  3.6328 F           73  1447                  
   0.000000E+00 -0.2714  3.7810 M=  0.80                     1    10  
   0.350181E+09 -0.2514  3.7826              2    18                  
   0.111446E+10 -0.2301  3.7845              3    39                  
   0.183465E+10 -0.2103  3.7866              4    58                  
   0.254567E+10 -0.1897  3.7887              5    76                  
   0.324987E+10 -0.1687  3.7909              6    92                  
   0.394665E+10 -0.1468  3.7930              7   108                  
   0.463591E+10 -0.1238  3.7951              8   124                  
   0.531884E+10 -0.0999  3.7973              9   139                  
   0.599268E+10 -0.0745  3.7995             10   153                  
   0.666157E+10 -0.0478  3.8017             11   167                  
   0.733323E+10 -0.0188  3.8039             12   181                  
   0.802848E+10  0.0138  3.8062             13   196                  
   0.879508E+10  0.0540  3.8088             14   215                  
   0.973888E+10  0.1120  3.8121             15   242                  
   0.103388E+11  0.1535  3.8138             16   249                  
   0.110166E+11  0.2090  3.8162             17   258                  
   0.117464E+11  0.2806  3.8187             18   276                  
   0.119599E+11  0.3041  3.8191             19   290                  
   0.121536E+11  0.3268  3.8190 Te-M        20   298                  
   0.121975E+11  0.3322  3.8190             21   301                  
   0.123523E+11  0.3528  3.8189             22   310                  
   0.128663E+11  0.4351  3.8154 Xc=0        23   338                  
   0.131507E+11  0.4951  3.8082             24   346                  
   0.133504E+11  0.5502  3.7980             25   353                  
   0.134649E+11  0.5903  3.7862             26   359                  
   0.135506E+11  0.6215  3.7732             27   365                  
   0.136215E+11  0.6516  3.7598             28   371                  
   0.136327E+11  0.6574  3.7576 Brg         29   372                  
   0.136991E+11  0.7086  3.7464             30   378                  
   0.137503E+11  0.7708  3.7406             31   385                  
   0.137893E+11  0.8360  3.7369             32   392                  
   0.138242E+11  0.8969  3.7344             33   400                  
   0.138559E+11  0.9581  3.7326             34   408                  
   0.138844E+11  1.0210  3.7307             35   417                  
   0.139117E+11  1.0855  3.7292             36   428                  
   0.139366E+11  1.1484  3.7277             37   441                  
   0.139568E+11  1.2120  3.7260             38   455                  
   0.139753E+11  1.2724  3.7245             39   470                  
   0.139915E+11  1.3360  3.7227             40   486                  
   0.140059E+11  1.3962  3.7209             41   503                  
   0.140192E+11  1.4579  3.7191             42   524                  
   0.140311E+11  1.5193  3.7171             43   547                  
   0.140416E+11  1.5799  3.7151             44   570                  
   0.140509E+11  1.6407  3.7132             45   595                  
   0.140592E+11  1.7014  3.7111             46   622                  
   0.140665E+11  1.7610  3.7090             47   652                  
   0.140732E+11  1.8207  3.7069             48   684                  
   0.140794E+11  1.8817  3.7045             49   722                  
   0.140856E+11  1.9430  3.7024             50   768                  
   0.140900E+11  1.9652  3.7017             51   807                  
   0.140927E+11  1.9528  3.7025             52   832                  
   0.140971E+11  2.0122  3.6999             53   875                  
   0.141010E+11  2.0724  3.6975             54   923                  
   0.141048E+11  2.1372  3.6948             55   963                  
   0.141081E+11  2.1989  3.6924             56   971                  
   0.141113E+11  2.2639  3.6895             57   980                  
   0.141140E+11  2.3296  3.6868             58   989                  
   0.141163E+11  2.3906  3.6839             59   998                  
   0.141185E+11  2.4559  3.6808             60  1008                  
   0.141204E+11  2.5194  3.6778             61  1018                  
   0.141222E+11  2.5850  3.6743             62  1029                  
   0.141236E+11  2.6469  3.6711             63  1040                  
   0.141250E+11  2.7129  3.6677             64  1052                  
   0.141262E+11  2.7733  3.6646             65  1064                  
   0.141273E+11  2.8373  3.6608             66  1077                  
   0.141282E+11  2.8981  3.6566             67  1090                  
   0.141291E+11  2.9603  3.6537             68  1104                  
   0.141299E+11  3.0190  3.6504             69  1117                  
   0.141305E+11  3.0778  3.6472             70  1131                  
   0.141312E+11  3.1386  3.6428             71  1147                  
   0.141318E+11  3.1978  3.6394             72  1167                  
   0.141323E+11  3.2473  3.6366 F           73  1195                  
   0.000000E+00 -0.2714  3.7810 M=  0.80                     1    10  
   0.350181E+09 -0.2514  3.7826              2    18                  
   0.111446E+10 -0.2301  3.7845              3    39                  
   0.183465E+10 -0.2103  3.7866              4    58                  
   0.254567E+10 -0.1897  3.7887              5    76                  
   0.324987E+10 -0.1687  3.7909              6    92                  
   0.394665E+10 -0.1468  3.7930              7   108                  
   0.463591E+10 -0.1238  3.7951              8   124                  
   0.531884E+10 -0.0999  3.7973              9   139                  
   0.599268E+10 -0.0745  3.7995             10   153                  
   0.666157E+10 -0.0478  3.8017             11   167                  
   0.733323E+10 -0.0188  3.8039             12   181                  
   0.802848E+10  0.0138  3.8062             13   196                  
   0.879508E+10  0.0540  3.8088             14   215                  
   0.973888E+10  0.1120  3.8121             15   242                  
   0.103388E+11  0.1535  3.8138             16   249                  
   0.110166E+11  0.2090  3.8162             17   258                  
   0.117464E+11  0.2806  3.8187             18   276                  
   0.119599E+11  0.3041  3.8191             19   290                  
   0.121536E+11  0.3268  3.8190 Te-M        20   298                  
   0.121975E+11  0.3322  3.8190             21   301                  
   0.123523E+11  0.3528  3.8189             22   310                  
   0.128663E+11  0.4351  3.8154 Xc=0        23   338                  
   0.131507E+11  0.4951  3.8082             24   346                  
   0.133504E+11  0.5502  3.7980             25   353                  
   0.134649E+11  0.5903  3.7862             26   359                  
   0.135506E+11  0.6215  3.7732             27   365                  
   0.136215E+11  0.6516  3.7598             28   371                  
   0.136327E+11  0.6574  3.7576 Brg         29   372                  
   0.136991E+11  0.7086  3.7464             30   378                  
   0.137503E+11  0.7708  3.7406             31   385                  
   0.137893E+11  0.8360  3.7369             32   392                  
   0.138242E+11  0.8969  3.7344             33   400                  
   0.138559E+11  0.9581  3.7326             34   408                  
   0.138844E+11  1.0210  3.7307             35   417                  
   0.139117E+11  1.0855  3.7292             36   428                  
   0.139366E+11  1.1484  3.7277             37   441                  
   0.139568E+11  1.2120  3.7260             38   455                  
   0.139753E+11  1.2724  3.7245             39   470                  
   0.139915E+11  1.3360  3.7227             40   486                  
   0.140059E+11  1.3962  3.7209             41   503                  
   0.140192E+11  1.4579  3.7191             42   524                  
   0.140311E+11  1.5193  3.7171             43   547                  
   0.140416E+11  1.5799  3.7151             44   570                  
   0.140509E+11  1.6407  3.7132             45   595                  
   0.140592E+11  1.7014  3.7111             46   622                  
   0.140665E+11  1.7610  3.7090             47   652                  
   0.140732E+11  1.8207  3.7069             48   684                  
   0.140794E+11  1.8817  3.7045             49   722                  
   0.140856E+11  1.9430  3.7024             50   768                  
   0.140900E+11  1.9652  3.7017 L-M         51   807                  
   0.140927E+11  1.9528  3.7025 L-m         52   832                  
   0.140971E+11  2.0122  3.6999             53   875                  
   0.141010E+11  2.0724  3.6975             54   923                  
   0.141048E+11  2.1372  3.6948             55   963                  
   0.141081E+11  2.1989  3.6924             56   971                  
   0.141113E+11  2.2639  3.6895             57   980                  
   0.141140E+11  2.3296  3.6868             58   989                  
   0.141163E+11  2.3906  3.6839             59   998                  
   0.141185E+11  2.4559  3.6808             60  1008                  
   0.141204E+11  2.5194  3.6778             61  1018                  
   0.141222E+11  2.5850  3.6743             62  1029                  
   0.141236E+11  2.6469  3.6711             63  1040                  
   0.141250E+11  2.7129  3.6677             64  1052                  
   0.141262E+11  2.7733  3.6646             65  1064                  
   0.141273E+11  2.8373  3.6608             66  1077                  
   0.141282E+11  2.8981  3.6566             67  1090                  
   0.141291E+11  2.9603  3.6537             68  1104                  
   0.141299E+11  3.0190  3.6504             69  1117                  
   0.141305E+11  3.0778  3.6472             70  1131                  
   0.141312E+11  3.1386  3.6428             71  1147                  
   0.141318E+11  3.1978  3.6394             72  1167                  
   0.141323E+11  3.2473  3.6366 F           73  1195                  
   0.000000E+00 -0.0269  3.8118 M=  0.90                     1     9  
   0.219236E+09 -0.0084  3.8135              2    17                  
   0.728547E+09  0.0129  3.8153              3    38                  
   0.119936E+10  0.0325  3.8171              4    57                  
   0.165810E+10  0.0525  3.8190              5    74                  
   0.210921E+10  0.0727  3.8208              6    91                  
   0.255231E+10  0.0936  3.8227              7   107                  
   0.298610E+10  0.1152  3.8245              8   122                  
   0.341227E+10  0.1374  3.8263              9   137                  
   0.383164E+10  0.1606  3.8281             10   152                  
   0.424944E+10  0.1852  3.8300             11   166                  
   0.467674E+10  0.2123  3.8318             12   179                  
   0.513259E+10  0.2437  3.8339             13   194                  
   0.565200E+10  0.2841  3.8365             14   213                  
   0.627087E+10  0.3404  3.8398             15   240                  
   0.662708E+10  0.3757  3.8410             16   247                  
   0.697896E+10  0.4159  3.8430             17   255                  
   0.734298E+10  0.4619  3.8446             18   274                  
   0.747969E+10  0.4809  3.8449 Te-M        19   288                  
   0.748432E+10  0.4815  3.8449             20   289                  
   0.765821E+10  0.5078  3.8448             21   300                  
   0.777665E+10  0.5276  3.8447             22   309                  
   0.817857E+10  0.6086  3.8402 Xc=0        23   337                  
   0.839629E+10  0.6664  3.8312             24   345                  
   0.853050E+10  0.7120  3.8203             25   351                  
   0.861952E+10  0.7494  3.8064             26   357                  
   0.868361E+10  0.7781  3.7908             27   363                  
   0.873437E+10  0.7964  3.7742             28   369                  
   0.877922E+10  0.8112  3.7588 Brg         29   375                  
   0.882925E+10  0.8581  3.7458             30   382                  
   0.886223E+10  0.9153  3.7405             31   390                  
   0.889082E+10  0.9766  3.7372             32   397                  
   0.891425E+10  1.0361  3.7347             33   404                  
   0.893646E+10  1.0961  3.7328             34   413                  
   0.895717E+10  1.1579  3.7311             35   424                  
   0.897514E+10  1.2207  3.7293             36   436                  
   0.899202E+10  1.2817  3.7276             37   449                  
   0.900746E+10  1.3419  3.7259             38   463                  
   0.901984E+10  1.4024  3.7240             39   477                  
   0.903158E+10  1.4622  3.7222             40   494                  
   0.904251E+10  1.5234  3.7203             41   513                  
   0.905256E+10  1.5847  3.7183             42   536                  
   0.906146E+10  1.6443  3.7164             43   561                  
   0.906884E+10  1.7042  3.7143             44   586                  
   0.907595E+10  1.7643  3.7123             45   613                  
   0.908239E+10  1.8269  3.7099             46   646                  
   0.908787E+10  1.8868  3.7078             47   679                  
   0.909322E+10  1.9477  3.7053             48   719                  
   0.909791E+10  2.0073  3.7030             49   761                  
   0.910245E+10  2.0447  3.7017 L-M         50   812                  
   0.910611E+10  2.0183  3.7032 L-m         51   855                  
   0.910977E+10  2.0776  3.7007             52   899                  
   0.911319E+10  2.1382  3.6981             53   919                  
   0.911643E+10  2.2008  3.6956             54   927                  
   0.911926E+10  2.2607  3.6930             55   935                  
   0.912199E+10  2.3260  3.6902             56   944                  
   0.912431E+10  2.3885  3.6875             57   953                  
   0.912654E+10  2.4524  3.6845             58   963                  
   0.912833E+10  2.5142  3.6816             59   973                  
   0.913009E+10  2.5776  3.6784             60   984                  
   0.913141E+10  2.6366  3.6753             61   994                  
   0.913282E+10  2.7015  3.6720             62  1006                  
   0.913403E+10  2.7607  3.6688             63  1018                  
   0.913508E+10  2.8220  3.6656             64  1030                  
   0.913605E+10  2.8856  3.6619             65  1043                  
   0.913696E+10  2.9466  3.6581             66  1057                  
   0.913776E+10  3.0092  3.6545             67  1071                  
   0.913849E+10  3.0705  3.6512             68  1086                  
   0.913913E+10  3.1292  3.6478             69  1101                  
   0.913971E+10  3.1884  3.6436             70  1122                  
   0.914021E+10  3.2407  3.6407 F           71  1140                  
   0.000000E+00  0.1887  3.8414 M=  1.00                     1     8  
   0.151021E+09  0.2060  3.8428              2    16                  
   0.512628E+09  0.2275  3.8447              3    37                  
   0.839057E+09  0.2467  3.8466              4    56                  
   0.114828E+10  0.2656  3.8486              5    73                  
   0.144789E+10  0.2847  3.8505              6    90                  
   0.173967E+10  0.3040  3.8523              7   106                  
   0.202492E+10  0.3238  3.8541              8   122                  
   0.230445E+10  0.3442  3.8559              9   136                  
   0.258155E+10  0.3656  3.8577             10   151                  
   0.286187E+10  0.3885  3.8597             11   165                  
   0.315441E+10  0.4145  3.8619             12   179                  
   0.347185E+10  0.4452  3.8645             13   193                  
   0.382526E+10  0.4836  3.8679             14   213                  
   0.421318E+10  0.5315  3.8720             15   239                  
   0.441546E+10  0.5587  3.8737             16   246                  
   0.460646E+10  0.5854  3.8756             17   254                  
   0.482260E+10  0.6189  3.8774             18   274                  
   0.492275E+10  0.6360  3.8780             19   288                  
   0.505641E+10  0.6606  3.8784             20   299                  
   0.513533E+10  0.6765  3.8786 Te-M        21   306                  
   0.515027E+10  0.6797  3.8786             22   308                  
   0.547742E+10  0.7595  3.8745 Xc=0        23   336                  
   0.563230E+10  0.8085  3.8653             24   343                  
   0.574683E+10  0.8540  3.8515             25   349                  
   0.581096E+10  0.8847  3.8366             26   354                  
   0.585836E+10  0.9109  3.8202             27   359                  
   0.589472E+10  0.9308  3.8031             28   364                  
   0.592455E+10  0.9427  3.7861             29   369                  
   0.595048E+10  0.9434  3.7699             30   374                  
   0.596929E+10  0.9428  3.7595 Brg         31   378                  
   0.600450E+10  0.9787  3.7460             32   385                  
   0.603106E+10  1.0400  3.7404             33   392                  
   0.605237E+10  1.1002  3.7372             34   399                  
   0.607088E+10  1.1645  3.7346             35   407                  
   0.608863E+10  1.2274  3.7326             36   418                  
   0.610366E+10  1.2878  3.7308             37   429                  
   0.611726E+10  1.3479  3.7289             38   441                  
   0.612998E+10  1.4098  3.7270             39   455                  
   0.614022E+10  1.4694  3.7252             40   470                  
   0.615041E+10  1.5308  3.7233             41   488                  
   0.615949E+10  1.5916  3.7212             42   508                  
   0.616779E+10  1.6523  3.7192             43   530                  
   0.617527E+10  1.7145  3.7173             44   555                  
   0.618164E+10  1.7745  3.7149             45   583                  
   0.618756E+10  1.8352  3.7127             46   619                  
   0.619292E+10  1.8967  3.7104             47   656                  
   0.619783E+10  1.9577  3.7081             48   691                  
   0.620216E+10  2.0183  3.7056             49   729                  
   0.620633E+10  2.0779  3.7033             50   774                  
   0.621000E+10  2.1173  3.7018 L-M         51   825                  
   0.621378E+10  2.0715  3.7042 L-m         52   880                  
   0.621665E+10  2.1308  3.7018             53   921                  
   0.621990E+10  2.1968  3.6987             54   954                  
   0.622275E+10  2.2568  3.6965             55   962                  
   0.622521E+10  2.3177  3.6939             56   970                  
   0.622760E+10  2.3800  3.6911             57   979                  
   0.622965E+10  2.4416  3.6882             58   988                  
   0.623161E+10  2.5063  3.6853             59   998                  
   0.623328E+10  2.5684  3.6823             60  1008                  
   0.623473E+10  2.6274  3.6792             61  1018                  
   0.623610E+10  2.6897  3.6760             62  1029                  
   0.623729E+10  2.7497  3.6727             63  1040                  
   0.623842E+10  2.8105  3.6695             64  1052                  
   0.623937E+10  2.8697  3.6667             65  1064                  
   0.624024E+10  2.9330  3.6627             66  1077                  
   0.624105E+10  2.9933  3.6582             67  1091                  
   0.624177E+10  3.0534  3.6553             68  1105                  
   0.624246E+10  3.1144  3.6523             69  1120                  
   0.624311E+10  3.1789  3.6484             70  1143                  
   0.624362E+10  3.2271  3.6453 F           71  1171                  
   0.000000E+00  0.3792  3.8734 M=  1.10                     1     7  
   0.141814E+09  0.3988  3.8744              2    16                  
   0.487703E+09  0.4261  3.8779              3    37                  
   0.801774E+09  0.4513  3.8813              4    56                  
   0.108942E+10  0.4757  3.8845              5    73                  
   0.135320E+10  0.4993  3.8875              6    90                  
   0.159636E+10  0.5223  3.8902              7   106                  
   0.182010E+10  0.5451  3.8929              8   121                  
   0.202521E+10  0.5674  3.8954              9   136                  
   0.221492E+10  0.5898  3.8980             10   150                  
   0.239006E+10  0.6121  3.9004             11   164                  
   0.255171E+10  0.6343  3.9029             12   178                  
   0.269513E+10  0.6550  3.9051             13   193                  
   0.284597E+10  0.6786  3.9074             14   212                  
   0.300095E+10  0.7039  3.9096             15   239                  
   0.308063E+10  0.7170  3.9102             16   247                  
   0.316447E+10  0.7317  3.9111             17   256                  
   0.329270E+10  0.7560  3.9123             18   275                  
   0.336457E+10  0.7704  3.9128             19   290                  
   0.347037E+10  0.7936  3.9134             20   301                  
   0.354351E+10  0.8110  3.9136 Te-M        21   309                  
   0.354778E+10  0.8121  3.9136             22   310                  
   0.382542E+10  0.8913  3.9104 Xc=0        23   338                  
   0.397829E+10  0.9487  3.9004             24   346                  
   0.406440E+10  0.9906  3.8874             25   352                  
   0.410785E+10  1.0154  3.8735             26   356                  
   0.413843E+10  1.0361  3.8569             27   360                  
   0.416382E+10  1.0533  3.8372             28   364                  
   0.418376E+10  1.0664  3.8185             29   368                  
   0.420082E+10  1.0753  3.8006             30   372                  
   0.421580E+10  1.0749  3.7844             31   376                  
   0.423279E+10  1.0635  3.7674             32   381                  
   0.424373E+10  1.0584  3.7585 Brg         33   384                  
   0.427004E+10  1.0957  3.7447             34   391                  
   0.428943E+10  1.1567  3.7396             35   398                  
   0.430524E+10  1.2194  3.7365             36   406                  
   0.432051E+10  1.2816  3.7343             37   416                  
   0.433248E+10  1.3433  3.7322             38   426                  
   0.434436E+10  1.4053  3.7302             39   438                  
   0.435486E+10  1.4673  3.7282             40   451                  
   0.436453E+10  1.5271  3.7263             41   469                  
   0.437274E+10  1.5885  3.7242             42   485                  
   0.438030E+10  1.6483  3.7221             43   504                  
   0.438747E+10  1.7094  3.7200             44   526                  
   0.439376E+10  1.7702  3.7180             45   549                  
   0.439950E+10  1.8303  3.7158             46   576                  
   0.440466E+10  1.8916  3.7135             47   607                  
   0.440940E+10  1.9545  3.7112             48   646                  
   0.441349E+10  2.0150  3.7088             49   682                  
   0.441722E+10  2.0744  3.7064             50   722                  
   0.442071E+10  2.1344  3.7039             51   766                  
   0.442504E+10  2.1912  3.7016 L-M         52   835                  
   0.442762E+10  2.1320  3.7046             53   881                  
   0.442788E+10  2.1304  3.7046 L-m         54   885                  
   0.443059E+10  2.1906  3.7021             55   932                  
   0.443337E+10  2.2527  3.6994             56   970                  
   0.443585E+10  2.3143  3.6969             57   978                  
   0.443825E+10  2.3788  3.6941             58   987                  
   0.444030E+10  2.4398  3.6914             59   996                  
   0.444226E+10  2.5055  3.6884             60  1006                  
   0.444394E+10  2.5683  3.6855             61  1016                  
   0.444539E+10  2.6283  3.6825             62  1026                  
   0.444677E+10  2.6912  3.6794             63  1037                  
   0.444795E+10  2.7516  3.6760             64  1048                  
   0.444906E+10  2.8127  3.6727             65  1060                  
   0.445005E+10  2.8769  3.6694             66  1073                  
   0.445099E+10  2.9405  3.6658             67  1087                  
   0.445174E+10  2.9994  3.6612             68  1100                  
   0.445246E+10  3.0600  3.6579             69  1114                  
   0.445313E+10  3.1208  3.6547             70  1129                  
   0.445374E+10  3.1816  3.6518             71  1160                  
   0.445409E+10  3.2166  3.6493 F           72  1180                  
   0.000000E+00  0.5527  3.9114 M=  1.20                     1    11  
   0.117130E+09  0.5676  3.9114              2    20                  
   0.417692E+09  0.5981  3.9158              3    41                  
   0.690627E+09  0.6267  3.9196              4    60                  
   0.938698E+09  0.6543  3.9231              5    77                  
   0.116471E+10  0.6812  3.9261              6    94                  
   0.137056E+10  0.7074  3.9288              7   110                  
   0.155789E+10  0.7332  3.9312              8   125                  
   0.172815E+10  0.7587  3.9336              9   140                  
   0.188304E+10  0.7841  3.9359             10   154                  
   0.202383E+10  0.8089  3.9379             11   168                  
   0.215187E+10  0.8323  3.9391             12   182                  
   0.221816E+10  0.8443  3.9393 Te-M        13   189                  
   0.226958E+10  0.8536  3.9392             14   196                  
   0.237579E+10  0.8723  3.9379             15   215                  
   0.247125E+10  0.8896  3.9357             16   242                  
   0.251529E+10  0.8987  3.9349             17   251                  
   0.254525E+10  0.9060  3.9348             18   257                  
   0.255711E+10  0.9093  3.9349             19   261                  
   0.260470E+10  0.9307  3.9391             20   280                  
   0.262113E+10  0.9471  3.9437             21   294                  
   0.263426E+10  0.9678  3.9470             22   302                  
   0.263742E+10  0.9720  3.9469             23   305                  
   0.265362E+10  0.9807  3.9460             24   315                  
   0.280738E+10  1.0323  3.9397 Xc=0        25   344                  
   0.291279E+10  1.0778  3.9297             26   351                  
   0.298448E+10  1.1179  3.9144             27   357                  
   0.302257E+10  1.1435  3.8967             28   362                  
   0.304511E+10  1.1604  3.8786             29   366                  
   0.305870E+10  1.1715  3.8636             30   369                  
   0.307107E+10  1.1803  3.8433             31   372                  
   0.308181E+10  1.1860  3.8231             32   375                  
   0.309157E+10  1.1885  3.8063             33   378                  
   0.310375E+10  1.1839  3.7871             34   382                  
   0.311557E+10  1.1677  3.7709             35   386                  
   0.313034E+10  1.1480  3.7552 Brg         36   391                  
   0.315198E+10  1.1878  3.7438             37   399                  
   0.316765E+10  1.2483  3.7393             38   409                  
   0.318133E+10  1.3118  3.7364             39   419                  
   0.319427E+10  1.3774  3.7339             40   430                  
   0.320549E+10  1.4422  3.7317             41   442                  
   0.321563E+10  1.5066  3.7295             42   457                  
   0.322436E+10  1.5685  3.7276             43   474                  
   0.323257E+10  1.6309  3.7254             44   492                  
   0.323981E+10  1.6933  3.7233             45   512                  
   0.324613E+10  1.7531  3.7213             46   534                  
   0.325191E+10  1.8128  3.7191             47   559                  
   0.325715E+10  1.8739  3.7169             48   589                  
   0.326156E+10  1.9333  3.7146             49   619                  
   0.326570E+10  1.9932  3.7124             50   654                  
   0.326954E+10  2.0537  3.7099             51   694                  
   0.327293E+10  2.1137  3.7075             52   737                  
   0.327599E+10  2.1732  3.7050             53   786                  
   0.327904E+10  2.2324  3.7025             54   845                  
   0.328092E+10  2.2563  3.7016 L-M         55   886                  
   0.328305E+10  2.1961  3.7045             56   934                  
   0.328342E+10  2.1873  3.7050 L-m         57   941                  
   0.328573E+10  2.2469  3.7024             58   989                  
   0.328828E+10  2.3113  3.6996             59  1037                  
   0.329069E+10  2.3775  3.6969             60  1046                  
   0.329275E+10  2.4402  3.6941             61  1055                  
   0.329470E+10  2.5050  3.6912             62  1065                  
   0.329637E+10  2.5686  3.6882             63  1075                  
   0.329782E+10  2.6288  3.6853             64  1085                  
   0.329919E+10  2.6921  3.6821             65  1096                  
   0.330036E+10  2.7524  3.6791             66  1107                  
   0.330148E+10  2.8154  3.6754             67  1119                  
   0.330244E+10  2.8760  3.6724             68  1131                  
   0.330334E+10  2.9383  3.6689             69  1144                  
   0.330417E+10  2.9997  3.6655             70  1158                  
   0.330487E+10  3.0608  3.6609             71  1172                  
   0.330553E+10  3.1203  3.6576             72  1193                  
   0.330612E+10  3.1811  3.6545             73  1218                  
   0.330637E+10  3.2045  3.6532 F           74  1229                  
   0.000000E+00  0.5527  3.9114 M=  1.20                     1    11  
   0.117130E+09  0.5676  3.9114              2    20                  
   0.417692E+09  0.5981  3.9158              3    41                  
   0.690627E+09  0.6267  3.9196              4    60                  
   0.938698E+09  0.6543  3.9231              5    77                  
   0.116471E+10  0.6812  3.9261              6    94                  
   0.137056E+10  0.7074  3.9288              7   110                  
   0.155789E+10  0.7332  3.9312              8   125                  
   0.172815E+10  0.7587  3.9336              9   140                  
   0.188304E+10  0.7841  3.9359             10   154                  
   0.202383E+10  0.8089  3.9379             11   168                  
   0.215187E+10  0.8323  3.9391             12   182                  
   0.221816E+10  0.8443  3.9393 Te-M        13   189                  
   0.226958E+10  0.8536  3.9392             14   196                  
   0.237579E+10  0.8723  3.9379             15   215                  
   0.247125E+10  0.8896  3.9357             16   242                  
   0.251529E+10  0.8987  3.9349             17   251                  
   0.254525E+10  0.9060  3.9348 Te-m        18   257                  
   0.255711E+10  0.9093  3.9349             19   261                  
   0.260470E+10  0.9307  3.9391             20   280                  
   0.262113E+10  0.9471  3.9437             21   294                  
   0.263426E+10  0.9678  3.9470 Te-h        22   302                  
   0.263742E+10  0.9720  3.9469             23   305                  
   0.265362E+10  0.9807  3.9460             24   315                  
   0.280738E+10  1.0323  3.9397 Xc=0        25   344                  
   0.291279E+10  1.0778  3.9297             26   351                  
   0.298448E+10  1.1179  3.9144             27   357                  
   0.302257E+10  1.1435  3.8967             28   362                  
   0.304511E+10  1.1604  3.8786             29   366                  
   0.305870E+10  1.1715  3.8636             30   369                  
   0.307107E+10  1.1803  3.8433             31   372                  
   0.308181E+10  1.1860  3.8231             32   375                  
   0.309157E+10  1.1885  3.8063             33   378                  
   0.310375E+10  1.1839  3.7871             34   382                  
   0.311557E+10  1.1677  3.7709             35   386                  
   0.313034E+10  1.1480  3.7552 Brg         36   391                  
   0.315198E+10  1.1878  3.7438             37   399                  
   0.316765E+10  1.2483  3.7393             38   409                  
   0.318133E+10  1.3118  3.7364             39   419                  
   0.319427E+10  1.3774  3.7339             40   430                  
   0.320549E+10  1.4422  3.7317             41   442                  
   0.321563E+10  1.5066  3.7295             42   457                  
   0.322436E+10  1.5685  3.7276             43   474                  
   0.323257E+10  1.6309  3.7254             44   492                  
   0.323981E+10  1.6933  3.7233             45   512                  
   0.324613E+10  1.7531  3.7213             46   534                  
   0.325191E+10  1.8128  3.7191             47   559                  
   0.325715E+10  1.8739  3.7169             48   589                  
   0.326156E+10  1.9333  3.7146             49   619                  
   0.326570E+10  1.9932  3.7124             50   654                  
   0.326954E+10  2.0537  3.7099             51   694                  
   0.327293E+10  2.1137  3.7075             52   737                  
   0.327599E+10  2.1732  3.7050             53   786                  
   0.327904E+10  2.2324  3.7025             54   845                  
   0.328092E+10  2.2563  3.7016 L-M         55   886                  
   0.328305E+10  2.1961  3.7045             56   934                  
   0.328342E+10  2.1873  3.7050 L-m         57   941                  
   0.328573E+10  2.2469  3.7024             58   989                  
   0.328828E+10  2.3113  3.6996             59  1037                  
   0.329069E+10  2.3775  3.6969             60  1046                  
   0.329275E+10  2.4402  3.6941             61  1055                  
   0.329470E+10  2.5050  3.6912             62  1065                  
   0.329637E+10  2.5686  3.6882             63  1075                  
   0.329782E+10  2.6288  3.6853             64  1085                  
   0.329919E+10  2.6921  3.6821             65  1096                  
   0.330036E+10  2.7524  3.6791             66  1107                  
   0.330148E+10  2.8154  3.6754             67  1119                  
   0.330244E+10  2.8760  3.6724             68  1131                  
   0.330334E+10  2.9383  3.6689             69  1144                  
   0.330417E+10  2.9997  3.6655             70  1158                  
   0.330487E+10  3.0608  3.6609             71  1172                  
   0.330553E+10  3.1203  3.6576             72  1193                  
   0.330612E+10  3.1811  3.6545             73  1218                  
   0.330637E+10  3.2045  3.6532 F           74  1229                  
   0.000000E+00  0.7074  3.9466 M=  1.30                     1     7  
   0.956657E+08  0.7190  3.9457              2    16                  
   0.353250E+09  0.7513  3.9502              3    36                  
   0.585974E+09  0.7821  3.9539              4    55                  
   0.795969E+09  0.8118  3.9571              5    73                  
   0.985274E+09  0.8405  3.9598              6    90                  
   0.115616E+10  0.8687  3.9621              7   106                  
   0.130962E+10  0.8959  3.9641              8   121                  
   0.144768E+10  0.9229  3.9658              9   135                  
   0.157160E+10  0.9488  3.9670             10   150                  
   0.161841E+10  0.9589  3.9673 Te-M        11   155                  
   0.168317E+10  0.9728  3.9670             12   164                  
   0.178390E+10  0.9942  3.9654             13   177                  
   0.187480E+10  1.0132  3.9621             14   192                  
   0.195683E+10  1.0303  3.9574             15   211                  
   0.203054E+10  1.0468  3.9520             16   238                  
   0.206434E+10  1.0551  3.9495             17   246                  
   0.209618E+10  1.0649  3.9482             18   256                  
   0.209961E+10  1.0661  3.9482 Te-m        19   257                  
   0.213196E+10  1.0832  3.9517             20   275                  
   0.214322E+10  1.0967  3.9577             21   290                  
   0.215128E+10  1.1225  3.9686             22   300                  
   0.215402E+10  1.1434  3.9748             23   309                  
   0.215496E+10  1.1512  3.9755 Te-h        24   312                  
   0.216754E+10  1.1776  3.9624 Xc=0        25   343                  
   0.221997E+10  1.2067  3.9491             26   351                  
   0.226479E+10  1.2355  3.9331             27   356                  
   0.228786E+10  1.2534  3.9174             28   360                  
   0.230488E+10  1.2669  3.8980             29   364                  
   0.231551E+10  1.2751  3.8806             30   367                  
   0.232501E+10  1.2811  3.8594             31   370                  
   0.233085E+10  1.2834  3.8430             32   372                  
   0.233645E+10  1.2845  3.8267             33   374                  
   0.234450E+10  1.2824  3.8064             34   377                  
   0.235242E+10  1.2745  3.7898             35   380                  
   0.236304E+10  1.2501  3.7713             36   384                  
   0.237360E+10  1.2248  3.7576             37   388                  
   0.237812E+10  1.2217  3.7534 Brg         38   390                  
   0.239834E+10  1.2666  3.7431             39   401                  
   0.241250E+10  1.3247  3.7392             40   411                  
   0.242382E+10  1.3846  3.7364             41   421                  
   0.243475E+10  1.4439  3.7341             42   433                  
   0.244416E+10  1.5042  3.7320             43   446                  
   0.245324E+10  1.5661  3.7299             44   462                  
   0.246142E+10  1.6265  3.7278             45   480                  
   0.246841E+10  1.6865  3.7258             46   499                  
   0.247516E+10  1.7483  3.7236             47   522                  
   0.248104E+10  1.8101  3.7217             48   547                  
   0.248628E+10  1.8715  3.7193             49   575                  
   0.249093E+10  1.9322  3.7171             50   607                  
   0.249509E+10  1.9927  3.7148             51   640                  
   0.249886E+10  2.0521  3.7125             52   676                  
   0.250220E+10  2.1117  3.7100             53   719                  
   0.250523E+10  2.1722  3.7075             54   767                  
   0.250802E+10  2.2324  3.7050             55   823                  
   0.251088E+10  2.2916  3.7024             56   901                  
   0.251180E+10  2.3015  3.7021 L-M         57   931                  
   0.251385E+10  2.2425  3.7049             58   994                  
   0.251412E+10  2.2388  3.7052 L-m         59  1003                  
   0.251637E+10  2.2985  3.7026             60  1069                  
   0.251856E+10  2.3608  3.6999             61  1143                  
   0.252072E+10  2.4240  3.6972             62  1152                  
   0.252257E+10  2.4847  3.6945             63  1161                  
   0.252433E+10  2.5485  3.6916             64  1171                  
   0.252585E+10  2.6096  3.6888             65  1181                  
   0.252729E+10  2.6738  3.6857             66  1192                  
   0.252853E+10  2.7342  3.6827             67  1203                  
   0.252968E+10  2.7981  3.6794             68  1215                  
   0.253068E+10  2.8605  3.6753             69  1227                  
   0.253162E+10  2.9237  3.6726             70  1240                  
   0.253246E+10  2.9855  3.6691             71  1254                  
   0.253320E+10  3.0480  3.6655             72  1268                  
   0.253388E+10  3.1098  3.6610             73  1283                  
   0.253453E+10  3.1736  3.6576             74  1317                  
   0.253482E+10  3.1996  3.6563 F           75  1331                  
   0.000000E+00  0.8466  3.9776 M=  1.40                     1     7  
   0.852660E+08  0.8559  3.9766              2    16                  
   0.307225E+09  0.8898  3.9808              3    37                  
   0.506573E+09  0.9224  3.9844              4    56                  
   0.685017E+09  0.9537  3.9872              5    74                  
   0.844219E+09  0.9840  3.9895              6    90                  
   0.986497E+09  1.0133  3.9913              7   106                  
   0.111331E+10  1.0420  3.9927              8   121                  
   0.122166E+10  1.0712  3.9947 Te-M         9   135                  
   0.122563E+10  1.0708  3.9942             10   136                  
   0.132584E+10  1.0951  3.9928             11   150                  
   0.141603E+10  1.1183  3.9904             12   164                  
   0.149698E+10  1.1393  3.9864             13   178                  
   0.156955E+10  1.1584  3.9807             14   193                  
   0.163485E+10  1.1759  3.9737             15   211                  
   0.169363E+10  1.1924  3.9660             16   238                  
   0.172079E+10  1.2010  3.9625             17   247                  
   0.174617E+10  1.2107  3.9602             18   256                  
   0.175649E+10  1.2154  3.9599 Te-m        19   261                  
   0.177470E+10  1.2278  3.9628             20   275                  
   0.178360E+10  1.2400  3.9690             21   290                  
   0.178973E+10  1.2634  3.9820             22   300                  
   0.179157E+10  1.2856  3.9919             23   308                  
   0.179247E+10  1.3056  3.9979 Te-h        24   316                  
   0.179331E+10  1.3042  3.9902 Xc=0        25   338                  
   0.179574E+10  1.3323  3.9753             26   348                  
   0.180561E+10  1.3486  3.9588             27   356                  
   0.181738E+10  1.3615  3.9432             28   361                  
   0.182721E+10  1.3716  3.9266             29   365                  
   0.183409E+10  1.3784  3.9115             30   368                  
   0.184045E+10  1.3836  3.8933             31   371                  
   0.184633E+10  1.3870  3.8720             32   374                  
   0.185006E+10  1.3878  3.8553             33   376                  
   0.185371E+10  1.3871  3.8367             34   378                  
   0.185728E+10  1.3843  3.8188             35   380                  
   0.186262E+10  1.3754  3.7978             36   383                  
   0.186795E+10  1.3580  3.7811             37   386                  
   0.187507E+10  1.3228  3.7640             38   390                  
   0.188140E+10  1.3041  3.7538 Brg         39   394                  
   0.189672E+10  1.3478  3.7428             40   406                  
   0.190816E+10  1.4098  3.7387             41   416                  
   0.191876E+10  1.4734  3.7359             42   428                  
   0.192849E+10  1.5382  3.7334             43   442                  
   0.193682E+10  1.5992  3.7312             44   458                  
   0.194429E+10  1.6589  3.7291             45   476                  
   0.195004E+10  1.7187  3.7271             46   492                  
   0.195587E+10  1.7799  3.7249             47   513                  
   0.196129E+10  1.8413  3.7228             48   538                  
   0.196608E+10  1.9024  3.7205             49   565                  
   0.197032E+10  1.9624  3.7183             50   595                  
   0.197426E+10  2.0235  3.7160             51   629                  
   0.197769E+10  2.0838  3.7135             52   667                  
   0.198075E+10  2.1433  3.7111             53   708                  
   0.198355E+10  2.2032  3.7086             54   755                  
   0.198617E+10  2.2637  3.7061             55   818                  
   0.198850E+10  2.3229  3.7034             56   880                  
   0.199062E+10  2.3609  3.7019 L-M         57   946                  
   0.199224E+10  2.2999  3.7047             58  1006                  
   0.199242E+10  2.2919  3.7051 L-m         59  1012                  
   0.199437E+10  2.3517  3.7026             60  1076                  
   0.199635E+10  2.4118  3.7000             61  1166                  
   0.199816E+10  2.4716  3.6977             62  1180                  
   0.199997E+10  2.5366  3.6946             63  1190                  
   0.200153E+10  2.5986  3.6918             64  1200                  
   0.200287E+10  2.6582  3.6891             65  1210                  
   0.200416E+10  2.7207  3.6860             66  1221                  
   0.200526E+10  2.7798  3.6830             67  1232                  
   0.200630E+10  2.8422  3.6797             68  1244                  
   0.200720E+10  2.9019  3.6757             69  1256                  
   0.200805E+10  2.9625  3.6731             70  1269                  
   0.200878E+10  3.0216  3.6697             71  1282                  
   0.200947E+10  3.0816  3.6665             72  1296                  
   0.201010E+10  3.1396  3.6620             73  1324                  
   0.201061E+10  3.1885  3.6593 F           74  1359                  
   0.000000E+00  0.9714  4.0061 M=  1.50                     1     8  
   0.721671E+08  0.9804  4.0044              2    17                  
   0.264113E+09  1.0153  4.0084              3    38                  
   0.435660E+09  1.0489  4.0115              4    57                  
   0.587993E+09  1.0814  4.0139              5    74                  
   0.723350E+09  1.1136  4.0157              6    91                  
   0.842807E+09  1.1436  4.0169              7   107                  
   0.939450E+09  1.1706  4.0176 Te-M         8   120                  
   0.949197E+09  1.1734  4.0176              9   122                  
   0.104348E+10  1.2012  4.0168             10   137                  
   0.112749E+10  1.2269  4.0144             11   151                  
   0.120264E+10  1.2506  4.0103             12   165                  
   0.126949E+10  1.2723  4.0044             13   178                  
   0.132949E+10  1.2922  3.9971             14   193                  
   0.138334E+10  1.3105  3.9884             15   212                  
   0.143207E+10  1.3281  3.9789             16   239                  
   0.145443E+10  1.3370  3.9745             17   247                  
   0.147550E+10  1.3467  3.9712             18   257                  
   0.148439E+10  1.3518  3.9705 Te-m        19   262                  
   0.149914E+10  1.3636  3.9728             20   276                  
   0.150649E+10  1.3751  3.9790             21   291                  
   0.151149E+10  1.3968  3.9930             22   301                  
   0.151294E+10  1.4189  4.0046             23   309                  
   0.151376E+10  1.4491  4.0158 Te-h        24   321                  
   0.151397E+10  1.4447  4.0136 Xc=0        25   338                  
   0.151450E+10  1.4430  3.9975             26   347                  
   0.151552E+10  1.4703  3.9825             27   353                  
   0.151780E+10  1.4840  3.9658             28   359                  
   0.152121E+10  1.4927  3.9490             29   364                  
   0.152474E+10  1.4989  3.9315             30   368                  
   0.152757E+10  1.5027  3.9153             31   371                  
   0.153041E+10  1.5051  3.8956             32   374                  
   0.153228E+10  1.5056  3.8803             33   376                  
   0.153413E+10  1.5049  3.8628             34   378                  
   0.153595E+10  1.5025  3.8426             35   380                  
   0.153777E+10  1.4980  3.8214             36   382                  
   0.153959E+10  1.4906  3.8036             37   384                  
   0.154235E+10  1.4715  3.7833             38   387                  
   0.154520E+10  1.4384  3.7668             39   390                  
   0.154926E+10  1.4086  3.7511 Brg         40   394                  
   0.155511E+10  1.4559  3.7417             41   400                  
   0.155995E+10  1.5174  3.7376             42   406                  
   0.156480E+10  1.5813  3.7346             43   414                  
   0.156970E+10  1.6458  3.7321             44   424                  
   0.157485E+10  1.7096  3.7298             45   436                  
   0.157978E+10  1.7721  3.7276             46   450                  
   0.158443E+10  1.8318  3.7255             47   467                  
   0.158928E+10  1.8919  3.7233             48   489                  
   0.159385E+10  1.9523  3.7211             49   516                  
   0.159832E+10  2.0121  3.7187             50   549                  
   0.160229E+10  2.0720  3.7164             51   585                  
   0.160528E+10  2.1341  3.7139             52   619                  
   0.160780E+10  2.1940  3.7115             53   657                  
   0.161017E+10  2.2539  3.7088             54   701                  
   0.161234E+10  2.3138  3.7063             55   750                  
   0.161436E+10  2.3736  3.7036             56   805                  
   0.161637E+10  2.4339  3.7012             57   886                  
   0.161745E+10  2.4453  3.7007 L-M         58   944                  
   0.161872E+10  2.3862  3.7034             59  1004                  
   0.161881E+10  2.3803  3.7037 L-m         60  1008                  
   0.162035E+10  2.4398  3.7012             61  1076                  
   0.162194E+10  2.4997  3.6988             62  1159                  
   0.162357E+10  2.5639  3.6957             63  1194                  
   0.162504E+10  2.6271  3.6928             64  1204                  
   0.162630E+10  2.6874  3.6901             65  1214                  
   0.162750E+10  2.7500  3.6870             66  1225                  
   0.162853E+10  2.8097  3.6840             67  1236                  
   0.162950E+10  2.8723  3.6807             68  1248                  
   0.163034E+10  2.9308  3.6766             69  1260                  
   0.163113E+10  2.9926  3.6739             70  1273                  
   0.163184E+10  3.0519  3.6705             71  1291                  
   0.163252E+10  3.1113  3.6675             72  1306                  
   0.163254E+10  3.1111  3.6675 F           73  1307                  
   0.000000E+00  1.0894  4.0317 M=  1.60                     1     8  
   0.594387E+08  1.0966  4.0302              2    17                  
   0.214378E+09  1.1300  4.0334              3    38                  
   0.352238E+09  1.1618  4.0357              4    57                  
   0.474746E+09  1.1928  4.0375              5    75                  
   0.583732E+09  1.2227  4.0387              6    91                  
   0.678027E+09  1.2514  4.0397 Te-M         7   106                  
   0.681636E+09  1.2521  4.0395              8   107                  
   0.769128E+09  1.2801  4.0390              9   122                  
   0.847297E+09  1.3066  4.0372             10   137                  
   0.917174E+09  1.3312  4.0339             11   151                  
   0.979813E+09  1.3541  4.0291             12   165                  
   0.103573E+10  1.3749  4.0226             13   179                  
   0.108590E+10  1.3943  4.0148             14   194                  
   0.113083E+10  1.4122  4.0060             15   212                  
   0.117171E+10  1.4290  3.9962             16   239                  
   0.119054E+10  1.4379  3.9917             17   248                  
   0.120830E+10  1.4474  3.9883             18   257                  
   0.121560E+10  1.4522  3.9877 Te-m        19   262                  
   0.122829E+10  1.4639  3.9901             20   276                  
   0.123454E+10  1.4751  3.9963             21   291                  
   0.123878E+10  1.4960  4.0106             22   301                  
   0.123999E+10  1.5177  4.0226             23   309                  
   0.124071E+10  1.5490  4.0349 Te-h        24   323                  
   0.124084E+10  1.5442  4.0331 Xc=0        25   338                  
   0.124123E+10  1.5343  4.0171             26   347                  
   0.124195E+10  1.5644  4.0017             27   353                  
   0.124347E+10  1.5800  3.9846             28   359                  
   0.124568E+10  1.5882  3.9675             29   364                  
   0.124805E+10  1.5938  3.9507             30   368                  
   0.125001E+10  1.5971  3.9354             31   371                  
   0.125202E+10  1.5991  3.9167             32   374                  
   0.125402E+10  1.5991  3.8940             33   377                  
   0.125534E+10  1.5976  3.8759             34   379                  
   0.125665E+10  1.5942  3.8550             35   381                  
   0.125796E+10  1.5887  3.8309             36   383                  
   0.125927E+10  1.5800  3.8081             37   385                  
   0.126059E+10  1.5666  3.7910             38   387                  
   0.126262E+10  1.5329  3.7709             39   390                  
   0.126475E+10  1.4914  3.7551             40   393                  
   0.126551E+10  1.4877  3.7512 Brg         41   394                  
   0.126964E+10  1.5417  3.7407             42   399                  
   0.127277E+10  1.6045  3.7367             43   404                  
   0.127594E+10  1.6665  3.7338             44   412                  
   0.127924E+10  1.7310  3.7313             45   420                  
   0.128261E+10  1.7924  3.7290             46   429                  
   0.128614E+10  1.8533  3.7269             47   441                  
   0.128979E+10  1.9143  3.7246             48   457                  
   0.129385E+10  1.9755  3.7223             49   479                  
   0.129756E+10  2.0361  3.7199             50   505                  
   0.130104E+10  2.0968  3.7176             51   536                  
   0.130442E+10  2.1571  3.7151             52   575                  
   0.130743E+10  2.2176  3.7127             53   619                  
   0.130977E+10  2.2782  3.7101             54   661                  
   0.131170E+10  2.3374  3.7075             55   704                  
   0.131351E+10  2.3969  3.7048             56   755                  
   0.131525E+10  2.4572  3.7023             57   817                  
   0.131686E+10  2.4947  3.7007 L-M         58   891                  
   0.131791E+10  2.4356  3.7035             59   942                  
   0.131805E+10  2.4282  3.7038 L-m         60   948                  
   0.131955E+10  2.4892  3.7012             61  1018                  
   0.132098E+10  2.5489  3.6984             62  1101                  
   0.132233E+10  2.6083  3.6957             63  1134                  
   0.132365E+10  2.6708  3.6929             64  1144                  
   0.132478E+10  2.7307  3.6901             65  1154                  
   0.132586E+10  2.7925  3.6870             66  1165                  
   0.132679E+10  2.8517  3.6841             67  1176                  
   0.132767E+10  2.9126  3.6808             68  1188                  
   0.132849E+10  2.9742  3.6766             69  1204                  
   0.132908E+10  3.0184  3.6748 F           70  1223                  
   0.000000E+00  1.0894  4.0317 M=  1.60                     1     8  
   0.594387E+08  1.0966  4.0302              2    17                  
   0.214378E+09  1.1300  4.0334              3    38                  
   0.352238E+09  1.1618  4.0357              4    57                  
   0.474746E+09  1.1928  4.0375              5    75                  
   0.583732E+09  1.2227  4.0387              6    91                  
   0.678027E+09  1.2514  4.0397 Te-M         7   106                  
   0.681636E+09  1.2521  4.0395              8   107                  
   0.769128E+09  1.2801  4.0390              9   122                  
   0.847297E+09  1.3066  4.0372             10   137                  
   0.917174E+09  1.3312  4.0339             11   151                  
   0.979813E+09  1.3541  4.0291             12   165                  
   0.103573E+10  1.3749  4.0226             13   179                  
   0.108590E+10  1.3943  4.0148             14   194                  
   0.113083E+10  1.4122  4.0060             15   212                  
   0.117171E+10  1.4290  3.9962             16   239                  
   0.119054E+10  1.4379  3.9917             17   248                  
   0.120830E+10  1.4474  3.9883             18   257                  
   0.121560E+10  1.4522  3.9877 Te-m        19   262                  
   0.122829E+10  1.4639  3.9901             20   276                  
   0.123454E+10  1.4751  3.9963             21   291                  
   0.123878E+10  1.4960  4.0106             22   301                  
   0.123999E+10  1.5177  4.0226             23   309                  
   0.124071E+10  1.5490  4.0349 Te-h        24   323                  
   0.124084E+10  1.5442  4.0331 Xc=0        25   338                  
   0.124123E+10  1.5343  4.0171             26   347                  
   0.124195E+10  1.5644  4.0017             27   353                  
   0.124347E+10  1.5800  3.9846             28   359                  
   0.124568E+10  1.5882  3.9675             29   364                  
   0.124805E+10  1.5938  3.9507             30   368                  
   0.125001E+10  1.5971  3.9354             31   371                  
   0.125202E+10  1.5991  3.9167             32   374                  
   0.125402E+10  1.5991  3.8940             33   377                  
   0.125534E+10  1.5976  3.8759             34   379                  
   0.125665E+10  1.5942  3.8550             35   381                  
   0.125796E+10  1.5887  3.8309             36   383                  
   0.125927E+10  1.5800  3.8081             37   385                  
   0.126059E+10  1.5666  3.7910             38   387                  
   0.126262E+10  1.5329  3.7709             39   390                  
   0.126475E+10  1.4914  3.7551             40   393                  
   0.126551E+10  1.4877  3.7512 Brg         41   394                  
   0.126964E+10  1.5417  3.7407             42   399                  
   0.127277E+10  1.6045  3.7367             43   404                  
   0.127594E+10  1.6665  3.7338             44   412                  
   0.127924E+10  1.7310  3.7313             45   420                  
   0.128261E+10  1.7924  3.7290             46   429                  
   0.128614E+10  1.8533  3.7269             47   441                  
   0.128979E+10  1.9143  3.7246             48   457                  
   0.129385E+10  1.9755  3.7223             49   479                  
   0.129756E+10  2.0361  3.7199             50   505                  
   0.130104E+10  2.0968  3.7176             51   536                  
   0.130442E+10  2.1571  3.7151             52   575                  
   0.130743E+10  2.2176  3.7127             53   619                  
   0.130977E+10  2.2782  3.7101             54   661                  
   0.131170E+10  2.3374  3.7075             55   704                  
   0.131351E+10  2.3969  3.7048             56   755                  
   0.131525E+10  2.4572  3.7023             57   817                  
   0.131686E+10  2.4947  3.7007 L-M         58   891                  
   0.131791E+10  2.4356  3.7035             59   942                  
   0.131805E+10  2.4282  3.7038 L-m         60   948                  
   0.131955E+10  2.4892  3.7012             61  1018                  
   0.132098E+10  2.5489  3.6984             62  1101                  
   0.132233E+10  2.6083  3.6957             63  1134                  
   0.132365E+10  2.6708  3.6929             64  1144                  
   0.132478E+10  2.7307  3.6901             65  1154                  
   0.132586E+10  2.7925  3.6870             66  1165                  
   0.132679E+10  2.8517  3.6841             67  1176                  
   0.132767E+10  2.9126  3.6808             68  1188                  
   0.132849E+10  2.9742  3.6766             69  1204                  
   0.132908E+10  3.0184  3.6748 F           70  1223                  
   0.000000E+00  1.0894  4.0317 M=  1.60                     1     8  
   0.594387E+08  1.0966  4.0302              2    17                  
   0.214378E+09  1.1300  4.0334              3    38                  
   0.352238E+09  1.1618  4.0357              4    57                  
   0.474746E+09  1.1928  4.0375              5    75                  
   0.583732E+09  1.2227  4.0387              6    91                  
   0.678027E+09  1.2514  4.0397              7   106                  
   0.681636E+09  1.2521  4.0395              8   107                  
   0.769128E+09  1.2801  4.0390              9   122                  
   0.847297E+09  1.3066  4.0372             10   137                  
   0.917174E+09  1.3312  4.0339             11   151                  
   0.979813E+09  1.3541  4.0291             12   165                  
   0.103573E+10  1.3749  4.0226             13   179                  
   0.108590E+10  1.3943  4.0148             14   194                  
   0.113083E+10  1.4122  4.0060             15   212                  
   0.117171E+10  1.4290  3.9962             16   239                  
   0.119054E+10  1.4379  3.9917             17   248                  
   0.120830E+10  1.4474  3.9883             18   257                  
   0.121560E+10  1.4522  3.9877 Te-m        19   262                  
   0.122829E+10  1.4639  3.9901             20   276                  
   0.123454E+10  1.4751  3.9963             21   291                  
   0.123878E+10  1.4960  4.0106             22   301                  
   0.123999E+10  1.5177  4.0226             23   309                  
   0.124071E+10  1.5490  4.0349 Te-h        24   323                  
   0.124084E+10  1.5442  4.0331 Xc=0        25   338                  
   0.124123E+10  1.5343  4.0171             26   347                  
   0.124195E+10  1.5644  4.0017             27   353                  
   0.124347E+10  1.5800  3.9846             28   359                  
   0.124568E+10  1.5882  3.9675             29   364                  
   0.124805E+10  1.5938  3.9507             30   368                  
   0.125001E+10  1.5971  3.9354             31   371                  
   0.125202E+10  1.5991  3.9167             32   374                  
   0.125402E+10  1.5991  3.8940             33   377                  
   0.125534E+10  1.5976  3.8759             34   379                  
   0.125665E+10  1.5942  3.8550             35   381                  
   0.125796E+10  1.5887  3.8309             36   383                  
   0.125927E+10  1.5800  3.8081             37   385                  
   0.126059E+10  1.5666  3.7910             38   387                  
   0.126262E+10  1.5329  3.7709             39   390                  
   0.126475E+10  1.4914  3.7551             40   393                  
   0.126551E+10  1.4877  3.7512 Brg         41   394                  
   0.126964E+10  1.5417  3.7407             42   399                  
   0.127277E+10  1.6045  3.7367             43   404                  
   0.127594E+10  1.6665  3.7338             44   412                  
   0.127924E+10  1.7310  3.7313             45   420                  
   0.128261E+10  1.7924  3.7290             46   429                  
   0.128614E+10  1.8533  3.7269             47   441                  
   0.128979E+10  1.9143  3.7246             48   457                  
   0.129385E+10  1.9755  3.7223             49   479                  
   0.129756E+10  2.0361  3.7199             50   505                  
   0.130104E+10  2.0968  3.7176             51   536                  
   0.130442E+10  2.1571  3.7151             52   575                  
   0.130743E+10  2.2176  3.7127             53   619                  
   0.130977E+10  2.2782  3.7101             54   661                  
   0.131170E+10  2.3374  3.7075             55   704                  
   0.131351E+10  2.3969  3.7048             56   755                  
   0.131525E+10  2.4572  3.7023             57   817                  
   0.131686E+10  2.4947  3.7007 L-M         58   891                  
   0.131791E+10  2.4356  3.7035             59   942                  
   0.131805E+10  2.4282  3.7038 L-m         60   948                  
   0.131955E+10  2.4892  3.7012             61  1018                  
   0.132098E+10  2.5489  3.6984             62  1101                  
   0.132233E+10  2.6083  3.6957             63  1134                  
   0.132365E+10  2.6708  3.6929             64  1144                  
   0.132478E+10  2.7307  3.6901             65  1154                  
   0.132586E+10  2.7925  3.6870             66  1165                  
   0.132679E+10  2.8517  3.6841             67  1176                  
   0.132767E+10  2.9126  3.6808             68  1188                  
   0.132849E+10  2.9742  3.6766             69  1204                  
   0.132908E+10  3.0184  3.6748 F           70  1223                  
   0.000000E+00  1.1952  4.0559 M=  1.70                     1     9  
   0.483656E+08  1.2029  4.0535              2    18                  
   0.178389E+09  1.2351  4.0558              3    38                  
   0.294485E+09  1.2664  4.0575              4    57                  
   0.397006E+09  1.2974  4.0589              5    75                  
   0.459953E+09  1.3187  4.0599              6    86                  
   0.487260E+09  1.3270  4.0597              7    92                  
   0.568632E+09  1.3551  4.0595              8   108                  
   0.641810E+09  1.3818  4.0581              9   123                  
   0.707423E+09  1.4074  4.0554             10   137                  
   0.766144E+09  1.4311  4.0513             11   152                  
   0.818790E+09  1.4533  4.0458             12   166                  
   0.866095E+09  1.4739  4.0388             13   179                  
   0.908317E+09  1.4930  4.0307             14   194                  
   0.946285E+09  1.5102  4.0214             15   213                  
   0.980837E+09  1.5271  4.0116             16   240                  
   0.996706E+09  1.5357  4.0070             17   248                  
   0.101191E+10  1.5454  4.0036             18   258                  
   0.101938E+10  1.5510  4.0028 Te-m        19   264                  
   0.102886E+10  1.5614  4.0051             20   277                  
   0.103418E+10  1.5721  4.0114             21   291                  
   0.103779E+10  1.5923  4.0259             22   302                  
   0.103882E+10  1.6137  4.0382             23   310                  
   0.103943E+10  1.6450  4.0512 Te-h        24   325                  
   0.103951E+10  1.6403  4.0498 Xc=0        25   339                  
   0.103983E+10  1.6247  4.0333             26   348                  
   0.104037E+10  1.6562  4.0173             27   354                  
   0.104121E+10  1.6716  4.0025             28   359                  
   0.104259E+10  1.6808  3.9853             29   364                  
   0.104413E+10  1.6862  3.9690             30   368                  
   0.104594E+10  1.6901  3.9488             31   372                  
   0.104738E+10  1.6916  3.9302             32   375                  
   0.104883E+10  1.6911  3.9074             33   378                  
   0.104979E+10  1.6891  3.8893             34   380                  
   0.105075E+10  1.6853  3.8680             35   382                  
   0.105170E+10  1.6793  3.8429             36   384                  
   0.105266E+10  1.6701  3.8154             37   386                  
   0.105363E+10  1.6562  3.7935             38   388                  
   0.105460E+10  1.6339  3.7773             39   390                  
   0.105560E+10  1.6013  3.7640             40   392                  
   0.105717E+10  1.5731  3.7490 Brg         41   395                  
   0.105960E+10  1.6311  3.7397             42   399                  
   0.106182E+10  1.6987  3.7355             43   403                  
   0.106416E+10  1.7697  3.7323             44   411                  
   0.106619E+10  1.8290  3.7299             45   418                  
   0.106833E+10  1.8906  3.7276             46   425                  
   0.107066E+10  1.9534  3.7252             47   435                  
   0.107297E+10  2.0169  3.7228             48   448                  
   0.107537E+10  2.0778  3.7204             49   464                  
   0.107786E+10  2.1373  3.7180             50   486                  
   0.108039E+10  2.1967  3.7155             51   513                  
   0.108291E+10  2.2576  3.7130             52   548                  
   0.108495E+10  2.3172  3.7103             53   595                  
   0.108723E+10  2.3777  3.7077 L-M         54   646                  
   0.109012E+10  2.4379  3.7051 L-m         55   736                  
   0.109088E+10  2.4593  3.7043 F           56   768                  
   5   5   5   7   7   7   7   7   9   9   9   9   9   9   8   8
   1  22  23  25  76                                                     !  0.60 1
   1  21  23  26  73                                                     !  0.70 0
   1  20  23  29  73                                                     !  0.80 2
   1  20  23  29  51  52  73                                             !  0.80 3
   1  19  23  29  50  51  71                                             !  0.90 4
   1  21  23  31  51  52  71                                             !  1.00 6
   1  21  23  33  52  54  72                                             !  1.10 7
   1  13  25  36  55  57  74                                             !  1.20 8
   1  13  18  22  25  36  55  57  74                                     !  1.20 9
   1  11  19  24  25  38  57  59  75                                     !  1.30 10
   1   9  19  24  25  39  57  59  74                                     !  1.40 11
   1   8  19  24  25  40  58  60  73                                     !  1.50 12
   1   7  19  24  25  41  58  60  70                                     !  1.60 13
   1   7  19  24  25  41  58  60  70                                     !  1.60 14
   1  19  24  25  41  58  60  70                                         !  1.60 15
   1  19  24  25  41  54  55  56                                         !  1.70 16
  0.0000  0.0000  0.0000  0.0000  0.0000  0.0000  0.0000  0.0000  0.0000  0.0000
  0.0000  0.0000  0.0000  0.0000  0.0000  0.0000
    INTERPOLA
  1 0 2 3 4 6 7 8 9 10 11 12 13 14 15 16

