   4
   1   3   4   9  10  13  14  16
  16
  75  71  71  71  70  69  69  70  72  72  72  70  68  68  60  56
    0.60    0.70    0.80    0.80    0.90    1.00    1.10    1.20    1.30    1.30
    1.40    1.50    1.60    1.60    1.70    1.75
   0.000000E+00 -0.8217  3.7155 M=  0.60                     1    14  
   0.794510E+09 -0.8070  3.7168              2    21                  
   0.276533E+10 -0.7863  3.7189              3    42                  
   0.465001E+10 -0.7678  3.7210              4    61                  
   0.653489E+10 -0.7485  3.7234              5    79                  
   0.842639E+10 -0.7283  3.7258              6    96                  
   0.103250E+11 -0.7074  3.7281              7   112                  
   0.122350E+11 -0.6847  3.7307              8   127                  
   0.141631E+11 -0.6601  3.7334              9   142                  
   0.161175E+11 -0.6332  3.7364             10   156                  
   0.181010E+11 -0.6039  3.7394             11   170                  
   0.201278E+11 -0.5707  3.7429             12   184                  
   0.222036E+11 -0.5333  3.7468             13   199                  
   0.243617E+11 -0.4891  3.7515             14   218                  
   0.267539E+11 -0.4322  3.7571             15   245                  
   0.282157E+11 -0.3930  3.7604             16   252                  
   0.301005E+11 -0.3339  3.7646             17   261                  
   0.336521E+11 -0.1764  3.7747             18   280                  
   0.351006E+11 -0.0797  3.7789             19   294                  
   0.358084E+11 -0.0235  3.7806             20   304                  
   0.360724E+11  0.0009  3.7811             21   313                  
   0.364629E+11  0.0403  3.7813 Te-M        22   322                  
   0.369027E+11  0.0947  3.7807 Xc=0        23   341                  
   0.373159E+11  0.1559  3.7770             24   348                  
   0.375044E+11  0.1900  3.7748 Brg         25   351                  
   0.377862E+11  0.2558  3.7682             26   357                  
   0.379551E+11  0.3105  3.7614             27   362                  
   0.381049E+11  0.3708  3.7538             28   367                  
   0.382144E+11  0.4267  3.7480             29   371                  
   0.383236E+11  0.4955  3.7431             30   375                  
   0.384106E+11  0.5569  3.7401             31   380                  
   0.384941E+11  0.6269  3.7376             32   389                  
   0.385750E+11  0.6926  3.7360             33   395                  
   0.386470E+11  0.7590  3.7345             34   403                  
   0.387078E+11  0.8205  3.7333             35   413                  
   0.387645E+11  0.8849  3.7322             36   424                  
   0.388060E+11  0.9453  3.7309             37   435                  
   0.388466E+11  1.0063  3.7297             38   449                  
   0.388819E+11  1.0672  3.7285             39   464                  
   0.389133E+11  1.1280  3.7272             40   482                  
   0.389413E+11  1.1900  3.7258             41   501                  
   0.389646E+11  1.2509  3.7245             42   524                  
   0.389856E+11  1.3125  3.7230             43   543                  
   0.390039E+11  1.3734  3.7216             44   562                  
   0.390206E+11  1.4380  3.7198             45   584                  
   0.390350E+11  1.4985  3.7183             46   608                  
   0.390473E+11  1.5591  3.7166             47   635                  
   0.390588E+11  1.6210  3.7149             48   667                  
   0.390684E+11  1.6814  3.7132             49   696                  
   0.390775E+11  1.7418  3.7115             50   728                  
   0.390848E+11  1.8033  3.7095             51   760                  
   0.390918E+11  1.8647  3.7076             52   799                  
   0.390978E+11  1.9247  3.7057             53   853                  
   0.391043E+11  1.9859  3.7039             54   951                  
   0.391092E+11  2.0469  3.7020             55  1006                  
   0.391134E+11  2.1065  3.6999             56  1077                  
   0.391170E+11  2.1669  3.6980             57  1150                  
   0.391201E+11  2.2270  3.6959             58  1233                  
   0.391229E+11  2.2879  3.6938             59  1387                  
   0.391254E+11  2.3483  3.6919             60  1552                  
   0.391277E+11  2.4129  3.6893             61  1718                  
   0.391297E+11  2.4738  3.6872             62  1728                  
   0.391316E+11  2.5352  3.6849             63  1739                  
   0.391333E+11  2.5948  3.6827             64  1750                  
   0.391348E+11  2.6577  3.6799             65  1762                  
   0.391362E+11  2.7210  3.6779             66  1774                  
   0.391374E+11  2.7846  3.6752             67  1787                  
   0.391385E+11  2.8446  3.6728             68  1800                  
   0.391395E+11  2.9047  3.6706             69  1813                  
   0.391404E+11  2.9644  3.6679             70  1827                  
   0.391412E+11  3.0244  3.6657             71  1842                  
   0.391419E+11  3.0855  3.6634             72  1857                  
   0.391426E+11  3.1456  3.6614             73  1884                  
   0.391432E+11  3.2053  3.6596             74  1915                  
   0.391433E+11  3.2110  3.6594 F           75  1921                  
   0.000000E+00 -0.5223  3.7515 M=  0.70                     1    12  
   0.479824E+09 -0.5064  3.7529              2    19                  
   0.165047E+10 -0.4847  3.7552              3    40                  
   0.276983E+10 -0.4647  3.7576              4    59                  
   0.387796E+10 -0.4442  3.7600              5    77                  
   0.498001E+10 -0.4230  3.7624              6    94                  
   0.608017E+10 -0.4003  3.7651              7   110                  
   0.717756E+10 -0.3766  3.7679              8   125                  
   0.827386E+10 -0.3512  3.7702              9   140                  
   0.936977E+10 -0.3242  3.7730             10   154                  
   0.104670E+11 -0.2951  3.7761             11   168                  
   0.115671E+11 -0.2635  3.7791             12   182                  
   0.126853E+11 -0.2283  3.7824             13   197                  
   0.138673E+11 -0.1867  3.7860             14   216                  
   0.152664E+11 -0.1293  3.7906             15   243                  
   0.161752E+11 -0.0873  3.7934             16   250                  
   0.173529E+11 -0.0220  3.7976             17   259                  
   0.192464E+11  0.1231  3.8043             18   278                  
   0.197634E+11  0.1767  3.8060             19   292                  
   0.201036E+11  0.2153  3.8065             20   302                  
   0.202136E+11  0.2290  3.8067 Te-M        21   307                  
   0.202783E+11  0.2378  3.8066             22   311                  
   0.208331E+11  0.3243  3.8043 Xc=0        23   339                  
   0.211488E+11  0.3902  3.7978             24   347                  
   0.213571E+11  0.4472  3.7894             25   353                  
   0.214111E+11  0.4671  3.7858 Brg         26   355                  
   0.215309E+11  0.5139  3.7751             27   361                  
   0.216303E+11  0.5644  3.7626             28   367                  
   0.217117E+11  0.6215  3.7520             29   373                  
   0.217685E+11  0.6769  3.7458             30   378                  
   0.218277E+11  0.7433  3.7415             31   384                  
   0.218773E+11  0.8064  3.7387             32   390                  
   0.219233E+11  0.8721  3.7365             33   399                  
   0.219625E+11  0.9319  3.7347             34   409                  
   0.220000E+11  0.9944  3.7332             35   420                  
   0.220328E+11  1.0557  3.7318             36   431                  
   0.220640E+11  1.1175  3.7303             37   446                  
   0.220884E+11  1.1801  3.7289             38   462                  
   0.221104E+11  1.2402  3.7275             39   479                  
   0.221311E+11  1.3013  3.7259             40   502                  
   0.221494E+11  1.3624  3.7245             41   523                  
   0.221654E+11  1.4236  3.7229             42   543                  
   0.221801E+11  1.4841  3.7214             43   569                  
   0.221931E+11  1.5486  3.7196             44   596                  
   0.222038E+11  1.6103  3.7179             45   620                  
   0.222136E+11  1.6719  3.7161             46   649                  
   0.222226E+11  1.7349  3.7142             47   679                  
   0.222309E+11  1.7996  3.7123             48   715                  
   0.222377E+11  1.8625  3.7102             49   749                  
   0.222438E+11  1.9233  3.7082             50   792                  
   0.222495E+11  1.9848  3.7062             51   837                  
   0.222545E+11  2.0447  3.7042             52   889                  
   0.222610E+11  2.1049  3.7026             53   981                  
   0.222646E+11  2.1654  3.7005             54  1039                  
   0.222678E+11  2.2273  3.6983             55  1110                  
   0.222708E+11  2.2870  3.6963             56  1191                  
   0.222732E+11  2.3485  3.6940             57  1268                  
   0.222755E+11  2.4104  3.6919             58  1278                  
   0.222777E+11  2.4704  3.6896             59  1288                  
   0.222795E+11  2.5321  3.6874             60  1298                  
   0.222813E+11  2.5964  3.6848             61  1309                  
   0.222828E+11  2.6567  3.6824             62  1320                  
   0.222841E+11  2.7165  3.6794             63  1332                  
   0.222854E+11  2.7808  3.6776             64  1345                  
   0.222865E+11  2.8406  3.6748             65  1358                  
   0.222874E+11  2.9012  3.6723             66  1371                  
   0.222884E+11  2.9644  3.6696             67  1386                  
   0.222892E+11  3.0273  3.6671             68  1401                  
   0.222899E+11  3.0866  3.6641             69  1416                  
   0.222906E+11  3.1473  3.6616             70  1446                  
   0.222912E+11  3.2050  3.6589 F           71  1474                  
   0.000000E+00 -0.2459  3.7875 M=  0.80                     1    11  
   0.292946E+09 -0.2302  3.7894              2    18                  
   0.103009E+10 -0.2086  3.7915              3    39                  
   0.172007E+10 -0.1885  3.7936              4    58                  
   0.239956E+10 -0.1678  3.7959              5    76                  
   0.307093E+10 -0.1467  3.7983              6    92                  
   0.373566E+10 -0.1247  3.8005              7   108                  
   0.439368E+10 -0.1016  3.8027              8   124                  
   0.504300E+10 -0.0776  3.8051              9   139                  
   0.568403E+10 -0.0523  3.8074             10   153                  
   0.632021E+10 -0.0255  3.8098             11   167                  
   0.695951E+10  0.0037  3.8122             12   181                  
   0.762313E+10  0.0364  3.8148             13   195                  
   0.836065E+10  0.0774  3.8177             14   215                  
   0.927773E+10  0.1372  3.8218             15   242                  
   0.987723E+10  0.1817  3.8241             16   249                  
   0.106144E+11  0.2474  3.8275             17   258                  
   0.115426E+11  0.3551  3.8319             18   276                  
   0.117766E+11  0.3877  3.8328             19   291                  
   0.119860E+11  0.4193  3.8329             20   301                  
   0.120202E+11  0.4249  3.8329 Te-M        21   303                  
   0.121109E+11  0.4405  3.8329             22   310                  
   0.125144E+11  0.5232  3.8292 Xc=0        23   338                  
   0.127309E+11  0.5818  3.8211             24   346                  
   0.128764E+11  0.6332  3.8109             25   352                  
   0.129756E+11  0.6793  3.7975             26   358                  
   0.130370E+11  0.7131  3.7843 Brg         27   363                  
   0.130970E+11  0.7481  3.7687             28   369                  
   0.131431E+11  0.7850  3.7566             29   374                  
   0.131853E+11  0.8375  3.7484             30   379                  
   0.132191E+11  0.8957  3.7436             31   384                  
   0.132502E+11  0.9604  3.7403             32   390                  
   0.132792E+11  1.0204  3.7380             33   399                  
   0.133063E+11  1.0814  3.7362             34   408                  
   0.133298E+11  1.1457  3.7341             35   418                  
   0.133531E+11  1.2102  3.7324             36   431                  
   0.133737E+11  1.2759  3.7307             37   448                  
   0.133916E+11  1.3402  3.7289             38   466                  
   0.134075E+11  1.4035  3.7272             39   483                  
   0.134221E+11  1.4698  3.7255             40   502                  
   0.134355E+11  1.5347  3.7236             41   525                  
   0.134464E+11  1.5991  3.7217             42   551                  
   0.134563E+11  1.6630  3.7198             43   580                  
   0.134647E+11  1.7229  3.7180             44   607                  
   0.134727E+11  1.7851  3.7160             45   637                  
   0.134793E+11  1.8449  3.7140             46   670                  
   0.134854E+11  1.9053  3.7122             47   704                  
   0.134908E+11  1.9659  3.7099             48   747                  
   0.134958E+11  2.0259  3.7081             49   792                  
   0.135002E+11  2.0857  3.7060             50   848                  
   0.135056E+11  2.1459  3.7041             51   929                  
   0.135060E+11  2.1471  3.7041             52   936                  
   0.135073E+11  2.1434  3.7044             53   961                  
   0.135108E+11  2.2031  3.7024             54  1028                  
   0.135139E+11  2.2658  3.7000             55  1051                  
   0.135167E+11  2.3287  3.6978             56  1060                  
   0.135191E+11  2.3896  3.6956             57  1069                  
   0.135214E+11  2.4544  3.6931             58  1079                  
   0.135233E+11  2.5154  3.6908             59  1089                  
   0.135250E+11  2.5748  3.6885             60  1099                  
   0.135266E+11  2.6357  3.6859             61  1110                  
   0.135281E+11  2.7014  3.6833             62  1122                  
   0.135293E+11  2.7638  3.6811             63  1134                  
   0.135304E+11  2.8255  3.6785             64  1147                  
   0.135314E+11  2.8857  3.6758             65  1160                  
   0.135324E+11  2.9472  3.6730             66  1174                  
   0.135332E+11  3.0090  3.6703             67  1188                  
   0.135339E+11  3.0683  3.6678             68  1203                  
   0.135346E+11  3.1277  3.6651             69  1223                  
   0.135352E+11  3.1878  3.6623             70  1240                  
   0.135353E+11  3.1979  3.6616 F           71  1248                  
   0.000000E+00 -0.2459  3.7875 M=  0.80                     1    11  
   0.292946E+09 -0.2302  3.7894              2    18                  
   0.103009E+10 -0.2086  3.7915              3    39                  
   0.172007E+10 -0.1885  3.7936              4    58                  
   0.239956E+10 -0.1678  3.7959              5    76                  
   0.307093E+10 -0.1467  3.7983              6    92                  
   0.373566E+10 -0.1247  3.8005              7   108                  
   0.439368E+10 -0.1016  3.8027              8   124                  
   0.504300E+10 -0.0776  3.8051              9   139                  
   0.568403E+10 -0.0523  3.8074             10   153                  
   0.632021E+10 -0.0255  3.8098             11   167                  
   0.695951E+10  0.0037  3.8122             12   181                  
   0.762313E+10  0.0364  3.8148             13   195                  
   0.836065E+10  0.0774  3.8177             14   215                  
   0.927773E+10  0.1372  3.8218             15   242                  
   0.987723E+10  0.1817  3.8241             16   249                  
   0.106144E+11  0.2474  3.8275             17   258                  
   0.115426E+11  0.3551  3.8319             18   276                  
   0.117766E+11  0.3877  3.8328             19   291                  
   0.119860E+11  0.4193  3.8329             20   301                  
   0.120202E+11  0.4249  3.8329 Te-M        21   303                  
   0.121109E+11  0.4405  3.8329             22   310                  
   0.125144E+11  0.5232  3.8292 Xc=0        23   338                  
   0.127309E+11  0.5818  3.8211             24   346                  
   0.128764E+11  0.6332  3.8109             25   352                  
   0.129756E+11  0.6793  3.7975             26   358                  
   0.130370E+11  0.7131  3.7843 Brg         27   363                  
   0.130970E+11  0.7481  3.7687             28   369                  
   0.131431E+11  0.7850  3.7566             29   374                  
   0.131853E+11  0.8375  3.7484             30   379                  
   0.132191E+11  0.8957  3.7436             31   384                  
   0.132502E+11  0.9604  3.7403             32   390                  
   0.132792E+11  1.0204  3.7380             33   399                  
   0.133063E+11  1.0814  3.7362             34   408                  
   0.133298E+11  1.1457  3.7341             35   418                  
   0.133531E+11  1.2102  3.7324             36   431                  
   0.133737E+11  1.2759  3.7307             37   448                  
   0.133916E+11  1.3402  3.7289             38   466                  
   0.134075E+11  1.4035  3.7272             39   483                  
   0.134221E+11  1.4698  3.7255             40   502                  
   0.134355E+11  1.5347  3.7236             41   525                  
   0.134464E+11  1.5991  3.7217             42   551                  
   0.134563E+11  1.6630  3.7198             43   580                  
   0.134647E+11  1.7229  3.7180             44   607                  
   0.134727E+11  1.7851  3.7160             45   637                  
   0.134793E+11  1.8449  3.7140             46   670                  
   0.134854E+11  1.9053  3.7122             47   704                  
   0.134908E+11  1.9659  3.7099             48   747                  
   0.134958E+11  2.0259  3.7081             49   792                  
   0.135002E+11  2.0857  3.7060             50   848                  
   0.135056E+11  2.1459  3.7041             51   929                  
   0.135060E+11  2.1471  3.7041 L-M         52   936                  
   0.135073E+11  2.1434  3.7044 L-m         53   961                  
   0.135108E+11  2.2031  3.7024             54  1028                  
   0.135139E+11  2.2658  3.7000             55  1051                  
   0.135167E+11  2.3287  3.6978             56  1060                  
   0.135191E+11  2.3896  3.6956             57  1069                  
   0.135214E+11  2.4544  3.6931             58  1079                  
   0.135233E+11  2.5154  3.6908             59  1089                  
   0.135250E+11  2.5748  3.6885             60  1099                  
   0.135266E+11  2.6357  3.6859             61  1110                  
   0.135281E+11  2.7014  3.6833             62  1122                  
   0.135293E+11  2.7638  3.6811             63  1134                  
   0.135304E+11  2.8255  3.6785             64  1147                  
   0.135314E+11  2.8857  3.6758             65  1160                  
   0.135324E+11  2.9472  3.6730             66  1174                  
   0.135332E+11  3.0090  3.6703             67  1188                  
   0.135339E+11  3.0683  3.6678             68  1203                  
   0.135346E+11  3.1277  3.6651             69  1223                  
   0.135352E+11  3.1878  3.6623             70  1240                  
   0.135353E+11  3.1979  3.6616 F           71  1248                  
   0.000000E+00 -0.0023  3.8198 M=  0.90                     1    10  
   0.186800E+09  0.0124  3.8217              2    17                  
   0.679145E+09  0.0339  3.8237              3    38                  
   0.113253E+10  0.0538  3.8257              4    57                  
   0.157025E+10  0.0738  3.8278              5    75                  
   0.200124E+10  0.0940  3.8299              6    91                  
   0.242382E+10  0.1149  3.8319              7   107                  
   0.283769E+10  0.1365  3.8340              8   123                  
   0.324319E+10  0.1586  3.8360              9   138                  
   0.364368E+10  0.1819  3.8381             10   152                  
   0.404247E+10  0.2065  3.8402             11   166                  
   0.445190E+10  0.2337  3.8425             12   180                  
   0.489247E+10  0.2659  3.8451             13   195                  
   0.540164E+10  0.3077  3.8485             14   214                  
   0.603646E+10  0.3696  3.8531             15   241                  
   0.643152E+10  0.4130  3.8556             16   248                  
   0.686816E+10  0.4703  3.8595             17   257                  
   0.733323E+10  0.5431  3.8642             18   275                  
   0.746861E+10  0.5669  3.8653             19   290                  
   0.761510E+10  0.5950  3.8658             20   300                  
   0.770831E+10  0.6149  3.8661 Te-M        21   309                  
   0.770980E+10  0.6152  3.8661             22   310                  
   0.802548E+10  0.6962  3.8621 Xc=0        23   338                  
   0.817230E+10  0.7458  3.8528             24   345                  
   0.828540E+10  0.7953  3.8390             25   351                  
   0.835024E+10  0.8323  3.8249             26   356                  
   0.839796E+10  0.8621  3.8084             27   361                  
   0.843640E+10  0.8890  3.7910             28   366                  
   0.846885E+10  0.9085  3.7741 Brg         29   371                  
   0.849916E+10  0.9286  3.7594             30   376                  
   0.852995E+10  0.9744  3.7493             31   382                  
   0.855681E+10  1.0391  3.7433             32   388                  
   0.858006E+10  1.1052  3.7398             33   395                  
   0.860066E+10  1.1697  3.7372             34   403                  
   0.861989E+10  1.2349  3.7351             35   414                  
   0.863683E+10  1.2976  3.7332             36   427                  
   0.865069E+10  1.3584  3.7314             37   439                  
   0.866426E+10  1.4196  3.7297             38   454                  
   0.867689E+10  1.4801  3.7280             39   473                  
   0.868765E+10  1.5409  3.7262             40   494                  
   0.869767E+10  1.6007  3.7244             41   517                  
   0.870638E+10  1.6627  3.7227             42   542                  
   0.871452E+10  1.7223  3.7207             43   566                  
   0.872168E+10  1.7828  3.7188             44   591                  
   0.872819E+10  1.8430  3.7169             45   619                  
   0.873426E+10  1.9030  3.7148             46   653                  
   0.873930E+10  1.9648  3.7128             47   687                  
   0.874391E+10  2.0266  3.7106             48   726                  
   0.874810E+10  2.0863  3.7085             49   767                  
   0.875187E+10  2.1462  3.7067             50   816                  
   0.875585E+10  2.2056  3.7044             51   886                  
   0.875753E+10  2.2179  3.7040 L-M         52   927                  
   0.875947E+10  2.1968  3.7051 L-m         53   969                  
   0.876229E+10  2.2565  3.7030             54  1035                  
   0.876509E+10  2.3237  3.7006             55  1065                  
   0.876752E+10  2.3850  3.6983             56  1074                  
   0.876981E+10  2.4478  3.6960             57  1084                  
   0.877176E+10  2.5101  3.6936             58  1094                  
   0.877345E+10  2.5714  3.6913             59  1104                  
   0.877505E+10  2.6361  3.6887             60  1115                  
   0.877643E+10  2.6957  3.6860             61  1126                  
   0.877766E+10  2.7579  3.6836             62  1138                  
   0.877885E+10  2.8202  3.6814             63  1151                  
   0.877981E+10  2.8797  3.6788             64  1163                  
   0.878073E+10  2.9407  3.6761             65  1177                  
   0.878159E+10  3.0046  3.6732             66  1192                  
   0.878234E+10  3.0663  3.6705             67  1207                  
   0.878302E+10  3.1257  3.6678             68  1226                  
   0.878368E+10  3.1853  3.6650             69  1247                  
   0.878368E+10  3.1851  3.6650 F           70  1252                  
   0.000000E+00  0.2132  3.8513 M=  1.00                     1     9  
   0.126530E+09  0.2264  3.8533              2    16                  
   0.479920E+09  0.2479  3.8554              3    37                  
   0.796505E+09  0.2674  3.8577              4    56                  
   0.109218E+10  0.2864  3.8598              5    74                  
   0.137756E+10  0.3054  3.8620              6    90                  
   0.165566E+10  0.3246  3.8642              7   106                  
   0.192745E+10  0.3445  3.8663              8   122                  
   0.219378E+10  0.3647  3.8686              9   136                  
   0.245894E+10  0.3861  3.8710             10   151                  
   0.272856E+10  0.4094  3.8735             11   165                  
   0.301323E+10  0.4360  3.8764             12   179                  
   0.332823E+10  0.4682  3.8802             13   193                  
   0.369340E+10  0.5108  3.8852             14   213                  
   0.413387E+10  0.5712  3.8921             15   240                  
   0.438677E+10  0.6095  3.8953             16   247                  
   0.463453E+10  0.6531  3.8997             17   255                  
   0.488608E+10  0.7024  3.9039             18   274                  
   0.497684E+10  0.7217  3.9050             19   289                  
   0.508739E+10  0.7476  3.9058             20   299                  
   0.516039E+10  0.7663  3.9061 Te-M        21   308                  
   0.516245E+10  0.7669  3.9061             22   309                  
   0.541787E+10  0.8474  3.9027 Xc=0        23   337                  
   0.555394E+10  0.9029  3.8920             24   345                  
   0.562493E+10  0.9409  3.8798             25   350                  
   0.566738E+10  0.9688  3.8659             26   354                  
   0.569900E+10  0.9915  3.8475             27   358                  
   0.571890E+10  1.0086  3.8318             28   361                  
   0.574127E+10  1.0281  3.8134             29   365                  
   0.576064E+10  1.0434  3.7953             30   369                  
   0.577814E+10  1.0530  3.7788             31   373                  
   0.579867E+10  1.0611  3.7619 Brg         32   378                  
   0.582132E+10  1.0964  3.7493             33   385                  
   0.583952E+10  1.1543  3.7433             34   391                  
   0.585683E+10  1.2171  3.7398             35   399                  
   0.587105E+10  1.2780  3.7374             36   408                  
   0.588349E+10  1.3385  3.7352             37   418                  
   0.589570E+10  1.4005  3.7332             38   429                  
   0.590741E+10  1.4646  3.7312             39   443                  
   0.591808E+10  1.5253  3.7294             40   459                  
   0.592717E+10  1.5849  3.7276             41   475                  
   0.593556E+10  1.6447  3.7258             42   495                  
   0.594316E+10  1.7054  3.7239             43   516                  
   0.595014E+10  1.7675  3.7220             44   540                  
   0.595656E+10  1.8291  3.7199             45   569                  
   0.596207E+10  1.8902  3.7179             46   599                  
   0.596729E+10  1.9526  3.7158             47   631                  
   0.597186E+10  2.0133  3.7136             48   667                  
   0.597591E+10  2.0737  3.7116             49   716                  
   0.597955E+10  2.1341  3.7094             50   758                  
   0.598289E+10  2.1949  3.7074             51   809                  
   0.598614E+10  2.2552  3.7051             52   873                  
   0.598896E+10  2.2897  3.7040 L-M         53   941                  
   0.599124E+10  2.2524  3.7058 L-m         54  1000                  
   0.599358E+10  2.3144  3.7034             55  1066                  
   0.599602E+10  2.3796  3.7010             56  1098                  
   0.599814E+10  2.4397  3.6987             57  1107                  
   0.600016E+10  2.5044  3.6965             58  1117                  
   0.600189E+10  2.5658  3.6939             59  1127                  
   0.600353E+10  2.6298  3.6916             60  1138                  
   0.600492E+10  2.6921  3.6888             61  1149                  
   0.600623E+10  2.7556  3.6862             62  1161                  
   0.600735E+10  2.8170  3.6837             63  1173                  
   0.600840E+10  2.8806  3.6815             64  1186                  
   0.600928E+10  2.9409  3.6787             65  1199                  
   0.601011E+10  3.0020  3.6761             66  1213                  
   0.601085E+10  3.0616  3.6733             67  1228                  
   0.601152E+10  3.1220  3.6706             68  1250                  
   0.601206E+10  3.1696  3.6684 F           69  1267                  
   0.000000E+00  0.4019  3.8865 M=  1.10                     1     8  
   0.127811E+09  0.4178  3.8884              2    16                  
   0.464007E+09  0.4454  3.8925              3    37                  
   0.769166E+09  0.4710  3.8964              4    56                  
   0.104812E+10  0.4956  3.9000              5    73                  
   0.130340E+10  0.5195  3.9033              6    90                  
   0.153782E+10  0.5429  3.9064              7   106                  
   0.175400E+10  0.5658  3.9094              8   121                  
   0.195229E+10  0.5887  3.9123              9   136                  
   0.213511E+10  0.6118  3.9153             10   150                  
   0.230279E+10  0.6349  3.9183             11   164                  
   0.245633E+10  0.6572  3.9212             12   178                  
   0.262647E+10  0.6846  3.9247             13   193                  
   0.282080E+10  0.7189  3.9287             14   212                  
   0.303865E+10  0.7615  3.9334             15   239                  
   0.315192E+10  0.7847  3.9352             16   246                  
   0.326218E+10  0.8096  3.9374             17   254                  
   0.339999E+10  0.8414  3.9398             18   274                  
   0.346251E+10  0.8572  3.9405             19   288                  
   0.354810E+10  0.8811  3.9413             20   299                  
   0.361251E+10  0.9007  3.9418 Te-M        21   308                  
   0.382451E+10  0.9779  3.9392 Xc=0        22   336                  
   0.393856E+10  1.0334  3.9296             23   344                  
   0.400196E+10  1.0750  3.9178             24   350                  
   0.403617E+10  1.1011  3.9021             25   354                  
   0.405961E+10  1.1250  3.8864             26   358                  
   0.407449E+10  1.1380  3.8679             27   361                  
   0.408643E+10  1.1512  3.8498             28   364                  
   0.409429E+10  1.1589  3.8345             29   366                  
   0.410429E+10  1.1694  3.8160             30   369                  
   0.411394E+10  1.1777  3.7989             31   372                  
   0.412365E+10  1.1797  3.7824             32   376                  
   0.413620E+10  1.1776  3.7652             33   387                  
   0.414217E+10  1.1785  3.7588 Brg         34   389                  
   0.416011E+10  1.2190  3.7472             35   395                  
   0.417310E+10  1.2759  3.7420             36   403                  
   0.418453E+10  1.3356  3.7388             37   411                  
   0.419643E+10  1.4026  3.7361             38   422                  
   0.420663E+10  1.4642  3.7339             39   433                  
   0.421607E+10  1.5257  3.7321             40   445                  
   0.422441E+10  1.5871  3.7301             41   460                  
   0.423194E+10  1.6476  3.7282             42   476                  
   0.423939E+10  1.7082  3.7264             43   497                  
   0.424586E+10  1.7706  3.7243             44   518                  
   0.425162E+10  1.8313  3.7223             45   541                  
   0.425727E+10  1.8920  3.7203             46   569                  
   0.426171E+10  1.9525  3.7182             47   598                  
   0.426597E+10  2.0127  3.7162             48   635                  
   0.427002E+10  2.0736  3.7140             49   676                  
   0.427341E+10  2.1336  3.7119             50   714                  
   0.427659E+10  2.1933  3.7097             51   759                  
   0.427962E+10  2.2536  3.7077             52   816                  
   0.428233E+10  2.3151  3.7052             53   880                  
   0.428524E+10  2.3558  3.7039 L-M         54   958                  
   0.428713E+10  2.3018  3.7063 L-m         55  1013                  
   0.428910E+10  2.3614  3.7040             56  1065                  
   0.429131E+10  2.4277  3.7017             57  1104                  
   0.429337E+10  2.4919  3.6990             58  1114                  
   0.429514E+10  2.5558  3.6969             59  1124                  
   0.429680E+10  2.6213  3.6941             60  1135                  
   0.429823E+10  2.6840  3.6918             61  1146                  
   0.429946E+10  2.7432  3.6890             62  1157                  
   0.430062E+10  2.8062  3.6862             63  1169                  
   0.430170E+10  2.8701  3.6840             64  1182                  
   0.430262E+10  2.9307  3.6820             65  1195                  
   0.430338E+10  2.9898  3.6790             66  1208                  
   0.430417E+10  3.0498  3.6765             67  1223                  
   0.430485E+10  3.1123  3.6735             68  1249                  
   0.430528E+10  3.1478  3.6721 F           69  1265                  
   0.000000E+00  0.5700  3.9256 M=  1.20                     1     6  
   0.118685E+09  0.5858  3.9262              2    16                  
   0.410239E+09  0.6162  3.9307              3    37                  
   0.674362E+09  0.6453  3.9349              4    56                  
   0.914485E+09  0.6730  3.9385              5    73                  
   0.113334E+10  0.7003  3.9419              6    90                  
   0.133240E+10  0.7270  3.9451              7   106                  
   0.151334E+10  0.7536  3.9481              8   121                  
   0.167727E+10  0.7804  3.9513              9   136                  
   0.182621E+10  0.8080  3.9549             10   150                  
   0.196189E+10  0.8361  3.9586             11   164                  
   0.208686E+10  0.8642  3.9620             12   178                  
   0.220306E+10  0.8917  3.9650             13   192                  
   0.231198E+10  0.9180  3.9671             14   212                  
   0.241159E+10  0.9422  3.9682             15   238                  
   0.245839E+10  0.9544  3.9684             16   247                  
   0.250323E+10  0.9679  3.9692             17   257                  
   0.255816E+10  0.9928  3.9720             18   276                  
   0.257925E+10  1.0050  3.9731             19   290                  
   0.262214E+10  1.0214  3.9734 Te-M        20   302                  
   0.266094E+10  1.0351  3.9732             21   312                  
   0.281951E+10  1.1035  3.9702 Xc=0        22   340                  
   0.290977E+10  1.1563  3.9610             23   348                  
   0.296687E+10  1.1999  3.9471             24   354                  
   0.299695E+10  1.2259  3.9319             25   359                  
   0.301164E+10  1.2402  3.9170             26   362                  
   0.302378E+10  1.2538  3.9020             27   365                  
   0.303442E+10  1.2672  3.8840             28   368                  
   0.304063E+10  1.2735  3.8687             29   370                  
   0.304636E+10  1.2799  3.8525             30   372                  
   0.305173E+10  1.2865  3.8369             31   374                  
   0.305657E+10  1.2885  3.8186             32   376                  
   0.306395E+10  1.2923  3.7977             33   379                  
   0.307113E+10  1.2922  3.7813             34   382                  
   0.308025E+10  1.2846  3.7643             35   386                  
   0.308627E+10  1.2809  3.7549 Brg         36   389                  
   0.310015E+10  1.3294  3.7449             37   396                  
   0.311043E+10  1.3955  3.7400             38   404                  
   0.311981E+10  1.4584  3.7371             39   412                  
   0.312842E+10  1.5209  3.7348             40   422                  
   0.313670E+10  1.5838  3.7327             41   434                  
   0.314379E+10  1.6434  3.7308             42   447                  
   0.315084E+10  1.7050  3.7288             43   464                  
   0.315670E+10  1.7661  3.7269             44   481                  
   0.316229E+10  1.8263  3.7249             45   501                  
   0.316754E+10  1.8889  3.7228             46   524                  
   0.317221E+10  1.9506  3.7207             47   554                  
   0.317613E+10  2.0109  3.7185             48   586                  
   0.317992E+10  2.0707  3.7164             49   622                  
   0.318326E+10  2.1303  3.7143             50   662                  
   0.318639E+10  2.1913  3.7122             51   714                  
   0.318929E+10  2.2520  3.7099             52   773                  
   0.319180E+10  2.3118  3.7078             53   833                  
   0.319417E+10  2.3725  3.7055             54   898                  
   0.319682E+10  2.4170  3.7038 L-M         55   993                  
   0.319813E+10  2.3579  3.7065             56  1041                  
   0.319837E+10  2.3467  3.7070 L-m         57  1048                  
   0.320022E+10  2.4080  3.7045             58  1111                  
   0.320209E+10  2.4688  3.7024             59  1162                  
   0.320395E+10  2.5321  3.6998             60  1172                  
   0.320556E+10  2.5943  3.6976             61  1182                  
   0.320694E+10  2.6538  3.6952             62  1192                  
   0.320825E+10  2.7164  3.6927             63  1203                  
   0.320948E+10  2.7805  3.6897             64  1215                  
   0.321054E+10  2.8413  3.6871             65  1227                  
   0.321153E+10  2.9050  3.6847             66  1240                  
   0.321238E+10  2.9649  3.6827             67  1253                  
   0.321314E+10  3.0244  3.6799             68  1267                  
   0.321384E+10  3.0841  3.6774             69  1290                  
   0.321436E+10  3.1255  3.6754 F           70  1311                  
   0.000000E+00  0.7244  3.9608 M=  1.30                     1     7  
   0.946831E+08  0.7364  3.9601              2    16                  
   0.344869E+09  0.7688  3.9648              3    36                  
   0.570961E+09  0.8002  3.9689              4    55                  
   0.774615E+09  0.8301  3.9724              5    73                  
   0.957718E+09  0.8597  3.9757              6    90                  
   0.112280E+10  0.8887  3.9788              7   106                  
   0.127057E+10  0.9179  3.9821              8   121                  
   0.140321E+10  0.9477  3.9857              9   136                  
   0.152192E+10  0.9775  3.9893             10   150                  
   0.162877E+10  1.0064  3.9923             11   164                  
   0.172574E+10  1.0328  3.9940             12   177                  
   0.176599E+10  1.0437  3.9942 Te-M        13   183                  
   0.181408E+10  1.0564  3.9940             14   192                  
   0.189406E+10  1.0769  3.9922             15   211                  
   0.196627E+10  1.0959  3.9893             16   238                  
   0.199919E+10  1.1056  3.9878             17   246                  
   0.202520E+10  1.1145  3.9873             18   254                  
   0.203035E+10  1.1166  3.9874             19   256                  
   0.206537E+10  1.1373  3.9910             20   275                  
   0.207687E+10  1.1526  3.9958             21   290                  
   0.208608E+10  1.1791  4.0022             22   300                  
   0.208833E+10  1.1884  4.0030             23   304                  
   0.209037E+10  1.1958  4.0023             24   309                  
   0.214235E+10  1.2319  3.9940 Xc=0        25   340                  
   0.221831E+10  1.2820  3.9816             26   348                  
   0.225615E+10  1.3166  3.9653             27   354                  
   0.227249E+10  1.3355  3.9509             28   358                  
   0.228287E+10  1.3476  3.9359             29   361                  
   0.229162E+10  1.3585  3.9199             30   364                  
   0.229969E+10  1.3687  3.9008             31   367                  
   0.230458E+10  1.3736  3.8846             32   369                  
   0.230925E+10  1.3793  3.8681             33   371                  
   0.231372E+10  1.3824  3.8483             34   373                  
   0.231800E+10  1.3843  3.8269             35   375                  
   0.232220E+10  1.3839  3.8072             36   377                  
   0.232850E+10  1.3797  3.7867             37   380                  
   0.233582E+10  1.3649  3.7682             38   384                  
   0.234426E+10  1.3596  3.7543 Brg         39   389                  
   0.235660E+10  1.4083  3.7441             40   397                  
   0.236554E+10  1.4675  3.7398             41   405                  
   0.237416E+10  1.5306  3.7372             42   415                  
   0.238244E+10  1.5951  3.7346             43   428                  
   0.239005E+10  1.6560  3.7325             44   445                  
   0.239647E+10  1.7238  3.7303             45   462                  
   0.240219E+10  1.7851  3.7284             46   480                  
   0.240759E+10  1.8468  3.7263             47   500                  
   0.241243E+10  1.9076  3.7242             48   522                  
   0.241698E+10  1.9671  3.7222             49   548                  
   0.242078E+10  2.0284  3.7200             50   577                  
   0.242436E+10  2.0885  3.7180             51   611                  
   0.242765E+10  2.1490  3.7157             52   648                  
   0.243058E+10  2.2093  3.7136             53   696                  
   0.243325E+10  2.2702  3.7115             54   752                  
   0.243578E+10  2.3317  3.7089             55   826                  
   0.243811E+10  2.3929  3.7069             56   905                  
   0.244044E+10  2.4533  3.7045             57  1000                  
   0.244131E+10  2.4620  3.7042 L-M         58  1033                  
   0.244254E+10  2.4011  3.7071             59  1086                  
   0.244281E+10  2.3961  3.7072 L-m         60  1097                  
   0.244456E+10  2.4568  3.7047             61  1171                  
   0.244640E+10  2.5227  3.7023             62  1247                  
   0.244805E+10  2.5846  3.6998             63  1257                  
   0.244947E+10  2.6452  3.6976             64  1267                  
   0.245081E+10  2.7073  3.6951             65  1278                  
   0.245197E+10  2.7673  3.6926             66  1289                  
   0.245306E+10  2.8289  3.6898             67  1301                  
   0.245408E+10  2.8930  3.6871             68  1314                  
   0.245496E+10  2.9530  3.6848             69  1327                  
   0.245577E+10  3.0168  3.6826             70  1341                  
   0.245650E+10  3.0768  3.6797             71  1363                  
   0.245690E+10  3.1101  3.6783 F           72  1375                  
   0.000000E+00  0.7244  3.9608 M=  1.30                     1     7  
   0.946831E+08  0.7364  3.9601              2    16                  
   0.344869E+09  0.7688  3.9648              3    36                  
   0.570961E+09  0.8002  3.9689              4    55                  
   0.774615E+09  0.8301  3.9724              5    73                  
   0.957718E+09  0.8597  3.9757              6    90                  
   0.112280E+10  0.8887  3.9788              7   106                  
   0.127057E+10  0.9179  3.9821              8   121                  
   0.140321E+10  0.9477  3.9857              9   136                  
   0.152192E+10  0.9775  3.9893             10   150                  
   0.162877E+10  1.0064  3.9923             11   164                  
   0.172574E+10  1.0328  3.9940             12   177                  
   0.176599E+10  1.0437  3.9942 Te-M        13   183                  
   0.181408E+10  1.0564  3.9940             14   192                  
   0.189406E+10  1.0769  3.9922             15   211                  
   0.196627E+10  1.0959  3.9893             16   238                  
   0.199919E+10  1.1056  3.9878             17   246                  
   0.202520E+10  1.1145  3.9873 Te-m        18   254                  
   0.203035E+10  1.1166  3.9874             19   256                  
   0.206537E+10  1.1373  3.9910             20   275                  
   0.207687E+10  1.1526  3.9958             21   290                  
   0.208608E+10  1.1791  4.0022             22   300                  
   0.208833E+10  1.1884  4.0030 Te-h        23   304                  
   0.209037E+10  1.1958  4.0023             24   309                  
   0.214235E+10  1.2319  3.9940 Xc=0        25   340                  
   0.221831E+10  1.2820  3.9816             26   348                  
   0.225615E+10  1.3166  3.9653             27   354                  
   0.227249E+10  1.3355  3.9509             28   358                  
   0.228287E+10  1.3476  3.9359             29   361                  
   0.229162E+10  1.3585  3.9199             30   364                  
   0.229969E+10  1.3687  3.9008             31   367                  
   0.230458E+10  1.3736  3.8846             32   369                  
   0.230925E+10  1.3793  3.8681             33   371                  
   0.231372E+10  1.3824  3.8483             34   373                  
   0.231800E+10  1.3843  3.8269             35   375                  
   0.232220E+10  1.3839  3.8072             36   377                  
   0.232850E+10  1.3797  3.7867             37   380                  
   0.233582E+10  1.3649  3.7682             38   384                  
   0.234426E+10  1.3596  3.7543 Brg         39   389                  
   0.235660E+10  1.4083  3.7441             40   397                  
   0.236554E+10  1.4675  3.7398             41   405                  
   0.237416E+10  1.5306  3.7372             42   415                  
   0.238244E+10  1.5951  3.7346             43   428                  
   0.239005E+10  1.6560  3.7325             44   445                  
   0.239647E+10  1.7238  3.7303             45   462                  
   0.240219E+10  1.7851  3.7284             46   480                  
   0.240759E+10  1.8468  3.7263             47   500                  
   0.241243E+10  1.9076  3.7242             48   522                  
   0.241698E+10  1.9671  3.7222             49   548                  
   0.242078E+10  2.0284  3.7200             50   577                  
   0.242436E+10  2.0885  3.7180             51   611                  
   0.242765E+10  2.1490  3.7157             52   648                  
   0.243058E+10  2.2093  3.7136             53   696                  
   0.243325E+10  2.2702  3.7115             54   752                  
   0.243578E+10  2.3317  3.7089             55   826                  
   0.243811E+10  2.3929  3.7069             56   905                  
   0.244044E+10  2.4533  3.7045             57  1000                  
   0.244131E+10  2.4620  3.7042 L-M         58  1033                  
   0.244254E+10  2.4011  3.7071             59  1086                  
   0.244281E+10  2.3961  3.7072 L-m         60  1097                  
   0.244456E+10  2.4568  3.7047             61  1171                  
   0.244640E+10  2.5227  3.7023             62  1247                  
   0.244805E+10  2.5846  3.6998             63  1257                  
   0.244947E+10  2.6452  3.6976             64  1267                  
   0.245081E+10  2.7073  3.6951             65  1278                  
   0.245197E+10  2.7673  3.6926             66  1289                  
   0.245306E+10  2.8289  3.6898             67  1301                  
   0.245408E+10  2.8930  3.6871             68  1314                  
   0.245496E+10  2.9530  3.6848             69  1327                  
   0.245577E+10  3.0168  3.6826             70  1341                  
   0.245650E+10  3.0768  3.6797             71  1363                  
   0.245690E+10  3.1101  3.6783 F           72  1375                  
   0.000000E+00  0.8614  3.9918 M=  1.40                     1     8  
   0.791386E+08  0.8725  3.9906              2    16                  
   0.294995E+09  0.9067  3.9952              3    37                  
   0.488305E+09  0.9398  3.9992              4    56                  
   0.661256E+09  0.9719  4.0027              5    74                  
   0.815118E+09  1.0033  4.0060              6    90                  
   0.952082E+09  1.0346  4.0093              7   106                  
   0.107334E+10  1.0661  4.0129              8   121                  
   0.118069E+10  1.0973  4.0163              9   136                  
   0.127614E+10  1.1272  4.0189             10   150                  
   0.135645E+10  1.1529  4.0200 Te-M        11   163                  
   0.136138E+10  1.1544  4.0199             12   164                  
   0.143846E+10  1.1785  4.0189             13   178                  
   0.150823E+10  1.2000  4.0158             14   193                  
   0.157099E+10  1.2192  4.0110             15   212                  
   0.162774E+10  1.2378  4.0054             16   238                  
   0.165376E+10  1.2474  4.0028             17   247                  
   0.167822E+10  1.2579  4.0012             18   257                  
   0.168238E+10  1.2601  4.0011 Te-m        19   258                  
   0.170530E+10  1.2766  4.0043             20   275                  
   0.171386E+10  1.2897  4.0097             21   290                  
   0.172000E+10  1.3142  4.0204             22   300                  
   0.172201E+10  1.3349  4.0270             23   309                  
   0.172278E+10  1.3456  4.0285 Te-h        24   313                  
   0.172542E+10  1.3684  4.0160 Xc=0        25   341                  
   0.174449E+10  1.3934  4.0003             26   352                  
   0.176704E+10  1.4160  3.9854             27   357                  
   0.178198E+10  1.4338  3.9703             28   361                  
   0.179300E+10  1.4486  3.9514             29   365                  
   0.179966E+10  1.4577  3.9343             30   368                  
   0.180556E+10  1.4660  3.9157             31   371                  
   0.180917E+10  1.4706  3.8995             32   373                  
   0.181253E+10  1.4730  3.8805             33   375                  
   0.181583E+10  1.4743  3.8585             34   377                  
   0.181906E+10  1.4754  3.8366             35   379                  
   0.182232E+10  1.4736  3.8138             36   381                  
   0.182532E+10  1.4691  3.7970             37   383                  
   0.182982E+10  1.4591  3.7792             38   386                  
   0.183504E+10  1.4393  3.7630             39   389                  
   0.183911E+10  1.4351  3.7554 Brg         40   392                  
   0.185009E+10  1.4761  3.7441             41   403                  
   0.185821E+10  1.5351  3.7398             42   413                  
   0.186640E+10  1.5984  3.7370             43   425                  
   0.187320E+10  1.6606  3.7345             44   440                  
   0.187932E+10  1.7210  3.7324             45   455                  
   0.188512E+10  1.7832  3.7303             46   472                  
   0.189064E+10  1.8435  3.7284             47   492                  
   0.189516E+10  1.9043  3.7263             48   513                  
   0.189969E+10  1.9652  3.7243             49   540                  
   0.190353E+10  2.0271  3.7222             50   568                  
   0.190710E+10  2.0882  3.7199             51   601                  
   0.191023E+10  2.1478  3.7178             52   637                  
   0.191318E+10  2.2081  3.7156             53   684                  
   0.191594E+10  2.2677  3.7134             54   744                  
   0.191830E+10  2.3273  3.7113             55   809                  
   0.192024E+10  2.3869  3.7089             56   871                  
   0.192230E+10  2.4488  3.7067             57   961                  
   0.192467E+10  2.5100  3.7043             58  1096                  
   0.192492E+10  2.5005  3.7047 L-M         59  1109                  
   0.192624E+10  2.4380  3.7075             60  1173                  
   0.192626E+10  2.4362  3.7076 L-m         61  1174                  
   0.192777E+10  2.4983  3.7051             62  1246                  
   0.192940E+10  2.5582  3.7028             63  1340                  
   0.193088E+10  2.6223  3.7002             64  1350                  
   0.193229E+10  2.6868  3.6978             65  1361                  
   0.193352E+10  2.7477  3.6953             66  1372                  
   0.193458E+10  2.8069  3.6928             67  1383                  
   0.193557E+10  2.8666  3.6902             68  1395                  
   0.193651E+10  2.9301  3.6876             69  1408                  
   0.193737E+10  2.9942  3.6851             70  1422                  
   0.193814E+10  3.0555  3.6828             71  1446                  
   0.193865E+10  3.0980  3.6810 F           72  1464                  
   0.000000E+00  0.9866  4.0196 M=  1.50                     1     8  
   0.712281E+08  0.9964  4.0182              2    17                  
   0.257502E+09  1.0318  4.0226              3    38                  
   0.423990E+09  1.0662  4.0265              4    57                  
   0.570998E+09  1.1003  4.0302              5    74                  
   0.699585E+09  1.1336  4.0336              6    91                  
   0.813468E+09  1.1661  4.0370              7   107                  
   0.914226E+09  1.1990  4.0405              8   122                  
   0.100299E+10  1.2306  4.0430              9   137                  
   0.107365E+10  1.2565  4.0438 Te-M        10   149                  
   0.108167E+10  1.2594  4.0438             11   151                  
   0.115247E+10  1.2858  4.0425             12   165                  
   0.121650E+10  1.3095  4.0391             13   179                  
   0.127387E+10  1.3311  4.0338             14   193                  
   0.132573E+10  1.3510  4.0271             15   212                  
   0.137216E+10  1.3702  4.0196             16   239                  
   0.139360E+10  1.3802  4.0161             17   248                  
   0.141362E+10  1.3908  4.0134             18   257                  
   0.141893E+10  1.3941  4.0131 Te-m        19   260                  
   0.143586E+10  1.4087  4.0156             20   276                  
   0.144280E+10  1.4206  4.0215             21   291                  
   0.144761E+10  1.4427  4.0337             22   301                  
   0.144905E+10  1.4640  4.0432             23   309                  
   0.144990E+10  1.4877  4.0497 Te-h        24   320                  
   0.145026E+10  1.4839  4.0448 Xc=0        25   339                  
   0.145111E+10  1.5038  4.0301             26   348                  
   0.145344E+10  1.5239  4.0155             27   355                  
   0.145826E+10  1.5367  4.0002             28   361                  
   0.146413E+10  1.5487  3.9828             29   366                  
   0.146920E+10  1.5583  3.9633             30   370                  
   0.147287E+10  1.5649  3.9461             31   373                  
   0.147638E+10  1.5696  3.9249             32   376                  
   0.147868E+10  1.5728  3.9089             33   378                  
   0.148091E+10  1.5744  3.8907             34   380                  
   0.148313E+10  1.5750  3.8694             35   382                  
   0.148531E+10  1.5741  3.8448             36   384                  
   0.148745E+10  1.5710  3.8181             37   386                  
   0.148969E+10  1.5655  3.7974             38   388                  
   0.149196E+10  1.5516  3.7797             39   390                  
   0.149538E+10  1.5275  3.7613             40   393                  
   0.149802E+10  1.5206  3.7530 Brg         41   396                  
   0.150482E+10  1.5702  3.7425             42   405                  
   0.151019E+10  1.6314  3.7385             43   413                  
   0.151534E+10  1.6953  3.7357             44   423                  
   0.152011E+10  1.7573  3.7333             45   434                  
   0.152498E+10  1.8202  3.7311             46   448                  
   0.152978E+10  1.8817  3.7291             47   466                  
   0.153476E+10  1.9436  3.7270             48   491                  
   0.153905E+10  2.0032  3.7249             49   521                  
   0.154274E+10  2.0634  3.7229             50   550                  
   0.154580E+10  2.1231  3.7207             51   579                  
   0.154855E+10  2.1836  3.7185             52   611                  
   0.155115E+10  2.2431  3.7164             53   654                  
   0.155347E+10  2.3039  3.7141             54   705                  
   0.155564E+10  2.3633  3.7119             55   759                  
   0.155761E+10  2.4226  3.7096             56   819                  
   0.155927E+10  2.4821  3.7074             57   892                  
   0.156097E+10  2.5422  3.7049             58   991                  
   0.156250E+10  2.5777  3.7036 L-M         59  1086                  
   0.156331E+10  2.5174  3.7063             60  1139                  
   0.156355E+10  2.4947  3.7073 L-m         61  1154                  
   0.156481E+10  2.5543  3.7048             62  1230                  
   0.156613E+10  2.6140  3.7026             63  1336                  
   0.156748E+10  2.6760  3.7000             64  1362                  
   0.156873E+10  2.7389  3.6976             65  1373                  
   0.156981E+10  2.7989  3.6952             66  1384                  
   0.157082E+10  2.8617  3.6925             67  1396                  
   0.157170E+10  2.9208  3.6896             68  1408                  
   0.157255E+10  2.9834  3.6873             69  1427                  
   0.157317E+10  3.0309  3.6855 F           70  1440                  
   0.000000E+00  1.1020  4.0455 M=  1.60                     1     9  
   0.553892E+08  1.1125  4.0439              2    17                  
   0.205339E+09  1.1464  4.0478              3    38                  
   0.339130E+09  1.1793  4.0513              4    57                  
   0.458218E+09  1.2123  4.0546              5    75                  
   0.563818E+09  1.2459  4.0581              6    91                  
   0.656496E+09  1.2774  4.0613              7   107                  
   0.738504E+09  1.3089  4.0642              8   122                  
   0.811201E+09  1.3382  4.0653              9   137                  
   0.827033E+09  1.3452  4.0656 Te-M        10   140                  
   0.876284E+09  1.3649  4.0646             11   151                  
   0.935189E+09  1.3894  4.0620             12   165                  
   0.988322E+09  1.4120  4.0576             13   179                  
   0.103616E+10  1.4329  4.0518             14   194                  
   0.107951E+10  1.4520  4.0445             15   213                  
   0.111835E+10  1.4707  4.0366             16   239                  
   0.113617E+10  1.4803  4.0330             17   248                  
   0.115299E+10  1.4908  4.0303             18   257                  
   0.115867E+10  1.4949  4.0300 Te-m        19   261                  
   0.117156E+10  1.5079  4.0325             20   276                  
   0.117739E+10  1.5195  4.0385             21   291                  
   0.118143E+10  1.5408  4.0512             22   301                  
   0.118262E+10  1.5617  4.0613             23   309                  
   0.118330E+10  1.5860  4.0692 Te-h        24   320                  
   0.118355E+10  1.5818  4.0657 Xc=0        25   338                  
   0.118422E+10  1.5972  4.0491             26   348                  
   0.118577E+10  1.6203  4.0337             27   355                  
   0.118874E+10  1.6326  4.0182             28   361                  
   0.119247E+10  1.6429  4.0009             29   366                  
   0.119578E+10  1.6511  3.9831             30   370                  
   0.119826E+10  1.6566  3.9666             31   373                  
   0.120068E+10  1.6612  3.9470             32   376                  
   0.120226E+10  1.6631  3.9316             33   378                  
   0.120383E+10  1.6645  3.9140             34   380                  
   0.120538E+10  1.6647  3.8938             35   382                  
   0.120693E+10  1.6634  3.8702             36   384                  
   0.120849E+10  1.6604  3.8426             37   386                  
   0.120928E+10  1.6581  3.8272             38   387                  
   0.121090E+10  1.6514  3.8007             39   389                  
   0.121258E+10  1.6386  3.7818             40   391                  
   0.121432E+10  1.6196  3.7669             41   393                  
   0.121689E+10  1.6014  3.7525 Brg         42   396                  
   0.122158E+10  1.6475  3.7420             43   403                  
   0.122520E+10  1.7081  3.7379             44   410                  
   0.122895E+10  1.7699  3.7350             45   420                  
   0.123269E+10  1.8309  3.7327             46   432                  
   0.123635E+10  1.8960  3.7304             47   445                  
   0.123993E+10  1.9558  3.7284             48   461                  
   0.124383E+10  2.0172  3.7263             49   484                  
   0.124756E+10  2.0788  3.7242             50   512                  
   0.125120E+10  2.1396  3.7219             51   545                  
   0.125414E+10  2.1995  3.7197             52   581                  
   0.125665E+10  2.2603  3.7176             53   622                  
   0.125882E+10  2.3221  3.7151             54   671                  
   0.126079E+10  2.3845  3.7130             55   721                  
   0.126272E+10  2.4461  3.7104             56   778                  
   0.126431E+10  2.5064  3.7081             57   839                  
   0.126581E+10  2.5673  3.7057             58   931                  
   0.126739E+10  2.6271  3.7034             59  1036                  
   0.126788E+10  2.6274  3.7034 L-M         60  1072                  
   0.126869E+10  2.5680  3.7060             61  1134                  
   0.126889E+10  2.5485  3.7071 L-m         62  1146                  
   0.127000E+10  2.6084  3.7044             63  1223                  
   0.127127E+10  2.6680  3.7022             64  1332                  
   0.127241E+10  2.7308  3.6995             65  1363                  
   0.127351E+10  2.7933  3.6972             66  1374                  
   0.127458E+10  2.8582  3.6941             67  1390                  
   0.127534E+10  2.9050  3.6921 F           68  1406                  
   0.000000E+00  1.1020  4.0455 M=  1.60                     1     9  
   0.553892E+08  1.1125  4.0439              2    17                  
   0.205339E+09  1.1464  4.0478              3    38                  
   0.339130E+09  1.1793  4.0513              4    57                  
   0.458218E+09  1.2123  4.0546              5    75                  
   0.563818E+09  1.2459  4.0581              6    91                  
   0.656496E+09  1.2774  4.0613              7   107                  
   0.738504E+09  1.3089  4.0642              8   122                  
   0.811201E+09  1.3382  4.0653              9   137                  
   0.827033E+09  1.3452  4.0656 Te-M        10   140                  
   0.876284E+09  1.3649  4.0646             11   151                  
   0.935189E+09  1.3894  4.0620             12   165                  
   0.988322E+09  1.4120  4.0576             13   179                  
   0.103616E+10  1.4329  4.0518             14   194                  
   0.107951E+10  1.4520  4.0445             15   213                  
   0.111835E+10  1.4707  4.0366             16   239                  
   0.113617E+10  1.4803  4.0330             17   248                  
   0.115299E+10  1.4908  4.0303             18   257                  
   0.115867E+10  1.4949  4.0300 Te-m        19   261                  
   0.117156E+10  1.5079  4.0325             20   276                  
   0.117739E+10  1.5195  4.0385             21   291                  
   0.118143E+10  1.5408  4.0512             22   301                  
   0.118262E+10  1.5617  4.0613             23   309                  
   0.118330E+10  1.5860  4.0692 Te-h        24   320                  
   0.118355E+10  1.5818  4.0657 Xc=0        25   338                  
   0.118422E+10  1.5972  4.0491             26   348                  
   0.118577E+10  1.6203  4.0337             27   355                  
   0.118874E+10  1.6326  4.0182             28   361                  
   0.119247E+10  1.6429  4.0009             29   366                  
   0.119578E+10  1.6511  3.9831             30   370                  
   0.119826E+10  1.6566  3.9666             31   373                  
   0.120068E+10  1.6612  3.9470             32   376                  
   0.120226E+10  1.6631  3.9316             33   378                  
   0.120383E+10  1.6645  3.9140             34   380                  
   0.120538E+10  1.6647  3.8938             35   382                  
   0.120693E+10  1.6634  3.8702             36   384                  
   0.120849E+10  1.6604  3.8426             37   386                  
   0.120928E+10  1.6581  3.8272             38   387                  
   0.121090E+10  1.6514  3.8007             39   389                  
   0.121258E+10  1.6386  3.7818             40   391                  
   0.121432E+10  1.6196  3.7669             41   393                  
   0.121689E+10  1.6014  3.7525 Brg         42   396                  
   0.122158E+10  1.6475  3.7420             43   403                  
   0.122520E+10  1.7081  3.7379             44   410                  
   0.122895E+10  1.7699  3.7350             45   420                  
   0.123269E+10  1.8309  3.7327             46   432                  
   0.123635E+10  1.8960  3.7304             47   445                  
   0.123993E+10  1.9558  3.7284             48   461                  
   0.124383E+10  2.0172  3.7263             49   484                  
   0.124756E+10  2.0788  3.7242             50   512                  
   0.125120E+10  2.1396  3.7219             51   545                  
   0.125414E+10  2.1995  3.7197             52   581                  
   0.125665E+10  2.2603  3.7176             53   622                  
   0.125882E+10  2.3221  3.7151             54   671                  
   0.126079E+10  2.3845  3.7130             55   721                  
   0.126272E+10  2.4461  3.7104             56   778                  
   0.126431E+10  2.5064  3.7081             57   839                  
   0.126581E+10  2.5673  3.7057             58   931                  
   0.126739E+10  2.6271  3.7034             59  1036                  
   0.126788E+10  2.6274  3.7034             60  1072                  
   0.126869E+10  2.5680  3.7060             61  1134                  
   0.126889E+10  2.5485  3.7071             62  1146                  
   0.127000E+10  2.6084  3.7044             63  1223                  
   0.127127E+10  2.6680  3.7022             64  1332                  
   0.127241E+10  2.7308  3.6995             65  1363                  
   0.127351E+10  2.7933  3.6972             66  1374                  
   0.127458E+10  2.8582  3.6941             67  1390                  
   0.127534E+10  2.9050  3.6921 F           68  1406                  
   0.000000E+00  1.2105  4.0693 M=  1.70                     1     9  
   0.477962E+08  1.2185  4.0672              2    18                  
   0.173518E+09  1.2523  4.0709              3    39                  
   0.283253E+09  1.2853  4.0743              4    57                  
   0.380023E+09  1.3174  4.0776              5    75                  
   0.466126E+09  1.3491  4.0806              6    92                  
   0.542677E+09  1.3800  4.0832              7   108                  
   0.610832E+09  1.4096  4.0849              8   123                  
   0.642937E+09  1.4240  4.0851 Te-M         9   130                  
   0.671825E+09  1.4372  4.0848             10   138                  
   0.726703E+09  1.4626  4.0830             11   152                  
   0.776501E+09  1.4860  4.0795             12   166                  
   0.821496E+09  1.5078  4.0744             13   179                  
   0.862030E+09  1.5280  4.0679             14   194                  
   0.898701E+09  1.5467  4.0603             15   213                  
   0.931792E+09  1.5651  4.0521             16   240                  
   0.947081E+09  1.5743  4.0484             17   248                  
   0.961504E+09  1.5846  4.0456             18   258                  
   0.967496E+09  1.5898  4.0453 Te-m        19   263                  
   0.977433E+09  1.6011  4.0479             20   277                  
   0.982439E+09  1.6126  4.0538             21   292                  
   0.985859E+09  1.6332  4.0670             22   302                  
   0.986858E+09  1.6537  4.0775             23   310                  
   0.987442E+09  1.6789  4.0865 Te-h        24   322                  
   0.987606E+09  1.6741  4.0838 Xc=0        25   339                  
   0.988097E+09  1.6821  4.0669             26   349                  
   0.989152E+09  1.7093  4.0510             27   356                  
   0.991064E+09  1.7221  4.0352             28   362                  
   0.993501E+09  1.7317  4.0186             29   367                  
   0.995757E+09  1.7389  4.0015             30   371                  
   0.997491E+09  1.7439  3.9860             31   374                  
   0.999205E+09  1.7477  3.9674             32   377                  
   0.100090E+10  1.7504  3.9449             33   380                  
   0.100201E+10  1.7512  3.9274             34   382                  
   0.100312E+10  1.7509  3.9073             35   384                  
   0.100424E+10  1.7493  3.8839             36   386                  
   0.100536E+10  1.7461  3.8563             37   388                  
   0.100593E+10  1.7437  3.8405             38   389                  
   0.100651E+10  1.7409  3.8240             39   390                  
   0.100710E+10  1.7365  3.8080             40   391                  
   0.100830E+10  1.7244  3.7847             41   393                  
   0.100952E+10  1.7045  3.7681             42   395                  
   0.101131E+10  1.6785  3.7517 Brg         43   398                  
   0.101464E+10  1.7296  3.7408             44   404                  
   0.101726E+10  1.7885  3.7370             45   410                  
   0.102001E+10  1.8493  3.7342             46   420                  
   0.102266E+10  1.9091  3.7319             47   430                  
   0.102541E+10  1.9710  3.7297             48   441                  
   0.102823E+10  2.0336  3.7275             49   459                  
   0.103121E+10  2.0945  3.7254             50   479                  
   0.103388E+10  2.1556  3.7232             51   505                  
   0.103645E+10  2.2153  3.7210             52   534                  
   0.103873E+10  2.2754  3.7187             53   567                  
   0.104098E+10  2.3353  3.7165             54   612                  
   0.104319E+10  2.3953  3.7142             55   667                  
   0.104529E+10  2.4557  3.7119             56   730                  
   0.104677E+10  2.5153  3.7095             57   783                  
   0.104810E+10  2.5749  3.7074             58   856                  
   0.104951E+10  2.6353  3.7048             59   942                  
   0.104965E+10  2.6390  3.7047 F           60   973                  
   0.000000E+00  1.2620  4.0804 M=  1.75                     1     9  
   0.450660E+08  1.2682  4.0780              2    18                  
   0.162110E+09  1.3024  4.0816              3    39                  
   0.263910E+09  1.3358  4.0850              4    58                  
   0.351758E+09  1.3682  4.0884              5    75                  
   0.429548E+09  1.3992  4.0912              6    92                  
   0.499084E+09  1.4292  4.0934              7   108                  
   0.561645E+09  1.4580  4.0944              8   123                  
   0.571137E+09  1.4625  4.0944 Te-M         9   125                  
   0.617872E+09  1.4849  4.0938             10   138                  
   0.668730E+09  1.5099  4.0914             11   152                  
   0.714532E+09  1.5329  4.0875             12   166                  
   0.756040E+09  1.5543  4.0821             13   180                  
   0.793384E+09  1.5744  4.0754             14   194                  
   0.827114E+09  1.5931  4.0676             15   213                  
   0.857679E+09  1.6114  4.0595             16   240                  
   0.871766E+09  1.6206  4.0555             17   249                  
   0.885062E+09  1.6308  4.0527             18   258                  
   0.889633E+09  1.6348  4.0524 Te-m        19   262                  
   0.899831E+09  1.6474  4.0550             20   277                  
   0.904464E+09  1.6582  4.0610             21   292                  
   0.907633E+09  1.6785  4.0742             22   302                  
   0.908554E+09  1.6987  4.0848             23   310                  
   0.909085E+09  1.7243  4.0944 Te-h        24   322                  
   0.909227E+09  1.7197  4.0920 Xc=0        25   339                  
   0.909650E+09  1.7233  4.0749             26   349                  
   0.910349E+09  1.7498  4.0611             27   355                  
   0.911745E+09  1.7643  4.0455             28   361                  
   0.913607E+09  1.7737  4.0296             29   366                  
   0.915439E+09  1.7809  4.0138             30   370                  
   0.917386E+09  1.7871  3.9938             31   374                  
   0.918844E+09  1.7910  3.9756             32   377                  
   0.920285E+09  1.7934  3.9534             33   380                  
   0.921228E+09  1.7941  3.9364             34   382                  
   0.922176E+09  1.7942  3.9167             35   384                  
   0.923126E+09  1.7929  3.8939             36   386                  
   0.924078E+09  1.7899  3.8672             37   388                  
   0.924563E+09  1.7871  3.8511             38   389                  
   0.925052E+09  1.7848  3.8344             39   390                  
   0.925548E+09  1.7808  3.8166             40   391                  
   0.926050E+09  1.7760  3.8010             41   392                  
   0.927082E+09  1.7623  3.7795             42   394                  
   0.928160E+09  1.7356  3.7625             43   396                  
   0.929248E+09  1.7198  3.7510 Brg         44   398                  
   0.931965E+09  1.7711  3.7403             45   403                  
   0.934357E+09  1.8353  3.7363             46   410                  
   0.936705E+09  1.8971  3.7334             47   419                  
   0.939129E+09  1.9620  3.7310             48   430                  
   0.941539E+09  2.0238  3.7287             49   441                  
   0.944061E+09  2.0849  3.7265             50   457                  
   0.946440E+09  2.1447  3.7245             51   496                  
   0.948776E+09  2.2050  3.7221             52   520                  
   0.950800E+09  2.2651  3.7200             53   546                  
   0.952817E+09  2.3254  3.7177             54   580                  
   0.954537E+09  2.3853  3.7153             55   619                  
   0.956140E+09  2.4365  3.7134 F           56   675                  
   5   5   5   7   7   7   7   7   7   9   9   9   9   7   7   7
   1  22  23  25  75                                                     !  0.60 1
   1  21  23  26  71                                                     !  0.70 2
   1  21  23  27  71                                                     !  0.80 3
   1  21  23  27  52  53  71                                             !  0.80 4
   1  21  23  29  52  53  70                                             !  0.90 5
   1  21  23  32  53  54  69                                             !  1.00 6
   1  21  22  34  54  55  69                                             !  1.10 0
   1  20  22  36  55  57  70                                             !  1.20 7
   1  13  25  39  58  60  72                                             !  1.30 8
   1  13  18  23  25  39  58  60  72                                     !  1.30 9
   1  11  19  24  25  40  59  61  72                                     !  1.40 11
   1  10  19  24  25  41  59  61  70                                     !  1.50 12
   1  10  19  24  25  42  60  62  68                                     !  1.60 14
   1  10  19  24  25  42  68                                             !  1.60 15
   1   9  19  24  25  43  60                                             !  1.70 0
   1   9  19  24  25  44  56                                             !  1.75 16
  0.0000  0.0000  0.0000  0.0000  0.0000  0.0000  0.0000  0.0000  0.0000  0.0000
  0.0000  0.0000  0.0000  0.0000  0.0000  0.0000
	INTERPOLA
  1 2 3 4 5 6 0 7 8 9 11 12 14 15 0 16
