   4
   1   2   3   8   9  10  11  17
  17
  86  85  85  83  81  79  80  77  77  78  78  76  74  77  77  77  73
    0.60    0.70    0.70    0.80    0.90    1.00    1.10    1.20    1.20    1.30
    1.30    1.40    1.50    1.60    1.70    1.80    1.90
   0.000000E+00 -1.1658  3.6141 M=  0.60                     1    11  
   0.161186E+10 -1.1546  3.6121              2    20                  
   0.577082E+10 -1.1358  3.6138              3    38                  
   0.100505E+11 -1.1189  3.6153              4    56                  
   0.143980E+11 -1.0996  3.6174              5    72                  
   0.188164E+11 -1.0798  3.6195              6    88                  
   0.233223E+11 -1.0587  3.6215              7   103                  
   0.279319E+11 -1.0351  3.6240              8   118                  
   0.326669E+11 -1.0084  3.6268              9   133                  
   0.375639E+11 -0.9791  3.6296             10   148                  
   0.426811E+11 -0.9439  3.6331             11   164                  
   0.480498E+11 -0.9013  3.6372             12   183                  
   0.538090E+11 -0.8482  3.6421             13   210                  
   0.569917E+11 -0.8146  3.6451             14   220                  
   0.606392E+11 -0.7693  3.6494             15   232                  
   0.659841E+11 -0.6878  3.6567             16   252                  
   0.678059E+11 -0.6537  3.6596             17   266                  
   0.693992E+11 -0.6216  3.6620             18   276                  
   0.702996E+11 -0.6010  3.6634             19   285                  
   0.729394E+11 -0.5289  3.6667 Te-M        20   310                  
   0.731217E+11 -0.5237  3.6661 Xc=0        21   313                  
   0.748902E+11 -0.4632  3.6617             22   322                  
   0.759545E+11 -0.4042  3.6589             23   329                  
   0.761879E+11 -0.3872  3.6578 Brg         24   331                  
   0.767859E+11 -0.3282  3.6540             25   337                  
   0.771873E+11 -0.2670  3.6510             26   342                  
   0.774718E+11 -0.2072  3.6493             27   346                  
   0.777131E+11 -0.1450  3.6486             28   350                  
   0.779262E+11 -0.0803  3.6484             29   360                  
   0.781046E+11 -0.0180  3.6485             30   369                  
   0.782559E+11  0.0428  3.6487             31   378                  
   0.783992E+11  0.1069  3.6490             32   386                  
   0.785324E+11  0.1711  3.6492             33   396                  
   0.786556E+11  0.2358  3.6494             34   408                  
   0.787612E+11  0.2979  3.6493             35   425                  
   0.788523E+11  0.3592  3.6492             36   444                  
   0.789376E+11  0.4212  3.6488             37   464                  
   0.790127E+11  0.4854  3.6482             38   482                  
   0.790758E+11  0.5457  3.6475             39   498                  
   0.791305E+11  0.6058  3.6465             40   516                  
   0.791792E+11  0.6668  3.6453             41   535                  
   0.792245E+11  0.7294  3.6440             42   558                  
   0.792659E+11  0.7895  3.6427             43   586                  
   0.793038E+11  0.8529  3.6412             44   623                  
   0.793444E+11  0.9128  3.6397             45   663                  
   0.794090E+11  0.9754  3.6389             46   746                  
   0.794305E+11  1.0357  3.6369             47   778                  
   0.794496E+11  1.0950  3.6346             48   812                  
   0.794678E+11  1.1556  3.6323             49   850                  
   0.794832E+11  1.2183  3.6294             50   883                  
   0.795003E+11  1.2901  3.6262             51   889                  
   0.795124E+11  1.3490  3.6233             52   894                  
   0.795228E+11  1.4092  3.6205             53   899                  
   0.795337E+11  1.4803  3.6173             54   905                  
   0.795431E+11  1.5457  3.6134             55   911                  
   0.795510E+11  1.6109  3.6092             56   917                  
   0.795577E+11  1.6735  3.6056             57   923                  
   0.795635E+11  1.7360  3.6014             58   929                  
   0.795692E+11  1.7987  3.5979             59   936                  
   0.795733E+11  1.8626  3.5933             60   942                  
   0.795776E+11  1.9281  3.5889             61   949                  
   0.795813E+11  1.9956  3.5838             62   956                  
   0.795849E+11  2.0553  3.5793             63   964                  
   0.795871E+11  2.1158  3.5746             64   970                  
   0.795898E+11  2.1742  3.5701             65   978                  
   0.795919E+11  2.2376  3.5643             66   985                  
   0.795939E+11  2.2954  3.5592             67   993                  
   0.795957E+11  2.3523  3.5538             68  1001                  
   0.795968E+11  2.4064  3.5473             69  1188                  
   0.795982E+11  2.4655  3.5415             70  1309                  
   0.795994E+11  2.5232  3.5346             71  1317                  
   0.796005E+11  2.5798  3.5294             72  1325                  
   0.796017E+11  2.6491  3.5221             73  1336                  
   0.796028E+11  2.7161  3.5145             74  1347                  
   0.796036E+11  2.7698  3.5068             75  1356                  
   0.796044E+11  2.8326  3.4990             76  1367                  
   0.796051E+11  2.8880  3.4930             77  1379                  
   0.796056E+11  2.9449  3.4863             78  1388                  
   0.796063E+11  3.0049  3.4786             79  1401                  
   0.796068E+11  3.0633  3.4702             80  1413                  
   0.796073E+11  3.1170  3.4630             81  1426                  
   0.796077E+11  3.1705  3.4556             82  1439                  
   0.796081E+11  3.2240  3.4454             83  1452                  
   0.796085E+11  3.2801  3.4392             84  1475                  
   0.796089E+11  3.3325  3.4315             85  1512                  
   0.796091E+11  3.3740  3.4286 F           86  1538                  
   0.000000E+00 -0.9129  3.6403 M=  0.70                     1    11  
   0.101625E+10 -0.9025  3.6390              2    19                  
   0.371504E+10 -0.8822  3.6409              3    37                  
   0.647399E+10 -0.8626  3.6430              4    55                  
   0.924693E+10 -0.8420  3.6454              5    71                  
   0.120357E+11 -0.8202  3.6478              6    87                  
   0.148451E+11 -0.7966  3.6506              7   102                  
   0.176856E+11 -0.7697  3.6538              8   117                  
   0.205661E+11 -0.7409  3.6573              9   131                  
   0.234926E+11 -0.7085  3.6613             10   145                  
   0.264775E+11 -0.6717  3.6657             11   160                  
   0.295232E+11 -0.6301  3.6705             12   179                  
   0.327398E+11 -0.5794  3.6759             13   206                  
   0.345259E+11 -0.5497  3.6788             14   213                  
   0.365153E+11 -0.5150  3.6793             15   222                  
   0.390718E+11 -0.4588  3.6837             16   240                  
   0.399943E+11 -0.4355  3.6853             17   255                  
   0.409732E+11 -0.4106  3.6864             18   266                  
   0.416060E+11 -0.3920  3.6874             19   275                  
   0.434946E+11 -0.3292  3.6886 Te-M        20   298                  
   0.437340E+11 -0.3198  3.6885 Xc=0        21   303                  
   0.451819E+11 -0.2572  3.6848             22   313                  
   0.460388E+11 -0.2028  3.6774             23   322                  
   0.463636E+11 -0.1723  3.6721 Brg         24   327                  
   0.467333E+11 -0.1140  3.6649             25   334                  
   0.469653E+11 -0.0542  3.6607             26   339                  
   0.471414E+11  0.0063  3.6587             27   345                  
   0.472889E+11  0.0705  3.6575             28   354                  
   0.474114E+11  0.1335  3.6569             29   361                  
   0.475156E+11  0.1942  3.6565             30   369                  
   0.476149E+11  0.2569  3.6562             31   378                  
   0.477071E+11  0.3192  3.6559             32   392                  
   0.477882E+11  0.3808  3.6553             33   409                  
   0.478635E+11  0.4437  3.6548             34   426                  
   0.479295E+11  0.5072  3.6539             35   441                  
   0.479836E+11  0.5678  3.6530             36   455                  
   0.480337E+11  0.6284  3.6519             37   473                  
   0.480773E+11  0.6885  3.6506             38   491                  
   0.481173E+11  0.7507  3.6493             39   513                  
   0.481538E+11  0.8119  3.6477             40   541                  
   0.481866E+11  0.8765  3.6461             41   571                  
   0.482170E+11  0.9406  3.6444             42   600                  
   0.482452E+11  1.0024  3.6426             43   634                  
   0.482821E+11  1.0626  3.6410             44   696                  
   0.482885E+11  1.0644  3.6410             45   709                  
   0.483070E+11  1.0511  3.6422             46   743                  
   0.483252E+11  1.1105  3.6400             47   778                  
   0.483425E+11  1.1756  3.6375             48   794                  
   0.483586E+11  1.2380  3.6348             49   799                  
   0.483724E+11  1.3048  3.6315             50   804                  
   0.483841E+11  1.3659  3.6286             51   809                  
   0.483962E+11  1.4355  3.6251             52   815                  
   0.484066E+11  1.5055  3.6215             53   821                  
   0.484153E+11  1.5745  3.6177             54   827                  
   0.484227E+11  1.6396  3.6140             55   833                  
   0.484291E+11  1.6982  3.6103             56   839                  
   0.484354E+11  1.7696  3.6062             57   846                  
   0.484400E+11  1.8319  3.6018             58   852                  
   0.484446E+11  1.8945  3.5981             59   859                  
   0.484479E+11  1.9534  3.5946             60   865                  
   0.484508E+11  2.0102  3.5897             61   871                  
   0.484538E+11  2.0681  3.5856             62   878                  
   0.484565E+11  2.1253  3.5810             63   885                  
   0.484592E+11  2.1874  3.5764             64   893                  
   0.484611E+11  2.2496  3.5713             65   900                  
   0.484631E+11  2.3130  3.5645             66   908                  
   0.484648E+11  2.3725  3.5599             67   916                  
   0.484663E+11  2.4323  3.5542             68   924                  
   0.484675E+11  2.4888  3.5486             69   932                  
   0.484689E+11  2.5569  3.5419             70   942                  
   0.484703E+11  2.6178  3.5361             71   953                  
   0.484711E+11  2.6746  3.5295             72   961                  
   0.484719E+11  2.7310  3.5230             73   970                  
   0.484727E+11  2.7911  3.5167             74   980                  
   0.484734E+11  2.8409  3.5083             75   989                  
   0.484741E+11  2.8963  3.5018             76  1000                  
   0.484743E+11  2.9529  3.4948             77  1290                  
   0.484749E+11  3.0130  3.4875             78  1302                  
   0.484754E+11  3.0671  3.4796             79  1314                  
   0.484758E+11  3.1209  3.4723             80  1326                  
   0.484763E+11  3.1781  3.4644             81  1340                  
   0.484767E+11  3.2305  3.4569             82  1354                  
   0.484770E+11  3.2779  3.4477             83  1373                  
   0.484773E+11  3.3308  3.4396             84  1401                  
   0.484776E+11  3.3718  3.4339 F           85  1423                  
   0.000000E+00 -0.9129  3.6403 M=  0.70                     1    11  
   0.101625E+10 -0.9025  3.6390              2    19                  
   0.371504E+10 -0.8822  3.6409              3    37                  
   0.647399E+10 -0.8626  3.6430              4    55                  
   0.924693E+10 -0.8420  3.6454              5    71                  
   0.120357E+11 -0.8202  3.6478              6    87                  
   0.148451E+11 -0.7966  3.6506              7   102                  
   0.176856E+11 -0.7697  3.6538              8   117                  
   0.205661E+11 -0.7409  3.6573              9   131                  
   0.234926E+11 -0.7085  3.6613             10   145                  
   0.264775E+11 -0.6717  3.6657             11   160                  
   0.295232E+11 -0.6301  3.6705             12   179                  
   0.327398E+11 -0.5794  3.6759             13   206                  
   0.345259E+11 -0.5497  3.6788             14   213                  
   0.365153E+11 -0.5150  3.6793             15   222                  
   0.390718E+11 -0.4588  3.6837             16   240                  
   0.399943E+11 -0.4355  3.6853             17   255                  
   0.409732E+11 -0.4106  3.6864             18   266                  
   0.416060E+11 -0.3920  3.6874             19   275                  
   0.434946E+11 -0.3292  3.6886 Te-M        20   298                  
   0.437340E+11 -0.3198  3.6885 Xc=0        21   303                  
   0.451819E+11 -0.2572  3.6848             22   313                  
   0.460388E+11 -0.2028  3.6774             23   322                  
   0.463636E+11 -0.1723  3.6721 Brg         24   327                  
   0.467333E+11 -0.1140  3.6649             25   334                  
   0.469653E+11 -0.0542  3.6607             26   339                  
   0.471414E+11  0.0063  3.6587             27   345                  
   0.472889E+11  0.0705  3.6575             28   354                  
   0.474114E+11  0.1335  3.6569             29   361                  
   0.475156E+11  0.1942  3.6565             30   369                  
   0.476149E+11  0.2569  3.6562             31   378                  
   0.477071E+11  0.3192  3.6559             32   392                  
   0.477882E+11  0.3808  3.6553             33   409                  
   0.478635E+11  0.4437  3.6548             34   426                  
   0.479295E+11  0.5072  3.6539             35   441                  
   0.479836E+11  0.5678  3.6530             36   455                  
   0.480337E+11  0.6284  3.6519             37   473                  
   0.480773E+11  0.6885  3.6506             38   491                  
   0.481173E+11  0.7507  3.6493             39   513                  
   0.481538E+11  0.8119  3.6477             40   541                  
   0.481866E+11  0.8765  3.6461             41   571                  
   0.482170E+11  0.9406  3.6444             42   600                  
   0.482452E+11  1.0024  3.6426             43   634                  
   0.482821E+11  1.0626  3.6410             44   696                  
   0.482885E+11  1.0644  3.6410 L-M         45   709                  
   0.483070E+11  1.0511  3.6422 L-m         46   743                  
   0.483252E+11  1.1105  3.6400             47   778                  
   0.483425E+11  1.1756  3.6375             48   794                  
   0.483586E+11  1.2380  3.6348             49   799                  
   0.483724E+11  1.3048  3.6315             50   804                  
   0.483841E+11  1.3659  3.6286             51   809                  
   0.483962E+11  1.4355  3.6251             52   815                  
   0.484066E+11  1.5055  3.6215             53   821                  
   0.484153E+11  1.5745  3.6177             54   827                  
   0.484227E+11  1.6396  3.6140             55   833                  
   0.484291E+11  1.6982  3.6103             56   839                  
   0.484354E+11  1.7696  3.6062             57   846                  
   0.484400E+11  1.8319  3.6018             58   852                  
   0.484446E+11  1.8945  3.5981             59   859                  
   0.484479E+11  1.9534  3.5946             60   865                  
   0.484508E+11  2.0102  3.5897             61   871                  
   0.484538E+11  2.0681  3.5856             62   878                  
   0.484565E+11  2.1253  3.5810             63   885                  
   0.484592E+11  2.1874  3.5764             64   893                  
   0.484611E+11  2.2496  3.5713             65   900                  
   0.484631E+11  2.3130  3.5645             66   908                  
   0.484648E+11  2.3725  3.5599             67   916                  
   0.484663E+11  2.4323  3.5542             68   924                  
   0.484675E+11  2.4888  3.5486             69   932                  
   0.484689E+11  2.5569  3.5419             70   942                  
   0.484703E+11  2.6178  3.5361             71   953                  
   0.484711E+11  2.6746  3.5295             72   961                  
   0.484719E+11  2.7310  3.5230             73   970                  
   0.484727E+11  2.7911  3.5167             74   980                  
   0.484734E+11  2.8409  3.5083             75   989                  
   0.484741E+11  2.8963  3.5018             76  1000                  
   0.484743E+11  2.9529  3.4948             77  1290                  
   0.484749E+11  3.0130  3.4875             78  1302                  
   0.484754E+11  3.0671  3.4796             79  1314                  
   0.484758E+11  3.1209  3.4723             80  1326                  
   0.484763E+11  3.1781  3.4644             81  1340                  
   0.484767E+11  3.2305  3.4569             82  1354                  
   0.484770E+11  3.2779  3.4477             83  1373                  
   0.484773E+11  3.3308  3.4396             84  1401                  
   0.484776E+11  3.3718  3.4339 F           85  1423                  
   0.000000E+00 -0.6614  3.6697 M=  0.80                     1    13  
   0.545726E+09 -0.6483  3.6709              2    20                  
   0.229818E+10 -0.6283  3.6745              3    39                  
   0.405455E+10 -0.6127  3.6728              4    56                  
   0.581564E+10 -0.5880  3.6776              5    73                  
   0.756581E+10 -0.5619  3.6829              6    90                  
   0.930116E+10 -0.5357  3.6872              7   105                  
   0.110397E+11 -0.5127  3.6872              8   120                  
   0.127789E+11 -0.4842  3.6906              9   134                  
   0.145153E+11 -0.4541  3.6938             10   148                  
   0.162451E+11 -0.4211  3.6974             11   162                  
   0.179841E+11 -0.3851  3.7007             12   181                  
   0.198093E+11 -0.3432  3.7043             13   208                  
   0.207937E+11 -0.3197  3.7059             14   215                  
   0.218084E+11 -0.2927  3.7076             15   224                  
   0.230696E+11 -0.2567  3.7095             16   243                  
   0.235885E+11 -0.2403  3.7103             17   257                  
   0.242456E+11 -0.2184  3.7110             18   268                  
   0.247094E+11 -0.2019  3.7113             19   277                  
   0.252924E+11 -0.1800  3.7114 Te-M        20   284                  
   0.263533E+11 -0.1336  3.7106 Xc=0        21   305                  
   0.274909E+11 -0.0768  3.7055             22   315                  
   0.282493E+11 -0.0300  3.6940             23   326                  
   0.286495E+11  0.0113  3.6807             24   336                  
   0.286831E+11  0.0168  3.6793 Brg         25   337                  
   0.288878E+11  0.0688  3.6718             26   344                  
   0.290417E+11  0.1305  3.6676             27   352                  
   0.291522E+11  0.1909  3.6656             28   358                  
   0.292457E+11  0.2523  3.6647             29   365                  
   0.293364E+11  0.3206  3.6638             30   374                  
   0.294124E+11  0.3809  3.6632             31   388                  
   0.294812E+11  0.4443  3.6622             32   405                  
   0.295397E+11  0.5060  3.6611             33   418                  
   0.295913E+11  0.5662  3.6601             34   430                  
   0.296377E+11  0.6273  3.6588             35   443                  
   0.296779E+11  0.6881  3.6573             36   458                  
   0.297146E+11  0.7480  3.6557             37   476                  
   0.297491E+11  0.8080  3.6540             38   499                  
   0.297787E+11  0.8695  3.6524             39   525                  
   0.298058E+11  0.9308  3.6504             40   548                  
   0.298287E+11  0.9905  3.6485             41   573                  
   0.298496E+11  1.0513  3.6464             42   601                  
   0.298714E+11  1.1142  3.6440             43   640                  
   0.298969E+11  1.1745  3.6419             44   706                  
   0.298995E+11  1.1738  3.6420 L-M         45   713                  
   0.299219E+11  1.1407  3.6441 L-m         46   775                  
   0.299367E+11  1.2007  3.6417             47   810                  
   0.299521E+11  1.2680  3.6386             48   843                  
   0.299672E+11  1.3451  3.6349             49   849                  
   0.299779E+11  1.4062  3.6319             50   854                  
   0.299888E+11  1.4734  3.6284             51   860                  
   0.299967E+11  1.5332  3.6252             52   865                  
   0.300050E+11  1.6001  3.6216             53   871                  
   0.300119E+11  1.6595  3.6185             54   877                  
   0.300179E+11  1.7275  3.6145             55   883                  
   0.300231E+11  1.7894  3.6105             56   889                  
   0.300276E+11  1.8484  3.6065             57   895                  
   0.300321E+11  1.9117  3.6024             58   902                  
   0.300359E+11  1.9827  3.5975             59   909                  
   0.300392E+11  2.0462  3.5931             60   916                  
   0.300420E+11  2.1054  3.5887             61   923                  
   0.300448E+11  2.1757  3.5829             62   931                  
   0.300475E+11  2.2391  3.5780             63   940                  
   0.300495E+11  2.3027  3.5725             64   948                  
   0.300512E+11  2.3680  3.5672             65   956                  
   0.300527E+11  2.4260  3.5623             66   964                  
   0.300540E+11  2.4835  3.5566             67   972                  
   0.300553E+11  2.5448  3.5505             68   981                  
   0.300564E+11  2.6026  3.5442             69   990                  
   0.300575E+11  2.6649  3.5382             70  1000                  
   0.300584E+11  2.7250  3.5323             71  1010                  
   0.300593E+11  2.7859  3.5243             72  1020                  
   0.300600E+11  2.8424  3.5185             73  1030                  
   0.300606E+11  2.8981  3.5128             74  1040                  
   0.300612E+11  2.9529  3.5035             75  1051                  
   0.300618E+11  3.0125  3.4973             76  1064                  
   0.300623E+11  3.0677  3.4907             77  1076                  
   0.300628E+11  3.1242  3.4832             78  1089                  
   0.300632E+11  3.1767  3.4756             79  1101                  
   0.300636E+11  3.2295  3.4680             80  1115                  
   0.300640E+11  3.2808  3.4600             81  1136                  
   0.300643E+11  3.3337  3.4520             82  1164                  
   0.300646E+11  3.3739  3.4440 F           83  1194                  
   0.000000E+00 -0.4201  3.7040 M=  0.90                     1    13  
   0.344059E+09 -0.4094  3.7052              2    19                  
   0.148603E+10 -0.3869  3.7077              3    38                  
   0.261613E+10 -0.3674  3.7102              4    56                  
   0.373360E+10 -0.3454  3.7129              5    72                  
   0.483713E+10 -0.3227  3.7154              6    88                  
   0.592533E+10 -0.2994  3.7176              7   103                  
   0.699565E+10 -0.2746  3.7201              8   118                  
   0.804602E+10 -0.2491  3.7225              9   132                  
   0.907319E+10 -0.2225  3.7247             10   146                  
   0.100796E+11 -0.1953  3.7266             11   161                  
   0.110795E+11 -0.1660  3.7285             12   180                  
   0.120885E+11 -0.1348  3.7302             13   207                  
   0.125869E+11 -0.1199  3.7305             14   214                  
   0.130830E+11 -0.1031  3.7311             15   222                  
   0.137530E+11 -0.0802  3.7316             16   242                  
   0.140836E+11 -0.0676  3.7317             17   257                  
   0.145475E+11 -0.0487  3.7318             18   268                  
   0.148466E+11 -0.0353  3.7320 Te-M        19   275                  
   0.148991E+11 -0.0330  3.7320             20   277                  
   0.162313E+11  0.0329  3.7300 Xc=0        21   305                  
   0.171784E+11  0.0877  3.7236             22   315                  
   0.177988E+11  0.1248  3.7115             23   326                  
   0.181037E+11  0.1406  3.6968             24   336                  
   0.182421E+11  0.1567  3.6875 Brg         25   342                  
   0.184088E+11  0.2039  3.6778             26   355                  
   0.185293E+11  0.2694  3.6729             27   362                  
   0.186171E+11  0.3332  3.6706             28   370                  
   0.186873E+11  0.3932  3.6693             29   380                  
   0.187523E+11  0.4550  3.6679             30   395                  
   0.188121E+11  0.5191  3.6666             31   408                  
   0.188624E+11  0.5823  3.6653             32   422                  
   0.189068E+11  0.6447  3.6637             33   437                  
   0.189460E+11  0.7068  3.6623             34   452                  
   0.189807E+11  0.7688  3.6605             35   469                  
   0.190129E+11  0.8309  3.6587             36   490                  
   0.190404E+11  0.8919  3.6570             37   513                  
   0.190647E+11  0.9526  3.6550             38   538                  
   0.190862E+11  1.0146  3.6529             39   561                  
   0.191053E+11  1.0751  3.6508             40   591                  
   0.191230E+11  1.1359  3.6484             41   620                  
   0.191397E+11  1.1960  3.6458             42   659                  
   0.191585E+11  1.2570  3.6433             43   719                  
   0.191661E+11  1.2630  3.6432 L-M         44   744                  
   0.191837E+11  1.2098  3.6464 L-m         45   802                  
   0.191957E+11  1.2718  3.6435             46   841                  
   0.192075E+11  1.3311  3.6408             47   882                  
   0.192186E+11  1.3994  3.6375             48   887                  
   0.192299E+11  1.4665  3.6341             49   893                  
   0.192380E+11  1.5281  3.6310             50   898                  
   0.192464E+11  1.5932  3.6273             51   904                  
   0.192534E+11  1.6567  3.6239             52   910                  
   0.192594E+11  1.7272  3.6198             53   916                  
   0.192654E+11  1.7918  3.6161             54   923                  
   0.192698E+11  1.8522  3.6122             55   929                  
   0.192743E+11  1.9141  3.6078             56   936                  
   0.192781E+11  1.9841  3.6032             57   943                  
   0.192814E+11  2.0466  3.5988             58   950                  
   0.192842E+11  2.1074  3.5948             59   957                  
   0.192863E+11  2.1644  3.5901             60   963                  
   0.192888E+11  2.2259  3.5853             61   971                  
   0.192909E+11  2.2873  3.5805             62   979                  
   0.192927E+11  2.3507  3.5751             63   987                  
   0.192943E+11  2.4119  3.5697             64   995                  
   0.192957E+11  2.4706  3.5648             65  1003                  
   0.192970E+11  2.5324  3.5589             66  1012                  
   0.192982E+11  2.5977  3.5527             67  1021                  
   0.192993E+11  2.6548  3.5470             68  1031                  
   0.193001E+11  2.7128  3.5407             69  1040                  
   0.193010E+11  2.7703  3.5350             70  1050                  
   0.193017E+11  2.8257  3.5288             71  1060                  
   0.193024E+11  2.8835  3.5220             72  1070                  
   0.193030E+11  2.9398  3.5160             73  1081                  
   0.193036E+11  2.9944  3.5088             74  1093                  
   0.193041E+11  3.0550  3.5013             75  1105                  
   0.193046E+11  3.1093  3.4944             76  1118                  
   0.193050E+11  3.1626  3.4873             77  1130                  
   0.193055E+11  3.2197  3.4793             78  1144                  
   0.193058E+11  3.2752  3.4715             79  1167                  
   0.193062E+11  3.3280  3.4638             80  1193                  
   0.193065E+11  3.3712  3.4569 F           81  1215                  
   0.000000E+00 -0.1910  3.7354 M=  1.00                     1    16  
   0.148773E+09 -0.1873  3.7359              2    20                  
   0.906971E+09 -0.1665  3.7378              3    39                  
   0.164886E+10 -0.1456  3.7399              4    56                  
   0.237412E+10 -0.1249  3.7418              5    72                  
   0.308006E+10 -0.1039  3.7435              6    88                  
   0.376407E+10 -0.0827  3.7451              7   103                  
   0.442487E+10 -0.0610  3.7465              8   118                  
   0.506002E+10 -0.0397  3.7478              9   132                  
   0.566919E+10 -0.0188  3.7487             10   146                  
   0.625545E+10  0.0023  3.7495             11   161                  
   0.681025E+10  0.0228  3.7501             12   180                  
   0.732833E+10  0.0419  3.7504 Te-M        13   206                  
   0.757163E+10  0.0505  3.7503             14   213                  
   0.782115E+10  0.0606  3.7503             15   222                  
   0.821784E+10  0.0764  3.7502             16   241                  
   0.844599E+10  0.0868  3.7500             17   256                  
   0.879184E+10  0.1038  3.7498             18   267                  
   0.906508E+10  0.1181  3.7495             19   276                  
   0.101826E+11  0.1842  3.7468 Xc=0        20   305                  
   0.110086E+11  0.2404  3.7396             21   315                  
   0.115403E+11  0.2745  3.7271             22   326                  
   0.118043E+11  0.2747  3.7106             23   337                  
   0.119419E+11  0.2738  3.6970 Brg         24   345                  
   0.120918E+11  0.3124  3.6833             25   354                  
   0.121893E+11  0.3737  3.6775             26   362                  
   0.122599E+11  0.4342  3.6750             27   371                  
   0.123242E+11  0.4993  3.6729             28   384                  
   0.123772E+11  0.5615  3.6715             29   396                  
   0.124221E+11  0.6217  3.6697             30   408                  
   0.124642E+11  0.6853  3.6682             31   422                  
   0.124984E+11  0.7471  3.6665             32   438                  
   0.125305E+11  0.8073  3.6646             33   455                  
   0.125583E+11  0.8675  3.6629             34   479                  
   0.125847E+11  0.9296  3.6611             35   501                  
   0.126066E+11  0.9904  3.6589             36   521                  
   0.126255E+11  1.0531  3.6566             37   542                  
   0.126429E+11  1.1137  3.6543             38   565                  
   0.126588E+11  1.1730  3.6519             39   594                  
   0.126730E+11  1.2357  3.6492             40   629                  
   0.126874E+11  1.2951  3.6466             41   672                  
   0.127039E+11  1.3409  3.6447 L-M         42   734                  
   0.127185E+11  1.2809  3.6481             43   791                  
   0.127192E+11  1.2810  3.6481 L-m         44   794                  
   0.127292E+11  1.3405  3.6454             45   830                  
   0.127390E+11  1.4019  3.6424             46   869                  
   0.127498E+11  1.4747  3.6388             47   887                  
   0.127593E+11  1.5406  3.6354             48   893                  
   0.127660E+11  1.6007  3.6321             49   898                  
   0.127729E+11  1.6626  3.6285             50   904                  
   0.127789E+11  1.7297  3.6248             51   910                  
   0.127840E+11  1.7940  3.6207             52   916                  
   0.127892E+11  1.8607  3.6169             53   923                  
   0.127936E+11  1.9268  3.6126             54   930                  
   0.127973E+11  1.9894  3.6082             55   937                  
   0.128005E+11  2.0555  3.6037             56   944                  
   0.128033E+11  2.1140  3.5995             57   951                  
   0.128057E+11  2.1723  3.5953             58   958                  
   0.128078E+11  2.2352  3.5905             59   965                  
   0.128099E+11  2.2997  3.5853             60   973                  
   0.128117E+11  2.3609  3.5805             61   981                  
   0.128133E+11  2.4199  3.5758             62   989                  
   0.128148E+11  2.4817  3.5699             63   998                  
   0.128159E+11  2.5455  3.5643             64  1006                  
   0.128173E+11  2.6098  3.5584             65  1017                  
   0.128182E+11  2.6664  3.5530             66  1026                  
   0.128192E+11  2.7335  3.5458             67  1036                  
   0.128200E+11  2.7906  3.5395             68  1046                  
   0.128207E+11  2.8529  3.5334             69  1057                  
   0.128215E+11  2.9096  3.5272             70  1069                  
   0.128221E+11  2.9673  3.5192             71  1080                  
   0.128226E+11  3.0257  3.5138             72  1092                  
   0.128231E+11  3.0805  3.5062             73  1104                  
   0.128236E+11  3.1391  3.4989             74  1117                  
   0.128240E+11  3.1961  3.4924             75  1131                  
   0.128244E+11  3.2505  3.4847             76  1145                  
   0.128248E+11  3.3030  3.4774             77  1169                  
   0.128251E+11  3.3600  3.4690             78  1190                  
   0.128252E+11  3.3643  3.4687 F           79  1194                  
   0.000000E+00  0.0057  3.7595 M=  1.10                     1    12  
   0.208385E+09  0.0238  3.7617              2    18                  
   0.782666E+09  0.0437  3.7631              3    37                  
   0.125691E+10  0.0608  3.7642              4    54                  
   0.170829E+10  0.0784  3.7653              5    71                  
   0.213920E+10  0.0959  3.7662              6    87                  
   0.254919E+10  0.1130  3.7670              7   102                  
   0.293549E+10  0.1291  3.7675              8   117                  
   0.329772E+10  0.1445  3.7680              9   131                  
   0.363443E+10  0.1586  3.7681             10   144                  
   0.372510E+10  0.1624  3.7681 Te-M        11   148                  
   0.393408E+10  0.1710  3.7680             12   159                  
   0.420636E+10  0.1832  3.7679             13   178                  
   0.454855E+10  0.1980  3.7675             14   214                  
   0.466652E+10  0.2004  3.7670             15   222                  
   0.479646E+10  0.2068  3.7669             16   230                  
   0.504284E+10  0.2197  3.7666             17   250                  
   0.520438E+10  0.2289  3.7664             18   265                  
   0.546265E+10  0.2444  3.7661             19   276                  
   0.567475E+10  0.2576  3.7658             20   285                  
   0.658870E+10  0.3222  3.7625 Xc=0        21   314                  
   0.725493E+10  0.3774  3.7562             22   323                  
   0.773746E+10  0.4157  3.7443             23   333                  
   0.798147E+10  0.4153  3.7286             24   344                  
   0.809206E+10  0.3951  3.7142             25   352                  
   0.819760E+10  0.3814  3.6980             26   361                  
   0.821037E+10  0.3839  3.6965 Brg         27   362                  
   0.832018E+10  0.4254  3.6849             28   373                  
   0.839058E+10  0.4824  3.6802             29   384                  
   0.844766E+10  0.5423  3.6776             30   395                  
   0.849788E+10  0.6038  3.6755             31   408                  
   0.854196E+10  0.6646  3.6736             32   425                  
   0.858072E+10  0.7249  3.6720             33   443                  
   0.861396E+10  0.7851  3.6701             34   462                  
   0.864513E+10  0.8499  3.6679             35   483                  
   0.867237E+10  0.9133  3.6662             36   508                  
   0.869608E+10  0.9769  3.6639             37   531                  
   0.871639E+10  1.0380  3.6619             38   556                  
   0.873454E+10  1.0981  3.6595             39   582                  
   0.875031E+10  1.1593  3.6570             40   610                  
   0.876540E+10  1.2232  3.6541             41   646                  
   0.877865E+10  1.2838  3.6516             42   682                  
   0.879070E+10  1.3448  3.6488             43   724                  
   0.880386E+10  1.4041  3.6461             44   781                  
   0.880741E+10  1.4048  3.6461 L-M         45   799                  
   0.882162E+10  1.3514  3.6493 L-m         46   871                  
   0.883211E+10  1.4109  3.6466             47   923                  
   0.884081E+10  1.4714  3.6435             48   973                  
   0.884856E+10  1.5335  3.6404             49  1006                  
   0.885666E+10  1.5990  3.6370             50  1012                  
   0.886359E+10  1.6644  3.6333             51  1018                  
   0.887063E+10  1.7354  3.6290             52  1025                  
   0.887567E+10  1.7941  3.6254             53  1031                  
   0.888002E+10  1.8524  3.6218             54  1037                  
   0.888383E+10  1.9131  3.6181             55  1043                  
   0.888770E+10  1.9766  3.6140             56  1050                  
   0.889044E+10  2.0366  3.6097             57  1056                  
   0.889321E+10  2.0980  3.6055             58  1063                  
   0.889604E+10  2.1628  3.6010             59  1071                  
   0.889850E+10  2.2274  3.5970             60  1079                  
   0.890061E+10  2.2907  3.5913             61  1087                  
   0.890243E+10  2.3498  3.5868             62  1095                  
   0.890420E+10  2.4177  3.5814             63  1104                  
   0.890572E+10  2.4837  3.5755             64  1113                  
   0.890703E+10  2.5434  3.5703             65  1122                  
   0.890816E+10  2.6056  3.5645             66  1131                  
   0.890915E+10  2.6651  3.5592             67  1140                  
   0.891010E+10  2.7254  3.5527             68  1150                  
   0.891093E+10  2.7850  3.5472             69  1160                  
   0.891172E+10  2.8500  3.5408             70  1171                  
   0.891240E+10  2.9055  3.5343             71  1182                  
   0.891305E+10  2.9689  3.5276             72  1194                  
   0.891361E+10  3.0216  3.5199             73  1206                  
   0.891411E+10  3.0802  3.5145             74  1218                  
   0.891458E+10  3.1372  3.5070             75  1231                  
   0.891502E+10  3.1914  3.5002             76  1245                  
   0.891538E+10  3.2479  3.4935             77  1258                  
   0.891573E+10  3.3008  3.4862             78  1282                  
   0.891608E+10  3.3535  3.4788             79  1301                  
   0.891615E+10  3.3632  3.4777 F           80  1306                  
   0.000000E+00  0.1940  3.7804 M=  1.20                     1    15  
   0.183739E+09  0.2140  3.7831              2    23                  
   0.699940E+09  0.2360  3.7840              3    42                  
   0.117966E+10  0.2596  3.7849              4    59                  
   0.162433E+10  0.2814  3.7853              5    75                  
   0.178749E+10  0.2895  3.7854 Te-M         6    81                  
   0.204850E+10  0.3021  3.7852              7    91                  
   0.244970E+10  0.3209  3.7844              8   106                  
   0.282694E+10  0.3371  3.7830              9   120                  
   0.317318E+10  0.3501  3.7808             10   135                  
   0.349125E+10  0.3595  3.7779             11   148                  
   0.377937E+10  0.3656  3.7744             12   163                  
   0.403958E+10  0.3691  3.7706             13   182                  
   0.427532E+10  0.3721  3.7671             14   209                  
   0.438420E+10  0.3748  3.7656             15   217                  
   0.448723E+10  0.3804  3.7648             16   227                  
   0.450696E+10  0.3823  3.7647             17   229                  
   0.460311E+10  0.4014  3.7663             18   246                  
   0.463947E+10  0.4227  3.7693             19   261                  
   0.466491E+10  0.4649  3.7751             20   271                  
   0.467410E+10  0.4968  3.7782             21   280                  
   0.481826E+10  0.5164  3.7726 Xc=0        22   312                  
   0.533842E+10  0.5481  3.7587             23   322                  
   0.554592E+10  0.5437  3.7433             24   331                  
   0.564528E+10  0.5186  3.7290             25   339                  
   0.570979E+10  0.4856  3.7150             26   346                  
   0.578359E+10  0.4630  3.6997 Brg         27   354                  
   0.587996E+10  0.5013  3.6875             28   365                  
   0.594409E+10  0.5602  3.6828             29   377                  
   0.599875E+10  0.6238  3.6797             30   389                  
   0.604399E+10  0.6870  3.6775             31   402                  
   0.608298E+10  0.7479  3.6757             32   417                  
   0.611688E+10  0.8097  3.6735             33   434                  
   0.614767E+10  0.8714  3.6715             34   456                  
   0.617492E+10  0.9346  3.6696             35   480                  
   0.619788E+10  0.9947  3.6674             36   502                  
   0.621722E+10  1.0547  3.6654             37   525                  
   0.623479E+10  1.1152  3.6631             38   551                  
   0.625024E+10  1.1750  3.6605             39   580                  
   0.626442E+10  1.2359  3.6579             40   618                  
   0.627740E+10  1.2979  3.6552             41   655                  
   0.628863E+10  1.3584  3.6523             42   692                  
   0.629937E+10  1.4182  3.6494             43   746                  
   0.631321E+10  1.4719  3.6470 L-M         44   814                  
   0.632414E+10  1.4228  3.6500 L-m         45   877                  
   0.633213E+10  1.4821  3.6471             46   921                  
   0.633952E+10  1.5411  3.6438             47   970                  
   0.634758E+10  1.6086  3.6403             48  1016                  
   0.635335E+10  1.6674  3.6371             49  1021                  
   0.636033E+10  1.7389  3.6329             50  1028                  
   0.636620E+10  1.8081  3.6288             51  1035                  
   0.637047E+10  1.8682  3.6250             52  1041                  
   0.637420E+10  1.9271  3.6214             53  1047                  
   0.637799E+10  1.9913  3.6174             54  1054                  
   0.638167E+10  2.0608  3.6124             55  1062                  
   0.638439E+10  2.1210  3.6083             56  1069                  
   0.638676E+10  2.1814  3.6040             57  1076                  
   0.638911E+10  2.2467  3.5993             58  1084                  
   0.639115E+10  2.3060  3.5947             59  1092                  
   0.639269E+10  2.3643  3.5903             60  1099                  
   0.639424E+10  2.4242  3.5857             61  1107                  
   0.639558E+10  2.4818  3.5809             62  1115                  
   0.639690E+10  2.5427  3.5756             63  1124                  
   0.639792E+10  2.5990  3.5704             64  1132                  
   0.639893E+10  2.6593  3.5649             65  1141                  
   0.639999E+10  2.7246  3.5590             66  1152                  
   0.640081E+10  2.7844  3.5526             67  1162                  
   0.640161E+10  2.8432  3.5453             68  1173                  
   0.640235E+10  2.9092  3.5401             69  1185                  
   0.640300E+10  2.9697  3.5335             70  1197                  
   0.640360E+10  3.0314  3.5270             71  1210                  
   0.640409E+10  3.0873  3.5191             72  1222                  
   0.640459E+10  3.1469  3.5131             73  1236                  
   0.640502E+10  3.2061  3.5054             74  1250                  
   0.640545E+10  3.2615  3.4988             75  1272                  
   0.640578E+10  3.3169  3.4917             76  1294                  
   0.640608E+10  3.3618  3.4857 F           77  1314                  
   0.000000E+00  0.1940  3.7804 M=  1.20                     1    15  
   0.183739E+09  0.2140  3.7831              2    23                  
   0.699940E+09  0.2360  3.7840              3    42                  
   0.117966E+10  0.2596  3.7849              4    59                  
   0.162433E+10  0.2814  3.7853              5    75                  
   0.178749E+10  0.2895  3.7854 Te-M         6    81                  
   0.204850E+10  0.3021  3.7852              7    91                  
   0.244970E+10  0.3209  3.7844              8   106                  
   0.282694E+10  0.3371  3.7830              9   120                  
   0.317318E+10  0.3501  3.7808             10   135                  
   0.349125E+10  0.3595  3.7779             11   148                  
   0.377937E+10  0.3656  3.7744             12   163                  
   0.403958E+10  0.3691  3.7706             13   182                  
   0.427532E+10  0.3721  3.7671             14   209                  
   0.438420E+10  0.3748  3.7656             15   217                  
   0.448723E+10  0.3804  3.7648             16   227                  
   0.450696E+10  0.3823  3.7647 Te-m        17   229                  
   0.460311E+10  0.4014  3.7663             18   246                  
   0.463947E+10  0.4227  3.7693             19   261                  
   0.466491E+10  0.4649  3.7751             20   271                  
   0.467410E+10  0.4968  3.7782 Te-h        21   280                  
   0.481826E+10  0.5164  3.7726 Xc=0        22   312                  
   0.533842E+10  0.5481  3.7587             23   322                  
   0.554592E+10  0.5437  3.7433             24   331                  
   0.564528E+10  0.5186  3.7290             25   339                  
   0.570979E+10  0.4856  3.7150             26   346                  
   0.578359E+10  0.4630  3.6997 Brg         27   354                  
   0.587996E+10  0.5013  3.6875             28   365                  
   0.594409E+10  0.5602  3.6828             29   377                  
   0.599875E+10  0.6238  3.6797             30   389                  
   0.604399E+10  0.6870  3.6775             31   402                  
   0.608298E+10  0.7479  3.6757             32   417                  
   0.611688E+10  0.8097  3.6735             33   434                  
   0.614767E+10  0.8714  3.6715             34   456                  
   0.617492E+10  0.9346  3.6696             35   480                  
   0.619788E+10  0.9947  3.6674             36   502                  
   0.621722E+10  1.0547  3.6654             37   525                  
   0.623479E+10  1.1152  3.6631             38   551                  
   0.625024E+10  1.1750  3.6605             39   580                  
   0.626442E+10  1.2359  3.6579             40   618                  
   0.627740E+10  1.2979  3.6552             41   655                  
   0.628863E+10  1.3584  3.6523             42   692                  
   0.629937E+10  1.4182  3.6494             43   746                  
   0.631321E+10  1.4719  3.6470 L-M         44   814                  
   0.632414E+10  1.4228  3.6500 L-m         45   877                  
   0.633213E+10  1.4821  3.6471             46   921                  
   0.633952E+10  1.5411  3.6438             47   970                  
   0.634758E+10  1.6086  3.6403             48  1016                  
   0.635335E+10  1.6674  3.6371             49  1021                  
   0.636033E+10  1.7389  3.6329             50  1028                  
   0.636620E+10  1.8081  3.6288             51  1035                  
   0.637047E+10  1.8682  3.6250             52  1041                  
   0.637420E+10  1.9271  3.6214             53  1047                  
   0.637799E+10  1.9913  3.6174             54  1054                  
   0.638167E+10  2.0608  3.6124             55  1062                  
   0.638439E+10  2.1210  3.6083             56  1069                  
   0.638676E+10  2.1814  3.6040             57  1076                  
   0.638911E+10  2.2467  3.5993             58  1084                  
   0.639115E+10  2.3060  3.5947             59  1092                  
   0.639269E+10  2.3643  3.5903             60  1099                  
   0.639424E+10  2.4242  3.5857             61  1107                  
   0.639558E+10  2.4818  3.5809             62  1115                  
   0.639690E+10  2.5427  3.5756             63  1124                  
   0.639792E+10  2.5990  3.5704             64  1132                  
   0.639893E+10  2.6593  3.5649             65  1141                  
   0.639999E+10  2.7246  3.5590             66  1152                  
   0.640081E+10  2.7844  3.5526             67  1162                  
   0.640161E+10  2.8432  3.5453             68  1173                  
   0.640235E+10  2.9092  3.5401             69  1185                  
   0.640300E+10  2.9697  3.5335             70  1197                  
   0.640360E+10  3.0314  3.5270             71  1210                  
   0.640409E+10  3.0873  3.5191             72  1222                  
   0.640459E+10  3.1469  3.5131             73  1236                  
   0.640502E+10  3.2061  3.5054             74  1250                  
   0.640545E+10  3.2615  3.4988             75  1272                  
   0.640578E+10  3.3169  3.4917             76  1294                  
   0.640608E+10  3.3618  3.4857 F           77  1314                  
   0.000000E+00  0.3744  3.8028 M=  1.30                     1    16  
   0.124893E+09  0.3842  3.8024              2    22                  
   0.564050E+09  0.4066  3.8027              3    40                  
   0.635179E+09  0.4102  3.8030 Te-M         4    43                  
   0.974873E+09  0.4289  3.8026              5    59                  
   0.135705E+10  0.4503  3.8017              6    75                  
   0.170801E+10  0.4690  3.8000              7    91                  
   0.202849E+10  0.4844  3.7975              8   106                  
   0.232385E+10  0.4966  3.7942              9   120                  
   0.259562E+10  0.5057  3.7902             10   134                  
   0.284546E+10  0.5118  3.7858             11   148                  
   0.307557E+10  0.5151  3.7810             12   163                  
   0.328494E+10  0.5166  3.7758             13   182                  
   0.347363E+10  0.5173  3.7709             14   209                  
   0.356103E+10  0.5187  3.7686             15   217                  
   0.364357E+10  0.5229  3.7671             16   227                  
   0.367239E+10  0.5259  3.7669 Te-m        17   231                  
   0.373596E+10  0.5419  3.7682             18   246                  
   0.376474E+10  0.5629  3.7714             19   261                  
   0.378416E+10  0.6063  3.7783             20   271                  
   0.378970E+10  0.6458  3.7836             21   279                  
   0.379242E+10  0.6727  3.7863 Te-h        22   287                  
   0.380591E+10  0.6751  3.7787 Xc=0        23   312                  
   0.395883E+10  0.6843  3.7632             24   327                  
   0.403608E+10  0.6600  3.7487             25   335                  
   0.408839E+10  0.6256  3.7364             26   341                  
   0.413798E+10  0.5852  3.7236             27   347                  
   0.418701E+10  0.5483  3.7106             28   353                  
   0.423289E+10  0.5353  3.7009 Brg         29   358                  
   0.432480E+10  0.5739  3.6891             30   372                  
   0.438784E+10  0.6325  3.6845             31   385                  
   0.443739E+10  0.6960  3.6817             32   398                  
   0.448116E+10  0.7593  3.6793             33   414                  
   0.451584E+10  0.8190  3.6773             34   432                  
   0.454755E+10  0.8792  3.6752             35   453                  
   0.457589E+10  0.9397  3.6734             36   478                  
   0.460014E+10  0.9999  3.6713             37   502                  
   0.462019E+10  1.0610  3.6690             38   525                  
   0.463825E+10  1.1213  3.6669             39   550                  
   0.465511E+10  1.1835  3.6640             40   583                  
   0.466935E+10  1.2441  3.6615             41   618                  
   0.468211E+10  1.3033  3.6587             42   662                  
   0.469365E+10  1.3639  3.6558             43   706                  
   0.470367E+10  1.4232  3.6529             44   745                  
   0.471316E+10  1.4827  3.6502             45   787                  
   0.472319E+10  1.5202  3.6484 L-M         46   847                  
   0.473187E+10  1.4840  3.6507 L-m         47   908                  
   0.473901E+10  1.5443  3.6476             48   953                  
   0.474614E+10  1.6046  3.6443             49  1009                  
   0.475358E+10  1.6689  3.6408             50  1074                  
   0.475953E+10  1.7366  3.6368             51  1080                  
   0.476466E+10  1.7979  3.6332             52  1086                  
   0.476978E+10  1.8650  3.6291             53  1093                  
   0.477411E+10  1.9303  3.6249             54  1100                  
   0.477737E+10  1.9891  3.6212             55  1106                  
   0.478064E+10  2.0512  3.6173             56  1113                  
   0.478345E+10  2.1128  3.6129             57  1120                  
   0.478592E+10  2.1730  3.6087             58  1127                  
   0.478834E+10  2.2352  3.6043             59  1135                  
   0.479016E+10  2.2985  3.6002             60  1142                  
   0.479199E+10  2.3580  3.5950             61  1150                  
   0.479376E+10  2.4183  3.5905             62  1159                  
   0.479512E+10  2.4824  3.5853             63  1167                  
   0.479645E+10  2.5428  3.5803             64  1176                  
   0.479760E+10  2.6071  3.5745             65  1185                  
   0.479870E+10  2.6686  3.5689             66  1195                  
   0.479956E+10  2.7252  3.5638             67  1204                  
   0.480039E+10  2.7850  3.5585             68  1214                  
   0.480119E+10  2.8457  3.5520             69  1225                  
   0.480188E+10  2.9044  3.5443             70  1236                  
   0.480253E+10  2.9625  3.5399             71  1248                  
   0.480309E+10  3.0196  3.5337             72  1260                  
   0.480358E+10  3.0760  3.5277             73  1272                  
   0.480406E+10  3.1315  3.5197             74  1285                  
   0.480448E+10  3.1862  3.5114             75  1298                  
   0.480490E+10  3.2449  3.5071             76  1313                  
   0.480529E+10  3.3082  3.4994             77  1339                  
   0.480568E+10  3.3655  3.4922 F           78  1365                  
   0.000000E+00  0.3744  3.8028 M=  1.30                     1    16  
   0.124893E+09  0.3842  3.8024              2    22                  
   0.564050E+09  0.4066  3.8027              3    40                  
   0.635179E+09  0.4102  3.8030              4    43                  
   0.974873E+09  0.4289  3.8026              5    59                  
   0.135705E+10  0.4503  3.8017              6    75                  
   0.170801E+10  0.4690  3.8000              7    91                  
   0.202849E+10  0.4844  3.7975              8   106                  
   0.232385E+10  0.4966  3.7942              9   120                  
   0.259562E+10  0.5057  3.7902             10   134                  
   0.284546E+10  0.5118  3.7858             11   148                  
   0.307557E+10  0.5151  3.7810             12   163                  
   0.328494E+10  0.5166  3.7758             13   182                  
   0.347363E+10  0.5173  3.7709             14   209                  
   0.356103E+10  0.5187  3.7686             15   217                  
   0.364357E+10  0.5229  3.7671             16   227                  
   0.367239E+10  0.5259  3.7669 Te-m        17   231                  
   0.373596E+10  0.5419  3.7682             18   246                  
   0.376474E+10  0.5629  3.7714             19   261                  
   0.378416E+10  0.6063  3.7783             20   271                  
   0.378970E+10  0.6458  3.7836             21   279                  
   0.379242E+10  0.6727  3.7863 Te-h        22   287                  
   0.380591E+10  0.6751  3.7787 Xc=0        23   312                  
   0.395883E+10  0.6843  3.7632             24   327                  
   0.403608E+10  0.6600  3.7487             25   335                  
   0.408839E+10  0.6256  3.7364             26   341                  
   0.413798E+10  0.5852  3.7236             27   347                  
   0.418701E+10  0.5483  3.7106             28   353                  
   0.423289E+10  0.5353  3.7009 Brg         29   358                  
   0.432480E+10  0.5739  3.6891             30   372                  
   0.438784E+10  0.6325  3.6845             31   385                  
   0.443739E+10  0.6960  3.6817             32   398                  
   0.448116E+10  0.7593  3.6793             33   414                  
   0.451584E+10  0.8190  3.6773             34   432                  
   0.454755E+10  0.8792  3.6752             35   453                  
   0.457589E+10  0.9397  3.6734             36   478                  
   0.460014E+10  0.9999  3.6713             37   502                  
   0.462019E+10  1.0610  3.6690             38   525                  
   0.463825E+10  1.1213  3.6669             39   550                  
   0.465511E+10  1.1835  3.6640             40   583                  
   0.466935E+10  1.2441  3.6615             41   618                  
   0.468211E+10  1.3033  3.6587             42   662                  
   0.469365E+10  1.3639  3.6558             43   706                  
   0.470367E+10  1.4232  3.6529             44   745                  
   0.471316E+10  1.4827  3.6502             45   787                  
   0.472319E+10  1.5202  3.6484 L-M         46   847                  
   0.473187E+10  1.4840  3.6507 L-m         47   908                  
   0.473901E+10  1.5443  3.6476             48   953                  
   0.474614E+10  1.6046  3.6443             49  1009                  
   0.475358E+10  1.6689  3.6408             50  1074                  
   0.475953E+10  1.7366  3.6368             51  1080                  
   0.476466E+10  1.7979  3.6332             52  1086                  
   0.476978E+10  1.8650  3.6291             53  1093                  
   0.477411E+10  1.9303  3.6249             54  1100                  
   0.477737E+10  1.9891  3.6212             55  1106                  
   0.478064E+10  2.0512  3.6173             56  1113                  
   0.478345E+10  2.1128  3.6129             57  1120                  
   0.478592E+10  2.1730  3.6087             58  1127                  
   0.478834E+10  2.2352  3.6043             59  1135                  
   0.479016E+10  2.2985  3.6002             60  1142                  
   0.479199E+10  2.3580  3.5950             61  1150                  
   0.479376E+10  2.4183  3.5905             62  1159                  
   0.479512E+10  2.4824  3.5853             63  1167                  
   0.479645E+10  2.5428  3.5803             64  1176                  
   0.479760E+10  2.6071  3.5745             65  1185                  
   0.479870E+10  2.6686  3.5689             66  1195                  
   0.479956E+10  2.7252  3.5638             67  1204                  
   0.480039E+10  2.7850  3.5585             68  1214                  
   0.480119E+10  2.8457  3.5520             69  1225                  
   0.480188E+10  2.9044  3.5443             70  1236                  
   0.480253E+10  2.9625  3.5399             71  1248                  
   0.480309E+10  3.0196  3.5337             72  1260                  
   0.480358E+10  3.0760  3.5277             73  1272                  
   0.480406E+10  3.1315  3.5197             74  1285                  
   0.480448E+10  3.1862  3.5114             75  1298                  
   0.480490E+10  3.2449  3.5071             76  1313                  
   0.480529E+10  3.3082  3.4994             77  1339                  
   0.480568E+10  3.3655  3.4922 F           78  1365                  
   0.000000E+00  0.5247  3.8210 M=  1.40                     1    25  
   0.127563E+09  0.5336  3.8205              2    32                  
   0.506341E+09  0.5550  3.8200              3    52                  
   0.855463E+09  0.5775  3.8186              4    69                  
   0.117573E+10  0.5979  3.8162              5    85                  
   0.146881E+10  0.6154  3.8130              6   101                  
   0.173695E+10  0.6298  3.8089              7   116                  
   0.198197E+10  0.6412  3.8040              8   131                  
   0.220631E+10  0.6497  3.7985              9   145                  
   0.241152E+10  0.6551  3.7925             10   159                  
   0.259877E+10  0.6582  3.7862             11   173                  
   0.276906E+10  0.6585  3.7800             12   192                  
   0.292285E+10  0.6578  3.7739             13   219                  
   0.299415E+10  0.6582  3.7713             14   228                  
   0.306161E+10  0.6615  3.7692             15   237                  
   0.309846E+10  0.6665  3.7687 Te-m        16   244                  
   0.313713E+10  0.6793  3.7697             17   256                  
   0.316059E+10  0.6998  3.7728             18   271                  
   0.317630E+10  0.7438  3.7800             19   281                  
   0.318064E+10  0.7856  3.7863             20   289                  
   0.318303E+10  0.8248  3.7914 Te-h        21   301                  
   0.318505E+10  0.8012  3.7835 Xc=0        22   320                  
   0.322051E+10  0.8104  3.7677             23   335                  
   0.326255E+10  0.7879  3.7530             24   344                  
   0.328384E+10  0.7526  3.7408             25   350                  
   0.330261E+10  0.7044  3.7275             26   356                  
   0.331824E+10  0.6638  3.7164             27   361                  
   0.334295E+10  0.6344  3.7026 Brg         28   368                  
   0.338290E+10  0.6746  3.6906             29   377                  
   0.341576E+10  0.7366  3.6860             30   388                  
   0.344904E+10  0.7969  3.6830             31   401                  
   0.347818E+10  0.8599  3.6804             32   418                  
   0.350218E+10  0.9221  3.6783             33   436                  
   0.352553E+10  0.9825  3.6760             34   455                  
   0.354480E+10  1.0440  3.6737             35   474                  
   0.356199E+10  1.1043  3.6715             36   495                  
   0.357757E+10  1.1644  3.6689             37   520                  
   0.359200E+10  1.2260  3.6661             38   550                  
   0.360544E+10  1.2894  3.6634             39   586                  
   0.361710E+10  1.3482  3.6604             40   624                  
   0.362696E+10  1.4078  3.6576             41   666                  
   0.363641E+10  1.4669  3.6546             42   717                  
   0.364423E+10  1.5280  3.6518             43   765                  
   0.365280E+10  1.5867  3.6485             44   822                  
   0.365699E+10  1.5995  3.6479 L-M         45   856                  
   0.366390E+10  1.5631  3.6502 L-m         46   918                  
   0.367011E+10  1.6228  3.6470             47   972                  
   0.367597E+10  1.6815  3.6437             48  1035                  
   0.368143E+10  1.7407  3.6402             49  1101                  
   0.368659E+10  1.8035  3.6366             50  1119                  
   0.369167E+10  1.8756  3.6322             51  1126                  
   0.369594E+10  1.9399  3.6281             52  1133                  
   0.369964E+10  2.0025  3.6241             53  1140                  
   0.370277E+10  2.0666  3.6199             54  1147                  
   0.370549E+10  2.1291  3.6157             55  1154                  
   0.370817E+10  2.1964  3.6109             56  1162                  
   0.371020E+10  2.2558  3.6068             57  1169                  
   0.371243E+10  2.3167  3.6023             58  1178                  
   0.371394E+10  2.3753  3.5980             59  1185                  
   0.371545E+10  2.4345  3.5933             60  1193                  
   0.371676E+10  2.4955  3.5885             61  1201                  
   0.371804E+10  2.5574  3.5835             62  1210                  
   0.371928E+10  2.6205  3.5785             63  1220                  
   0.372024E+10  2.6793  3.5727             64  1229                  
   0.372116E+10  2.7402  3.5672             65  1239                  
   0.372204E+10  2.8035  3.5616             66  1250                  
   0.372274E+10  2.8598  3.5559             67  1260                  
   0.372335E+10  2.9136  3.5490             68  1270                  
   0.372394E+10  2.9723  3.5436             69  1281                  
   0.372455E+10  3.0312  3.5376             70  1294                  
   0.372504E+10  3.0900  3.5304             71  1306                  
   0.372554E+10  3.1458  3.5240             72  1320                  
   0.372598E+10  3.2024  3.5182             73  1334                  
   0.372632E+10  3.2541  3.5105             74  1351                  
   0.372671E+10  3.3107  3.5052             75  1378                  
   0.372704E+10  3.3629  3.4990 F           76  1402                  
   0.000000E+00  0.6573  3.8392 M=  1.50                     1    15  
   0.115843E+09  0.6673  3.8383              2    23                  
   0.442883E+09  0.6887  3.8367              3    41                  
   0.742872E+09  0.7108  3.8341              4    59                  
   0.101661E+10  0.7315  3.8302              5    75                  
   0.126620E+10  0.7488  3.8254              6    91                  
   0.149329E+10  0.7637  3.8195              7   106                  
   0.170022E+10  0.7757  3.8129              8   120                  
   0.188861E+10  0.7851  3.8062              9   135                  
   0.205987E+10  0.7915  3.7991             10   148                  
   0.221571E+10  0.7946  3.7918             11   163                  
   0.235742E+10  0.7950  3.7841             12   182                  
   0.248547E+10  0.7936  3.7770             13   209                  
   0.254496E+10  0.7935  3.7737             14   218                  
   0.260142E+10  0.7958  3.7711             15   227                  
   0.264284E+10  0.8030  3.7703 Te-m        16   237                  
   0.266472E+10  0.8126  3.7710             17   246                  
   0.268441E+10  0.8332  3.7738             18   261                  
   0.269747E+10  0.8771  3.7814             19   271                  
   0.270105E+10  0.9198  3.7885             20   279                  
   0.270301E+10  0.9696  3.7951 Te-h        21   293                  
   0.270352E+10  0.9356  3.7917 Xc=0        22   308                  
   0.270601E+10  0.9369  3.7766             23   318                  
   0.271700E+10  0.9232  3.7609             24   328                  
   0.273187E+10  0.8894  3.7474             25   335                  
   0.274442E+10  0.8399  3.7341             26   341                  
   0.275398E+10  0.7909  3.7220             27   346                  
   0.276341E+10  0.7536  3.7102             28   351                  
   0.276935E+10  0.7457  3.7037 Brg         29   354                  
   0.278510E+10  0.7927  3.6919             30   361                  
   0.279570E+10  0.8589  3.6869             31   365                  
   0.280525E+10  0.9296  3.6835             32   370                  
   0.281418E+10  0.9988  3.6804             33   375                  
   0.282193E+10  1.0608  3.6778             34   381                  
   0.282959E+10  1.1223  3.6752             35   388                  
   0.283716E+10  1.1850  3.6723             36   396                  
   0.284407E+10  1.2443  3.6695             37   405                  
   0.285093E+10  1.3037  3.6668             38   417                  
   0.285846E+10  1.3670  3.6635             39   436                  
   0.286616E+10  1.4283  3.6606             40   462                  
   0.287397E+10  1.4877  3.6576             41   494                  
   0.288314E+10  1.5473  3.6545             42   541                  
   0.289498E+10  1.5701  3.6537 L-M         43   620                  
   0.290797E+10  1.5675  3.6542 L-m         44   719                  
   0.291303E+10  1.6268  3.6507             45   761                  
   0.291805E+10  1.6860  3.6474             46   808                  
   0.292300E+10  1.7463  3.6439             47   864                  
   0.292799E+10  1.8168  3.6396             48   914                  
   0.293224E+10  1.8766  3.6360             49   920                  
   0.293589E+10  1.9416  3.6321             50   926                  
   0.293907E+10  2.0031  3.6280             51   932                  
   0.294226E+10  2.0683  3.6235             52   939                  
   0.294502E+10  2.1314  3.6194             53   946                  
   0.294737E+10  2.1919  3.6153             54   953                  
   0.294942E+10  2.2500  3.6111             55   960                  
   0.295145E+10  2.3147  3.6065             56   968                  
   0.295299E+10  2.3737  3.6027             57   975                  
   0.295450E+10  2.4346  3.5974             58   983                  
   0.295583E+10  2.4943  3.5929             59   991                  
   0.295712E+10  2.5557  3.5880             60  1000                  
   0.295824E+10  2.6139  3.5833             61  1009                  
   0.295921E+10  2.6749  3.5781             62  1018                  
   0.296015E+10  2.7365  3.5723             63  1028                  
   0.296096E+10  2.7965  3.5668             64  1038                  
   0.296174E+10  2.8558  3.5601             65  1049                  
   0.296241E+10  2.9135  3.5556             66  1060                  
   0.296300E+10  2.9724  3.5473             67  1071                  
   0.296361E+10  3.0363  3.5426             68  1084                  
   0.296411E+10  3.0951  3.5361             69  1096                  
   0.296456E+10  3.1501  3.5296             70  1109                  
   0.296500E+10  3.2049  3.5219             71  1123                  
   0.296542E+10  3.2662  3.5171             72  1146                  
   0.296579E+10  3.3178  3.5093             73  1166                  
   0.296584E+10  3.3241  3.5088 F           74  1169                  
   0.000000E+00  0.7821  3.8593 M=  1.60                     1    13  
   0.100293E+09  0.7888  3.8583              2    24                  
   0.364234E+09  0.8093  3.8552              3    42                  
   0.608565E+09  0.8304  3.8512              4    59                  
   0.832992E+09  0.8496  3.8457              5    76                  
   0.103724E+10  0.8663  3.8392              6    91                  
   0.122365E+10  0.8806  3.8320              7   106                  
   0.139293E+10  0.8927  3.8245              8   121                  
   0.154683E+10  0.9021  3.8164              9   135                  
   0.168670E+10  0.9087  3.8083             10   149                  
   0.181400E+10  0.9122  3.8001             11   164                  
   0.192935E+10  0.9128  3.7920             12   183                  
   0.203415E+10  0.9117  3.7839             13   209                  
   0.208283E+10  0.9116  3.7804             14   218                  
   0.212910E+10  0.9140  3.7775             15   228                  
   0.216226E+10  0.9209  3.7766 Te-m        16   237                  
   0.218092E+10  0.9307  3.7773             17   247                  
   0.219704E+10  0.9511  3.7803             18   261                  
   0.220777E+10  0.9950  3.7888             19   271                  
   0.221069E+10  1.0378  3.7964             20   279                  
   0.221220E+10  1.0888  3.8046 Te-h        21   291                  
   0.221267E+10  1.0526  3.8005 Xc=0        22   308                  
   0.221447E+10  1.0500  3.7837             23   318                  
   0.222035E+10  1.0400  3.7677             24   327                  
   0.222962E+10  1.0067  3.7534             25   334                  
   0.223701E+10  0.9647  3.7413             26   339                  
   0.224401E+10  0.9093  3.7284             27   344                  
   0.225070E+10  0.8587  3.7159             28   349                  
   0.225763E+10  0.8386  3.7043 Brg         29   354                  
   0.226857E+10  0.8956  3.6925             30   361                  
   0.227505E+10  0.9588  3.6877             31   365                  
   0.228077E+10  1.0228  3.6843             32   369                  
   0.228687E+10  1.0950  3.6811             33   374                  
   0.229251E+10  1.1646  3.6777             34   379                  
   0.229731E+10  1.2259  3.6747             35   384                  
   0.230199E+10  1.2884  3.6717             36   390                  
   0.230684E+10  1.3540  3.6682             37   398                  
   0.231127E+10  1.4144  3.6650             38   407                  
   0.231568E+10  1.4768  3.6620             39   421                  
   0.231991E+10  1.5375  3.6587             40   436                  
   0.232401E+10  1.5993  3.6553             41   452                  
   0.232794E+10  1.6587  3.6518             42   471                  
   0.233175E+10  1.7193  3.6483             43   497                  
   0.233632E+10  1.7784  3.6449             44   541                  
   0.233894E+10  1.7949  3.6439 L-M         45   568                  
   0.234292E+10  1.7358  3.6477             46   611                  
   0.234471E+10  1.6710  3.6516             47   629                  
   0.234637E+10  1.6092  3.6554             48   643                  
   0.234664E+10  1.6094  3.6554 L-m         49   645                  
   0.234987E+10  1.6703  3.6519             50   671                  
   0.235360E+10  1.7314  3.6484             51   706                  
   0.235725E+10  1.7920  3.6448             52   751                  
   0.236102E+10  1.8511  3.6411             53   806                  
   0.236458E+10  1.9192  3.6370             54   848                  
   0.236790E+10  1.9860  3.6327             55   854                  
   0.237078E+10  2.0504  3.6284             56   860                  
   0.237325E+10  2.1087  3.6245             57   866                  
   0.237574E+10  2.1770  3.6199             58   873                  
   0.237787E+10  2.2398  3.6154             59   880                  
   0.237971E+10  2.2995  3.6111             60   887                  
   0.238152E+10  2.3622  3.6065             61   895                  
   0.238307E+10  2.4264  3.6026             62   903                  
   0.238441E+10  2.4877  3.5972             63   911                  
   0.238571E+10  2.5461  3.5927             64   920                  
   0.238672E+10  2.6046  3.5880             65   928                  
   0.238772E+10  2.6634  3.5833             66   937                  
   0.238858E+10  2.7251  3.5778             67   946                  
   0.238942E+10  2.7850  3.5721             68   956                  
   0.239022E+10  2.8450  3.5663             69   967                  
   0.239091E+10  2.9023  3.5602             70   978                  
   0.239152E+10  2.9626  3.5551             71   989                  
   0.239206E+10  3.0173  3.5477             72  1000                  
   0.239260E+10  3.0750  3.5429             73  1013                  
   0.239307E+10  3.1357  3.5366             74  1026                  
   0.239348E+10  3.1905  3.5300             75  1042                  
   0.239390E+10  3.2452  3.5226             76  1062                  
   0.239414E+10  3.2814  3.5192 F           77  1074                  
   0.000000E+00  0.9003  3.8819 M=  1.70                     1    13  
   0.848864E+08  0.9012  3.8801              2    24                  
   0.302175E+09  0.9212  3.8765              3    43                  
   0.507392E+09  0.9412  3.8708              4    61                  
   0.693565E+09  0.9596  3.8638              5    77                  
   0.863733E+09  0.9760  3.8556              6    93                  
   0.101860E+10  0.9907  3.8467              7   108                  
   0.115914E+10  1.0029  3.8371              8   122                  
   0.128664E+10  1.0124  3.8277              9   136                  
   0.140280E+10  1.0197  3.8183             10   150                  
   0.150812E+10  1.0234  3.8089             11   165                  
   0.160359E+10  1.0246  3.7997             12   184                  
   0.169044E+10  1.0237  3.7912             13   211                  
   0.173081E+10  1.0239  3.7873             14   219                  
   0.176920E+10  1.0264  3.7842             15   229                  
   0.179744E+10  1.0338  3.7830 Te-m        16   239                  
   0.181225E+10  1.0433  3.7839             17   248                  
   0.182566E+10  1.0636  3.7872             18   263                  
   0.183458E+10  1.1072  3.7962             19   273                  
   0.183700E+10  1.1498  3.8051             20   281                  
   0.183825E+10  1.2008  3.8154 Te-h        21   293                  
   0.183860E+10  1.1654  3.8109 Xc=0        22   310                  
   0.183951E+10  1.1519  3.7952             23   318                  
   0.184212E+10  1.1569  3.7786             24   326                  
   0.184708E+10  1.1326  3.7641             25   333                  
   0.185198E+10  1.0976  3.7517             26   338                  
   0.185709E+10  1.0448  3.7382             27   343                  
   0.186105E+10  0.9945  3.7272             28   347                  
   0.186493E+10  0.9505  3.7167             29   351                  
   0.186890E+10  0.9304  3.7068 Brg         30   355                  
   0.187656E+10  0.9802  3.6940             31   362                  
   0.188158E+10  1.0489  3.6887             32   366                  
   0.188653E+10  1.1277  3.6841             33   371                  
   0.189106E+10  1.2061  3.6800             34   376                  
   0.189498E+10  1.2768  3.6766             35   380                  
   0.189818E+10  1.3368  3.6733             36   384                  
   0.190172E+10  1.4020  3.6696             37   390                  
   0.190502E+10  1.4672  3.6663             38   397                  
   0.190824E+10  1.5316  3.6629             39   406                  
   0.191113E+10  1.5913  3.6595             40   416                  
   0.191400E+10  1.6520  3.6559             41   428                  
   0.191660E+10  1.7113  3.6525             42   441                  
   0.191923E+10  1.7721  3.6487             43   460                  
   0.192174E+10  1.8309  3.6451             44   484                  
   0.192442E+10  1.8908  3.6415             45   515                  
   0.192725E+10  1.9319  3.6388 L-M         46   556                  
   0.192967E+10  1.8719  3.6428             47   590                  
   0.193059E+10  1.8112  3.6468             48   601                  
   0.193136E+10  1.7514  3.6506             49   611                  
   0.193229E+10  1.6906  3.6543             50   621                  
   0.193280E+10  1.6684  3.6558 L-m         51   626                  
   0.193479E+10  1.7290  3.6522             52   643                  
   0.193751E+10  1.7874  3.6486             53   672                  
   0.194031E+10  1.8461  3.6450             54   708                  
   0.194300E+10  1.9048  3.6414             55   750                  
   0.194566E+10  1.9636  3.6375             56   801                  
   0.194814E+10  2.0267  3.6334             57   839                  
   0.195074E+10  2.0946  3.6289             58   845                  
   0.195299E+10  2.1559  3.6247             59   851                  
   0.195521E+10  2.2197  3.6204             60   858                  
   0.195686E+10  2.2798  3.6161             61   864                  
   0.195855E+10  2.3395  3.6117             62   871                  
   0.196000E+10  2.3976  3.6075             63   878                  
   0.196145E+10  2.4639  3.6035             64   886                  
   0.196268E+10  2.5225  3.5981             65   894                  
   0.196388E+10  2.5890  3.5930             66   903                  
   0.196491E+10  2.6464  3.5885             67   912                  
   0.196581E+10  2.7074  3.5837             68   921                  
   0.196669E+10  2.7711  3.5778             69   931                  
   0.196751E+10  2.8330  3.5717             70   942                  
   0.196822E+10  2.8932  3.5659             71   953                  
   0.196879E+10  2.9491  3.5600             72   963                  
   0.196938E+10  3.0102  3.5549             73   975                  
   0.196986E+10  3.0634  3.5475             74   986                  
   0.197035E+10  3.1214  3.5427             75  1002                  
   0.197081E+10  3.1815  3.5364             76  1019                  
   0.197096E+10  3.1994  3.5338 F           77  1026                  
   0.000000E+00  1.0144  3.9029 M=  1.80                     1    11  
   0.730645E+08  1.0057  3.9011              2    21                  
   0.255854E+09  1.0250  3.8964              3    40                  
   0.424687E+09  1.0434  3.8898              4    57                  
   0.582637E+09  1.0614  3.8823              5    74                  
   0.726277E+09  1.0781  3.8734              6    89                  
   0.856916E+09  1.0928  3.8637              7   104                  
   0.975630E+09  1.1055  3.8530              8   119                  
   0.108325E+10  1.1158  3.8417              9   133                  
   0.118086E+10  1.1233  3.8301             10   147                  
   0.126929E+10  1.1278  3.8192             11   162                  
   0.134952E+10  1.1293  3.8086             12   181                  
   0.142248E+10  1.1293  3.7989             13   207                  
   0.145639E+10  1.1296  3.7946             14   216                  
   0.148863E+10  1.1323  3.7912             15   226                  
   0.151192E+10  1.1395  3.7900 Te-m        16   235                  
   0.152486E+10  1.1493  3.7908             17   245                  
   0.153613E+10  1.1695  3.7945             18   259                  
   0.154364E+10  1.2125  3.8051             19   269                  
   0.154568E+10  1.2545  3.8159             20   277                  
   0.154672E+10  1.3061  3.8297 Te-h        21   289                  
   0.154701E+10  1.2723  3.8241 Xc=0        22   306                  
   0.154744E+10  1.2443  3.8102             23   312                  
   0.154844E+10  1.2622  3.7952             24   318                  
   0.155084E+10  1.2533  3.7787             25   325                  
   0.155434E+10  1.2247  3.7642             26   331                  
   0.155795E+10  1.1824  3.7505             27   336                  
   0.156090E+10  1.1330  3.7385             28   340                  
   0.156380E+10  1.0772  3.7265             29   344                  
   0.156667E+10  1.0304  3.7153             30   348                  
   0.156887E+10  1.0162  3.7075 Brg         31   351                  
   0.157363E+10  1.0548  3.6960             32   357                  
   0.157719E+10  1.1187  3.6901             33   361                  
   0.158072E+10  1.1946  3.6852             34   366                  
   0.158347E+10  1.2584  3.6819             35   370                  
   0.158631E+10  1.3280  3.6779             36   373                  
   0.158919E+10  1.4007  3.6736             37   377                  
   0.159148E+10  1.4604  3.6705             38   381                  
   0.159406E+10  1.5271  3.6670             39   388                  
   0.159632E+10  1.5881  3.6634             40   395                  
   0.159863E+10  1.6521  3.6596             41   404                  
   0.160065E+10  1.7121  3.6562             42   413                  
   0.160255E+10  1.7713  3.6525             43   425                  
   0.160447E+10  1.8308  3.6486             44   441                  
   0.160631E+10  1.8893  3.6448             45   460                  
   0.160818E+10  1.9539  3.6407             46   481                  
   0.161016E+10  2.0137  3.6370             47   509                  
   0.161184E+10  2.0461  3.6348 L-M         48   541                  
   0.161344E+10  1.9815  3.6392             49   574                  
   0.161414E+10  1.9217  3.6432             50   588                  
   0.161471E+10  1.8603  3.6473             51   597                  
   0.161524E+10  1.8003  3.6512             52   605                  
   0.161607E+10  1.7417  3.6550             53   616                  
   0.161614E+10  1.7382  3.6553 L-m         54   617                  
   0.161749E+10  1.7979  3.6516             55   632                  
   0.161964E+10  1.8570  3.6478             56   659                  
   0.162175E+10  1.9165  3.6440             57   689                  
   0.162395E+10  1.9757  3.6401             58   727                  
   0.162612E+10  2.0351  3.6364             59   777                  
   0.162799E+10  2.0933  3.6325             60   835                  
   0.163000E+10  2.1542  3.6282             61   857                  
   0.163193E+10  2.2178  3.6239             62   863                  
   0.163361E+10  2.2798  3.6194             63   869                  
   0.163529E+10  2.3428  3.6148             64   876                  
   0.163673E+10  2.4058  3.6102             65   883                  
   0.163815E+10  2.4640  3.6065             66   891                  
   0.163938E+10  2.5299  3.6011             67   899                  
   0.164042E+10  2.5910  3.5965             68   907                  
   0.164145E+10  2.6571  3.5912             69   916                  
   0.164233E+10  2.7147  3.5867             70   925                  
   0.164319E+10  2.7762  3.5822             71   935                  
   0.164386E+10  2.8311  3.5760             72   944                  
   0.164451E+10  2.8888  3.5706             73   954                  
   0.164514E+10  2.9466  3.5641             74   965                  
   0.164576E+10  3.0068  3.5589             75   982                  
   0.164626E+10  3.0637  3.5538             76   994                  
   0.164630E+10  3.0733  3.5528 F           77   997                  
   0.000000E+00  1.0988  3.9220 M=  1.90                     1    11  
   0.601106E+08  1.1041  3.9202              2    20                  
   0.218367E+09  1.1219  3.9146              3    39                  
   0.363645E+09  1.1401  3.9078              4    56                  
   0.497913E+09  1.1582  3.8997              5    73                  
   0.620588E+09  1.1751  3.8906              6    88                  
   0.731803E+09  1.1904  3.8807              7   103                  
   0.832825E+09  1.2037  3.8697              8   118                  
   0.924366E+09  1.2144  3.8574              9   132                  
   0.100721E+10  1.2225  3.8446             10   146                  
   0.108227E+10  1.2275  3.8312             11   161                  
   0.115026E+10  1.2297  3.8186             12   180                  
   0.121205E+10  1.2301  3.8075             13   208                  
   0.124080E+10  1.2309  3.8026             14   217                  
   0.126808E+10  1.2339  3.7986             15   227                  
   0.128785E+10  1.2411  3.7973 Te-m        16   236                  
   0.129877E+10  1.2510  3.7982             17   246                  
   0.130833E+10  1.2710  3.8025             18   260                  
   0.131469E+10  1.3133  3.8152             19   270                  
   0.131642E+10  1.3549  3.8291             20   278                  
   0.131733E+10  1.4059  3.8461 Te-h        21   291                  
   0.131753E+10  1.3755  3.8403 Xc=0        22   307                  
   0.131778E+10  1.3408  3.8266             23   312                  
   0.131830E+10  1.3552  3.8107             24   317                  
   0.131945E+10  1.3600  3.7937             25   323                  
   0.132146E+10  1.3430  3.7776             26   329                  
   0.132381E+10  1.3123  3.7635             27   334                  
   0.132593E+10  1.2733  3.7511             28   338                  
   0.132810E+10  1.2190  3.7381             29   342                  
   0.132972E+10  1.1725  3.7286             30   345                  
   0.133186E+10  1.1205  3.7167             31   349                  
   0.133350E+10  1.1017  3.7081 Brg         32   352                  
   0.133702E+10  1.1409  3.6961             33   358                  
   0.133963E+10  1.2057  3.6900             34   362                  
   0.134222E+10  1.2815  3.6850             35   367                  
   0.134415E+10  1.3415  3.6813             36   371                  
   0.134626E+10  1.4112  3.6769             37   374                  
   0.134802E+10  1.4717  3.6737             38   377                  
   0.135001E+10  1.5416  3.6698             39   381                  
   0.135181E+10  1.6025  3.6662             40   386                  
   0.135341E+10  1.6617  3.6628             41   391                  
   0.135515E+10  1.7252  3.6590             42   398                  
   0.135668E+10  1.7862  3.6551             43   406                  
   0.135824E+10  1.8484  3.6509             44   421                  
   0.135966E+10  1.9096  3.6469             45   432                  
   0.136101E+10  1.9684  3.6432             46   448                  
   0.136233E+10  2.0275  3.6394             47   465                  
   0.136369E+10  2.0874  3.6354             48   485                  
   0.136558E+10  2.1475  3.6314             49   522                  
   0.136582E+10  2.1507  3.6312 L-M         50   527                  
   0.136703E+10  2.0878  3.6355             51   554                  
   0.136747E+10  2.0297  3.6394             52   563                  
   0.136788E+10  1.9644  3.6439             53   570                  
   0.136827E+10  1.9021  3.6480             54   576                  
   0.136877E+10  1.8395  3.6521             55   583                  
   0.136916E+10  1.8167  3.6537 L-m         56   588                  
   0.137022E+10  1.8773  3.6497             57   600                  
   0.137190E+10  1.9365  3.6460             58   624                  
   0.137348E+10  1.9953  3.6422             59   650                  
   0.137517E+10  2.0563  3.6382             60   687                  
   0.137686E+10  2.1163  3.6341             61   736                  
   0.137857E+10  2.1745  3.6302             62   794                  
   0.138023E+10  2.2428  3.6253             63   836                  
   0.138180E+10  2.3064  3.6209             64   842                  
   0.138338E+10  2.3754  3.6158             65   849                  
   0.138472E+10  2.4398  3.6111             66   856                  
   0.138604E+10  2.5029  3.6075             67   864                  
   0.138702E+10  2.5629  3.6021             68   871                  
   0.138812E+10  2.6302  3.5970             69   880                  
   0.138905E+10  2.6944  3.5921             70   889                  
   0.138992E+10  2.7563  3.5867             71   910                  
   0.139068E+10  2.8176  3.5822             72   920                  
   0.139113E+10  2.8574  3.5777 F           73   931                  
   5   5   7   7   7   7   7   7   9   9   8   8   8   8   8   8   8
   1  20  21  24  86                                                     !  0.60 1
   1  20  21  24  85                                                     !  0.70 2
   1  20  21  24  45  46  85                                             !  0.70 3
   1  20  21  25  45  46  83                                             !  0.80 4 
   1  19  21  25  44  45  81                                             !  0.90 5
   1  13  20  24  42  44  79                                             !  1.00 6
   1  11  21  27  45  46  80                                             !  1.10 7
   1   6  22  27  44  45  77                                             !  1.20 8
   1   6  17  21  22  27  44  45  77                                     !  1.20 9
   1   4  17  22  23  29  46  47  78                                     !  1.30 10
   1  17  22  23  29  46  47  78                                         !  1.30 11 
   1  16  21  22  28  45  46  76                                         !  1.40 12
   1  16  21  22  29  43  44  74                                         !  1.50 13 
   1  16  21  22  29  45  49  77                                         !  1.60 14 
   1  16  21  22  30  46  51  77                                         !  1.70 15 
   1  16  21  22  31  48  54  77                                         !  1.80 16
   1  16  21  22  32  50  56  73                                         !  1.90 17
  0.0000  0.0000  0.0000  0.0000  0.0000  0.0000  0.0000  0.0000  0.0000  0.0000
  0.0000  0.0000  0.0000  0.0000  0.0000  0.0000  0.0000
