   4
   1   2   3   8   9  14  15  16
  16
  79  78  78  75  74  72  74  76  76  75  75  73  70  68  68  57
    0.60    0.70    0.70    0.80    0.90    1.00    1.10    1.20    1.20    1.30
    1.40    1.50    1.60    1.65    1.65    1.70
   0.000000E+00 -0.8791  3.6889 M=   .60                     1    13  
   0.774058E+09 -0.8663  3.6899              2    20                  
   0.296938E+10 -0.8446  3.6923              3    40                  
   0.508866E+10 -0.8252  3.6948              4    59                  
   0.721364E+10 -0.8052  3.6977              5    77                  
   0.934247E+10 -0.7845  3.7006              6    94                  
   0.114787E+11 -0.7628  3.7035              7   110                  
   0.136247E+11 -0.7398  3.7066              8   125                  
   0.157882E+11 -0.7147  3.7102              9   140                  
   0.179809E+11 -0.6873  3.7138             10   155                  
   0.202109E+11 -0.6572  3.7178             11   169                  
   0.224874E+11 -0.6238  3.7222             12   182                  
   0.248309E+11 -0.5857  3.7269             13   197                  
   0.272614E+11 -0.5413  3.7325             14   216                  
   0.299297E+11 -0.4850  3.7388             15   243                  
   0.315362E+11 -0.4473  3.7425             16   250                  
   0.335796E+11 -0.3912  3.7477             17   259                  
   0.371876E+11 -0.2577  3.7563             18   278                  
   0.382797E+11 -0.2049  3.7594             19   292                  
   0.388099E+11 -0.1781  3.7606             20   302                  
   0.391154E+11 -0.1604  3.7612             21   311                  
   0.402139E+11 -0.0878  3.7621 Te-M        22   335                  
   0.403294E+11 -0.0788  3.7620 Xc=0        23   339                  
   0.410502E+11 -0.0150  3.7597             24   348                  
   0.416009E+11  0.0460  3.7551             25   355                  
   0.419268E+11  0.0961  3.7498 Brg         26   362                  
   0.422093E+11  0.1555  3.7415             27   368                  
   0.424033E+11  0.2109  3.7347             28   373                  
   0.425640E+11  0.2695  3.7289             29   378                  
   0.426969E+11  0.3289  3.7249             30   383                  
   0.428272E+11  0.3943  3.7220             31   389                  
   0.429407E+11  0.4582  3.7200             32   396                  
   0.430416E+11  0.5203  3.7187             33   404                  
   0.431419E+11  0.5858  3.7175             34   414                  
   0.432305E+11  0.6499  3.7167             35   426                  
   0.433078E+11  0.7124  3.7159             36   438                  
   0.433780E+11  0.7756  3.7151             37   452                  
   0.434388E+11  0.8370  3.7141             38   467                  
   0.434924E+11  0.8974  3.7133             39   483                  
   0.435401E+11  0.9587  3.7123             40   501                  
   0.435841E+11  1.0214  3.7111             41   521                  
   0.436216E+11  1.0833  3.7098             42   542                  
   0.436534E+11  1.1433  3.7086             43   564                  
   0.436830E+11  1.2060  3.7071             44   589                  
   0.437091E+11  1.2679  3.7055             45   616                  
   0.437316E+11  1.3275  3.7037             46   645                  
   0.437518E+11  1.3893  3.7020             47   677                  
   0.437699E+11  1.4506  3.6999             48   711                  
   0.437861E+11  1.5114  3.6980             49   748                  
   0.438010E+11  1.5716  3.6960             50   790                  
   0.438191E+11  1.6311  3.6940             51   854                  
   0.438319E+11  1.6938  3.6919             52   909                  
   0.438410E+11  1.7534  3.6893             53   957                  
   0.438491E+11  1.8136  3.6868             54  1009                  
   0.438562E+11  1.8727  3.6842             55  1064                  
   0.438626E+11  1.9320  3.6816             56  1123                  
   0.438684E+11  1.9914  3.6787             57  1188                  
   0.438736E+11  2.0512  3.6758             58  1260                  
   0.438782E+11  2.1108  3.6731             59  1337                  
   0.438823E+11  2.1698  3.6700             60  1419                  
   0.438859E+11  2.2290  3.6672             61  1507                  
   0.438889E+11  2.2889  3.6640             62  1518                  
   0.438914E+11  2.3503  3.6607             63  1527                  
   0.438936E+11  2.4103  3.6576             64  1536                  
   0.438956E+11  2.4741  3.6539             65  1546                  
   0.438974E+11  2.5365  3.6500             66  1556                  
   0.438990E+11  2.5962  3.6465             67  1566                  
   0.439005E+11  2.6598  3.6425             68  1577                  
   0.439017E+11  2.7202  3.6387             69  1588                  
   0.439028E+11  2.7790  3.6356             70  1599                  
   0.439039E+11  2.8403  3.6309             71  1611                  
   0.439048E+11  2.8987  3.6263             72  1623                  
   0.439056E+11  2.9595  3.6236             73  1636                  
   0.439064E+11  3.0214  3.6200             74  1650                  
   0.439071E+11  3.0797  3.6164             75  1664                  
   0.439077E+11  3.1403  3.6126             76  1679                  
   0.439083E+11  3.2009  3.6075             77  1695                  
   0.439089E+11  3.2614  3.6051             78  1718                  
   0.439093E+11  3.3114  3.6032 F           79  1736                  
   0.000000E+00 -0.5703  3.7336 M=   .70                     1    12  
   0.463788E+09 -0.5558  3.7349              2    19                  
   0.176049E+10 -0.5343  3.7375              3    40                  
   0.299674E+10 -0.5149  3.7401              4    59                  
   0.422895E+10 -0.4946  3.7428              5    76                  
   0.545842E+10 -0.4736  3.7456              6    93                  
   0.668424E+10 -0.4514  3.7484              7   109                  
   0.790657E+10 -0.4281  3.7512              8   125                  
   0.913106E+10 -0.4032  3.7542              9   139                  
   0.103574E+11 -0.3763  3.7574             10   154                  
   0.115893E+11 -0.3477  3.7597             11   168                  
   0.128296E+11 -0.3162  3.7628             12   182                  
   0.140899E+11 -0.2813  3.7662             13   196                  
   0.154135E+11 -0.2405  3.7696             14   216                  
   0.169523E+11 -0.1856  3.7737             15   243                  
   0.179322E+11 -0.1467  3.7760             16   250                  
   0.191618E+11 -0.0889  3.7791             17   259                  
   0.207394E+11  0.0039  3.7831             18   277                  
   0.210810E+11  0.0258  3.7839             19   291                  
   0.214204E+11  0.0497  3.7843             20   302                  
   0.216745E+11  0.0693  3.7844             21   311                  
   0.217313E+11  0.0738  3.7844 Te-M        22   312                  
   0.225711E+11  0.1506  3.7832 Xc=0        23   339                  
   0.231397E+11  0.2167  3.7784             24   348                  
   0.235279E+11  0.2756  3.7706             25   355                  
   0.237739E+11  0.3248  3.7602             26   362                  
   0.239116E+11  0.3591  3.7512 Brg         27   367                  
   0.240541E+11  0.4090  3.7402             28   373                  
   0.241739E+11  0.4714  3.7322             29   379                  
   0.242599E+11  0.5307  3.7277             30   385                  
   0.243359E+11  0.5918  3.7248             31   392                  
   0.244029E+11  0.6515  3.7229             32   400                  
   0.244661E+11  0.7132  3.7213             33   409                  
   0.245278E+11  0.7778  3.7200             34   420                  
   0.245800E+11  0.8395  3.7189             35   432                  
   0.246271E+11  0.8996  3.7176             36   445                  
   0.246706E+11  0.9605  3.7165             37   460                  
   0.247077E+11  1.0214  3.7151             38   477                  
   0.247428E+11  1.0839  3.7138             39   495                  
   0.247728E+11  1.1442  3.7125             40   515                  
   0.248008E+11  1.2064  3.7110             41   537                  
   0.248257E+11  1.2690  3.7093             42   561                  
   0.248467E+11  1.3290  3.7077             43   586                  
   0.248661E+11  1.3901  3.7058             44   615                  
   0.248833E+11  1.4512  3.7038             45   645                  
   0.248984E+11  1.5116  3.7018             46   678                  
   0.249121E+11  1.5726  3.6999             47   714                  
   0.249247E+11  1.6328  3.6976             48   755                  
   0.249379E+11  1.6928  3.6954             49   809                  
   0.249449E+11  1.7089  3.6950             50   844                  
   0.249498E+11  1.7046  3.6955             51   868                  
   0.249589E+11  1.7647  3.6931             52   916                  
   0.249665E+11  1.8243  3.6906             53   964                  
   0.249734E+11  1.8844  3.6878             54  1018                  
   0.249797E+11  1.9442  3.6850             55  1078                  
   0.249852E+11  2.0038  3.6825             56  1143                  
   0.249902E+11  2.0650  3.6797             57  1193                  
   0.249940E+11  2.1255  3.6767             58  1201                  
   0.249973E+11  2.1851  3.6735             59  1209                  
   0.250005E+11  2.2493  3.6704             60  1218                  
   0.250032E+11  2.3120  3.6671             61  1227                  
   0.250056E+11  2.3726  3.6637             62  1236                  
   0.250076E+11  2.4322  3.6604             63  1245                  
   0.250096E+11  2.4961  3.6570             64  1255                  
   0.250113E+11  2.5574  3.6531             65  1265                  
   0.250128E+11  2.6163  3.6493             66  1275                  
   0.250142E+11  2.6793  3.6446             67  1286                  
   0.250154E+11  2.7398  3.6419             68  1297                  
   0.250164E+11  2.7974  3.6367             69  1308                  
   0.250174E+11  2.8580  3.6341             70  1320                  
   0.250183E+11  2.9160  3.6294             71  1332                  
   0.250191E+11  2.9764  3.6251             72  1345                  
   0.250198E+11  3.0374  3.6223             73  1359                  
   0.250205E+11  3.0960  3.6180             74  1373                  
   0.250211E+11  3.1555  3.6138             75  1388                  
   0.250217E+11  3.2138  3.6098             76  1405                  
   0.250222E+11  3.2719  3.6049             77  1424                  
   0.250225E+11  3.3052  3.6033 F           78  1436                  
   0.000000E+00 -0.5703  3.7336 M=   .70                     1    12  
   0.463788E+09 -0.5558  3.7349              2    19                  
   0.176049E+10 -0.5343  3.7375              3    40                  
   0.299674E+10 -0.5149  3.7401              4    59                  
   0.422895E+10 -0.4946  3.7428              5    76                  
   0.545842E+10 -0.4736  3.7456              6    93                  
   0.668424E+10 -0.4514  3.7484              7   109                  
   0.790657E+10 -0.4281  3.7512              8   125                  
   0.913106E+10 -0.4032  3.7542              9   139                  
   0.103574E+11 -0.3763  3.7574             10   154                  
   0.115893E+11 -0.3477  3.7597             11   168                  
   0.128296E+11 -0.3162  3.7628             12   182                  
   0.140899E+11 -0.2813  3.7662             13   196                  
   0.154135E+11 -0.2405  3.7696             14   216                  
   0.169523E+11 -0.1856  3.7737             15   243                  
   0.179322E+11 -0.1467  3.7760             16   250                  
   0.191618E+11 -0.0889  3.7791             17   259                  
   0.207394E+11  0.0039  3.7831             18   277                  
   0.210810E+11  0.0258  3.7839             19   291                  
   0.214204E+11  0.0497  3.7843             20   302                  
   0.216745E+11  0.0693  3.7844             21   311                  
   0.217313E+11  0.0738  3.7844 Te-h        22   312                  
   0.225711E+11  0.1506  3.7832 Xc=0        23   339                  
   0.231397E+11  0.2167  3.7784             24   348                  
   0.235279E+11  0.2756  3.7706             25   355                  
   0.237739E+11  0.3248  3.7602             26   362                  
   0.239116E+11  0.3591  3.7512 Brg         27   367                  
   0.240541E+11  0.4090  3.7402             28   373                  
   0.241739E+11  0.4714  3.7322             29   379                  
   0.242599E+11  0.5307  3.7277             30   385                  
   0.243359E+11  0.5918  3.7248             31   392                  
   0.244029E+11  0.6515  3.7229             32   400                  
   0.244661E+11  0.7132  3.7213             33   409                  
   0.245278E+11  0.7778  3.7200             34   420                  
   0.245800E+11  0.8395  3.7189             35   432                  
   0.246271E+11  0.8996  3.7176             36   445                  
   0.246706E+11  0.9605  3.7165             37   460                  
   0.247077E+11  1.0214  3.7151             38   477                  
   0.247428E+11  1.0839  3.7138             39   495                  
   0.247728E+11  1.1442  3.7125             40   515                  
   0.248008E+11  1.2064  3.7110             41   537                  
   0.248257E+11  1.2690  3.7093             42   561                  
   0.248467E+11  1.3290  3.7077             43   586                  
   0.248661E+11  1.3901  3.7058             44   615                  
   0.248833E+11  1.4512  3.7038             45   645                  
   0.248984E+11  1.5116  3.7018             46   678                  
   0.249121E+11  1.5726  3.6999             47   714                  
   0.249247E+11  1.6328  3.6976             48   755                  
   0.249379E+11  1.6928  3.6954             49   809                  
   0.249449E+11  1.7089  3.6950 L-M         50   844                  
   0.249498E+11  1.7046  3.6955 L-m         51   868                  
   0.249589E+11  1.7647  3.6931             52   916                  
   0.249665E+11  1.8243  3.6906             53   964                  
   0.249734E+11  1.8844  3.6878             54  1018                  
   0.249797E+11  1.9442  3.6850             55  1078                  
   0.249852E+11  2.0038  3.6825             56  1143                  
   0.249902E+11  2.0650  3.6797             57  1193                  
   0.249940E+11  2.1255  3.6767             58  1201                  
   0.249973E+11  2.1851  3.6735             59  1209                  
   0.250005E+11  2.2493  3.6704             60  1218                  
   0.250032E+11  2.3120  3.6671             61  1227                  
   0.250056E+11  2.3726  3.6637             62  1236                  
   0.250076E+11  2.4322  3.6604             63  1245                  
   0.250096E+11  2.4961  3.6570             64  1255                  
   0.250113E+11  2.5574  3.6531             65  1265                  
   0.250128E+11  2.6163  3.6493             66  1275                  
   0.250142E+11  2.6793  3.6446             67  1286                  
   0.250154E+11  2.7398  3.6419             68  1297                  
   0.250164E+11  2.7974  3.6367             69  1308                  
   0.250174E+11  2.8580  3.6341             70  1320                  
   0.250183E+11  2.9160  3.6294             71  1332                  
   0.250191E+11  2.9764  3.6251             72  1345                  
   0.250198E+11  3.0374  3.6223             73  1359                  
   0.250205E+11  3.0960  3.6180             74  1373                  
   0.250211E+11  3.1555  3.6138             75  1388                  
   0.250217E+11  3.2138  3.6098             76  1405                  
   0.250222E+11  3.2719  3.6049             77  1424                  
   0.250225E+11  3.3052  3.6033 F           78  1436                  
   0.000000E+00 -0.2948  3.7734 M=  0.80  Z=0.001 Y=0.23     1    15  
   0.308568E+09 -0.2806  3.7742              2    23                  
   0.110839E+10 -0.2597  3.7770              3    44                  
   0.187405E+10 -0.2400  3.7790              4    63                  
   0.263373E+10 -0.2199  3.7810              5    81                  
   0.338660E+10 -0.1989  3.7832              6    98                  
   0.413249E+10 -0.1770  3.7852              7   114                  
   0.487105E+10 -0.1542  3.7873              8   129                  
   0.560075E+10 -0.1302  3.7893              9   144                  
   0.632578E+10 -0.1047  3.7914             10   158                  
   0.704397E+10 -0.0779  3.7935             11   172                  
   0.776339E+10 -0.0491  3.7954             12   186                  
   0.850494E+10 -0.0167  3.7975             13   201                  
   0.931278E+10  0.0226  3.7999             14   220                  
   0.102925E+11  0.0785  3.8028             15   247                  
   0.108938E+11  0.1163  3.8040             16   254                  
   0.115580E+11  0.1654  3.8057             17   263                  
   0.121910E+11  0.2178  3.8071             18   281                  
   0.123891E+11  0.2358  3.8073             19   295                  
   0.124386E+11  0.2403  3.8072 Te-M        20   297                  
   0.126437E+11  0.2612  3.8072             21   306                  
   0.128195E+11  0.2802  3.8069             22   315                  
   0.134325E+11  0.3602  3.8037 Xc=0        23   343                  
   0.137875E+11  0.4189  3.7974             24   352                  
   0.140336E+11  0.4710  3.7884             25   359                  
   0.141911E+11  0.5113  3.7772             26   366                  
   0.143032E+11  0.5416  3.7633             27   373                  
   0.143982E+11  0.5766  3.7492             28   380                  
   0.144695E+11  0.6262  3.7406             29   386                  
   0.145246E+11  0.6837  3.7358             30   392                  
   0.145697E+11  0.7416  3.7327 Brg         31   398                  
   0.146145E+11  0.8083  3.7302             32   406                  
   0.146519E+11  0.8702  3.7283             33   414                  
   0.146848E+11  0.9310  3.7269             34   423                  
   0.147168E+11  0.9936  3.7249             35   434                  
   0.147441E+11  1.0590  3.7232             36   446                  
   0.147673E+11  1.1196  3.7217             37   458                  
   0.147887E+11  1.1797  3.7198             38   472                  
   0.148068E+11  1.2395  3.7182             39   487                  
   0.148237E+11  1.2997  3.7163             40   504                  
   0.148391E+11  1.3615  3.7141             41   524                  
   0.148527E+11  1.4232  3.7123             42   548                  
   0.148646E+11  1.4838  3.7100             43   570                  
   0.148752E+11  1.5433  3.7078             44   593                  
   0.148846E+11  1.6029  3.7056             45   618                  
   0.148933E+11  1.6630  3.7034             46   647                  
   0.149014E+11  1.7247  3.7008             47   680                  
   0.149094E+11  1.7870  3.6984             48   721                  
   0.149150E+11  1.8132  3.6975 L-M         49   756                  
   0.149201E+11  1.7971  3.6986 L-m         50   791                  
   0.149259E+11  1.8594  3.6959             51   831                  
   0.149317E+11  1.9268  3.6929             52   851                  
   0.149364E+11  1.9886  3.6900             53   858                  
   0.149409E+11  2.0527  3.6870             54   866                  
   0.149447E+11  2.1171  3.6839             55   874                  
   0.149481E+11  2.1775  3.6809             56   882                  
   0.149511E+11  2.2383  3.6777             57   890                  
   0.149536E+11  2.2971  3.6744             58   898                  
   0.149561E+11  2.3607  3.6709             59   907                  
   0.149582E+11  2.4210  3.6678             60   916                  
   0.149600E+11  2.4800  3.6640             61   925                  
   0.149618E+11  2.5433  3.6606             62   935                  
   0.149632E+11  2.6039  3.6572             63   945                  
   0.149646E+11  2.6654  3.6530             64   956                  
   0.149659E+11  2.7275  3.6494             65   967                  
   0.149670E+11  2.7861  3.6456             66   978                  
   0.149679E+11  2.8490  3.6415             67   990                  
   0.149689E+11  2.9108  3.6379             68  1003                  
   0.149698E+11  2.9700  3.6333             69  1017                  
   0.149704E+11  3.0272  3.6283             70  1029                  
   0.149711E+11  3.0866  3.6248             71  1044                  
   0.149717E+11  3.1486  3.6215             72  1059                  
   0.149723E+11  3.2099  3.6174             73  1081                  
   0.149729E+11  3.2720  3.6129             74  1100                  
   0.149730E+11  3.2853  3.6120 F           75  1109                  
   0.000000E+00 -0.0493  3.8039 M=  0.90  Z=0.001 Y=0.23     1    10  
   0.210682E+09 -0.0269  3.8049              2    19                  
   0.730260E+09 -0.0093  3.8059              3    40                  
   0.122840E+10  0.0034  3.8081              4    61                  
   0.171896E+10  0.0232  3.8099              5    78                  
   0.220082E+10  0.0435  3.8116              6    95                  
   0.267471E+10  0.0645  3.8132              7   111                  
   0.313959E+10  0.0861  3.8149              8   127                  
   0.359579E+10  0.1085  3.8165              9   141                  
   0.404475E+10  0.1317  3.8180             10   156                  
   0.449004E+10  0.1563  3.8196             11   170                  
   0.494322E+10  0.1833  3.8212             12   184                  
   0.542115E+10  0.2141  3.8228             13   198                  
   0.595523E+10  0.2526  3.8246             14   218                  
   0.656107E+10  0.3030  3.8269             15   244                  
   0.688020E+10  0.3312  3.8275             16   251                  
   0.718038E+10  0.3607  3.8283             17   259                  
   0.750960E+10  0.3951  3.8288             18   278                  
   0.760495E+10  0.4059  3.8289 Te-M        19   287                  
   0.765756E+10  0.4120  3.8289             20   293                  
   0.785515E+10  0.4371  3.8286             21   304                  
   0.799358E+10  0.4558  3.8282             22   313                  
   0.847736E+10  0.5349  3.8238 Xc=0        23   341                  
   0.874260E+10  0.5909  3.8162             24   349                  
   0.892964E+10  0.6403  3.8055             25   356                  
   0.904851E+10  0.6772  3.7922             26   363                  
   0.912996E+10  0.6980  3.7762             27   370                  
   0.919403E+10  0.7081  3.7602             28   377                  
   0.925754E+10  0.7378  3.7460             29   384                  
   0.930546E+10  0.7927  3.7387             30   390                  
   0.933692E+10  0.8423  3.7354 Brg         31   395                  
   0.937271E+10  0.9088  3.7325             32   403                  
   0.940142E+10  0.9706  3.7303             33   411                  
   0.942671E+10  1.0316  3.7283             34   421                  
   0.945057E+10  1.0934  3.7264             35   432                  
   0.947065E+10  1.1552  3.7246             36   443                  
   0.948931E+10  1.2158  3.7228             37   456                  
   0.950526E+10  1.2758  3.7209             38   470                  
   0.952009E+10  1.3363  3.7189             39   486                  
   0.953371E+10  1.3977  3.7169             40   505                  
   0.954574E+10  1.4590  3.7148             41   525                  
   0.955611E+10  1.5200  3.7126             42   546                  
   0.956559E+10  1.5818  3.7102             43   570                  
   0.957435E+10  1.6442  3.7078             44   599                  
   0.958210E+10  1.7056  3.7058             45   629                  
   0.958903E+10  1.7668  3.7030             46   660                  
   0.959519E+10  1.8267  3.7005             47   694                  
   0.960245E+10  1.8894  3.6980             48   748                  
   0.960456E+10  1.8970  3.6977 L-M         49   766                  
   0.960885E+10  1.8445  3.7007 L-m         50   807                  
   0.961280E+10  1.9043  3.6979             51   839                  
   0.961767E+10  1.9717  3.6948             52   852                  
   0.962186E+10  2.0327  3.6920             53   859                  
   0.962600E+10  2.0982  3.6887             54   867                  
   0.962953E+10  2.1613  3.6858             55   875                  
   0.963258E+10  2.2231  3.6828             56   883                  
   0.963511E+10  2.2830  3.6793             57   891                  
   0.963761E+10  2.3451  3.6764             58   900                  
   0.963980E+10  2.4069  3.6726             59   909                  
   0.964170E+10  2.4658  3.6692             60   918                  
   0.964342E+10  2.5299  3.6655             61   928                  
   0.964499E+10  2.5908  3.6625             62   938                  
   0.964635E+10  2.6496  3.6586             63   948                  
   0.964764E+10  2.7121  3.6547             64   959                  
   0.964875E+10  2.7719  3.6510             65   970                  
   0.964981E+10  2.8350  3.6470             66   982                  
   0.965072E+10  2.8948  3.6427             67   994                  
   0.965157E+10  2.9565  3.6387             68  1007                  
   0.965232E+10  3.0155  3.6345             69  1020                  
   0.965301E+10  3.0762  3.6298             70  1034                  
   0.965369E+10  3.1384  3.6254             71  1050                  
   0.965426E+10  3.2020  3.6221             72  1072                  
   0.965485E+10  3.2617  3.6179             73  1091                  
   0.965496E+10  3.2767  3.6170 F           74  1096                  
   0.000000E+00  0.1613  3.8313 M=  1.00  Z=0.001 Y=0.23     1     8  
   0.151426E+09  0.1896  3.8322              2    18                  
   0.517503E+09  0.2075  3.8326              3    39                  
   0.855694E+09  0.2212  3.8350              4    58                  
   0.118268E+10  0.2379  3.8360              5    76                  
   0.150275E+10  0.2569  3.8385              6    92                  
   0.181465E+10  0.2765  3.8401              7   108                  
   0.211878E+10  0.2964  3.8416              8   124                  
   0.241624E+10  0.3168  3.8431              9   139                  
   0.271001E+10  0.3381  3.8446             10   153                  
   0.300525E+10  0.3608  3.8461             11   167                  
   0.330883E+10  0.3860  3.8476             12   181                  
   0.363018E+10  0.4149  3.8494             13   196                  
   0.397005E+10  0.4485  3.8513             14   215                  
   0.431353E+10  0.4859  3.8531             15   241                  
   0.448057E+10  0.5048  3.8536             16   248                  
   0.464064E+10  0.5240  3.8542             17   256                  
   0.485457E+10  0.5511  3.8546             18   276                  
   0.496488E+10  0.5665  3.8547 Te-M        19   290                  
   0.496531E+10  0.5666  3.8547             20   291                  
   0.511936E+10  0.5901  3.8545             21   302                  
   0.523071E+10  0.6087  3.8543             22   311                  
   0.561113E+10  0.6840  3.8497 Xc=0        23   337                  
   0.581987E+10  0.7365  3.8411             24   346                  
   0.596154E+10  0.7808  3.8297             25   352                  
   0.605320E+10  0.8146  3.8160             26   358                  
   0.611578E+10  0.8379  3.8009             27   364                  
   0.616360E+10  0.8502  3.7849             28   370                  
   0.620277E+10  0.8472  3.7685             29   376                  
   0.624608E+10  0.8456  3.7518             30   383                  
   0.628796E+10  0.8899  3.7414             31   390                  
   0.630311E+10  0.9172  3.7387 Brg         32   393                  
   0.633243E+10  0.9817  3.7349             33   401                  
   0.635821E+10  1.0468  3.7323             34   411                  
   0.637938E+10  1.1115  3.7299             35   420                  
   0.639897E+10  1.1770  3.7278             36   431                  
   0.641635E+10  1.2404  3.7258             37   443                  
   0.643095E+10  1.3004  3.7238             38   456                  
   0.644473E+10  1.3633  3.7218             39   471                  
   0.645692E+10  1.4238  3.7196             40   488                  
   0.646768E+10  1.4880  3.7175             41   507                  
   0.647732E+10  1.5487  3.7152             42   527                  
   0.648580E+10  1.6099  3.7126             43   548                  
   0.649349E+10  1.6711  3.7103             44   573                  
   0.650027E+10  1.7309  3.7081             45   600                  
   0.650645E+10  1.7909  3.7058             46   632                  
   0.651253E+10  1.8565  3.7030             47   674                  
   0.651784E+10  1.9170  3.7004             48   719                  
   0.652439E+10  1.9714  3.6981 L-M         49   782                  
   0.652861E+10  1.9164  3.7012 L-m         50   824                  
   0.653256E+10  1.9765  3.6984             51   861                  
   0.653646E+10  2.0360  3.6956             52   894                  
   0.654006E+10  2.0966  3.6927             53   901                  
   0.654356E+10  2.1619  3.6896             54   909                  
   0.654660E+10  2.2224  3.6867             55   917                  
   0.654921E+10  2.2834  3.6835             56   925                  
   0.655175E+10  2.3492  3.6799             57   934                  
   0.655392E+10  2.4107  3.6767             58   943                  
   0.655580E+10  2.4710  3.6732             59   952                  
   0.655760E+10  2.5345  3.6694             60   962                  
   0.655907E+10  2.5966  3.6656             61   972                  
   0.656044E+10  2.6592  3.6622             62   983                  
   0.656181E+10  2.7236  3.6582             63   995                  
   0.656296E+10  2.7886  3.6541             64  1007                  
   0.656395E+10  2.8483  3.6502             65  1019                  
   0.656483E+10  2.9073  3.6465             66  1031                  
   0.656566E+10  2.9689  3.6423             67  1044                  
   0.656638E+10  3.0275  3.6386             68  1057                  
   0.656706E+10  3.0874  3.6338             69  1071                  
   0.656772E+10  3.1485  3.6284             70  1087                  
   0.656826E+10  3.2085  3.6259             71  1108                  
   0.656881E+10  3.2691  3.6220 F           72  1127                  
   0.000000E+00  0.3573  3.8584 M=  1.10                     1     8  
   0.133204E+09  0.3732  3.8596              2    16                  
   0.491577E+09  0.4000  3.8624              3    36                  
   0.818102E+09  0.4249  3.8650              4    55                  
   0.111671E+10  0.4487  3.8675              5    73                  
   0.139151E+10  0.4721  3.8699              6    90                  
   0.164542E+10  0.4947  3.8721              7   106                  
   0.187981E+10  0.5168  3.8742              8   121                  
   0.209560E+10  0.5387  3.8761              9   136                  
   0.229437E+10  0.5601  3.8780             10   150                  
   0.247882E+10  0.5813  3.8798             11   164                  
   0.265035E+10  0.6021  3.8813             12   178                  
   0.281278E+10  0.6230  3.8828             13   192                  
   0.296627E+10  0.6435  3.8838             14   211                  
   0.310744E+10  0.6630  3.8845             15   238                  
   0.317376E+10  0.6732  3.8847             16   247                  
   0.323870E+10  0.6843  3.8853             17   257                  
   0.332993E+10  0.7004  3.8860             18   277                  
   0.339818E+10  0.7126  3.8863             19   292                  
   0.346453E+10  0.7250  3.8862 Te-M        20   298                  
   0.350782E+10  0.7330  3.8862             21   303                  
   0.359317E+10  0.7501  3.8860             22   312                  
   0.390650E+10  0.8255  3.8813 Xc=0        23   340                  
   0.408131E+10  0.8790  3.8706             24   348                  
   0.418936E+10  0.9206  3.8562             25   354                  
   0.424910E+10  0.9473  3.8405             26   359                  
   0.429318E+10  0.9680  3.8239             27   364                  
   0.432635E+10  0.9820  3.8073             28   369                  
   0.435295E+10  0.9871  3.7911             29   374                  
   0.437606E+10  0.9784  3.7754             30   379                  
   0.439813E+10  0.9588  3.7604             31   384                  
   0.441191E+10  0.9525  3.7527 Brg         32   387                  
   0.444874E+10  0.9944  3.7399             33   396                  
   0.447367E+10  1.0537  3.7353             34   405                  
   0.449289E+10  1.1141  3.7323             35   413                  
   0.451055E+10  1.1742  3.7301             36   422                  
   0.452625E+10  1.2340  3.7281             37   432                  
   0.454089E+10  1.2973  3.7260             38   444                  
   0.455459E+10  1.3601  3.7241             39   459                  
   0.456570E+10  1.4205  3.7221             40   474                  
   0.457656E+10  1.4839  3.7199             41   491                  
   0.458565E+10  1.5435  3.7179             42   509                  
   0.459429E+10  1.6070  3.7156             43   530                  
   0.460187E+10  1.6685  3.7132             44   553                  
   0.460848E+10  1.7288  3.7110             45   579                  
   0.461440E+10  1.7892  3.7087             46   607                  
   0.461978E+10  1.8494  3.7061             47   638                  
   0.462463E+10  1.9096  3.7036             48   672                  
   0.462911E+10  1.9689  3.7010             49   712                  
   0.463388E+10  2.0293  3.6982             50   768                  
   0.463622E+10  2.0411  3.6978 L-M         51   800                  
   0.463974E+10  1.9818  3.7010             52   851                  
   0.464006E+10  1.9794  3.7012 L-m         53   855                  
   0.464364E+10  2.0386  3.6985             54   900                  
   0.464733E+10  2.1059  3.6953             55   940                  
   0.465079E+10  2.1717  3.6920             56   948                  
   0.465372E+10  2.2350  3.6889             57   956                  
   0.465625E+10  2.2947  3.6859             58   964                  
   0.465871E+10  2.3604  3.6824             59   973                  
   0.466082E+10  2.4227  3.6792             60   982                  
   0.466264E+10  2.4823  3.6759             61   991                  
   0.466438E+10  2.5459  3.6722             62  1001                  
   0.466587E+10  2.6071  3.6686             63  1011                  
   0.466717E+10  2.6664  3.6649             64  1021                  
   0.466857E+10  2.7306  3.6611             65  1034                  
   0.466959E+10  2.7925  3.6573             66  1045                  
   0.467050E+10  2.8510  3.6534             67  1056                  
   0.467144E+10  2.9137  3.6491             68  1069                  
   0.467222E+10  2.9738  3.6451             69  1082                  
   0.467296E+10  3.0324  3.6417             70  1096                  
   0.467356E+10  3.0901  3.6370             71  1109                  
   0.467418E+10  3.1495  3.6325             72  1124                  
   0.467472E+10  3.2065  3.6275             73  1143                  
   0.467524E+10  3.2566  3.6254 F           74  1171                  
   0.000000E+00  0.5289  3.8939 M=  1.20                     1     7  
   0.116973E+09  0.5434  3.8941              2    16                  
   0.428648E+09  0.5735  3.8982              3    36                  
   0.711730E+09  0.6017  3.9018              4    55                  
   0.969838E+09  0.6288  3.9048              5    73                  
   0.120512E+10  0.6550  3.9074              6    90                  
   0.142030E+10  0.6805  3.9097              7   106                  
   0.161667E+10  0.7052  3.9115              8   121                  
   0.179553E+10  0.7290  3.9128              9   136                  
   0.195903E+10  0.7518  3.9136             10   150                  
   0.205170E+10  0.7652  3.9137 Te-M        11   158                  
   0.210784E+10  0.7734  3.9136             12   164                  
   0.224319E+10  0.7934  3.9127             13   177                  
   0.236598E+10  0.8116  3.9107             14   192                  
   0.247807E+10  0.8272  3.9071             15   211                  
   0.257863E+10  0.8422  3.9031             16   238                  
   0.262472E+10  0.8501  3.9015             17   247                  
   0.266082E+10  0.8578  3.9009             18   254                  
   0.266852E+10  0.8596  3.9009             19   256                  
   0.271768E+10  0.8791  3.9054             20   275                  
   0.273356E+10  0.8944  3.9111             21   290                  
   0.274609E+10  0.9223  3.9196             22   300                  
   0.274920E+10  0.9316  3.9208             23   304                  
   0.275223E+10  0.9382  3.9200             24   309                  
   0.286702E+10  0.9750  3.9099 Xc=0        25   340                  
   0.300496E+10  1.0219  3.8961             26   347                  
   0.307580E+10  1.0536  3.8805             27   352                  
   0.311736E+10  1.0790  3.8630             28   357                  
   0.313652E+10  1.0867  3.8471             29   360                  
   0.315336E+10  1.0944  3.8317             30   363                  
   0.317238E+10  1.1004  3.8133             31   367                  
   0.318869E+10  1.1003  3.7972             32   371                  
   0.320349E+10  1.0893  3.7822             33   375                  
   0.322132E+10  1.0596  3.7651             34   380                  
   0.324035E+10  1.0378  3.7513 Brg         35   385                  
   0.327083E+10  1.0807  3.7398             36   395                  
   0.329254E+10  1.1448  3.7352             37   404                  
   0.331026E+10  1.2082  3.7324             38   414                  
   0.332617E+10  1.2722  3.7300             39   425                  
   0.333988E+10  1.3354  3.7279             40   438                  
   0.335237E+10  1.3976  3.7258             41   453                  
   0.336340E+10  1.4586  3.7238             42   469                  
   0.337295E+10  1.5198  3.7218             43   486                  
   0.338188E+10  1.5822  3.7196             44   505                  
   0.338967E+10  1.6427  3.7173             45   526                  
   0.339664E+10  1.7041  3.7149             46   549                  
   0.340298E+10  1.7646  3.7126             47   575                  
   0.340851E+10  1.8247  3.7103             48   603                  
   0.341339E+10  1.8844  3.7078             49   634                  
   0.341787E+10  1.9436  3.7053             50   669                  
   0.342191E+10  2.0031  3.7027             51   709                  
   0.342583E+10  2.0627  3.6999             52   756                  
   0.342967E+10  2.1021  3.6981 L-M         53   812                  
   0.343253E+10  2.0425  3.7015             54   858                  
   0.343296E+10  2.0365  3.7018 L-m         55   864                  
   0.343585E+10  2.0956  3.6989             56   908                  
   0.343878E+10  2.1553  3.6962             57   962                  
   0.344167E+10  2.2162  3.6930             58   973                  
   0.344433E+10  2.2771  3.6901             59   981                  
   0.344663E+10  2.3362  3.6871             60   989                  
   0.344885E+10  2.4003  3.6836             61   998                  
   0.345078E+10  2.4606  3.6804             62  1007                  
   0.345244E+10  2.5194  3.6773             63  1016                  
   0.345404E+10  2.5823  3.6738             64  1026                  
   0.345541E+10  2.6421  3.6700             65  1036                  
   0.345672E+10  2.7055  3.6660             66  1047                  
   0.345785E+10  2.7658  3.6625             67  1058                  
   0.345891E+10  2.8288  3.6585             68  1070                  
   0.345983E+10  2.8892  3.6546             69  1082                  
   0.346069E+10  2.9518  3.6503             70  1095                  
   0.346144E+10  3.0099  3.6465             71  1108                  
   0.346212E+10  3.0703  3.6427             72  1122                  
   0.346275E+10  3.1280  3.6382             73  1137                  
   0.346330E+10  3.1862  3.6337             74  1158                  
   0.346382E+10  3.2438  3.6285             75  1174                  
   0.346393E+10  3.2529  3.6283 F           76  1181                  
   0.000000E+00  0.5289  3.8939 M=  1.20                     1     7  
   0.116973E+09  0.5434  3.8941              2    16                  
   0.428648E+09  0.5735  3.8982              3    36                  
   0.711730E+09  0.6017  3.9018              4    55                  
   0.969838E+09  0.6288  3.9048              5    73                  
   0.120512E+10  0.6550  3.9074              6    90                  
   0.142030E+10  0.6805  3.9097              7   106                  
   0.161667E+10  0.7052  3.9115              8   121                  
   0.179553E+10  0.7290  3.9128              9   136                  
   0.195903E+10  0.7518  3.9136             10   150                  
   0.205170E+10  0.7652  3.9137 Te-M        11   158                  
   0.210784E+10  0.7734  3.9136             12   164                  
   0.224319E+10  0.7934  3.9127             13   177                  
   0.236598E+10  0.8116  3.9107             14   192                  
   0.247807E+10  0.8272  3.9071             15   211                  
   0.257863E+10  0.8422  3.9031             16   238                  
   0.262472E+10  0.8501  3.9015             17   247                  
   0.266082E+10  0.8578  3.9009 Te-m        18   254                  
   0.266852E+10  0.8596  3.9009             19   256                  
   0.271768E+10  0.8791  3.9054             20   275                  
   0.273356E+10  0.8944  3.9111             21   290                  
   0.274609E+10  0.9223  3.9196             22   300                  
   0.274920E+10  0.9316  3.9208 Te-h        23   304                  
   0.275223E+10  0.9382  3.9200             24   309                  
   0.286702E+10  0.9750  3.9099 Xc=0        25   340                  
   0.300496E+10  1.0219  3.8961             26   347                  
   0.307580E+10  1.0536  3.8805             27   352                  
   0.311736E+10  1.0790  3.8630             28   357                  
   0.313652E+10  1.0867  3.8471             29   360                  
   0.315336E+10  1.0944  3.8317             30   363                  
   0.317238E+10  1.1004  3.8133             31   367                  
   0.318869E+10  1.1003  3.7972             32   371                  
   0.320349E+10  1.0893  3.7822             33   375                  
   0.322132E+10  1.0596  3.7651             34   380                  
   0.324035E+10  1.0378  3.7513 Brg         35   385                  
   0.327083E+10  1.0807  3.7398             36   395                  
   0.329254E+10  1.1448  3.7352             37   404                  
   0.331026E+10  1.2082  3.7324             38   414                  
   0.332617E+10  1.2722  3.7300             39   425                  
   0.333988E+10  1.3354  3.7279             40   438                  
   0.335237E+10  1.3976  3.7258             41   453                  
   0.336340E+10  1.4586  3.7238             42   469                  
   0.337295E+10  1.5198  3.7218             43   486                  
   0.338188E+10  1.5822  3.7196             44   505                  
   0.338967E+10  1.6427  3.7173             45   526                  
   0.339664E+10  1.7041  3.7149             46   549                  
   0.340298E+10  1.7646  3.7126             47   575                  
   0.340851E+10  1.8247  3.7103             48   603                  
   0.341339E+10  1.8844  3.7078             49   634                  
   0.341787E+10  1.9436  3.7053             50   669                  
   0.342191E+10  2.0031  3.7027             51   709                  
   0.342583E+10  2.0627  3.6999             52   756                  
   0.342967E+10  2.1021  3.6981 L-M         53   812                  
   0.343253E+10  2.0425  3.7015             54   858                  
   0.343296E+10  2.0365  3.7018 L-m         55   864                  
   0.343585E+10  2.0956  3.6989             56   908                  
   0.343878E+10  2.1553  3.6962             57   962                  
   0.344167E+10  2.2162  3.6930             58   973                  
   0.344433E+10  2.2771  3.6901             59   981                  
   0.344663E+10  2.3362  3.6871             60   989                  
   0.344885E+10  2.4003  3.6836             61   998                  
   0.345078E+10  2.4606  3.6804             62  1007                  
   0.345244E+10  2.5194  3.6773             63  1016                  
   0.345404E+10  2.5823  3.6738             64  1026                  
   0.345541E+10  2.6421  3.6700             65  1036                  
   0.345672E+10  2.7055  3.6660             66  1047                  
   0.345785E+10  2.7658  3.6625             67  1058                  
   0.345891E+10  2.8288  3.6585             68  1070                  
   0.345983E+10  2.8892  3.6546             69  1082                  
   0.346069E+10  2.9518  3.6503             70  1095                  
   0.346144E+10  3.0099  3.6465             71  1108                  
   0.346212E+10  3.0703  3.6427             72  1122                  
   0.346275E+10  3.1280  3.6382             73  1137                  
   0.346330E+10  3.1862  3.6337             74  1158                  
   0.346382E+10  3.2438  3.6285             75  1174                  
   0.346393E+10  3.2529  3.6283 F           76  1181                  
   0.000000E+00  0.6861  3.9301 M=  1.30                     1     8  
   0.859559E+08  0.6958  3.9289              2    15                  
   0.353806E+09  0.7279  3.9330              3    36                  
   0.595763E+09  0.7582  3.9364              4    55                  
   0.814547E+09  0.7873  3.9392              5    73                  
   0.101225E+10  0.8152  3.9413              6    90                  
   0.119063E+10  0.8416  3.9426              7   105                  
   0.135205E+10  0.8669  3.9431              8   121                  
   0.140075E+10  0.8749  3.9431 Te-M         9   125                  
   0.149733E+10  0.8911  3.9429             10   135                  
   0.162847E+10  0.9139  3.9419             11   150                  
   0.174628E+10  0.9352  3.9398             12   164                  
   0.185092E+10  0.9538  3.9360             13   177                  
   0.194601E+10  0.9706  3.9307             14   192                  
   0.203187E+10  0.9858  3.9244             15   211                  
   0.210935E+10  1.0002  3.9173             16   237                  
   0.214523E+10  1.0078  3.9142             17   246                  
   0.217912E+10  1.0167  3.9123             18   256                  
   0.218568E+10  1.0187  3.9122 Te-m        19   258                  
   0.221676E+10  1.0340  3.9157             20   275                  
   0.222860E+10  1.0474  3.9222             21   289                  
   0.223688E+10  1.0734  3.9351             22   299                  
   0.223947E+10  1.0965  3.9442             23   308                  
   0.224070E+10  1.1111  3.9474 Te-h        24   314                  
   0.224493E+10  1.1294  3.9342 Xc=0        25   340                  
   0.227799E+10  1.1506  3.9184             26   350                  
   0.231488E+10  1.1704  3.9023             27   355                  
   0.234041E+10  1.1845  3.8858             28   359                  
   0.236076E+10  1.1952  3.8655             29   363                  
   0.237351E+10  1.2005  3.8474             30   366                  
   0.238480E+10  1.2033  3.8287             31   369                  
   0.239511E+10  1.2021  3.8120             32   372                  
   0.240813E+10  1.1925  3.7931             33   376                  
   0.242075E+10  1.1691  3.7768             34   380                  
   0.243395E+10  1.1310  3.7618             35   384                  
   0.245026E+10  1.1105  3.7497 Brg         36   389                  
   0.247842E+10  1.1598  3.7393             37   400                  
   0.249742E+10  1.2216  3.7354             38   410                  
   0.251282E+10  1.2807  3.7328             39   421                  
   0.252691E+10  1.3422  3.7305             40   435                  
   0.253979E+10  1.4051  3.7284             41   451                  
   0.255097E+10  1.4673  3.7262             42   467                  
   0.256085E+10  1.5289  3.7241             43   485                  
   0.256935E+10  1.5890  3.7221             44   504                  
   0.257735E+10  1.6514  3.7198             45   526                  
   0.258413E+10  1.7115  3.7175             46   549                  
   0.259049E+10  1.7720  3.7151             47   576                  
   0.259571E+10  1.8319  3.7128             48   603                  
   0.260058E+10  1.8911  3.7103             49   633                  
   0.260507E+10  1.9516  3.7079             50   668                  
   0.260909E+10  2.0115  3.7053             51   706                  
   0.261276E+10  2.0706  3.7026             52   752                  
   0.261622E+10  2.1300  3.6998             53   804                  
   0.261893E+10  2.1576  3.6985 L-M         54   855                  
   0.262133E+10  2.0991  3.7019             55   900                  
   0.262154E+10  2.0975  3.7020 L-m         56   903                  
   0.262416E+10  2.1571  3.6990             57   949                  
   0.262681E+10  2.2162  3.6962             58  1007                  
   0.262940E+10  2.2755  3.6930             59  1022                  
   0.263170E+10  2.3356  3.6901             60  1030                  
   0.263392E+10  2.4006  3.6871             61  1039                  
   0.263585E+10  2.4612  3.6837             62  1048                  
   0.263768E+10  2.5264  3.6801             63  1058                  
   0.263926E+10  2.5887  3.6764             64  1068                  
   0.264062E+10  2.6480  3.6727             65  1078                  
   0.264191E+10  2.7120  3.6690             66  1089                  
   0.264302E+10  2.7712  3.6657             67  1100                  
   0.264399E+10  2.8299  3.6618             68  1111                  
   0.264491E+10  2.8904  3.6578             69  1123                  
   0.264577E+10  2.9527  3.6538             70  1136                  
   0.264660E+10  3.0120  3.6496             71  1151                  
   0.264718E+10  3.0716  3.6450             72  1163                  
   0.264785E+10  3.1338  3.6415             73  1179                  
   0.264844E+10  3.1945  3.6371             74  1199                  
   0.264896E+10  3.2512  3.6330 F           75  1219                  
   0.000000E+00  0.8238  3.9618 M=  1.40                     1     8  
   0.804111E+08  0.8336  3.9602              2    16                  
   0.310925E+09  0.8671  3.9641              3    37                  
   0.518086E+09  0.8990  3.9671              4    56                  
   0.704171E+09  0.9290  3.9691              5    73                  
   0.870692E+09  0.9578  3.9702              6    90                  
   0.969358E+09  0.9755  3.9704 Te-M         7   100                  
   0.102002E+10  0.9850  3.9703              8   106                  
   0.115378E+10  1.0112  3.9696              9   121                  
   0.127346E+10  1.0360  3.9681             10   136                  
   0.138046E+10  1.0592  3.9653             11   150                  
   0.147547E+10  1.0803  3.9611             12   164                  
   0.156102E+10  1.0994  3.9553             13   178                  
   0.163761E+10  1.1167  3.9479             14   192                  
   0.170611E+10  1.1319  3.9396             15   211                  
   0.176848E+10  1.1472  3.9302             16   238                  
   0.179730E+10  1.1550  3.9261             17   247                  
   0.182449E+10  1.1637  3.9231             18   256                  
   0.183357E+10  1.1674  3.9226 Te-m        19   260                  
   0.185477E+10  1.1801  3.9254             20   275                  
   0.186424E+10  1.1925  3.9320             21   290                  
   0.187071E+10  1.2165  3.9464             22   300                  
   0.187260E+10  1.2404  3.9579             23   308                  
   0.187367E+10  1.2668  3.9670 Te-h        24   319                  
   0.187419E+10  1.2556  3.9604 Xc=0        25   338                  
   0.187560E+10  1.2790  3.9448             26   347                  
   0.188004E+10  1.2938  3.9298             27   354                  
   0.188960E+10  1.3043  3.9130             28   360                  
   0.189794E+10  1.3116  3.8974             29   364                  
   0.190618E+10  1.3172  3.8777             30   368                  
   0.191199E+10  1.3197  3.8597             31   371                  
   0.191748E+10  1.3191  3.8386             32   374                  
   0.192272E+10  1.3153  3.8178             33   377                  
   0.192784E+10  1.3064  3.8011             34   380                  
   0.193468E+10  1.2829  3.7823             35   384                  
   0.194183E+10  1.2410  3.7662             36   388                  
   0.194939E+10  1.2052  3.7536             37   392                  
   0.195317E+10  1.2010  3.7495 Brg         38   394                  
   0.197049E+10  1.2502  3.7391             39   404                  
   0.198345E+10  1.3125  3.7352             40   414                  
   0.199526E+10  1.3742  3.7326             41   426                  
   0.200642E+10  1.4354  3.7302             42   440                  
   0.201659E+10  1.4958  3.7280             43   456                  
   0.202522E+10  1.5568  3.7260             44   472                  
   0.203295E+10  1.6177  3.7238             45   490                  
   0.203981E+10  1.6787  3.7216             46   510                  
   0.204614E+10  1.7384  3.7192             47   533                  
   0.205167E+10  1.7982  3.7169             48   558                  
   0.205669E+10  1.8579  3.7144             49   585                  
   0.206125E+10  1.9182  3.7121             50   616                  
   0.206530E+10  1.9786  3.7094             51   650                  
   0.206910E+10  2.0390  3.7070             52   689                  
   0.207239E+10  2.0986  3.7041             53   731                  
   0.207541E+10  2.1578  3.7014             54   779                  
   0.207873E+10  2.2168  3.6985             55   845                  
   0.207946E+10  2.2212  3.6983 L-M         56   861                  
   0.208164E+10  2.1617  3.7018 L-m         57   909                  
   0.208415E+10  2.2209  3.6987             58   961                  
   0.208652E+10  2.2812  3.6957             59  1022                  
   0.208876E+10  2.3407  3.6927             60  1044                  
   0.209097E+10  2.4054  3.6896             61  1053                  
   0.209286E+10  2.4671  3.6862             62  1062                  
   0.209450E+10  2.5264  3.6828             63  1071                  
   0.209608E+10  2.5890  3.6796             64  1081                  
   0.209744E+10  2.6492  3.6763             65  1091                  
   0.209873E+10  2.7127  3.6722             66  1102                  
   0.209984E+10  2.7730  3.6681             67  1113                  
   0.210088E+10  2.8351  3.6647             68  1125                  
   0.210179E+10  2.8968  3.6607             69  1137                  
   0.210263E+10  2.9583  3.6569             70  1150                  
   0.210337E+10  3.0179  3.6528             71  1163                  
   0.210405E+10  3.0787  3.6483             72  1177                  
   0.210476E+10  3.1488  3.6436             73  1194                  
   0.210533E+10  3.2079  3.6396             74  1216                  
   0.210562E+10  3.2381  3.6375 F           75  1227                  
   0.000000E+00  0.9564  3.9909 M=  1.50                     1     8  
   0.727329E+08  0.9709  3.9897              2    17                  
   0.270136E+09  0.9966  3.9924              3    38                  
   0.448420E+09  1.0267  3.9943              4    57                  
   0.607517E+09  1.0573  3.9957              5    74                  
   0.702967E+09  1.0770  3.9960 Te-M         6    85                  
   0.748687E+09  1.0865  3.9958              7    91                  
   0.875512E+09  1.1149  3.9952              8   107                  
   0.988496E+09  1.1423  3.9935              9   122                  
   0.108891E+10  1.1681  3.9907             10   137                  
   0.117855E+10  1.1921  3.9864             11   151                  
   0.125712E+10  1.2142  3.9806             12   165                  
   0.132853E+10  1.2344  3.9732             13   179                  
   0.139216E+10  1.2528  3.9643             14   193                  
   0.144946E+10  1.2691  3.9541             15   212                  
   0.150095E+10  1.2847  3.9432             16   239                  
   0.152484E+10  1.2928  3.9380             17   248                  
   0.154745E+10  1.3017  3.9339             18   257                  
   0.155975E+10  1.3080  3.9329 Te-m        19   264                  
   0.157261E+10  1.3180  3.9351             20   276                  
   0.158046E+10  1.3299  3.9416             21   291                  
   0.158580E+10  1.3526  3.9568             22   301                  
   0.158733E+10  1.3761  3.9697             23   309                  
   0.158823E+10  1.4110  3.9835 Te-h        24   324                  
   0.158835E+10  1.4057  3.9818 Xc=0        25   338                  
   0.158874E+10  1.3862  3.9667             26   346                  
   0.158935E+10  1.4122  3.9525             27   351                  
   0.159052E+10  1.4288  3.9371             28   356                  
   0.159268E+10  1.4371  3.9198             29   361                  
   0.159534E+10  1.4411  3.9032             30   365                  
   0.159777E+10  1.4431  3.8882             31   368                  
   0.160041E+10  1.4436  3.8699             32   371                  
   0.160309E+10  1.4415  3.8474             33   374                  
   0.160486E+10  1.4381  3.8306             34   376                  
   0.160661E+10  1.4323  3.8143             35   378                  
   0.160920E+10  1.4173  3.7949             36   381                  
   0.161179E+10  1.3909  3.7789             37   384                  
   0.161440E+10  1.3499  3.7647             38   387                  
   0.161809E+10  1.3110  3.7499 Brg         39   391                  
   0.162484E+10  1.3691  3.7382             40   397                  
   0.162922E+10  1.4322  3.7343             41   402                  
   0.163389E+10  1.5012  3.7312             42   411                  
   0.163824E+10  1.5633  3.7287             43   419                  
   0.164265E+10  1.6244  3.7266             44   428                  
   0.164751E+10  1.6894  3.7242             45   440                  
   0.165219E+10  1.7489  3.7219             46   455                  
   0.165733E+10  1.8086  3.7194             47   475                  
   0.166253E+10  1.8679  3.7170             48   500                  
   0.166705E+10  1.9273  3.7146             49   527                  
   0.167142E+10  1.9874  3.7122             50   560                  
   0.167532E+10  2.0467  3.7094             51   597                  
   0.167883E+10  2.1069  3.7068             52   638                  
   0.168165E+10  2.1671  3.7039             53   679                  
   0.168406E+10  2.2264  3.7010             54   722                  
   0.168653E+10  2.2861  3.6981             55   777                  
   0.168781E+10  2.3010  3.6974 L-M         56   811                  
   0.168968E+10  2.2491  3.7003 L-m         57   861                  
   0.169172E+10  2.3086  3.6973             58   915                  
   0.169361E+10  2.3678  3.6942             59   980                  
   0.169543E+10  2.4273  3.6913             60  1011                  
   0.169723E+10  2.4911  3.6880             61  1020                  
   0.169877E+10  2.5505  3.6846             62  1029                  
   0.170025E+10  2.6155  3.6810             63  1039                  
   0.170153E+10  2.6746  3.6777             64  1049                  
   0.170264E+10  2.7345  3.6739             65  1059                  
   0.170369E+10  2.7951  3.6692             66  1070                  
   0.170469E+10  2.8578  3.6663             67  1082                  
   0.170554E+10  2.9190  3.6624             68  1094                  
   0.170635E+10  2.9810  3.6581             69  1107                  
   0.170704E+10  3.0399  3.6546             70  1120                  
   0.170769E+10  3.0996  3.6496             71  1137                  
   0.170831E+10  3.1600  3.6459             72  1153                  
   0.170834E+10  3.1621  3.6458 F           73  1154                  
   0.000000E+00  1.0698  4.0167 M=  1.60  Z=0.001 Y=0.23     1     9  
   0.598736E+08  1.0859  4.0155              2    18                  
   0.222265E+09  1.1133  4.0167              3    39                  
   0.369066E+09  1.1402  4.0180              4    64                  
   0.461921E+09  1.1606  4.0183 Te-M         5    76                  
   0.500766E+09  1.1696  4.0182              6    82                  
   0.618204E+09  1.1984  4.0177              7    98                  
   0.722703E+09  1.2262  4.0164              8   114                  
   0.815950E+09  1.2527  4.0141              9   130                  
   0.899130E+09  1.2777  4.0104             10   144                  
   0.973242E+09  1.3007  4.0054             11   159                  
   0.103971E+10  1.3219  3.9989             12   173                  
   0.109908E+10  1.3415  3.9909             13   186                  
   0.115187E+10  1.3594  3.9818             14   201                  
   0.119977E+10  1.3754  3.9712             15   220                  
   0.124289E+10  1.3907  3.9601             16   246                  
   0.126288E+10  1.3985  3.9549             17   255                  
   0.128191E+10  1.4073  3.9507             18   265                  
   0.129189E+10  1.4132  3.9497 Te-m        19   271                  
   0.130309E+10  1.4233  3.9519             20   284                  
   0.130972E+10  1.4348  3.9585             21   298                  
   0.131422E+10  1.4569  3.9739             22   308                  
   0.131550E+10  1.4799  3.9871             23   316                  
   0.131624E+10  1.5146  4.0016 Te-h        24   331                  
   0.131634E+10  1.5096  4.0002 Xc=0        25   345                  
   0.131663E+10  1.4844  3.9855             26   353                  
   0.131708E+10  1.5089  3.9708             27   358                  
   0.131789E+10  1.5285  3.9549             28   363                  
   0.131933E+10  1.5380  3.9369             29   368                  
   0.132108E+10  1.5419  3.9199             30   372                  
   0.132271E+10  1.5436  3.9049             31   375                  
   0.132452E+10  1.5436  3.8870             32   378                  
   0.132642E+10  1.5412  3.8649             33   381                  
   0.132769E+10  1.5376  3.8474             34   383                  
   0.132895E+10  1.5318  3.8278             35   385                  
   0.133020E+10  1.5229  3.8093             36   387                  
   0.133206E+10  1.5009  3.7883             37   390                  
   0.133393E+10  1.4625  3.7714             38   393                  
   0.133582E+10  1.4128  3.7570             39   396                  
   0.133784E+10  1.4020  3.7468 Brg         40   399                  
   0.134186E+10  1.4714  3.7376             41   404                  
   0.134450E+10  1.5306  3.7340             42   409                  
   0.134717E+10  1.5915  3.7311             43   415                  
   0.134988E+10  1.6523  3.7285             44   421                  
   0.135278E+10  1.7173  3.7259             45   428                  
   0.135559E+10  1.7784  3.7233             46   436                  
   0.135862E+10  1.8419  3.7206             47   447                  
   0.136158E+10  1.9049  3.7179             48   460                  
   0.136451E+10  1.9653  3.7152             49   476                  
   0.136736E+10  2.0246  3.7128             50   496                  
   0.137041E+10  2.0836  3.7099             51   523                  
   0.137351E+10  2.1444  3.7072             52   558                  
   0.137711E+10  2.2045  3.7043             53   611                  
   0.138062E+10  2.2640  3.7017             54   676                  
   0.138248E+10  2.2851  3.7005 L-M         55   717                  
   0.138481E+10  2.2278  3.7037 L-m         56   771                  
   0.138672E+10  2.2881  3.7007             57   814                  
   0.138854E+10  2.3473  3.6976             58   865                  
   0.139030E+10  2.4085  3.6944             59   920                  
   0.139200E+10  2.4706  3.6913             60   928                  
   0.139363E+10  2.5354  3.6879             61   937                  
   0.139504E+10  2.5965  3.6843             62   946                  
   0.139638E+10  2.6604  3.6807             63   956                  
   0.139754E+10  2.7206  3.6774             64   966                  
   0.139854E+10  2.7790  3.6735             65   976                  
   0.139950E+10  2.8379  3.6691             66   987                  
   0.140040E+10  2.9006  3.6658             67   999                  
   0.140114E+10  2.9614  3.6620             68  1011                  
   0.140189E+10  3.0196  3.6581             69  1028                  
   0.140228E+10  3.0551  3.6561 F           70  1038                  
   0.000000E+00  1.1291  4.0280 M=  1.65  Z=0.001 Y=0.23     1     9  
   0.574900E+08  1.1393  4.0275              2    20                  
   0.206299E+09  1.1656  4.0277              3    41                  
   0.340720E+09  1.1930  4.0280              4    60                  
   0.405933E+09  1.2085  4.0287 Te-M         5    69                  
   0.461050E+09  1.2222  4.0286              6    78                  
   0.568369E+09  1.2508  4.0278              7    94                  
   0.663860E+09  1.2783  4.0262              8   110                  
   0.749063E+09  1.3043  4.0235              9   125                  
   0.825686E+09  1.3290  4.0195             10   140                  
   0.893903E+09  1.3518  4.0142             11   154                  
   0.954679E+09  1.3729  4.0074             12   168                  
   0.100900E+10  1.3923  3.9994             13   182                  
   0.105759E+10  1.4100  3.9900             14   197                  
   0.110065E+10  1.4259  3.9793             15   215                  
   0.114006E+10  1.4410  3.9681             16   242                  
   0.115840E+10  1.4489  3.9628             17   251                  
   0.117576E+10  1.4576  3.9586             18   261                  
   0.118517E+10  1.4637  3.9576 Te-m        19   267                  
   0.119529E+10  1.4734  3.9597             20   280                  
   0.120140E+10  1.4849  3.9663             21   294                  
   0.120555E+10  1.5066  3.9817             22   304                  
   0.120673E+10  1.5294  3.9951             23   312                  
   0.120741E+10  1.5642  4.0100 Te-h        24   327                  
   0.120750E+10  1.5589  4.0087 Xc=0        25   341                  
   0.120777E+10  1.5316  3.9936             26   349                  
   0.120816E+10  1.5560  3.9785             27   354                  
   0.120887E+10  1.5764  3.9622             28   359                  
   0.121008E+10  1.5862  3.9439             29   364                  
   0.121154E+10  1.5904  3.9268             30   368                  
   0.121290E+10  1.5915  3.9114             31   371                  
   0.121443E+10  1.5914  3.8931             32   374                  
   0.121604E+10  1.5886  3.8708             33   377                  
   0.121712E+10  1.5847  3.8530             34   379                  
   0.121821E+10  1.5785  3.8325             35   381                  
   0.121928E+10  1.5693  3.8121             36   383                  
   0.122035E+10  1.5555  3.7958             37   385                  
   0.122195E+10  1.5218  3.7767             38   388                  
   0.122357E+10  1.4690  3.7604             39   391                  
   0.122524E+10  1.4422  3.7484 Brg         40   394                  
   0.122853E+10  1.5062  3.7380             41   399                  
   0.123074E+10  1.5658  3.7342             42   404                  
   0.123328E+10  1.6355  3.7307             43   411                  
   0.123551E+10  1.6952  3.7282             44   416                  
   0.123772E+10  1.7573  3.7256             45   422                  
   0.124011E+10  1.8201  3.7229             46   429                  
   0.124244E+10  1.8807  3.7201             47   439                  
   0.124477E+10  1.9424  3.7176             48   450                  
   0.124717E+10  2.0038  3.7148             49   464                  
   0.124957E+10  2.0650  3.7121             50   482                  
   0.125211E+10  2.1283  3.7091             51   506                  
   0.125459E+10  2.1895  3.7062             52   535                  
   0.125696E+10  2.2490  3.7033             53   570                  
   0.125970E+10  2.3082  3.7003             54   623                  
   0.126219E+10  2.3450  3.6985 L-M         55   683                  
   0.126402E+10  2.2837  3.7020             56   730                  
   0.126468E+10  2.2451  3.7040 L-m         57   745                  
   0.126635E+10  2.3042  3.7010             58   782                  
   0.126802E+10  2.3640  3.6980             59   830                  
   0.126960E+10  2.4230  3.6949             60   885                  
   0.127110E+10  2.4833  3.6920             61   960                  
   0.127249E+10  2.5432  3.6886             62  1057                  
   0.127372E+10  2.6035  3.6853             63  1169                  
   0.127489E+10  2.6624  3.6821             64  1286                  
   0.127590E+10  2.7216  3.6786             65  1426                  
   0.127687E+10  2.7807  3.6748             66  1606                  
   0.127771E+10  2.8381  3.6702             67  1824                  
   0.127819E+10  2.8734  3.6685 F           68  1958                  
   0.000000E+00  1.1291  4.0280 M=  1.65  Z=0.001 Y=0.23     1     9  
   0.574900E+08  1.1393  4.0275              2    20                  
   0.206299E+09  1.1656  4.0277              3    41                  
   0.340720E+09  1.1930  4.0280              4    60                  
   0.405933E+09  1.2085  4.0287              5    69                  
   0.461050E+09  1.2222  4.0286              6    78                  
   0.568369E+09  1.2508  4.0278              7    94                  
   0.663860E+09  1.2783  4.0262              8   110                  
   0.749063E+09  1.3043  4.0235              9   125                  
   0.825686E+09  1.3290  4.0195             10   140                  
   0.893903E+09  1.3518  4.0142             11   154                  
   0.954679E+09  1.3729  4.0074             12   168                  
   0.100900E+10  1.3923  3.9994             13   182                  
   0.105759E+10  1.4100  3.9900             14   197                  
   0.110065E+10  1.4259  3.9793             15   215                  
   0.114006E+10  1.4410  3.9681             16   242                  
   0.115840E+10  1.4489  3.9628             17   251                  
   0.117576E+10  1.4576  3.9586             18   261                  
   0.118517E+10  1.4637  3.9576 Te-m        19   267                  
   0.119529E+10  1.4734  3.9597             20   280                  
   0.120140E+10  1.4849  3.9663             21   294                  
   0.120555E+10  1.5066  3.9817             22   304                  
   0.120673E+10  1.5294  3.9951             23   312                  
   0.120741E+10  1.5642  4.0100 Te-h        24   327                  
   0.120750E+10  1.5589  4.0087 Xc=0        25   341                  
   0.120777E+10  1.5316  3.9936             26   349                  
   0.120816E+10  1.5560  3.9785             27   354                  
   0.120887E+10  1.5764  3.9622             28   359                  
   0.121008E+10  1.5862  3.9439             29   364                  
   0.121154E+10  1.5904  3.9268             30   368                  
   0.121290E+10  1.5915  3.9114             31   371                  
   0.121443E+10  1.5914  3.8931             32   374                  
   0.121604E+10  1.5886  3.8708             33   377                  
   0.121712E+10  1.5847  3.8530             34   379                  
   0.121821E+10  1.5785  3.8325             35   381                  
   0.121928E+10  1.5693  3.8121             36   383                  
   0.122035E+10  1.5555  3.7958             37   385                  
   0.122195E+10  1.5218  3.7767             38   388                  
   0.122357E+10  1.4690  3.7604             39   391                  
   0.122524E+10  1.4422  3.7484 Brg         40   394                  
   0.122853E+10  1.5062  3.7380             41   399                  
   0.123074E+10  1.5658  3.7342             42   404                  
   0.123328E+10  1.6355  3.7307             43   411                  
   0.123551E+10  1.6952  3.7282             44   416                  
   0.123772E+10  1.7573  3.7256             45   422                  
   0.124011E+10  1.8201  3.7229             46   429                  
   0.124244E+10  1.8807  3.7201             47   439                  
   0.124477E+10  1.9424  3.7176             48   450                  
   0.124717E+10  2.0038  3.7148             49   464                  
   0.124957E+10  2.0650  3.7121             50   482                  
   0.125211E+10  2.1283  3.7091             51   506                  
   0.125459E+10  2.1895  3.7062             52   535                  
   0.125696E+10  2.2490  3.7033             53   570                  
   0.125970E+10  2.3082  3.7003             54   623                  
   0.126219E+10  2.3450  3.6985 L-M         55   683                  
   0.126402E+10  2.2837  3.7020             56   730                  
   0.126468E+10  2.2451  3.7040 L-m         57   745                  
   0.126635E+10  2.3042  3.7010             58   782                  
   0.126802E+10  2.3640  3.6980             59   830                  
   0.126960E+10  2.4230  3.6949             60   885                  
   0.127110E+10  2.4833  3.6920             61   960                  
   0.127249E+10  2.5432  3.6886             62  1057                  
   0.127372E+10  2.6035  3.6853             63  1169                  
   0.127489E+10  2.6624  3.6821             64  1286                  
   0.127590E+10  2.7216  3.6786             65  1426                  
   0.127687E+10  2.7807  3.6748             66  1606                  
   0.127771E+10  2.8381  3.6702             67  1824                  
   0.127819E+10  2.8734  3.6685 F           68  1958                  
   0.000000E+00  1.1791  4.0399 M=  1.70  Z=0.001 Y=0.23     1     9  
   0.516142E+08  1.1921  4.0387              2    19                  
   0.187776E+09  1.2175  4.0383              3    40                  
   0.311166E+09  1.2438  4.0387              4    59                  
   0.421574E+09  1.2728  4.0383              5    76                  
   0.520054E+09  1.3012  4.0375              6    93                  
   0.607737E+09  1.3283  4.0355              7   109                  
   0.686044E+09  1.3542  4.0324              8   124                  
   0.756105E+09  1.3784  4.0282              9   139                  
   0.818762E+09  1.4011  4.0226             10   153                  
   0.874851E+09  1.4219  4.0156             11   167                  
   0.924769E+09  1.4412  4.0073             12   181                  
   0.969339E+09  1.4588  3.9979             13   195                  
   0.100958E+10  1.4745  3.9871             14   214                  
   0.104614E+10  1.4897  3.9758             15   241                  
   0.106300E+10  1.4975  3.9706             16   250                  
   0.107921E+10  1.5062  3.9663             17   260                  
   0.108798E+10  1.5123  3.9653 Te-m        18   266                  
   0.109727E+10  1.5220  3.9674             19   278                  
   0.110293E+10  1.5331  3.9740             20   293                  
   0.110677E+10  1.5547  3.9895             21   303                  
   0.110785E+10  1.5772  4.0029             22   311                  
   0.110849E+10  1.6116  4.0181 Te-h        23   327                  
   0.110856E+10  1.6070  4.0169 Xc=0        24   340                  
   0.110879E+10  1.5776  4.0023             25   348                  
   0.110914E+10  1.6002  3.9870             26   353                  
   0.110974E+10  1.6220  3.9706             27   358                  
   0.111075E+10  1.6326  3.9520             28   363                  
   0.111196E+10  1.6371  3.9347             29   367                  
   0.111309E+10  1.6383  3.9194             30   370                  
   0.111437E+10  1.6381  3.9012             31   373                  
   0.111573E+10  1.6354  3.8793             32   376                  
   0.111666E+10  1.6317  3.8619             33   378                  
   0.111759E+10  1.6258  3.8415             34   380                  
   0.111851E+10  1.6168  3.8193             35   382                  
   0.111943E+10  1.6036  3.8000             36   384                  
   0.112035E+10  1.5841  3.7853             37   386                  
   0.112172E+10  1.5366  3.7670             38   389                  
   0.112313E+10  1.4877  3.7523             39   392                  
   0.112361E+10  1.4849  3.7485 Brg         40   393                  
   0.112579E+10  1.5322  3.7391             41   397                  
   0.112767E+10  1.5915  3.7347             42   400                  
   0.112968E+10  1.6581  3.7313             43   408                  
   0.113166E+10  1.7224  3.7284             44   414                  
   0.113350E+10  1.7818  3.7259             45   419                  
   0.113567E+10  1.8495  3.7229             46   426                  
   0.113773E+10  1.9146  3.7200             47   434                  
   0.113957E+10  1.9739  3.7174             48   443                  
   0.114159E+10  2.0365  3.7146             49   455                  
   0.114352E+10  2.0964  3.7118             50   470                  
   0.114544E+10  2.1565  3.7089             51   489                  
   0.114739E+10  2.2177  3.7061             52   513                  
   0.114940E+10  2.2775  3.7031             53   545                  
   0.115133E+10  2.3386  3.7000             54   601                  
   0.115348E+10  2.3975  3.6971 L-M         55   658                  
   0.115453E+10  2.4103  3.6964 L-m         56   691                  
   0.115505E+10  2.3904  3.6975 F           57   742                  
   5   5   7   7   7   7   7   7   9   9   9   9   9   9   8   8
   1  22  23  26  79                                                     !  0.60 1
   1  22  23  27  78                                                     !  0.70 2
   1  22  23  27  50  51  78                                             !  0.70 3
   1  20  23  31  49  50  75                                             !  0.80 4
   1  19  23  31  49  50  74                                             !  0.90 5
   1  19  23  32  49  50  72                                             !  1.00 0
   1  20  23  32  51  53  74                                             !  1.10 6
   1  11  25  35  53  55  76                                             !  1.20 7
   1  11  18  23  25  35  53  55  76                                     !  1.20 8
   1   9  19  24  25  36  54  56  75                                     !  1.30 9
   1   7  19  24  25  38  56  57  75                                     !  1.40 10
   1   6  19  24  25  39  56  57  73                                     !  1.50 11
   1   5  19  24  25  40  55  56  70                                     !  1.60 12
   1   5  19  24  25  40  55  57  68                                     !  1.65 13
   1  19  24  25  40  68  55  57                                         !  1.65 14
   1  18  23  24  40  55  56  57                                         !  1.70 15
  0.0000  0.0000  0.0000  0.0000  0.0000  0.0000  0.0000  0.0000  0.0000  0.0000
  0.0000  0.0000  0.0000  0.0000  0.0000  0.0000
    INTERPOLA
 1 2 3 4 5 0 6 7 8 9 10 11 12 13 14 15
