   4
   1   2   3   5   6  11  12  16
  16
  81  81  81  80  80  80  80  80  79  78  77  77  73  77  78  77
    0.60    0.70    0.70    0.80    0.90    0.90    1.00    1.10    1.20    1.30
    1.40    1.40    1.50    1.60    1.70    1.80
   0.000000E+00 -1.0436  3.6410 M=  0.60  Z=0.008 Y=0.25     1    15  
   0.467397E+10 -1.0135  3.6434              2    31                  
   0.103996E+11 -0.9814  3.6465              3    50                  
   0.156423E+11 -0.9495  3.6496              4    68                  
   0.204508E+11 -0.9172  3.6529              5    85                  
   0.248658E+11 -0.8850  3.6563              6   101                  
   0.289136E+11 -0.8518  3.6597              7   116                  
   0.326353E+11 -0.8175  3.6635              8   131                  
   0.360635E+11 -0.7826  3.6672              9   146                  
   0.392359E+11 -0.7460  3.6716             10   160                  
   0.421662E+11 -0.7083  3.6759             11   173                  
   0.448779E+11 -0.6689  3.6805             12   188                  
   0.473814E+11 -0.6261  3.6854             13   207                  
   0.497535E+11 -0.5754  3.6909             14   234                  
   0.509322E+11 -0.5452  3.6939             15   243                  
   0.520305E+11 -0.5136  3.6968             16   254                  
   0.533046E+11 -0.4778  3.6996             17   275                  
   0.539781E+11 -0.4578  3.7010             18   289                  
   0.548440E+11 -0.4313  3.7026             19   300                  
   0.554337E+11 -0.4120  3.7035             20   309                  
   0.572995E+11 -0.3408  3.7058 Te-M        21   334                  
   0.574327E+11 -0.3353  3.7058 Xc=0        22   337                  
   0.587281E+11 -0.2747  3.7040             23   345                  
   0.596374E+11 -0.2146  3.7005             24   353                  
   0.601498E+11 -0.1666  3.6944 Brg         25   362                  
   0.605663E+11 -0.1088  3.6878             26   371                  
   0.608444E+11 -0.0470  3.6829             27   379                  
   0.610522E+11  0.0128  3.6801             28   387                  
   0.612356E+11  0.0767  3.6780             29   395                  
   0.613979E+11  0.1395  3.6770             30   403                  
   0.615453E+11  0.2039  3.6764             31   412                  
   0.616854E+11  0.2695  3.6761             32   425                  
   0.618046E+11  0.3327  3.6759             33   439                  
   0.619176E+11  0.3972  3.6756             34   452                  
   0.620104E+11  0.4593  3.6754             35   465                  
   0.620960E+11  0.5228  3.6748             36   479                  
   0.621719E+11  0.5856  3.6742             37   494                  
   0.622374E+11  0.6485  3.6733             38   510                  
   0.622980E+11  0.7108  3.6724             39   529                  
   0.623465E+11  0.7732  3.6715             40   548                  
   0.623900E+11  0.8330  3.6702             41   570                  
   0.624276E+11  0.8946  3.6690             42   589                  
   0.624627E+11  0.9554  3.6672             43   609                  
   0.624928E+11  1.0166  3.6654             44   630                  
   0.625206E+11  1.0779  3.6641             45   654                  
   0.625480E+11  1.1389  3.6621             46   683                  
   0.625788E+11  1.1994  3.6604             47   726                  
   0.626065E+11  1.2595  3.6589             48   769                  
   0.626212E+11  1.3213  3.6563             49   797                  
   0.626343E+11  1.3806  3.6537             50   826                  
   0.626462E+11  1.4410  3.6512             51   860                  
   0.626571E+11  1.5017  3.6485             52   898                  
   0.626661E+11  1.5609  3.6458             53   937                  
   0.626745E+11  1.6212  3.6434             54   982                  
   0.626820E+11  1.6834  3.6403             55  1030                  
   0.626892E+11  1.7479  3.6371             56  1072                  
   0.626949E+11  1.8065  3.6337             57  1078                  
   0.627007E+11  1.8736  3.6298             58  1085                  
   0.627055E+11  1.9368  3.6261             59  1092                  
   0.627097E+11  1.9964  3.6227             60  1099                  
   0.627131E+11  2.0562  3.6188             61  1106                  
   0.627170E+11  2.1267  3.6144             62  1115                  
   0.627200E+11  2.1923  3.6096             63  1123                  
   0.627229E+11  2.2538  3.6065             64  1132                  
   0.627254E+11  2.3290  3.6028             65  1141                  
   0.627275E+11  2.3869  3.5987             66  1150                  
   0.627295E+11  2.4563  3.5935             67  1160                  
   0.627311E+11  2.5188  3.5880             68  1169                  
   0.627325E+11  2.5791  3.5831             69  1178                  
   0.627338E+11  2.6368  3.5785             70  1188                  
   0.627349E+11  2.6958  3.5739             71  1198                  
   0.627360E+11  2.7558  3.5695             72  1209                  
   0.627368E+11  2.8154  3.5639             73  1219                  
   0.627377E+11  2.8811  3.5566             74  1231                  
   0.627386E+11  2.9413  3.5503             75  1244                  
   0.627393E+11  3.0052  3.5466             76  1258                  
   0.627400E+11  3.0674  3.5391             77  1271                  
   0.627406E+11  3.1247  3.5342             78  1286                  
   0.627411E+11  3.1829  3.5286             79  1301                  
   0.627416E+11  3.2441  3.5214             80  1316                  
   0.627419E+11  3.2905  3.5198 F           81  1341                  
   0.000000E+00 -0.7627  3.6739 M=  0.70  Z=0.008Y=0.25      1    14  
   0.291870E+10 -0.7265  3.6783              2    30                  
   0.638204E+10 -0.6903  3.6831              3    50                  
   0.953021E+10 -0.6542  3.6883              4    67                  
   0.123848E+11 -0.6190  3.6930              5    84                  
   0.149889E+11 -0.5837  3.6978              6   100                  
   0.173591E+11 -0.5477  3.7024              7   116                  
   0.195171E+11 -0.5126  3.7065              8   131                  
   0.214955E+11 -0.4771  3.7107              9   145                  
   0.233140E+11 -0.4415  3.7144             10   159                  
   0.249759E+11 -0.4061  3.7177             11   173                  
   0.265007E+11 -0.3694  3.7210             12   187                  
   0.278987E+11 -0.3294  3.7243             13   206                  
   0.292028E+11 -0.2854  3.7276             14   233                  
   0.298298E+11 -0.2659  3.7285             15   242                  
   0.304239E+11 -0.2485  3.7291             16   252                  
   0.310851E+11 -0.2236  3.7299             17   271                  
   0.313100E+11 -0.2057  3.7311             18   285                  
   0.314638E+11 -0.1841  3.7322 Te-M        19   292                  
   0.315154E+11 -0.1743  3.7321             20   296                  
   0.316595E+11 -0.1566  3.7311             21   306                  
   0.328510E+11 -0.0989  3.7304 Xc=0        22   335                  
   0.338891E+11 -0.0398  3.7255             23   345                  
   0.344279E+11  0.0071  3.7161             24   358                  
   0.346151E+11  0.0266  3.7111 Brg         25   362                  
   0.349198E+11  0.0754  3.6995             26   371                  
   0.351132E+11  0.1285  3.6923             27   380                  
   0.352658E+11  0.1872  3.6877             28   389                  
   0.353962E+11  0.2493  3.6851             29   399                  
   0.355018E+11  0.3100  3.6838             30   409                  
   0.355949E+11  0.3714  3.6826             31   418                  
   0.356907E+11  0.4367  3.6818             32   430                  
   0.357711E+11  0.5009  3.6811             33   442                  
   0.358456E+11  0.5649  3.6802             34   455                  
   0.359063E+11  0.6264  3.6795             35   469                  
   0.359640E+11  0.6893  3.6784             36   485                  
   0.360156E+11  0.7540  3.6772             37   502                  
   0.360588E+11  0.8146  3.6763             38   518                  
   0.360966E+11  0.8766  3.6748             39   535                  
   0.361300E+11  0.9392  3.6736             40   555                  
   0.361606E+11  0.9998  3.6719             41   577                  
   0.361864E+11  1.0598  3.6698             42   598                  
   0.362090E+11  1.1202  3.6682             43   622                  
   0.362298E+11  1.1816  3.6660             44   648                  
   0.362496E+11  1.2431  3.6639             45   676                  
   0.362717E+11  1.3035  3.6621             46   714                  
   0.362791E+11  1.3147  3.6620             47   729                  
   0.362936E+11  1.3137  3.6626             48   759                  
   0.363061E+11  1.3729  3.6598             49   786                  
   0.363178E+11  1.4343  3.6570             50   817                  
   0.363304E+11  1.5036  3.6539             51   824                  
   0.363406E+11  1.5694  3.6507             52   830                  
   0.363492E+11  1.6350  3.6473             53   836                  
   0.363568E+11  1.6971  3.6450             54   842                  
   0.363632E+11  1.7571  3.6416             55   848                  
   0.363696E+11  1.8231  3.6384             56   855                  
   0.363751E+11  1.8883  3.6347             57   862                  
   0.363798E+11  1.9515  3.6310             58   869                  
   0.363839E+11  2.0129  3.6271             59   876                  
   0.363874E+11  2.0741  3.6232             60   883                  
   0.363908E+11  2.1390  3.6192             61   891                  
   0.363938E+11  2.2035  3.6152             62   899                  
   0.363963E+11  2.2631  3.6107             63   907                  
   0.363986E+11  2.3246  3.6065             64   915                  
   0.364007E+11  2.3877  3.6044             65   924                  
   0.364025E+11  2.4516  3.5997             66   933                  
   0.364043E+11  2.5172  3.5948             67   943                  
   0.364056E+11  2.5771  3.5895             68   952                  
   0.364068E+11  2.6342  3.5846             69   961                  
   0.364081E+11  2.6939  3.5799             70   972                  
   0.364091E+11  2.7549  3.5749             71   982                  
   0.364101E+11  2.8210  3.5706             72   994                  
   0.364109E+11  2.8837  3.5638             73  1006                  
   0.364118E+11  2.9475  3.5567             74  1019                  
   0.364125E+11  3.0025  3.5505             75  1032                  
   0.364131E+11  3.0633  3.5469             76  1044                  
   0.364136E+11  3.1168  3.5399             77  1058                  
   0.364142E+11  3.1754  3.5343             78  1072                  
   0.364147E+11  3.2386  3.5282             79  1090                  
   0.364151E+11  3.2918  3.5202             80  1110                  
   0.364153E+11  3.3269  3.5183 F           81  1134                  
   0.000000E+00 -0.7627  3.6739 M=  0.70  Z=0.008Y=0.25      1    14  
   0.291870E+10 -0.7265  3.6783              2    30                  
   0.638204E+10 -0.6903  3.6831              3    50                  
   0.953021E+10 -0.6542  3.6883              4    67                  
   0.123848E+11 -0.6190  3.6930              5    84                  
   0.149889E+11 -0.5837  3.6978              6   100                  
   0.173591E+11 -0.5477  3.7024              7   116                  
   0.195171E+11 -0.5126  3.7065              8   131                  
   0.214955E+11 -0.4771  3.7107              9   145                  
   0.233140E+11 -0.4415  3.7144             10   159                  
   0.249759E+11 -0.4061  3.7177             11   173                  
   0.265007E+11 -0.3694  3.7210             12   187                  
   0.278987E+11 -0.3294  3.7243             13   206                  
   0.292028E+11 -0.2854  3.7276             14   233                  
   0.298298E+11 -0.2659  3.7285             15   242                  
   0.304239E+11 -0.2485  3.7291             16   252                  
   0.310851E+11 -0.2236  3.7299             17   271                  
   0.313100E+11 -0.2057  3.7311             18   285                  
   0.314638E+11 -0.1841  3.7322 Te-M        19   292                  
   0.315154E+11 -0.1743  3.7321             20   296                  
   0.316595E+11 -0.1566  3.7311             21   306                  
   0.328510E+11 -0.0989  3.7304 Xc=0        22   335                  
   0.338891E+11 -0.0398  3.7255             23   345                  
   0.344279E+11  0.0071  3.7161             24   358                  
   0.346151E+11  0.0266  3.7111 Brg         25   362                  
   0.349198E+11  0.0754  3.6995             26   371                  
   0.351132E+11  0.1285  3.6923             27   380                  
   0.352658E+11  0.1872  3.6877             28   389                  
   0.353962E+11  0.2493  3.6851             29   399                  
   0.355018E+11  0.3100  3.6838             30   409                  
   0.355949E+11  0.3714  3.6826             31   418                  
   0.356907E+11  0.4367  3.6818             32   430                  
   0.357711E+11  0.5009  3.6811             33   442                  
   0.358456E+11  0.5649  3.6802             34   455                  
   0.359063E+11  0.6264  3.6795             35   469                  
   0.359640E+11  0.6893  3.6784             36   485                  
   0.360156E+11  0.7540  3.6772             37   502                  
   0.360588E+11  0.8146  3.6763             38   518                  
   0.360966E+11  0.8766  3.6748             39   535                  
   0.361300E+11  0.9392  3.6736             40   555                  
   0.361606E+11  0.9998  3.6719             41   577                  
   0.361864E+11  1.0598  3.6698             42   598                  
   0.362090E+11  1.1202  3.6682             43   622                  
   0.362298E+11  1.1816  3.6660             44   648                  
   0.362496E+11  1.2431  3.6639             45   676                  
   0.362717E+11  1.3035  3.6621             46   714                  
   0.362791E+11  1.3147  3.6620 L-M         47   729                  
   0.362936E+11  1.3137  3.6626 L-m         48   759                  
   0.363061E+11  1.3729  3.6598             49   786                  
   0.363178E+11  1.4343  3.6570             50   817                  
   0.363304E+11  1.5036  3.6539             51   824                  
   0.363406E+11  1.5694  3.6507             52   830                  
   0.363492E+11  1.6350  3.6473             53   836                  
   0.363568E+11  1.6971  3.6450             54   842                  
   0.363632E+11  1.7571  3.6416             55   848                  
   0.363696E+11  1.8231  3.6384             56   855                  
   0.363751E+11  1.8883  3.6347             57   862                  
   0.363798E+11  1.9515  3.6310             58   869                  
   0.363839E+11  2.0129  3.6271             59   876                  
   0.363874E+11  2.0741  3.6232             60   883                  
   0.363908E+11  2.1390  3.6192             61   891                  
   0.363938E+11  2.2035  3.6152             62   899                  
   0.363963E+11  2.2631  3.6107             63   907                  
   0.363986E+11  2.3246  3.6065             64   915                  
   0.364007E+11  2.3877  3.6044             65   924                  
   0.364025E+11  2.4516  3.5997             66   933                  
   0.364043E+11  2.5172  3.5948             67   943                  
   0.364056E+11  2.5771  3.5895             68   952                  
   0.364068E+11  2.6342  3.5846             69   961                  
   0.364081E+11  2.6939  3.5799             70   972                  
   0.364091E+11  2.7549  3.5749             71   982                  
   0.364101E+11  2.8210  3.5706             72   994                  
   0.364109E+11  2.8837  3.5638             73  1006                  
   0.364118E+11  2.9475  3.5567             74  1019                  
   0.364125E+11  3.0025  3.5505             75  1032                  
   0.364131E+11  3.0633  3.5469             76  1044                  
   0.364136E+11  3.1168  3.5399             77  1058                  
   0.364142E+11  3.1754  3.5343             78  1072                  
   0.364147E+11  3.2386  3.5282             79  1090                  
   0.364151E+11  3.2918  3.5202             80  1110                  
   0.364153E+11  3.3269  3.5183 F           81  1134                  
   0.000000E+00 -0.4852  3.7179 M=  0.80  Z=0.008 Y=0.25     1    12  
   0.150035E+10 -0.4498  3.7220              2    32                  
   0.320337E+10 -0.4201  3.7263              3    51                  
   0.477363E+10 -0.3911  3.7298              4    69                  
   0.621950E+10 -0.3626  3.7333              5    85                  
   0.754882E+10 -0.3342  3.7365              6   102                  
   0.878050E+10 -0.3063  3.7395              7   117                  
   0.992277E+10 -0.2786  3.7422              8   132                  
   0.109738E+11 -0.2508  3.7449              9   146                  
   0.118556E+11 -0.2258  3.7470             10   160                  
   0.125828E+11 -0.2048  3.7487             11   174                  
   0.133459E+11 -0.1805  3.7505             12   188                  
   0.141907E+11 -0.1515  3.7522             13   208                  
   0.151882E+11 -0.1135  3.7543             14   235                  
   0.157524E+11 -0.0915  3.7551             15   242                  
   0.163188E+11 -0.0668  3.7562             16   250                  
   0.169719E+11 -0.0366  3.7571             17   269                  
   0.172487E+11 -0.0234  3.7573             18   284                  
   0.176155E+11 -0.0044  3.7575             19   295                  
   0.177907E+11  0.0050  3.7575 Te-M        20   300                  
   0.178899E+11  0.0106  3.7575             21   304                  
   0.189463E+11  0.0765  3.7557 Xc=0        22   332                  
   0.197732E+11  0.1376  3.7495             23   342                  
   0.202844E+11  0.1837  3.7392             24   351                  
   0.205877E+11  0.2128  3.7251             25   361                  
   0.207072E+11  0.2302  3.7170 Brg         26   366                  
   0.208637E+11  0.2738  3.7057             27   377                  
   0.209753E+11  0.3307  3.6993             28   386                  
   0.210684E+11  0.3939  3.6962             29   395                  
   0.211492E+11  0.4606  3.6938             30   404                  
   0.212163E+11  0.5230  3.6924             31   413                  
   0.212749E+11  0.5838  3.6912             32   424                  
   0.213264E+11  0.6443  3.6901             33   436                  
   0.213752E+11  0.7064  3.6885             34   449                  
   0.214175E+11  0.7666  3.6873             35   464                  
   0.214562E+11  0.8294  3.6857             36   480                  
   0.214908E+11  0.8906  3.6840             37   495                  
   0.215209E+11  0.9517  3.6826             38   511                  
   0.215479E+11  1.0137  3.6805             39   529                  
   0.215722E+11  1.0764  3.6785             40   549                  
   0.215929E+11  1.1382  3.6765             41   571                  
   0.216111E+11  1.1990  3.6741             42   594                  
   0.216290E+11  1.2621  3.6716             43   624                  
   0.216446E+11  1.3228  3.6694             44   656                  
   0.216614E+11  1.3842  3.6665             45   704                  
   0.216713E+11  1.4007  3.6659 L-M         46   739                  
   0.216847E+11  1.3692  3.6682 L-m         47   782                  
   0.216955E+11  1.4297  3.6654             48   814                  
   0.217075E+11  1.5003  3.6623             49   836                  
   0.217162E+11  1.5597  3.6589             50   841                  
   0.217251E+11  1.6246  3.6555             51   847                  
   0.217328E+11  1.6857  3.6525             52   853                  
   0.217394E+11  1.7477  3.6494             53   859                  
   0.217451E+11  1.8065  3.6458             54   865                  
   0.217509E+11  1.8727  3.6426             55   872                  
   0.217558E+11  1.9349  3.6390             56   879                  
   0.217599E+11  1.9988  3.6350             57   886                  
   0.217636E+11  2.0588  3.6310             58   893                  
   0.217668E+11  2.1172  3.6271             59   900                  
   0.217699E+11  2.1818  3.6229             60   908                  
   0.217726E+11  2.2448  3.6192             61   916                  
   0.217749E+11  2.3050  3.6146             62   924                  
   0.217771E+11  2.3684  3.6103             63   933                  
   0.217792E+11  2.4361  3.6056             64   943                  
   0.217809E+11  2.4959  3.6029             65   952                  
   0.217823E+11  2.5620  3.5984             66   961                  
   0.217836E+11  2.6219  3.5936             67   971                  
   0.217848E+11  2.6822  3.5882             68   981                  
   0.217859E+11  2.7466  3.5827             69   992                  
   0.217869E+11  2.8075  3.5776             70  1003                  
   0.217878E+11  2.8660  3.5729             71  1015                  
   0.217885E+11  2.9257  3.5685             72  1026                  
   0.217893E+11  2.9854  3.5615             73  1039                  
   0.217899E+11  3.0446  3.5540             74  1051                  
   0.217905E+11  3.1096  3.5495             75  1066                  
   0.217911E+11  3.1661  3.5431             76  1080                  
   0.217916E+11  3.2263  3.5361             77  1096                  
   0.217921E+11  3.2882  3.5309             78  1120                  
   0.217925E+11  3.3470  3.5226             79  1140                  
   0.217928E+11  3.3782  3.5193 F           80  1153                  
   0.000000E+00 -0.2377  3.7542 M=  0.90  Z=0.008 Y=0.25     1    28  
   0.985643E+09 -0.2048  3.7572              2    48                  
   0.210670E+10 -0.1751  3.7601              3    67                  
   0.313335E+10 -0.1461  3.7628              4    85                  
   0.407646E+10 -0.1176  3.7653              5   102                  
   0.494349E+10 -0.0899  3.7674              6   118                  
   0.574591E+10 -0.0625  3.7693              7   133                  
   0.648923E+10 -0.0355  3.7709              8   148                  
   0.718268E+10 -0.0089  3.7723              9   162                  
   0.783041E+10  0.0179  3.7736             10   176                  
   0.843444E+10  0.0448  3.7745             11   190                  
   0.899840E+10  0.0723  3.7753             12   205                  
   0.953076E+10  0.0996  3.7759             13   224                  
   0.965788E+10  0.1059  3.7759 Te-M        14   229                  
   0.100305E+11  0.1227  3.7755             15   250                  
   0.102802E+11  0.1328  3.7748             16   258                  
   0.105069E+11  0.1438  3.7744             17   267                  
   0.105445E+11  0.1463  3.7744             18   269                  
   0.107562E+11  0.1670  3.7752             19   287                  
   0.108524E+11  0.1855  3.7760             20   301                  
   0.109085E+11  0.1969  3.7761             21   306                  
   0.109814E+11  0.2027  3.7758             22   313                  
   0.111446E+11  0.2138  3.7753             23   322                  
   0.118835E+11  0.2665  3.7716 Xc=0        24   351                  
   0.124775E+11  0.3222  3.7634             25   361                  
   0.128684E+11  0.3550  3.7497             26   371                  
   0.130677E+11  0.3642  3.7337             27   380                  
   0.131530E+11  0.3686  3.7240 Brg         28   385                  
   0.132833E+11  0.4029  3.7103             29   395                  
   0.133706E+11  0.4572  3.7037             30   404                  
   0.134432E+11  0.5189  3.7000             31   414                  
   0.135019E+11  0.5818  3.6977             32   424                  
   0.135556E+11  0.6440  3.6958             33   436                  
   0.136052E+11  0.7077  3.6944             34   449                  
   0.136437E+11  0.7676  3.6926             35   462                  
   0.136807E+11  0.8286  3.6912             36   477                  
   0.137145E+11  0.8898  3.6894             37   493                  
   0.137426E+11  0.9503  3.6877             38   508                  
   0.137681E+11  1.0115  3.6857             39   524                  
   0.137914E+11  1.0727  3.6836             40   543                  
   0.138110E+11  1.1344  3.6817             41   561                  
   0.138302E+11  1.1991  3.6792             42   583                  
   0.138460E+11  1.2595  3.6769             43   605                  
   0.138596E+11  1.3194  3.6749             44   635                  
   0.138727E+11  1.3789  3.6722             45   663                  
   0.138861E+11  1.4403  3.6692             46   698                  
   0.138993E+11  1.4784  3.6677 L-M         47   743                  
   0.139119E+11  1.4273  3.6710 L-m         48   789                  
   0.139215E+11  1.4890  3.6681             49   821                  
   0.139311E+11  1.5558  3.6648             50   854                  
   0.139403E+11  1.6212  3.6609             51   860                  
   0.139479E+11  1.6839  3.6577             52   866                  
   0.139546E+11  1.7465  3.6545             53   872                  
   0.139604E+11  1.8057  3.6512             54   878                  
   0.139661E+11  1.8730  3.6472             55   885                  
   0.139710E+11  1.9389  3.6439             56   892                  
   0.139753E+11  1.9983  3.6403             57   899                  
   0.139789E+11  2.0606  3.6365             58   906                  
   0.139820E+11  2.1185  3.6324             59   913                  
   0.139851E+11  2.1810  3.6283             60   921                  
   0.139878E+11  2.2420  3.6242             61   929                  
   0.139901E+11  2.3047  3.6207             62   937                  
   0.139921E+11  2.3633  3.6161             63   945                  
   0.139940E+11  2.4272  3.6119             64   954                  
   0.139957E+11  2.4903  3.6072             65   963                  
   0.139972E+11  2.5485  3.6029             66   972                  
   0.139987E+11  2.6158  3.5998             67   983                  
   0.139998E+11  2.6736  3.5953             68   992                  
   0.140008E+11  2.7323  3.5903             69  1002                  
   0.140018E+11  2.7925  3.5847             70  1013                  
   0.140028E+11  2.8522  3.5792             71  1025                  
   0.140035E+11  2.9137  3.5747             72  1036                  
   0.140043E+11  2.9759  3.5703             73  1049                  
   0.140049E+11  3.0325  3.5644             74  1062                  
   0.140056E+11  3.0899  3.5577             75  1076                  
   0.140061E+11  3.1463  3.5508             76  1090                  
   0.140066E+11  3.2060  3.5466             77  1104                  
   0.140070E+11  3.2639  3.5393             78  1119                  
   0.140075E+11  3.3257  3.5334             79  1146                  
   0.140079E+11  3.3746  3.5282 F           80  1166                  
   0.000000E+00 -0.2377  3.7542 M=  0.90  Z=0.008 Y=0.25     1    28  
   0.985643E+09 -0.2048  3.7572              2    48                  
   0.210670E+10 -0.1751  3.7601              3    67                  
   0.313335E+10 -0.1461  3.7628              4    85                  
   0.407646E+10 -0.1176  3.7653              5   102                  
   0.494349E+10 -0.0899  3.7674              6   118                  
   0.574591E+10 -0.0625  3.7693              7   133                  
   0.648923E+10 -0.0355  3.7709              8   148                  
   0.718268E+10 -0.0089  3.7723              9   162                  
   0.783041E+10  0.0179  3.7736             10   176                  
   0.843444E+10  0.0448  3.7745             11   190                  
   0.899840E+10  0.0723  3.7753             12   205                  
   0.953076E+10  0.0996  3.7759             13   224                  
   0.965788E+10  0.1059  3.7759 Te-M        14   229                  
   0.100305E+11  0.1227  3.7755             15   250                  
   0.102802E+11  0.1328  3.7748             16   258                  
   0.105069E+11  0.1438  3.7744             17   267                  
   0.105445E+11  0.1463  3.7744 Te-m        18   269                  
   0.107562E+11  0.1670  3.7752             19   287                  
   0.108524E+11  0.1855  3.7760             20   301                  
   0.109085E+11  0.1969  3.7761 Te-h        21   306                  
   0.109814E+11  0.2027  3.7758             22   313                  
   0.111446E+11  0.2138  3.7753             23   322                  
   0.118835E+11  0.2665  3.7716 Xc=0        24   351                  
   0.124775E+11  0.3222  3.7634             25   361                  
   0.128684E+11  0.3550  3.7497             26   371                  
   0.130677E+11  0.3642  3.7337             27   380                  
   0.131530E+11  0.3686  3.7240 Brg         28   385                  
   0.132833E+11  0.4029  3.7103             29   395                  
   0.133706E+11  0.4572  3.7037             30   404                  
   0.134432E+11  0.5189  3.7000             31   414                  
   0.135019E+11  0.5818  3.6977             32   424                  
   0.135556E+11  0.6440  3.6958             33   436                  
   0.136052E+11  0.7077  3.6944             34   449                  
   0.136437E+11  0.7676  3.6926             35   462                  
   0.136807E+11  0.8286  3.6912             36   477                  
   0.137145E+11  0.8898  3.6894             37   493                  
   0.137426E+11  0.9503  3.6877             38   508                  
   0.137681E+11  1.0115  3.6857             39   524                  
   0.137914E+11  1.0727  3.6836             40   543                  
   0.138110E+11  1.1344  3.6817             41   561                  
   0.138302E+11  1.1991  3.6792             42   583                  
   0.138460E+11  1.2595  3.6769             43   605                  
   0.138596E+11  1.3194  3.6749             44   635                  
   0.138727E+11  1.3789  3.6722             45   663                  
   0.138861E+11  1.4403  3.6692             46   698                  
   0.138993E+11  1.4784  3.6677 L-M         47   743                  
   0.139119E+11  1.4273  3.6710 L-m         48   789                  
   0.139215E+11  1.4890  3.6681             49   821                  
   0.139311E+11  1.5558  3.6648             50   854                  
   0.139403E+11  1.6212  3.6609             51   860                  
   0.139479E+11  1.6839  3.6577             52   866                  
   0.139546E+11  1.7465  3.6545             53   872                  
   0.139604E+11  1.8057  3.6512             54   878                  
   0.139661E+11  1.8730  3.6472             55   885                  
   0.139710E+11  1.9389  3.6439             56   892                  
   0.139753E+11  1.9983  3.6403             57   899                  
   0.139789E+11  2.0606  3.6365             58   906                  
   0.139820E+11  2.1185  3.6324             59   913                  
   0.139851E+11  2.1810  3.6283             60   921                  
   0.139878E+11  2.2420  3.6242             61   929                  
   0.139901E+11  2.3047  3.6207             62   937                  
   0.139921E+11  2.3633  3.6161             63   945                  
   0.139940E+11  2.4272  3.6119             64   954                  
   0.139957E+11  2.4903  3.6072             65   963                  
   0.139972E+11  2.5485  3.6029             66   972                  
   0.139987E+11  2.6158  3.5998             67   983                  
   0.139998E+11  2.6736  3.5953             68   992                  
   0.140008E+11  2.7323  3.5903             69  1002                  
   0.140018E+11  2.7925  3.5847             70  1013                  
   0.140028E+11  2.8522  3.5792             71  1025                  
   0.140035E+11  2.9137  3.5747             72  1036                  
   0.140043E+11  2.9759  3.5703             73  1049                  
   0.140049E+11  3.0325  3.5644             74  1062                  
   0.140056E+11  3.0899  3.5577             75  1076                  
   0.140061E+11  3.1463  3.5508             76  1090                  
   0.140066E+11  3.2060  3.5466             77  1104                  
   0.140070E+11  3.2639  3.5393             78  1119                  
   0.140075E+11  3.3257  3.5334             79  1146                  
   0.140079E+11  3.3746  3.5282 F           80  1166                  
   0.000000E+00 -0.0211  3.7797 M=  1.00  Z=0.008 Y=0.25     1    10  
   0.670358E+09  0.0164  3.7832              2    27                  
   0.143829E+10  0.0463  3.7852              3    46                  
   0.214046E+10  0.0751  3.7871              4    64                  
   0.278341E+10  0.1032  3.7887              5    80                  
   0.337408E+10  0.1304  3.7901              6    96                  
   0.392014E+10  0.1569  3.7911              7   112                  
   0.442709E+10  0.1828  3.7920              8   127                  
   0.489607E+10  0.2080  3.7926              9   141                  
   0.532981E+10  0.2325  3.7928             10   155                  
   0.560876E+10  0.2488  3.7929 Te-M        11   164                  
   0.572942E+10  0.2556  3.7928             12   169                  
   0.609763E+10  0.2759  3.7922             13   183                  
   0.645456E+10  0.2920  3.7900             14   202                  
   0.678653E+10  0.3045  3.7871             15   228                  
   0.692712E+10  0.3103  3.7857             16   236                  
   0.705793E+10  0.3183  3.7848             17   246                  
   0.709387E+10  0.3215  3.7847 Te-m        18   249                  
   0.720724E+10  0.3392  3.7858             19   265                  
   0.725668E+10  0.3578  3.7878             20   280                  
   0.729638E+10  0.3907  3.7908             21   290                  
   0.730435E+10  0.3996  3.7911 Te-h        22   293                  
   0.731664E+10  0.4092  3.7904             23   299                  
   0.769064E+10  0.4396  3.7849 Xc=0        24   330                  
   0.824398E+10  0.4917  3.7729             25   340                  
   0.849773E+10  0.5075  3.7570             26   350                  
   0.861453E+10  0.4986  3.7419             27   358                  
   0.871316E+10  0.4896  3.7253             28   366                  
   0.872480E+10  0.4889  3.7231 Brg         29   367                  
   0.882006E+10  0.5234  3.7101             30   377                  
   0.889403E+10  0.5850  3.7038             31   388                  
   0.894762E+10  0.6453  3.7006             32   399                  
   0.899472E+10  0.7057  3.6983             33   410                  
   0.903691E+10  0.7689  3.6967             34   424                  
   0.907502E+10  0.8292  3.6946             35   440                  
   0.910818E+10  0.8926  3.6928             36   455                  
   0.913638E+10  0.9529  3.6910             37   470                  
   0.916140E+10  1.0135  3.6893             38   485                  
   0.918501E+10  1.0801  3.6871             39   503                  
   0.920585E+10  1.1446  3.6850             40   523                  
   0.922292E+10  1.2050  3.6830             41   543                  
   0.923879E+10  1.2657  3.6805             42   565                  
   0.925188E+10  1.3255  3.6783             43   587                  
   0.926439E+10  1.3875  3.6763             44   613                  
   0.927609E+10  1.4512  3.6732             45   642                  
   0.928662E+10  1.5121  3.6704             46   676                  
   0.929813E+10  1.5505  3.6688 L-M         47   724                  
   0.930857E+10  1.4914  3.6725             48   769                  
   0.930917E+10  1.4885  3.6727 L-m         49   771                  
   0.931722E+10  1.5503  3.6697             50   801                  
   0.932490E+10  1.6093  3.6664             51   838                  
   0.933282E+10  1.6737  3.6627             52   850                  
   0.933958E+10  1.7373  3.6594             53   856                  
   0.934540E+10  1.7962  3.6564             54   862                  
   0.935046E+10  1.8548  3.6529             55   868                  
   0.935561E+10  1.9199  3.6491             56   875                  
   0.935993E+10  1.9807  3.6459             57   882                  
   0.936373E+10  2.0429  3.6423             58   889                  
   0.936702E+10  2.1019  3.6385             59   896                  
   0.937024E+10  2.1670  3.6341             60   904                  
   0.937302E+10  2.2291  3.6300             61   912                  
   0.937542E+10  2.2908  3.6260             62   920                  
   0.937748E+10  2.3495  3.6222             63   928                  
   0.937972E+10  2.4166  3.6175             64   938                  
   0.938126E+10  2.4767  3.6135             65   946                  
   0.938291E+10  2.5365  3.6090             66   956                  
   0.938420E+10  2.5973  3.6052             67   965                  
   0.938543E+10  2.6568  3.6023             68   975                  
   0.938660E+10  2.7228  3.5971             69   986                  
   0.938749E+10  2.7818  3.5923             70   996                  
   0.938853E+10  2.8463  3.5862             71  1009                  
   0.938929E+10  2.9034  3.5811             72  1020                  
   0.939002E+10  2.9633  3.5767             73  1032                  
   0.939064E+10  3.0207  3.5722             74  1044                  
   0.939128E+10  3.0818  3.5673             75  1058                  
   0.939184E+10  3.1373  3.5603             76  1072                  
   0.939233E+10  3.1933  3.5532             77  1086                  
   0.939286E+10  3.2579  3.5482             78  1103                  
   0.939330E+10  3.3171  3.5417             79  1126                  
   0.939373E+10  3.3719  3.5360 F           80  1147                  
   0.000000E+00  0.1924  3.8045 M=  1.10  Z=0.008 Y=0.25     1    13  
   0.376289E+09  0.2203  3.8058              2    31                  
   0.810360E+09  0.2390  3.8073              3    51                  
   0.120894E+10  0.2615  3.8085              4    69                  
   0.157516E+10  0.2829  3.8096              5    86                  
   0.191593E+10  0.3036  3.8104              6   102                  
   0.223369E+10  0.3237  3.8110              7   118                  
   0.253114E+10  0.3431  3.8115              8   132                  
   0.281067E+10  0.3619  3.8119              9   147                  
   0.295546E+10  0.3719  3.8120 Te-M        10   154                  
   0.307238E+10  0.3800  3.8119             11   161                  
   0.331688E+10  0.3968  3.8117             12   175                  
   0.359304E+10  0.4148  3.8110             13   190                  
   0.392004E+10  0.4336  3.8085             14   210                  
   0.419818E+10  0.4486  3.8052             15   236                  
   0.429307E+10  0.4547  3.8042             16   245                  
   0.437259E+10  0.4622  3.8039 Te-m        17   253                  
   0.438104E+10  0.4633  3.8039             18   255                  
   0.448308E+10  0.4853  3.8056             19   274                  
   0.451873E+10  0.5039  3.8077             20   288                  
   0.455179E+10  0.5251  3.8091 Te-h        21   297                  
   0.455734E+10  0.5261  3.8091             22   299                  
   0.461836E+10  0.5327  3.8082             23   309                  
   0.506390E+10  0.5757  3.8016 Xc=0        24   338                  
   0.543144E+10  0.6278  3.7925             25   347                  
   0.566717E+10  0.6582  3.7790             26   356                  
   0.579183E+10  0.6527  3.7624             27   365                  
   0.585734E+10  0.6317  3.7480             28   372                  
   0.591380E+10  0.6074  3.7332             29   379                  
   0.593019E+10  0.5997  3.7281 Brg         30   381                  
   0.600688E+10  0.6272  3.7134             31   390                  
   0.606120E+10  0.6827  3.7076             32   400                  
   0.610576E+10  0.7439  3.7046             33   411                  
   0.614426E+10  0.8033  3.7023             34   423                  
   0.617651E+10  0.8631  3.7000             35   436                  
   0.620586E+10  0.9251  3.6982             36   451                  
   0.623282E+10  0.9865  3.6963             37   468                  
   0.625655E+10  1.0461  3.6940             38   487                  
   0.627670E+10  1.1069  3.6917             39   503                  
   0.629517E+10  1.1687  3.6896             40   521                  
   0.631116E+10  1.2290  3.6873             41   541                  
   0.632565E+10  1.2883  3.6848             42   562                  
   0.633827E+10  1.3505  3.6824             43   584                  
   0.634988E+10  1.4124  3.6798             44   609                  
   0.635934E+10  1.4721  3.6777             45   635                  
   0.636892E+10  1.5349  3.6748             46   667                  
   0.637822E+10  1.5955  3.6717             47   705                  
   0.638553E+10  1.6189  3.6705 L-M         48   741                  
   0.639336E+10  1.5570  3.6747             49   782                  
   0.639487E+10  1.5454  3.6754 L-m         50   789                  
   0.640183E+10  1.6082  3.6719             51   821                  
   0.640866E+10  1.6667  3.6684             52   858                  
   0.641571E+10  1.7328  3.6648             53   878                  
   0.642166E+10  1.7935  3.6616             54   884                  
   0.642679E+10  1.8524  3.6580             55   890                  
   0.643197E+10  1.9179  3.6541             56   897                  
   0.643638E+10  1.9810  3.6506             57   904                  
   0.644017E+10  2.0437  3.6468             58   911                  
   0.644387E+10  2.1091  3.6424             59   919                  
   0.644706E+10  2.1749  3.6386             60   927                  
   0.644976E+10  2.2393  3.6341             61   935                  
   0.645209E+10  2.2999  3.6300             62   943                  
   0.645412E+10  2.3582  3.6262             63   951                  
   0.645610E+10  2.4223  3.6219             64   960                  
   0.645780E+10  2.4842  3.6176             65   969                  
   0.645928E+10  2.5443  3.6131             66   978                  
   0.646070E+10  2.6055  3.6086             67   988                  
   0.646193E+10  2.6695  3.6059             68   998                  
   0.646299E+10  2.7295  3.6013             69  1008                  
   0.646408E+10  2.7969  3.5959             70  1020                  
   0.646495E+10  2.8549  3.5909             71  1031                  
   0.646576E+10  2.9125  3.5856             72  1043                  
   0.646641E+10  2.9707  3.5795             73  1054                  
   0.646709E+10  3.0303  3.5757             74  1067                  
   0.646768E+10  3.0884  3.5710             75  1080                  
   0.646824E+10  3.1467  3.5664             76  1094                  
   0.646872E+10  3.2026  3.5589             77  1108                  
   0.646921E+10  3.2593  3.5517             78  1124                  
   0.646964E+10  3.3181  3.5475             79  1147                  
   0.647002E+10  3.3681  3.5421 F           80  1166                  
   0.000000E+00  0.3752  3.8263 M=  1.20  Z=0.008 Y=0.25     1    13  
   0.318260E+09  0.4034  3.8271              2    30                  
   0.696846E+09  0.4258  3.8286              3    50                  
   0.104469E+10  0.4512  3.8294              4    68                  
   0.136468E+10  0.4755  3.8301              5    85                  
   0.165964E+10  0.4985  3.8304              6   101                  
   0.172534E+10  0.5036  3.8304 Te-M         7   104                  
   0.193170E+10  0.5198  3.8303              8   116                  
   0.218271E+10  0.5393  3.8294              9   131                  
   0.241875E+10  0.5567  3.8277             10   145                  
   0.264702E+10  0.5719  3.8249             11   159                  
   0.285371E+10  0.5843  3.8212             12   173                  
   0.303510E+10  0.5935  3.8173             13   187                  
   0.319937E+10  0.6009  3.8130             14   206                  
   0.334960E+10  0.6081  3.8089             15   233                  
   0.341966E+10  0.6125  3.8074             16   242                  
   0.348621E+10  0.6193  3.8063             17   252                  
   0.350301E+10  0.6218  3.8062 Te-m        18   254                  
   0.356149E+10  0.6387  3.8079             19   271                  
   0.358540E+10  0.6569  3.8110             20   285                  
   0.360249E+10  0.6918  3.8176             21   295                  
   0.360822E+10  0.7198  3.8217             22   304                  
   0.361018E+10  0.7292  3.8226 Te-h        23   307                  
   0.366551E+10  0.7442  3.8146 Xc=0        24   338                  
   0.396028E+10  0.7751  3.7988             25   347                  
   0.410233E+10  0.7916  3.7839             26   355                  
   0.416384E+10  0.7766  3.7693             27   362                  
   0.420576E+10  0.7459  3.7554             28   368                  
   0.424321E+10  0.7084  3.7410             29   374                  
   0.428292E+10  0.6823  3.7274             30   380                  
   0.429036E+10  0.6804  3.7251 Brg         31   381                  
   0.435418E+10  0.7189  3.7131             32   392                  
   0.439855E+10  0.7764  3.7088             33   403                  
   0.443933E+10  0.8388  3.7059             34   417                  
   0.447294E+10  0.9018  3.7032             35   431                  
   0.450257E+10  0.9625  3.7009             36   446                  
   0.452851E+10  1.0260  3.6990             37   463                  
   0.455195E+10  1.0859  3.6965             38   482                  
   0.457102E+10  1.1460  3.6947             39   503                  
   0.458844E+10  1.2061  3.6919             40   525                  
   0.460417E+10  1.2684  3.6897             41   546                  
   0.461831E+10  1.3311  3.6869             42   569                  
   0.463041E+10  1.3935  3.6843             43   593                  
   0.464089E+10  1.4535  3.6816             44   618                  
   0.465018E+10  1.5137  3.6790             45   646                  
   0.465911E+10  1.5752  3.6772             46   680                  
   0.466713E+10  1.6336  3.6736             47   715                  
   0.467567E+10  1.6725  3.6716 L-M         48   762                  
   0.468313E+10  1.6137  3.6757             49   806                  
   0.468406E+10  1.6093  3.6760 L-m         50   811                  
   0.469019E+10  1.6694  3.6724             51   844                  
   0.469628E+10  1.7281  3.6692             52   883                  
   0.470247E+10  1.7928  3.6657             53   910                  
   0.470768E+10  1.8525  3.6619             54   916                  
   0.471284E+10  1.9169  3.6585             55   923                  
   0.471726E+10  1.9793  3.6547             56   930                  
   0.472107E+10  2.0423  3.6505             57   937                  
   0.472437E+10  2.1022  3.6469             58   944                  
   0.472762E+10  2.1671  3.6427             59   952                  
   0.473041E+10  2.2284  3.6387             60   960                  
   0.473279E+10  2.2922  3.6344             61   968                  
   0.473485E+10  2.3516  3.6302             62   976                  
   0.473687E+10  2.4144  3.6264             63   985                  
   0.473861E+10  2.4761  3.6216             64   994                  
   0.474012E+10  2.5371  3.6177             65  1003                  
   0.474158E+10  2.6002  3.6129             66  1013                  
   0.474282E+10  2.6633  3.6083             67  1023                  
   0.474390E+10  2.7229  3.6062             68  1033                  
   0.474492E+10  2.7843  3.6007             69  1044                  
   0.474589E+10  2.8439  3.5965             70  1056                  
   0.474659E+10  2.9022  3.5902             71  1066                  
   0.474738E+10  2.9623  3.5858             72  1079                  
   0.474811E+10  3.0242  3.5804             73  1093                  
   0.474874E+10  3.0866  3.5755             74  1107                  
   0.474926E+10  3.1449  3.5703             75  1120                  
   0.474978E+10  3.2028  3.5658             76  1135                  
   0.475027E+10  3.2593  3.5587             77  1151                  
   0.475070E+10  3.3157  3.5525             78  1178                  
   0.475107E+10  3.3652  3.5480 F           79  1198                  
   0.000000E+00  0.5397  3.8496 M=  1.30  Z=0.008 Y=0.25     1    11  
   0.275731E+09  0.5645  3.8502              2    29                  
   0.599270E+09  0.5899  3.8515              3    48                  
   0.894453E+09  0.6164  3.8523              4    66                  
   0.104915E+10  0.6306  3.8525 Te-M         5    75                  
   0.116374E+10  0.6411  3.8524              6    83                  
   0.140982E+10  0.6636  3.8514              7    99                  
   0.163501E+10  0.6833  3.8492              8   114                  
   0.184069E+10  0.7002  3.8457              9   129                  
   0.202870E+10  0.7145  3.8412             10   143                  
   0.219999E+10  0.7269  3.8361             11   157                  
   0.235605E+10  0.7372  3.8304             12   171                  
   0.249815E+10  0.7457  3.8245             13   186                  
   0.262685E+10  0.7524  3.8185             14   205                  
   0.274349E+10  0.7584  3.8129             15   231                  
   0.279743E+10  0.7619  3.8104             16   240                  
   0.284844E+10  0.7678  3.8089             17   250                  
   0.286879E+10  0.7717  3.8086 Te-m        18   254                  
   0.290559E+10  0.7857  3.8100             19   269                  
   0.292365E+10  0.8031  3.8135             20   283                  
   0.293615E+10  0.8380  3.8218             21   293                  
   0.293990E+10  0.8701  3.8290             22   301                  
   0.294187E+10  0.8974  3.8342 Te-h        23   310                  
   0.294487E+10  0.8947  3.8254 Xc=0        24   332                  
   0.299762E+10  0.9137  3.8103             25   346                  
   0.305994E+10  0.9134  3.7932             26   355                  
   0.309513E+10  0.8933  3.7787             27   361                  
   0.312812E+10  0.8577  3.7637             28   367                  
   0.315479E+10  0.8161  3.7506             29   372                  
   0.318237E+10  0.7743  3.7378             30   377                  
   0.321795E+10  0.7541  3.7255 Brg         31   383                  
   0.327813E+10  0.7971  3.7144             32   395                  
   0.332206E+10  0.8577  3.7101             33   409                  
   0.335735E+10  0.9186  3.7073             34   422                  
   0.338774E+10  0.9806  3.7050             35   437                  
   0.341443E+10  1.0410  3.7028             36   453                  
   0.343664E+10  1.1011  3.7004             37   471                  
   0.345745E+10  1.1615  3.6982             38   493                  
   0.347563E+10  1.2240  3.6956             39   516                  
   0.349030E+10  1.2853  3.6930             40   539                  
   0.350377E+10  1.3452  3.6906             41   567                  
   0.351557E+10  1.4044  3.6878             42   592                  
   0.352521E+10  1.4634  3.6850             43   616                  
   0.353470E+10  1.5255  3.6821             44   646                  
   0.354333E+10  1.5867  3.6795             45   679                  
   0.355080E+10  1.6480  3.6774             46   716                  
   0.355820E+10  1.7072  3.6739             47   758                  
   0.356397E+10  1.7339  3.6726 L-M         48   797                  
   0.357024E+10  1.6758  3.6765             49   842                  
   0.357066E+10  1.6749  3.6765 L-m         50   845                  
   0.357574E+10  1.7343  3.6731             51   879                  
   0.358127E+10  1.7934  3.6699             52   921                  
   0.358674E+10  1.8580  3.6657             53   959                  
   0.359186E+10  1.9245  3.6618             54   966                  
   0.359624E+10  1.9863  3.6582             55   973                  
   0.359997E+10  2.0472  3.6545             56   980                  
   0.360320E+10  2.1075  3.6506             57   987                  
   0.360643E+10  2.1719  3.6463             58   995                  
   0.360919E+10  2.2338  3.6427             59  1003                  
   0.361158E+10  2.2969  3.6386             60  1011                  
   0.361364E+10  2.3561  3.6344             61  1019                  
   0.361564E+10  2.4165  3.6301             62  1028                  
   0.361718E+10  2.4746  3.6263             63  1036                  
   0.361870E+10  2.5350  3.6222             64  1045                  
   0.362003E+10  2.5935  3.6178             65  1054                  
   0.362129E+10  2.6553  3.6132             66  1064                  
   0.362249E+10  2.7205  3.6085             67  1075                  
   0.362361E+10  2.7892  3.6051             68  1087                  
   0.362450E+10  2.8483  3.6004             69  1098                  
   0.362534E+10  2.9090  3.5945             70  1110                  
   0.362607E+10  2.9684  3.5894             71  1122                  
   0.362675E+10  3.0272  3.5835             72  1135                  
   0.362739E+10  3.0882  3.5791             73  1149                  
   0.362794E+10  3.1494  3.5745             74  1163                  
   0.362846E+10  3.2087  3.5705             75  1178                  
   0.362894E+10  3.2664  3.5641             76  1194                  
   0.362937E+10  3.3263  3.5572             77  1216                  
   0.362969E+10  3.3669  3.5516 F           78  1231                  
   0.000000E+00  0.6840  3.8785 M=  1.40  Z=0.008 Y=0.25     1    14  
   0.237297E+09  0.7073  3.8785              2    32                  
   0.514447E+09  0.7355  3.8798              3    52                  
   0.688125E+09  0.7539  3.8802 Te-M         4    64                  
   0.765957E+09  0.7622  3.8800              5    70                  
   0.994188E+09  0.7865  3.8785              6    87                  
   0.120094E+10  0.8080  3.8751              7   103                  
   0.138886E+10  0.8267  3.8700              8   118                  
   0.155931E+10  0.8435  3.8636              9   133                  
   0.171419E+10  0.8583  3.8563             10   148                  
   0.185425E+10  0.8712  3.8482             11   161                  
   0.198124E+10  0.8822  3.8399             12   175                  
   0.209581E+10  0.8908  3.8316             13   190                  
   0.219911E+10  0.8973  3.8237             14   209                  
   0.229219E+10  0.9025  3.8161             15   235                  
   0.233518E+10  0.9056  3.8129             16   244                  
   0.237577E+10  0.9107  3.8106             17   254                  
   0.240001E+10  0.9167  3.8099 Te-m        18   261                  
   0.242116E+10  0.9274  3.8111             19   273                  
   0.243540E+10  0.9444  3.8148             20   287                  
   0.244513E+10  0.9790  3.8244             21   297                  
   0.244796E+10  1.0120  3.8338             22   305                  
   0.244960E+10  1.0472  3.8439 Te-h        23   317                  
   0.245033E+10  1.0191  3.8361 Xc=0        24   335                  
   0.245280E+10  1.0377  3.8211             25   344                  
   0.246934E+10  1.0429  3.8055             26   354                  
   0.249331E+10  1.0337  3.7895             27   362                  
   0.250787E+10  1.0072  3.7752             28   368                  
   0.251852E+10  0.9669  3.7617             29   373                  
   0.252674E+10  0.9245  3.7507             30   377                  
   0.253738E+10  0.8746  3.7375             31   382                  
   0.254961E+10  0.8543  3.7264 Brg         32   387                  
   0.257245E+10  0.8981  3.7151             33   395                  
   0.259258E+10  0.9594  3.7108             34   404                  
   0.261316E+10  1.0195  3.7081             35   415                  
   0.263364E+10  1.0815  3.7056             36   428                  
   0.265315E+10  1.1458  3.7029             37   444                  
   0.267009E+10  1.2086  3.7003             38   462                  
   0.268438E+10  1.2678  3.6976             39   481                  
   0.269763E+10  1.3288  3.6952             40   501                  
   0.270884E+10  1.3882  3.6923             41   524                  
   0.271891E+10  1.4486  3.6895             42   550                  
   0.272835E+10  1.5087  3.6864             43   580                  
   0.273632E+10  1.5678  3.6837             44   607                  
   0.274375E+10  1.6275  3.6809             45   638                  
   0.275065E+10  1.6892  3.6788             46   673                  
   0.275679E+10  1.7479  3.6755             47   713                  
   0.276439E+10  1.7989  3.6729 L-M         48   770                  
   0.276955E+10  1.7399  3.6767             49   813                  
   0.276991E+10  1.7388  3.6768 L-m         50   816                  
   0.277463E+10  1.7984  3.6735             51   852                  
   0.277947E+10  1.8569  3.6698             52   897                  
   0.278414E+10  1.9194  3.6658             53   944                  
   0.278849E+10  1.9827  3.6621             54   951                  
   0.279229E+10  2.0459  3.6586             55   958                  
   0.279559E+10  2.1058  3.6544             56   965                  
   0.279883E+10  2.1698  3.6502             57   973                  
   0.280162E+10  2.2340  3.6461             58   981                  
   0.280401E+10  2.2948  3.6425             59   989                  
   0.280608E+10  2.3544  3.6387             60   997                  
   0.280810E+10  2.4197  3.6343             61  1006                  
   0.280984E+10  2.4810  3.6294             62  1015                  
   0.281134E+10  2.5420  3.6254             63  1024                  
   0.281277E+10  2.6062  3.6206             64  1034                  
   0.281401E+10  2.6675  3.6161             65  1044                  
   0.281518E+10  2.7325  3.6113             66  1055                  
   0.281618E+10  2.7963  3.6080             67  1066                  
   0.281705E+10  2.8543  3.6039             68  1077                  
   0.281788E+10  2.9149  3.5984             69  1089                  
   0.281866E+10  2.9743  3.5932             70  1102                  
   0.281927E+10  3.0346  3.5882             71  1114                  
   0.281990E+10  3.0914  3.5822             72  1128                  
   0.282044E+10  3.1527  3.5782             73  1142                  
   0.282095E+10  3.2103  3.5737             74  1157                  
   0.282143E+10  3.2685  3.5691             75  1178                  
   0.282184E+10  3.3236  3.5629             76  1198                  
   0.282216E+10  3.3648  3.5583 F           77  1216                  
   0.000000E+00  0.6840  3.8785 M=  1.40  Z=0.008 Y=0.25     1    14  
   0.237297E+09  0.7073  3.8785              2    32                  
   0.514447E+09  0.7355  3.8798              3    52                  
   0.688125E+09  0.7539  3.8802              4    64                  
   0.765957E+09  0.7622  3.8800              5    70                  
   0.994188E+09  0.7865  3.8785              6    87                  
   0.120094E+10  0.8080  3.8751              7   103                  
   0.138886E+10  0.8267  3.8700              8   118                  
   0.155931E+10  0.8435  3.8636              9   133                  
   0.171419E+10  0.8583  3.8563             10   148                  
   0.185425E+10  0.8712  3.8482             11   161                  
   0.198124E+10  0.8822  3.8399             12   175                  
   0.209581E+10  0.8908  3.8316             13   190                  
   0.219911E+10  0.8973  3.8237             14   209                  
   0.229219E+10  0.9025  3.8161             15   235                  
   0.233518E+10  0.9056  3.8129             16   244                  
   0.237577E+10  0.9107  3.8106             17   254                  
   0.240001E+10  0.9167  3.8099 Te-m        18   261                  
   0.242116E+10  0.9274  3.8111             19   273                  
   0.243540E+10  0.9444  3.8148             20   287                  
   0.244513E+10  0.9790  3.8244             21   297                  
   0.244796E+10  1.0120  3.8338             22   305                  
   0.244960E+10  1.0472  3.8439 Te-h        23   317                  
   0.245033E+10  1.0191  3.8361 Xc=0        24   335                  
   0.245280E+10  1.0377  3.8211             25   344                  
   0.246934E+10  1.0429  3.8055             26   354                  
   0.249331E+10  1.0337  3.7895             27   362                  
   0.250787E+10  1.0072  3.7752             28   368                  
   0.251852E+10  0.9669  3.7617             29   373                  
   0.252674E+10  0.9245  3.7507             30   377                  
   0.253738E+10  0.8746  3.7375             31   382                  
   0.254961E+10  0.8543  3.7264 Brg         32   387                  
   0.257245E+10  0.8981  3.7151             33   395                  
   0.259258E+10  0.9594  3.7108             34   404                  
   0.261316E+10  1.0195  3.7081             35   415                  
   0.263364E+10  1.0815  3.7056             36   428                  
   0.265315E+10  1.1458  3.7029             37   444                  
   0.267009E+10  1.2086  3.7003             38   462                  
   0.268438E+10  1.2678  3.6976             39   481                  
   0.269763E+10  1.3288  3.6952             40   501                  
   0.270884E+10  1.3882  3.6923             41   524                  
   0.271891E+10  1.4486  3.6895             42   550                  
   0.272835E+10  1.5087  3.6864             43   580                  
   0.273632E+10  1.5678  3.6837             44   607                  
   0.274375E+10  1.6275  3.6809             45   638                  
   0.275065E+10  1.6892  3.6788             46   673                  
   0.275679E+10  1.7479  3.6755             47   713                  
   0.276439E+10  1.7989  3.6729 L-M         48   770                  
   0.276955E+10  1.7399  3.6767             49   813                  
   0.276991E+10  1.7388  3.6768 L-m         50   816                  
   0.277463E+10  1.7984  3.6735             51   852                  
   0.277947E+10  1.8569  3.6698             52   897                  
   0.278414E+10  1.9194  3.6658             53   944                  
   0.278849E+10  1.9827  3.6621             54   951                  
   0.279229E+10  2.0459  3.6586             55   958                  
   0.279559E+10  2.1058  3.6544             56   965                  
   0.279883E+10  2.1698  3.6502             57   973                  
   0.280162E+10  2.2340  3.6461             58   981                  
   0.280401E+10  2.2948  3.6425             59   989                  
   0.280608E+10  2.3544  3.6387             60   997                  
   0.280810E+10  2.4197  3.6343             61  1006                  
   0.280984E+10  2.4810  3.6294             62  1015                  
   0.281134E+10  2.5420  3.6254             63  1024                  
   0.281277E+10  2.6062  3.6206             64  1034                  
   0.281401E+10  2.6675  3.6161             65  1044                  
   0.281518E+10  2.7325  3.6113             66  1055                  
   0.281618E+10  2.7963  3.6080             67  1066                  
   0.281705E+10  2.8543  3.6039             68  1077                  
   0.281788E+10  2.9149  3.5984             69  1089                  
   0.281866E+10  2.9743  3.5932             70  1102                  
   0.281927E+10  3.0346  3.5882             71  1114                  
   0.281990E+10  3.0914  3.5822             72  1128                  
   0.282044E+10  3.1527  3.5782             73  1142                  
   0.282095E+10  3.2103  3.5737             74  1157                  
   0.282143E+10  3.2685  3.5691             75  1178                  
   0.282184E+10  3.3236  3.5629             76  1198                  
   0.282216E+10  3.3648  3.5583 F           77  1216                  
   0.000000E+00  0.8175  3.9078 M=  1.50  Z=0.008 Y=0.25     1    11  
   0.205847E+09  0.8404  3.9080              2    29                  
   0.440940E+09  0.8661  3.9079              3    48                  
   0.657834E+09  0.8919  3.9063              4    66                  
   0.853387E+09  0.9156  3.9026              5    83                  
   0.103076E+10  0.9373  3.8973              6    99                  
   0.119078E+10  0.9570  3.8906              7   114                  
   0.133537E+10  0.9752  3.8828              8   129                  
   0.146590E+10  0.9914  3.8738              9   144                  
   0.158344E+10  1.0057  3.8637             10   158                  
   0.168930E+10  1.0174  3.8525             11   171                  
   0.178463E+10  1.0269  3.8409             12   186                  
   0.187023E+10  1.0336  3.8298             13   205                  
   0.194710E+10  1.0387  3.8200             14   232                  
   0.198246E+10  1.0415  3.8158             15   240                  
   0.201589E+10  1.0462  3.8125             16   250                  
   0.203868E+10  1.0530  3.8114 Te-m        17   259                  
   0.205323E+10  1.0622  3.8124             18   269                  
   0.206491E+10  1.0787  3.8163             19   283                  
   0.207284E+10  1.1130  3.8273             20   293                  
   0.207511E+10  1.1464  3.8395             21   302                  
   0.207643E+10  1.1886  3.8542 Te-h        22   315                  
   0.207670E+10  1.1692  3.8502 Xc=0        23   331                  
   0.207718E+10  1.1425  3.8363             24   337                  
   0.207845E+10  1.1640  3.8197             25   343                  
   0.208223E+10  1.1669  3.8040             26   350                  
   0.209038E+10  1.1535  3.7891             27   357                  
   0.209899E+10  1.1231  3.7740             28   363                  
   0.210429E+10  1.0848  3.7620             29   367                  
   0.210920E+10  1.0337  3.7498             30   371                  
   0.211401E+10  0.9861  3.7376             31   375                  
   0.211908E+10  0.9679  3.7275 Brg         32   379                  
   0.212788E+10  1.0153  3.7158             33   385                  
   0.213377E+10  1.0758  3.7114             34   389                  
   0.213898E+10  1.1359  3.7083             35   394                  
   0.214520E+10  1.2088  3.7051             36   401                  
   0.215049E+10  1.2707  3.7018             37   406                  
   0.215566E+10  1.3313  3.6992             38   413                  
   0.216119E+10  1.3965  3.6966             39   421                  
   0.216663E+10  1.4578  3.6934             40   431                  
   0.217199E+10  1.5193  3.6900             41   443                  
   0.217743E+10  1.5821  3.6868             42   460                  
   0.218306E+10  1.6428  3.6838             43   482                  
   0.218953E+10  1.7023  3.6809             44   510                  
   0.220902E+10  1.7585  3.6795 L-M         45   629                  
   0.221425E+10  1.7224  3.6807 L-m         46   664                  
   0.221847E+10  1.7838  3.6786             47   692                  
   0.222281E+10  1.8437  3.6751             48   727                  
   0.222693E+10  1.9043  3.6710             49   769                  
   0.223074E+10  1.9642  3.6673             50   795                  
   0.223417E+10  2.0238  3.6637             51   801                  
   0.223763E+10  2.0878  3.6598             52   808                  
   0.224060E+10  2.1497  3.6555             53   815                  
   0.224352E+10  2.2172  3.6511             54   823                  
   0.224601E+10  2.2799  3.6472             55   831                  
   0.224814E+10  2.3424  3.6429             56   839                  
   0.224997E+10  2.4031  3.6385             57   847                  
   0.225176E+10  2.4676  3.6341             58   856                  
   0.225331E+10  2.5285  3.6299             59   865                  
   0.225465E+10  2.5868  3.6263             60   874                  
   0.225594E+10  2.6487  3.6214             61   884                  
   0.225704E+10  2.7123  3.6168             62   894                  
   0.225810E+10  2.7740  3.6122             63   905                  
   0.225901E+10  2.8368  3.6085             64   916                  
   0.225987E+10  2.8984  3.6039             65   928                  
   0.226061E+10  2.9584  3.5991             66   940                  
   0.226126E+10  3.0163  3.5930             67   952                  
   0.226197E+10  3.0842  3.5877             68   967                  
   0.226261E+10  3.1427  3.5822             69   983                  
   0.226312E+10  3.2020  3.5783             70   998                  
   0.226355E+10  3.2620  3.5737             71  1019                  
   0.226403E+10  3.3207  3.5688             72  1039                  
   0.226415E+10  3.3353  3.5679 F           73  1048                  
   0.000000E+00  0.9354  3.9350 M=  1.60  Z=0.008 Y=0.25     1    11  
   0.166127E+09  0.9589  3.9338              2    29                  
   0.361191E+09  0.9825  3.9321              3    48                  
   0.539249E+09  1.0068  3.9288              4    66                  
   0.700001E+09  1.0289  3.9239              5    83                  
   0.846256E+09  1.0499  3.9177              6    99                  
   0.978220E+09  1.0695  3.9107              7   114                  
   0.109741E+10  1.0877  3.9025              8   129                  
   0.120484E+10  1.1041  3.8933              9   144                  
   0.130144E+10  1.1182  3.8828             10   158                  
   0.138844E+10  1.1300  3.8709             11   171                  
   0.146659E+10  1.1395  3.8578             12   186                  
   0.153697E+10  1.1464  3.8441             13   205                  
   0.160009E+10  1.1515  3.8311             14   231                  
   0.162912E+10  1.1544  3.8258             15   240                  
   0.165654E+10  1.1591  3.8218             16   250                  
   0.167455E+10  1.1654  3.8206 Te-m        17   258                  
   0.168713E+10  1.1749  3.8217             18   269                  
   0.169670E+10  1.1912  3.8268             19   283                  
   0.170321E+10  1.2249  3.8419             20   293                  
   0.170506E+10  1.2578  3.8570             21   301                  
   0.170611E+10  1.2982  3.8731 Te-h        22   314                  
   0.170636E+10  1.2759  3.8684 Xc=0        23   330                  
   0.170673E+10  1.2481  3.8529             24   336                  
   0.170749E+10  1.2681  3.8353             25   341                  
   0.170899E+10  1.2759  3.8192             26   346                  
   0.171256E+10  1.2708  3.8035             27   352                  
   0.171827E+10  1.2524  3.7880             28   358                  
   0.172344E+10  1.2188  3.7734             29   363                  
   0.172728E+10  1.1719  3.7601             30   367                  
   0.173085E+10  1.1123  3.7468             31   371                  
   0.173439E+10  1.0662  3.7340             32   375                  
   0.173622E+10  1.0597  3.7289 Brg         33   377                  
   0.174237E+10  1.1080  3.7168             34   383                  
   0.174648E+10  1.1698  3.7117             35   391                  
   0.175076E+10  1.2426  3.7079             36   399                  
   0.175472E+10  1.3120  3.7043             37   403                  
   0.175845E+10  1.3770  3.7016             38   407                  
   0.176196E+10  1.4424  3.6982             39   412                  
   0.176534E+10  1.5037  3.6951             40   418                  
   0.176876E+10  1.5681  3.6921             41   425                  
   0.177218E+10  1.6283  3.6884             42   434                  
   0.177545E+10  1.6894  3.6849             43   445                  
   0.177871E+10  1.7507  3.6817             44   460                  
   0.178178E+10  1.8111  3.6798             45   476                  
   0.178497E+10  1.8715  3.6763             46   497                  
   0.178831E+10  1.9294  3.6723             47   523                  
   0.179285E+10  1.9874  3.6687 L-M         48   569                  
   0.179590E+10  1.9276  3.6728             49   604                  
   0.179690E+10  1.8682  3.6771             50   614                  
   0.179804E+10  1.8036  3.6810             51   624                  
   0.179878E+10  1.7724  3.6818 L-m         52   630                  
   0.180155E+10  1.8334  3.6794             53   650                  
   0.180457E+10  1.8936  3.6758             54   676                  
   0.180769E+10  1.9516  3.6719             55   710                  
   0.181055E+10  2.0104  3.6682             56   748                  
   0.181374E+10  2.0792  3.6640             57   770                  
   0.181637E+10  2.1382  3.6599             58   776                  
   0.181902E+10  2.2031  3.6556             59   783                  
   0.182129E+10  2.2647  3.6516             60   790                  
   0.182325E+10  2.3235  3.6478             61   797                  
   0.182519E+10  2.3869  3.6434             62   805                  
   0.182705E+10  2.4528  3.6388             63   814                  
   0.182865E+10  2.5184  3.6349             64   823                  
   0.183002E+10  2.5792  3.6303             65   832                  
   0.183122E+10  2.6394  3.6255             66   841                  
   0.183236E+10  2.7005  3.6211             67   851                  
   0.183335E+10  2.7606  3.6167             68   861                  
   0.183429E+10  2.8224  3.6121             69   872                  
   0.183511E+10  2.8815  3.6086             70   883                  
   0.183589E+10  2.9443  3.6036             71   895                  
   0.183661E+10  3.0063  3.5985             72   908                  
   0.183724E+10  3.0663  3.5928             73   921                  
   0.183790E+10  3.1257  3.5873             74   937                  
   0.183841E+10  3.1865  3.5824             75   951                  
   0.183887E+10  3.2471  3.5785             76   973                  
   0.183919E+10  3.2866  3.5748 F           77   985                  
   0.000000E+00  1.0473  3.9586 M=  1.70  Z=0.008 Y=0.25     1    10  
   0.142456E+09  1.0678  3.9568              2    29                  
   0.302283E+09  1.0895  3.9533              3    48                  
   0.447566E+09  1.1112  3.9486              4    66                  
   0.582656E+09  1.1327  3.9429              5    83                  
   0.705346E+09  1.1535  3.9365              6    99                  
   0.816280E+09  1.1733  3.9292              7   114                  
   0.916305E+09  1.1915  3.9210              8   129                  
   0.100636E+10  1.2078  3.9116              9   143                  
   0.108738E+10  1.2221  3.9009             10   157                  
   0.116010E+10  1.2341  3.8891             11   171                  
   0.122553E+10  1.2438  3.8757             12   186                  
   0.128437E+10  1.2507  3.8611             13   204                  
   0.133711E+10  1.2561  3.8463             14   231                  
   0.136141E+10  1.2591  3.8396             15   240                  
   0.138428E+10  1.2638  3.8344             16   250                  
   0.139818E+10  1.2695  3.8329 Te-m        17   257                  
   0.140984E+10  1.2795  3.8347             18   268                  
   0.141782E+10  1.2957  3.8414             19   283                  
   0.142323E+10  1.3289  3.8593             20   293                  
   0.142477E+10  1.3614  3.8752             21   301                  
   0.142565E+10  1.4000  3.8914 Te-h        22   314                  
   0.142585E+10  1.3758  3.8863 Xc=0        23   330                  
   0.142617E+10  1.3472  3.8702             24   336                  
   0.142663E+10  1.3637  3.8550             25   340                  
   0.142741E+10  1.3752  3.8396             26   344                  
   0.142869E+10  1.3766  3.8245             27   348                  
   0.143130E+10  1.3695  3.8077             28   353                  
   0.143492E+10  1.3521  3.7923             29   358                  
   0.143881E+10  1.3168  3.7761             30   363                  
   0.144174E+10  1.2667  3.7618             31   367                  
   0.144380E+10  1.2162  3.7506             32   370                  
   0.144579E+10  1.1698  3.7400             33   373                  
   0.144852E+10  1.1460  3.7281 Brg         34   377                  
   0.145232E+10  1.1910  3.7177             35   382                  
   0.145523E+10  1.2508  3.7126             36   386                  
   0.145809E+10  1.3160  3.7086             37   393                  
   0.146150E+10  1.3977  3.7043             38   399                  
   0.146438E+10  1.4678  3.7004             39   403                  
   0.146682E+10  1.5289  3.6974             40   407                  
   0.146935E+10  1.5930  3.6945             41   412                  
   0.147198E+10  1.6587  3.6907             42   419                  
   0.147432E+10  1.7199  3.6868             43   427                  
   0.147655E+10  1.7795  3.6835             44   436                  
   0.147879E+10  1.8401  3.6818             45   448                  
   0.148099E+10  1.9006  3.6781             46   462                  
   0.148304E+10  1.9592  3.6741             47   477                  
   0.148525E+10  2.0195  3.6702             48   498                  
   0.148755E+10  2.0794  3.6668             49   524                  
   0.148987E+10  2.1144  3.6644 L-M         50   557                  
   0.149170E+10  2.0531  3.6684             51   585                  
   0.149234E+10  1.9916  3.6724             52   594                  
   0.149290E+10  1.9324  3.6766             53   601                  
   0.149352E+10  1.8712  3.6806             54   608                  
   0.149403E+10  1.8373  3.6827 L-m         55   613                  
   0.149621E+10  1.8979  3.6791             56   630                  
   0.149856E+10  1.9578  3.6752             57   653                  
   0.150107E+10  2.0188  3.6713             58   684                  
   0.150343E+10  2.0791  3.6676             59   721                  
   0.150564E+10  2.1371  3.6635             60   764                  
   0.150794E+10  2.1990  3.6594             61   770                  
   0.150993E+10  2.2582  3.6554             62   776                  
   0.151194E+10  2.3211  3.6514             63   783                  
   0.151366E+10  2.3806  3.6470             64   790                  
   0.151537E+10  2.4431  3.6426             65   798                  
   0.151683E+10  2.5045  3.6382             66   806                  
   0.151825E+10  2.5671  3.6339             67   815                  
   0.151947E+10  2.6254  3.6301             68   824                  
   0.152053E+10  2.6876  3.6252             69   833                  
   0.152154E+10  2.7465  3.6210             70   843                  
   0.152243E+10  2.8055  3.6167             71   853                  
   0.152334E+10  2.8713  3.6117             72   865                  
   0.152413E+10  2.9336  3.6081             73   877                  
   0.152481E+10  2.9940  3.6024             74   889                  
   0.152551E+10  3.0597  3.5975             75   903                  
   0.152606E+10  3.1178  3.5924             76   916                  
   0.152659E+10  3.1762  3.5875             77   934                  
   0.152688E+10  3.2116  3.5837 F           78   945                  
   0.000000E+00  1.1440  3.9787 M=  1.80  Z=0.008 Y=0.25     1    12  
   0.121546E+09  1.1660  3.9763              2    31                  
   0.262050E+09  1.1875  3.9715              3    52                  
   0.389567E+09  1.2102  3.9663              4    70                  
   0.504643E+09  1.2325  3.9604              5    87                  
   0.608884E+09  1.2538  3.9538              6   103                  
   0.702832E+09  1.2737  3.9463              7   118                  
   0.787455E+09  1.2922  3.9379              8   133                  
   0.863615E+09  1.3088  3.9283              9   147                  
   0.931889E+09  1.3232  3.9176             10   161                  
   0.993402E+09  1.3355  3.9054             11   175                  
   0.104872E+10  1.3451  3.8919             12   190                  
   0.109839E+10  1.3525  3.8772             13   209                  
   0.114282E+10  1.3582  3.8617             14   235                  
   0.116324E+10  1.3612  3.8544             15   244                  
   0.118248E+10  1.3660  3.8486             16   254                  
   0.119520E+10  1.3723  3.8469 Te-m        17   262                  
   0.120394E+10  1.3816  3.8490             18   273                  
   0.121064E+10  1.3976  3.8565             19   287                  
   0.121518E+10  1.4300  3.8752             20   297                  
   0.121648E+10  1.4620  3.8911             21   305                  
   0.121718E+10  1.4995  3.9070 Te-h        22   317                  
   0.121738E+10  1.4726  3.9014 Xc=0        23   334                  
   0.121765E+10  1.4441  3.8847             24   340                  
   0.121803E+10  1.4611  3.8692             25   344                  
   0.121866E+10  1.4732  3.8528             26   348                  
   0.121968E+10  1.4748  3.8355             27   352                  
   0.122123E+10  1.4698  3.8182             28   356                  
   0.122328E+10  1.4581  3.8025             29   360                  
   0.122563E+10  1.4374  3.7882             30   364                  
   0.122798E+10  1.4012  3.7735             31   368                  
   0.122964E+10  1.3589  3.7618             32   371                  
   0.123122E+10  1.3044  3.7499             33   374                  
   0.123275E+10  1.2555  3.7387             34   377                  
   0.123430E+10  1.2361  3.7290 Brg         35   380                  
   0.123711E+10  1.2783  3.7182             36   385                  
   0.123925E+10  1.3362  3.7130             37   389                  
   0.124122E+10  1.3951  3.7089             38   396                  
   0.124338E+10  1.4635  3.7049             39   400                  
   0.124525E+10  1.5255  3.7019             40   405                  
   0.124743E+10  1.5986  3.6980             41   409                  
   0.124927E+10  1.6605  3.6942             42   413                  
   0.125100E+10  1.7191  3.6907             43   418                  
   0.125279E+10  1.7789  3.6872             44   424                  
   0.125462E+10  1.8427  3.6837             45   432                  
   0.125626E+10  1.9029  3.6816             46   441                  
   0.125787E+10  1.9638  3.6777             47   453                  
   0.125937E+10  2.0223  3.6738             48   465                  
   0.126087E+10  2.0833  3.6699             49   480                  
   0.126233E+10  2.1414  3.6660             50   498                  
   0.126389E+10  2.2004  3.6619             51   522                  
   0.126555E+10  2.2361  3.6594 L-M         52   553                  
   0.126683E+10  2.1736  3.6640             53   579                  
   0.126728E+10  2.1156  3.6681             54   588                  
   0.126769E+10  2.0485  3.6726             55   595                  
   0.126810E+10  1.9855  3.6771             56   601                  
   0.126859E+10  1.9246  3.6809             57   607                  
   0.126885E+10  1.9125  3.6818 L-m         58   610                  
   0.127030E+10  1.9725  3.6780             59   623                  
   0.127213E+10  2.0321  3.6742             60   644                  
   0.127394E+10  2.0907  3.6703             61   671                  
   0.127575E+10  2.1487  3.6664             62   704                  
   0.127751E+10  2.2065  3.6623             63   744                  
   0.127951E+10  2.2762  3.6577             64   776                  
   0.128118E+10  2.3355  3.6537             65   782                  
   0.128283E+10  2.3986  3.6491             66   789                  
   0.128427E+10  2.4578  3.6447             67   796                  
   0.128568E+10  2.5207  3.6404             68   804                  
   0.128705E+10  2.5884  3.6358             69   813                  
   0.128822E+10  2.6501  3.6314             70   822                  
   0.128922E+10  2.7091  3.6271             71   831                  
   0.129019E+10  2.7703  3.6225             72   841                  
   0.129111E+10  2.8348  3.6177             73   852                  
   0.129196E+10  2.9024  3.6126             74   864                  
   0.129268E+10  2.9660  3.6087             75   876                  
   0.129338E+10  3.0259  3.6032             76   893                  
   0.129363E+10  3.0545  3.6007 F           77   901                  
   5   5   7   7   7   9   9   9   9   9   9   8   8   8   8   8
   1  21  22  25  81                                                     !  0.60 1	1
   1  19  22  25  81                                                     !  0.70 2	2
   1  19  22  25  47  48  81                                             !  0.70 3	3
   1  20  22  26  46  47  80                                             !  0.80 5	4
   1  14  24  28  47  48  80                                             !  0.90 8 	5
   1  14  18  21  24  28  47  48  80                                     !  0.90 9	6
   1  11  18  22  24  29  47  49  80                                     !  1.00 0	7
   1  10  17  21  24  30  48  50  80                                     !  1.10 0	8
   1   7  18  23  24  31  48  50  79                                     !  1.20 0	9
   1   5  18  23  24  31  48  50  78                                     !  1.30 0	10
   1   4  18  23  24  32  48  50  77                                     !  1.40 10	11
   1  18  23  24  32  48  50  77                                         !  1.40 11	12
   1  17  22  23  32  45  46  73                                         !  1.50 12	13
   1  17  22  23  33  48  52  77                                         !  1.60 14	14
   1  17  22  23  34  50  55  78                                         !  1.70 16 	15
   1  17  22  23  35  52  58  77                                         !  1.80 18	16
  0.0000  0.0000  0.0000  0.0000  0.0000  0.0000  0.0000  0.0000  0.0000  0.0000
  0.0000  0.0000  0.0000  0.0000  0.0000  0.0000
   INTERPOLA
   1 2 3 5 8 9 0 0 0 0 10 11 12 14 16 18
