0.000 2.1859 3.6954 0.55000 0.49450 0.4784 3.0332E+00 1 8.93305e-10 3.6954 7.629569E-01 2.339915E-01 0.000708379
293007.012 2.1947 3.6958 0.54585 0.49622 0.4784 3.0853E+00 1 9.31108e-10 3.6958 7.629569E-01 2.339915E-01 0.000708379
569487.231 2.1994 3.6970 0.53961 0.49838 0.4784 3.1030E+00 1 9.61612e-10 3.6970 7.629569E-01 2.339915E-01 0.000708379
788343.395 3.1406 3.6473 0.53422 0.49985 0.4784 2.5136E+01 1 5.12861e-08 3.6473 7.629569E-01 2.339915E-01 0.000708379
880427.923 2.1895 3.7004 0.52915 0.50142 0.4784 3.0036E+00 1 9.54993e-10 3.7004 7.629569E-01 2.339915E-01 0.000708379
1077672.386 3.1835 3.6520 0.52349 0.50272 0.4784 2.6541E+01 1 6.48634e-08 3.6520 7.629569E-01 2.339915E-01 0.000708379
1218698.974 2.0892 3.7133 0.51246 0.50551 0.4784 2.3106E+00 1 7.07946e-10 3.7133 7.629569E-01 2.339915E-01 0.000708379
1347831.896 3.1134 3.6961 0.50708 0.50602 0.4784 1.7182E+01 1 4.46684e-08 3.6961 7.629569E-01 2.339915E-01 0.000708379
0.000 2.3669 3.6858 0.60000 0.50440 0.4784 4.3374E+00 1 1.55955e-09 3.6858 7.629569E-01 2.339915E-01 0.000708379
264696.997 2.3922 3.6852 0.59251 0.50692 0.4784 4.5899E+00 1 1.74181e-09 3.6852 7.629569E-01 2.339915E-01 0.000708379
491142.878 3.2351 3.6328 0.58358 0.50935 0.4784 3.1760E+01 1 7.36207e-08 3.6328 7.629569E-01 2.339915E-01 0.000708379
528698.779 2.4163 3.6854 0.58082 0.51015 0.4784 4.8398E+00 1 1.95884e-09 3.6854 7.629569E-01 2.339915E-01 0.000708379
747349.954 3.2941 3.6314 0.56989 0.51263 0.4784 3.6184E+01 1 1.03992e-07 3.6314 7.629569E-01 2.339915E-01 0.000708379
828499.354 2.4296 3.6879 0.56084 0.51467 0.4784 4.9574E+00 1 2.15774e-09 3.6879 7.629569E-01 2.339915E-01 0.000708379
997925.127 3.3114 3.6395 0.54681 0.51630 0.4784 3.5959E+01 1 1.19124e-07 3.6395 7.629569E-01 2.339915E-01 0.000708379
1145187.808 2.2790 3.7120 0.52407 0.52047 0.4784 3.2655E+00 1 1.38357e-09 3.7120 7.629569E-01 2.339915E-01 0.000708379
1145703.684 3.5663 3.6789 0.52407 0.52047 0.4784 8.1427E+01 0 5.33335e-05 3.6789 7.629569E-01 2.339915E-01 0.000708379
0.000 2.4551 3.6807 0.65000 0.50810 0.4791 5.0769E+00 1 1.97697e-09 3.6807 7.610269E-01 2.359935E-01 0.000708761
246092.768 2.4813 3.6796 0.64549 0.51009 0.4791 5.3897E+00 1 2.19786e-09 3.6796 7.610269E-01 2.359935E-01 0.000708761
493256.514 2.5130 3.6785 0.63766 0.51282 0.4791 5.7950E+00 1 2.52348e-09 3.6785 7.610269E-01 2.359935E-01 0.000708761
775190.809 2.5507 3.6774 0.62356 0.51682 0.4791 6.3294E+00 1 2.99916e-09 3.6774 7.610269E-01 2.359935E-01 0.000708761
1025762.784 3.3509 3.6241 0.60667 0.52061 0.4791 7.3720E+01 0 1.28233e-07 3.6241 7.610269E-01 2.359935E-01 0.000708761
1078959.112 2.5833 3.6778 0.59966 0.52215 0.4791 6.8355E+00 1 3.58922e-09 3.6778 7.610269E-01 2.359935E-01 0.000708761
1286596.173 3.4031 3.6613 0.53307 0.52535 0.4791 3.6730E+01 1 6.03949e-06 3.6613 7.610269E-01 2.359935E-01 0.000708761
0.000 2.5291 3.6772 0.70000 0.51240 0.4798 5.7444E+00 1 2.39883e-09 3.6772 7.589270E-01 2.380126E-01 0.000709061
225850.115 2.5578 3.6758 0.69582 0.51435 0.4798 6.1364E+00 1 2.69774e-09 3.6758 7.589270E-01 2.380126E-01 0.000709061
461103.649 2.5948 3.6740 0.68825 0.51718 0.4798 6.6887E+00 1 3.155e-09 3.6740 7.589270E-01 2.380126E-01 0.000709061
730417.176 2.6413 3.6719 0.67447 0.52133 0.4798 7.4726E+00 1 3.89045e-09 3.6719 7.589270E-01 2.380126E-01 0.000709061
991971.776 3.3839 3.6196 0.65488 0.52599 0.4798 4.3319E+01 1 1.35207e-07 3.6196 7.589270E-01 2.380126E-01 0.000709061
1020640.025 2.6889 3.6702 0.65104 0.52687 0.4798 8.4102E+00 1 4.93174e-09 3.6702 7.589270E-01 2.380126E-01 0.000709061
1263754.072 3.4500 3.6407 0.55220 0.53184 0.4798 8.4724E+01 0 1.09648e-05 3.6407 7.589270E-01 2.380126E-01 0.000709061
0.000 2.6347 3.6733 0.80000 0.51910 0.4714 6.6981E+00 1 3.06902e-09 3.6733 7.549184E-01 2.419914E-01 0.000709826
201540.040 2.6692 3.6714 0.79574 0.52122 0.4714 7.2577E+00 1 3.53997e-09 3.6714 7.549184E-01 2.419914E-01 0.000709826
423658.988 2.7159 3.6688 0.78784 0.52443 0.4714 8.0954E+00 1 4.31519e-09 3.6688 7.549184E-01 2.419914E-01 0.000709826
679272.492 2.7747 3.6653 0.77356 0.52912 0.4714 9.3390E+00 1 5.61048e-09 3.6653 7.549184E-01 2.419914E-01 0.000709826
951862.899 2.8372 3.6616 0.74972 0.53527 0.4714 1.0933E+01 1 7.58578e-09 3.6616 7.549184E-01 2.419914E-01 0.000709826
1220761.747 2.8846 3.6590 0.70173 0.54252 0.4714 1.2566E+01 1 1.01859e-08 3.6590 7.549184E-01 2.419914E-01 0.000709826
1333044.179 3.4663 3.6466 0.56017 0.54420 0.4714 8.2552E+01 0 1.30918e-05 3.6466 7.549184E-01 2.419914E-01 0.000709826
0.000 2.7062 3.6717 0.90000 0.52370 0.4509 7.2768E+00 1 3.52371e-09 3.6717 7.540497E-01 2.440057E-01 0.000711285
209045.240 2.7509 3.6692 0.89502 0.52634 0.4509 8.0687E+00 1 4.23643e-09 3.6692 7.540497E-01 2.440057E-01 0.000711285
448791.985 2.8070 3.6619 0.88548 0.52958 1.8575 9.4795E+00 1 5.35797e-09 3.6619 7.523278E-01 2.451155E-01 0.00132624
699383.626 3.4216 3.6007 0.87008 0.53317 3.9941 4.6109E+01 1 1.0666e-07 3.6007 7.490031E-01 2.472583E-01 0.00251356
720461.150 2.8725 3.6513 0.86789 0.53388 3.9941 1.1670E+01 1 7.21107e-09 3.6513 7.490031E-01 2.472583E-01 0.00251356
972964.699 3.4966 3.5776 0.84252 0.53784 6.4423 1.1806E+02 0 1.83654e-07 3.5776 7.435499E-01 2.507730E-01 0.00446104
993454.314 2.9340 3.6379 0.83883 0.53868 6.4423 1.4654E+01 1 9.90832e-09 3.6379 7.435499E-01 2.507730E-01 0.00446104
1222549.929 3.5616 3.5525 0.80048 0.54259 8.6018 1.7468E+02 0 3.20627e-07 3.5525 7.361212E-01 2.555609E-01 0.00711399
1242608.662 2.9809 3.6240 0.79414 0.54356 8.6018 1.8180E+01 1 1.34276e-08 3.6240 7.361212E-01 2.555609E-01 0.00711399
1443254.677 3.6174 3.5277 0.73662 0.54756 10.2801 2.5858E+02 0 5.76766e-07 3.5277 7.270833E-01 2.613859E-01 0.0103416
1462930.493 3.0042 3.6123 0.72533 0.54866 10.2801 2.1650E+01 1 1.74985e-08 3.6123 7.270833E-01 2.613859E-01 0.0103416
1581521.317 3.6388 3.5120 0.68468 0.54972 11.6223 3.2670E+02 0 8.10961e-07 3.5120 7.158459E-01 2.686286E-01 0.0143548
1645504.179 2.9692 3.6143 0.62409 0.55375 11.6223 2.1609E+01 1 1.86638e-08 3.6143 7.158459E-01 2.686286E-01 0.0143548
1703519.166 3.5704 3.5297 0.60771 0.55305 12.9770 2.6452E+02 0 6.35331e-07 3.5297 6.970260E-01 2.807582E-01 0.0210758
1758842.653 3.6938 3.7265 0.55773 0.55662 12.9770 3.7927E+01 1 6.16595e-07 3.7265 6.970260E-01 2.807582E-01 0.0210758
0.000 2.7630 3.6711 1.00000 0.52770 0.4284 7.6826E+00 1 3.8815e-09 3.6711 7.519691E-01 2.459801E-01 0.000712312
196100.010 2.8033 3.6688 0.99653 0.52997 0.4284 8.4266E+00 1 4.57088e-09 3.6688 7.519691E-01 2.459801E-01 0.000712312
419820.765 2.8563 3.6624 0.98968 0.53277 1.5650 9.7671E+00 1 5.70164e-09 3.6624 7.506078E-01 2.468563E-01 0.0011998
680087.000 2.9225 3.6523 0.97665 0.53663 3.4248 1.1956E+01 1 7.62079e-09 3.6523 7.478911E-01 2.486050E-01 0.00217268
930209.213 3.4894 3.5880 0.95740 0.54018 5.7411 5.4568E+01 1 1.34586e-07 3.5880 7.432600E-01 2.515859E-01 0.00383113
950342.004 2.9890 3.6392 0.95475 0.54099 5.7411 1.5032E+01 1 1.05196e-08 3.6392 7.432600E-01 2.515859E-01 0.00383113
1183260.048 3.5593 3.5640 0.92579 0.54441 7.9127 1.4159E+02 0 2.29087e-07 3.5640 7.367896E-01 2.557507E-01 0.00614826
1204185.515 3.0457 3.6246 0.92107 0.54542 7.9127 1.8901E+01 1 1.44877e-08 3.6246 7.367896E-01 2.557507E-01 0.00614826
1416848.388 3.6200 3.5384 0.87692 0.54903 9.6399 2.0899E+02 0 3.98107e-07 3.5384 7.289422E-01 2.608018E-01 0.00895848
1433487.541 3.0886 3.6099 0.87041 0.54996 9.6399 2.3431E+01 1 1.97242e-08 3.6099 7.289422E-01 2.608018E-01 0.00895848
1612805.000 3.6711 3.5121 0.80779 0.55337 10.9684 3.1004E+02 0 7.04693e-07 3.5121 7.198826E-01 2.666332E-01 0.0122028
1629542.065 3.1102 3.5964 0.79608 0.55444 10.9684 2.8167E+01 1 2.60016e-08 3.5964 7.198826E-01 2.666332E-01 0.0122028
1758187.352 3.7054 3.5068 0.73453 0.55650 11.9914 3.7414E+02 0 1.05682e-06 3.5068 7.096741E-01 2.732041E-01 0.0158586
1794815.371 3.0974 3.5986 0.69286 0.55913 11.9914 2.9053E+01 1 3.04789e-08 3.5986 7.096741E-01 2.732041E-01 0.0158586
1861691.962 3.6778 3.4933 0.66233 0.55871 12.9012 4.2699E+02 0 1.1885e-06 3.4933 6.963845E-01 2.817582E-01 0.0206177
1927018.278 3.7487 3.7119 0.56572 0.56377 12.9012 8.5755E+01 0 8.43335e-07 3.7119 6.963845E-01 2.817582E-01 0.0206177
0.000 2.8092 3.6712 1.10000 0.53110 0.4088 7.9601E+00 1 4.14954e-09 3.6712 7.509309E-01 2.470017E-01 0.00071336
188094.853 2.8509 3.6687 1.09684 0.53338 0.4088 8.7620E+00 1 4.90908e-09 3.6687 7.509309E-01 2.470017E-01 0.00071336
405036.814 2.9061 3.6623 1.09060 0.53615 1.4866 1.0190E+01 1 6.16595e-09 3.6623 7.496484E-01 2.478266E-01 0.00117327
660614.580 2.9752 3.6520 1.07873 0.53994 3.2860 1.2540E+01 1 8.33681e-09 3.6520 7.470601E-01 2.494914E-01 0.00210145
928501.870 3.0448 3.6387 1.05891 0.54413 5.5697 1.5852E+01 1 1.16145e-08 3.6387 7.426089E-01 2.523545E-01 0.00369767
1163332.937 3.5778 3.5688 1.03253 0.54729 7.7343 1.3063E+02 0 2.03236e-07 3.5688 7.363790E-01 2.563616E-01 0.00593176
1182350.793 3.1049 3.6237 1.02874 0.54825 7.7343 2.0042E+01 1 1.61436e-08 3.6237 7.363790E-01 2.563616E-01 0.00593176
1394832.205 3.6388 3.5440 0.99045 0.55130 9.4637 1.8968E+02 0 3.41193e-07 3.5440 7.288525E-01 2.612026E-01 0.00863076
1413266.154 3.1526 3.6084 0.98425 0.55237 9.4637 2.5014E+01 1 2.21309e-08 3.6084 7.288525E-01 2.612026E-01 0.00863076
1597761.528 3.6910 3.5176 0.92958 0.55533 10.7851 2.7855E+02 0 5.8479e-07 3.5176 7.203095E-01 2.666974E-01 0.0116943
1613538.524 3.1843 3.5934 0.92048 0.55638 10.7851 3.0625E+01 1 2.97167e-08 3.5934 7.203095E-01 2.666974E-01 0.0116943
1770233.536 3.7352 3.5047 0.84723 0.55945 11.7790 3.6593E+02 0 9.57194e-07 3.5047 7.110713E-01 2.726394E-01 0.0150072
1784239.132 3.1974 3.5885 0.83394 0.56050 11.7790 3.4189E+01 1 3.79315e-08 3.5885 7.110713E-01 2.726394E-01 0.0150072
1892462.012 3.7612 3.4701 0.75852 0.56190 12.5602 5.6392E+02 0 1.65196e-06 3.4701 7.009502E-01 2.791493E-01 0.0186366
1929919.150 3.1604 3.5762 0.68943 0.56502 12.5602 3.8523E+01 1 4.51856e-08 3.5762 7.009502E-01 2.791493E-01 0.0186366
1983318.183 3.7061 3.4986 0.66205 0.56417 13.3478 4.3381E+02 0 1.35519e-06 3.4986 6.864451E-01 2.884790E-01 0.0238382
2033642.825 3.8177 3.7119 0.57107 0.56858 13.3478 9.8694E+01 0 1.19399e-06 3.7119 6.864451E-01 2.884790E-01 0.0238382
0.000 2.8547 3.6712 1.20000 0.53520 0.3976 8.2781E+00 1 4.46684e-09 3.6712 7.519691E-01 2.459801E-01 0.00071382
178220.567 2.9119 3.6678 1.19519 0.53832 0.3976 9.4431E+00 1 5.63638e-09 3.6678 7.519691E-01 2.459801E-01 0.00071382
398030.765 2.9828 3.6592 1.18609 0.54188 1.7628 1.1492E+01 1 7.60326e-09 3.6592 7.503129E-01 2.470462E-01 0.00130693
653615.560 3.0619 3.6465 1.16994 0.54623 3.9043 1.4675E+01 1 1.08393e-08 3.6465 7.470228E-01 2.491639E-01 0.00248513
912725.178 3.1333 3.6312 1.14455 0.55053 6.3321 1.8929E+01 1 1.55597e-08 3.6312 7.417054E-01 2.525865E-01 0.00438933
1136303.045 3.6473 3.5590 1.11186 0.55350 8.4249 1.5608E+02 0 2.69153e-07 3.5590 7.347245E-01 2.570799E-01 0.00688924
1152380.736 3.1904 3.6151 1.10762 0.55445 8.4249 2.4034E+01 1 2.17771e-08 3.6151 7.347245E-01 2.570799E-01 0.00688924
1350665.380 3.7008 3.5339 1.06249 0.55708 10.0127 2.2435E+02 0 4.4157e-07 3.5339 7.266653E-01 2.622674E-01 0.00977533
1369393.238 3.2339 3.5991 1.05430 0.55835 10.0127 3.0012E+01 1 2.99916e-08 3.5991 7.266653E-01 2.622674E-01 0.00977533
1541618.217 3.7470 3.5067 0.98963 0.56093 11.2091 3.2938E+02 0 7.49894e-07 3.5067 7.177073E-01 2.680334E-01 0.0129832
1554950.688 3.2602 3.5834 0.97979 0.56195 11.2091 3.6683E+01 1 4.02717e-08 3.5834 7.177073E-01 2.680334E-01 0.0129832
1700568.965 3.7863 3.4921 0.89450 0.56469 12.0950 4.3698E+02 0 1.22744e-06 3.4921 7.082964E-01 2.740909E-01 0.0163534
1713918.346 3.2684 3.5775 0.87820 0.56583 12.0950 4.1110E+01 1 5.15229e-08 3.5775 7.082964E-01 2.740909E-01 0.0163534
1812330.533 3.8250 3.4520 0.78532 0.56683 12.7968 7.3604E+02 0 2.44906e-06 3.4520 6.980716E-01 2.806723E-01 0.0200149
1850166.962 3.2048 3.5688 0.67808 0.57051 12.7968 7.9834E+01 0 5.99791e-08 3.5688 6.980716E-01 2.806723E-01 0.0200149
1891741.557 3.7132 3.4996 0.65524 0.56905 13.6291 4.3983E+02 0 1.43219e-06 3.4996 6.805353E-01 2.919599E-01 0.0262948
1929476.804 3.8529 3.7048 0.57443 0.57270 13.6291 1.1263E+02 0 1.46893e-06 3.7048 6.805353E-01 2.919599E-01 0.0262948
0.000 2.8919 3.6771 1.30000 0.53850 0.3866 8.1433E+00 1 4.73151e-09 3.6771 7.530087E-01 2.459801E-01 0.000714852
187967.115 2.9433 3.6744 1.29672 0.54122 0.3866 9.1396E+00 1 5.82103e-09 3.6744 7.530087E-01 2.459801E-01 0.000714852
420286.346 3.0129 3.6669 1.28994 0.54456 1.5286 1.0996E+01 1 7.74462e-09 3.6669 7.516422E-01 2.468585E-01 0.00120352
690258.174 3.0937 3.6552 1.27752 0.54872 3.5096 1.3958E+01 1 1.10154e-08 3.6552 7.487259E-01 2.487331E-01 0.00224645
960846.821 3.1674 3.6407 1.25794 0.55265 5.9020 1.7904E+01 1 1.56675e-08 3.6407 7.438245E-01 2.518835E-01 0.00399923
1215715.054 3.2289 3.6250 1.22896 0.55630 8.0174 2.2750E+01 1 2.18776e-08 3.6250 7.373324E-01 2.560566E-01 0.00632089
1427865.593 3.6951 3.5547 1.19336 0.55847 9.6773 1.7039E+02 0 3.11889e-07 3.5547 7.296357E-01 2.610038E-01 0.00907333
1446091.819 3.2769 3.6090 1.18775 0.55969 9.6773 2.8415E+01 1 2.98538e-08 3.6090 7.296357E-01 2.610038E-01 0.00907333
1633849.230 3.7470 3.5295 1.13796 0.56175 10.9251 2.4464E+02 0 5.10505e-07 3.5295 7.211120E-01 2.664827E-01 0.0121215
1649406.600 3.3117 3.5933 1.13011 0.56293 10.9251 3.4842E+01 1 3.99025e-08 3.5933 7.211120E-01 2.664827E-01 0.0121215
1810194.634 3.8088 3.5125 1.06403 0.56499 11.8626 3.3921E+02 0 8.93305e-07 3.5125 7.120199E-01 2.723270E-01 0.015373
1824066.842 3.3333 3.5865 1.05173 0.56622 11.8626 3.9512E+01 1 5.11682e-08 3.5865 7.120199E-01 2.723270E-01 0.015373
1965818.953 3.8491 3.4647 0.93046 0.56925 12.5818 6.1419E+02 0 1.87932e-06 3.4647 7.024682E-01 2.784666E-01 0.0187887
1974612.657 3.3319 3.5616 0.91411 0.57012 12.5818 5.0827E+01 1 7.04693e-08 3.5616 7.024682E-01 2.784666E-01 0.0187887
2068029.257 3.8696 3.4560 0.80915 0.57077 13.1952 7.6562E+02 0 2.91072e-06 3.4560 6.915212E-01 2.855032E-01 0.0227036
2103956.975 3.2599 3.5696 0.68731 0.57468 13.1952 8.8378E+01 0 7.7983e-08 3.5696 6.915212E-01 2.855032E-01 0.0227036
2141588.913 3.7423 3.4764 0.66101 0.57288 13.9222 5.6753E+02 0 1.87932e-06 3.4764 6.730186E-01 2.973963E-01 0.0293203
2173397.985 3.8862 5.0282 0.57754 0.57624 13.9222 3.8425E-03 1 2.69153e-05 5.0282 6.730186E-01 2.973963E-01 0.0293203
0.000 2.9230 3.6722 1.40000 0.54120 0.3706 8.6043E+00 1 4.86407e-09 3.6722 7.519691E-01 2.459801E-01 0.000715778
164589.253 2.9712 3.6694 1.39715 0.54370 0.3706 9.6065E+00 1 5.90201e-09 3.6694 7.519691E-01 2.459801E-01 0.000715778
365433.212 3.0350 3.6625 1.39151 0.54657 1.3725 1.1377E+01 1 7.67361e-09 3.6625 7.507837E-01 2.467431E-01 0.00114027
609218.778 3.1130 3.6516 1.38101 0.55033 3.1125 1.4270E+01 1 1.07647e-08 3.6516 7.483206E-01 2.483286E-01 0.00202233
868394.308 3.1884 3.6377 1.36394 0.55408 5.3639 1.8253E+01 1 1.53462e-08 3.6377 7.440467E-01 2.510795E-01 0.00355284
1118074.975 3.2518 3.6225 1.33872 0.55735 7.5097 2.3136E+01 1 2.14289e-08 3.6225 7.380994E-01 2.549076E-01 0.00568259
1331741.124 3.6999 3.5569 1.30751 0.55916 9.2366 8.5946E+01 1 2.67301e-07 3.5569 7.309472E-01 2.595113E-01 0.00824384
1349291.885 3.3025 3.6071 1.30290 0.56034 9.2366 2.8814E+01 1 2.92415e-08 3.6071 7.309472E-01 2.595113E-01 0.00824384
1539772.993 3.7521 3.5338 1.26035 0.56180 10.5590 2.2133E+02 0 4.23643e-07 3.5338 7.229040E-01 2.646884E-01 0.0111241
1555778.701 3.3402 3.5920 1.25366 0.56302 10.5590 3.5147E+01 1 3.8815e-08 3.5920 7.229040E-01 2.646884E-01 0.0111241
1720590.722 3.8155 3.5181 1.19733 0.56438 11.5527 3.0097E+02 0 7.17794e-07 3.5181 7.143229E-01 2.702118E-01 0.0141971
1736171.859 3.3667 3.5854 1.18622 0.56579 11.5527 3.9840E+01 1 4.9545e-08 3.5854 7.143229E-01 2.702118E-01 0.0141971
1884047.434 3.8567 3.4753 1.09115 0.56794 12.3191 5.0757E+02 0 1.35519e-06 3.4753 7.052525E-01 2.760502E-01 0.0174453
1893986.733 3.3786 3.5610 1.07787 0.56893 12.3191 5.1132E+01 1 6.74528e-08 3.5610 7.052525E-01 2.760502E-01 0.0174453
2022087.989 3.8899 3.4535 0.93861 0.57142 12.9429 7.3332E+02 0 2.47172e-06 3.4535 6.953836E-01 2.824025E-01 0.0209793
2031634.617 3.3664 3.5534 0.91508 0.57246 12.9429 1.0348E+02 0 8.70964e-08 3.5534 6.953836E-01 2.824025E-01 0.0209793
2110789.860 3.8984 3.4489 0.81334 0.57230 13.4775 8.6232E+02 0 3.53183e-06 3.4489 6.841948E-01 2.896044E-01 0.0249861
2150037.892 3.2539 3.5747 0.64684 0.57698 13.4775 8.7304E+01 0 8.26038e-08 3.5747 6.841948E-01 2.896044E-01 0.0249861
2177078.719 3.6804 3.4927 0.63041 0.57496 14.2998 4.4748E+02 0 1.33045e-06 3.4927 6.585564E-01 3.061070E-01 0.0341674
2201003.036 3.8839 3.7743 0.57896 0.57740 14.2998 3.7114E+01 1 1.3122e-06 3.7743 6.585564E-01 3.061070E-01 0.0341674
0.000 2.9394 3.6737 1.50000 0.54150 0.3434 8.4696E+00 1 4.77529e-09 3.6737 7.500669E-01 2.480276E-01 0.000717029
163270.877 2.9932 3.6706 1.49691 0.54431 0.3434 9.5668E+00 1 5.91562e-09 3.6706 7.500669E-01 2.480276E-01 0.000717029
369871.206 3.0632 3.6631 1.49089 0.54747 1.4044 1.1513E+01 1 7.8886e-09 3.6631 7.488116E-01 2.488342E-01 0.00116768
620389.445 3.1451 3.6516 1.47997 0.55139 3.2331 1.4609E+01 1 1.1246e-08 3.6516 7.461965E-01 2.505146E-01 0.00210656
883589.783 3.2212 3.6372 1.46272 0.55503 5.5248 1.8763E+01 1 1.60694e-08 3.6372 7.417494E-01 2.533722E-01 0.00370311
1136439.592 3.2839 3.6220 1.43766 0.55806 7.6468 2.3737E+01 1 2.23357e-08 3.6220 7.357031E-01 2.572574E-01 0.00587382
1371208.543 3.3337 3.6069 1.40245 0.56075 9.3383 2.9411E+01 1 3.01995e-08 3.6069 7.285059E-01 2.618821E-01 0.0084577
1566287.491 3.7726 3.5357 1.36072 0.56181 10.6334 2.1522E+02 0 4.0738e-07 3.5357 7.204382E-01 2.670662E-01 0.0113541
1581556.929 3.3706 3.5919 1.35460 0.56304 10.6334 3.5760E+01 1 3.97192e-08 3.5919 7.204382E-01 2.670662E-01 0.0113541
1752452.355 3.8376 3.5199 1.29570 0.56432 11.6073 2.9331E+02 0 6.91831e-07 3.5199 7.118527E-01 2.725830E-01 0.0144364
1766338.605 3.3976 3.5856 1.28622 0.56563 11.6073 4.0405E+01 1 5.04661e-08 3.5856 7.118527E-01 2.725830E-01 0.0144364
1917812.133 3.8767 3.4793 1.19654 0.56702 12.3739 4.7871E+02 0 1.24165e-06 3.4793 7.025889E-01 2.785356E-01 0.0177622
1928615.983 3.4107 3.5613 1.18332 0.56816 12.3739 5.1570E+01 1 6.74528e-08 3.5613 7.025889E-01 2.785356E-01 0.0177622
2062934.619 3.9073 3.4580 1.05315 0.57018 12.9802 6.7318E+02 0 2.12324e-06 3.4580 6.928030E-01 2.848238E-01 0.0212755
2070873.114 3.4071 3.5530 1.03646 0.57109 12.9802 5.8270E+01 1 8.64968e-08 3.5530 6.928030E-01 2.848238E-01 0.0212755
2180587.887 3.9332 3.4388 0.85518 0.57316 13.4804 9.7646E+02 0 4.13048e-06 3.4388 6.822397E-01 2.916115E-01 0.0250678
2194340.024 3.3570 3.5477 0.79585 0.57487 13.4804 1.1792E+02 0 1.09144e-07 3.5477 6.822397E-01 2.916115E-01 0.0250678
2241687.859 3.8683 3.4173 0.73426 0.57290 13.9745 1.1421E+03 0 4.3451e-06 3.4173 6.684550E-01 3.004691E-01 0.0300167
2272996.203 3.9465 3.7011 0.57890 0.57691 13.9745 1.4123E+02 0 2.43781e-06 3.7011 6.684550E-01 3.004691E-01 0.0300167
0.00000E+00 3.292500 3.636023 1.600000 0.540000 0.326567 16.4647 1 2.20558E-15 3.67136 7.5007E-01 0.248486 0.000718222
1.66055E+05 3.344243 3.631675 1.600000 0.542295 0.632624 18.5389 1 2.24515E-15 3.66712 7.5007E-01 0.248486 0.000718262
3.98873E+05 3.406411 3.624104 1.600000 0.544350 1.42511 21.3870 1 2.30249E-15 3.66197 7.4885E-01 0.249575 0.000836
6.85124E+05 3.476004 3.609557 1.599948 0.546787 2.89537 25.1050 1 3.63048E-10 3.65617 7.4658E-01 0.251514 0.00116252
1.00494E+06 3.544021 3.586077 1.599298 0.549465 4.92307 29.3908 1 3.78966E-09 3.65038 7.4300E-01 0.254402 0.00185704
1.33846E+06 3.602946 3.561127 1.594175 0.552126 7.07578 33.7863 1 2.59922E-08 3.64517 7.3798E-01 0.258189 0.00307156
1.67365E+06 3.648827 3.537858 1.573203 0.554428 8.95337 37.9783 1 9.82656E-08 3.64067 7.3159E-01 0.262755 0.00487466
2.00564E+06 3.683272 3.516401 1.521759 0.556505 10.459 84.6408 0 2.33911E-07 3.61228 7.2409E-01 0.26786 0.00720385
2.33196E+06 3.707427 3.494730 1.421931 0.558678 11.6494 99.3781 0 8.47028E-07 3.6043 7.1560E-01 0.273425 0.0100133
2.64952E+06 3.726802 3.457528 1.145889 0.561309 12.6635 139.5926 0 3.78239E-06 3.59285 7.0597E-01 0.279499 0.0133488
2.84065E+06 3.701486 3.423887 0.751107 0.557613 12.6635 206.3174 0 2.07651E-05 3.58534 6.9397E-01 0.286832 0.0176547
2.89613E+06 3.731390 4.000000 0.561693 0.561693 12.6635 57.2965 1 3.61579E-18 3.67633 6.9397E-01 0.286832 0.0176547
0.00000E+00 3.191900 3.660786 1.650000 0.533500 0.320717 12.7833 1 1.99923E-15 3.68062 7.5093E-01 0.248458 0.000719524
1.76762E+05 3.247624 3.656941 1.650000 0.535463 0.565814 14.5068 1 2.02854E-15 3.67624 7.5093E-01 0.248458 0.000719544
4.22928E+05 3.313779 3.649068 1.650000 0.537110 1.17301 16.8577 1 2.06882E-15 3.67103 7.4988E-01 0.249407 0.000813133
7.26612E+05 3.389243 3.635188 1.649866 0.539089 2.3204 20.0308 1 1.04823E-09 3.66494 7.4796E-01 0.251086 0.00105795
1.06846E+06 3.465470 3.612801 1.649725 0.541347 4.02287 23.8623 1 8.03857E-10 3.65867 7.4494E-01 0.253584 0.00157053
1.42873E+06 3.533999 3.586735 1.648078 0.543671 6.01095 27.9665 1 8.11641E-09 3.65289 7.4067E-01 0.256922 0.00248261
1.79395E+06 3.590162 3.562033 1.638651 0.545840 7.92343 31.9806 1 4.22533E-08 3.64793 7.3516E-01 0.261019 0.00387894
2.15746E+06 3.633869 3.539818 1.608986 0.547816 9.56077 35.9126 1 1.26627E-07 3.6434 7.2853E-01 0.265715 0.00576619
2.51647E+06 3.667106 3.518882 1.545778 0.549701 10.8921 40.1124 1 2.65995E-07 3.6386 7.2090E-01 0.27089 0.00812053
2.86882E+06 3.692515 3.498566 1.455247 0.551714 11.95 92.0259 0 6.87692E-07 3.60684 7.1229E-01 0.276526 0.0109389
3.21100E+06 3.711190 3.471578 1.270897 0.554050 12.8139 116.0773 0 1.97526E-06 3.59917 7.0269E-01 0.2826 0.0142339
3.47990E+06 3.712691 3.420952 0.725931 0.553285 12.8139 215.4641 0 2.44060E-05 3.58672 6.9159E-01 0.289374 0.018174
3.54020E+06 3.728763 4.000000 0.557727 0.557727 12.8139 42.9202 1 9.86658E-18 3.718 6.9159E-01 0.289374 0.018174
0.00000E+00 3.317800 3.651951 1.700000 0.517000 0.315638 16.6710 1 1.93490E-15 3.67149 7.5093E-01 0.24843 0.000719315
2.07857E+05 3.341415 3.650253 1.700000 0.518586 0.496074 17.5986 1 1.95259E-15 3.66956 7.5093E-01 0.24843 0.000719335
4.94503E+05 3.368621 3.645880 1.700000 0.519680 0.884381 18.7200 1 1.97177E-15 3.66742 7.5008E-01 0.249209 0.000787426
8.43515E+05 3.402294 3.638222 1.700000 0.520957 1.57979 20.2102 1 1.99767E-15 3.66475 7.4864E-01 0.250489 0.000939561
1.23471E+06 3.440428 3.625598 1.699963 0.522390 2.63904 22.0499 1 1.81873E-10 3.66167 7.4650E-01 0.252338 0.00122904
1.65136E+06 3.480465 3.608456 1.699672 0.523963 4.03451 24.1541 1 1.31619E-09 3.6585 7.4356E-01 0.254786 0.00171678
2.08180E+06 3.520145 3.589941 1.697870 0.525690 5.65762 26.4655 1 7.43937E-09 3.65526 7.3976E-01 0.257824 0.00246686
2.51800E+06 3.557167 3.571700 1.690206 0.527500 7.33272 28.8997 1 2.93850E-08 3.65211 7.3503E-01 0.261451 0.00354949
2.95433E+06 3.589977 3.553864 1.667544 0.529328 8.90065 31.4853 1 8.30575E-08 3.64888 7.2934E-01 0.265628 0.00501946
3.38715E+06 3.618022 3.536102 1.617502 0.531173 10.2743 34.4360 1 1.79709E-07 3.64513 7.2268E-01 0.270325 0.00691448
3.81365E+06 3.642223 3.518311 1.545198 0.533271 11.4384 37.8120 1 1.48588E-07 3.64095 7.1501E-01 0.275531 0.00927239
4.22967E+06 3.660495 3.502409 1.478548 0.535339 12.3604 81.8436 0 5.15264E-07 3.61036 7.0620E-01 0.281256 0.0121667
4.63213E+06 3.676232 3.480355 1.326834 0.537784 13.1138 98.6402 0 1.21420E-06 3.60431 6.9654E-01 0.287321 0.0154924
5.00142E+06 3.687900 3.419904 0.730764 0.540010 13.1138 205.9459 0 2.27415E-05 3.58492 6.8555E-01 0.293975 0.0194134
5.02097E+06 3.692377 3.713269 0.541402 0.541402 13.1138 124.5388 0 4.61960E-08 3.67255 6.8555E-01 0.293975 0.0194134
0.00000E+00 3.182300 3.645774 1.750000 0.522300 0.311244 11.9595 1 1.74738E-15 3.6836 7.5093E-01 0.247377 0.00071946
1.96694E+05 3.228787 3.641992 1.750000 0.524160 0.544624 13.2759 1 1.76560E-15 3.68011 7.5093E-01 0.247377 0.00071949
4.82995E+05 3.284940 3.635996 1.750000 0.525600 1.09627 15.0711 1 1.79153E-15 3.67578 7.4991E-01 0.248306 0.000807839
8.35689E+05 3.349314 3.626638 1.749887 0.527193 2.07507 17.4383 1 7.71538E-10 3.67076 7.4809E-01 0.249915 0.00102725
1.22613E+06 3.414525 3.611831 1.749757 0.528858 3.46588 20.2283 1 6.55665E-10 3.66559 7.4536E-01 0.252214 0.00145178
1.63497E+06 3.475561 3.593968 1.748770 0.530582 5.13314 23.2642 1 4.42758E-09 3.66064 7.4168E-01 0.255192 0.00214779
2.05128E+06 3.529418 3.575683 1.743738 0.532330 6.87567 26.3697 1 2.06519E-08 3.65618 7.3704E-01 0.25879 0.00317498
2.46879E+06 3.574691 3.557898 1.726883 0.534043 8.51236 29.4800 1 6.52409E-08 3.65206 7.3145E-01 0.262957 0.00457966
2.88395E+06 3.611064 3.540608 1.686748 0.535645 9.93715 32.6708 1 1.50622E-07 3.64797 7.2490E-01 0.267644 0.00638854
3.29465E+06 3.639749 3.522933 1.611691 0.537216 11.1306 36.2486 1 2.79162E-07 3.6434 7.1744E-01 0.2728 0.00860765
3.69870E+06 3.662560 3.508340 1.560177 0.538958 12.0867 76.0148 0 3.87309E-07 3.62131 7.0900E-01 0.278426 0.0112618
4.09123E+06 3.680195 3.491933 1.466602 0.540692 12.8492 87.3552 0 7.33079E-07 3.60881 6.9981E-01 0.284351 0.0143037
4.47443E+06 3.694795 3.466215 1.261235 0.543098 13.4964 110.9747 0 2.06863E-06 3.60087 6.8981E-01 0.290586 0.0177326
4.77145E+06 3.692372 3.416376 0.717248 0.541946 13.4964 205.2036 0 2.46343E-05 3.58832 6.7821E-01 0.29757 0.0218551
4.82543E+06 3.706829 4.000000 0.545879 0.545879 13.4964 42.4159 1 4.69154E-16 3.71579 6.7821E-01 0.29757 0.0218551
0.00000E+00 3.184900 3.663418 1.800000 0.534500 0.306583 11.7314 1 1.64406E-15 3.685 7.5197E-01 0.247358 0.000719558
1.73761E+05 3.243352 3.659438 1.800000 0.536500 0.572346 13.3800 1 1.66755E-15 3.68058 7.5197E-01 0.247358 0.000719578
4.39456E+05 3.317018 3.651096 1.800000 0.538165 1.23749 15.8065 1 1.70178E-15 3.67487 7.5085E-01 0.248378 0.000820326
7.66457E+05 3.398285 3.636674 1.799992 0.540014 2.42596 19.0192 1 5.66707E-11 3.6684 7.4877E-01 0.250187 0.00108748
1.12351E+06 3.475143 3.615099 1.799850 0.541872 4.05209 22.6719 1 8.04474E-10 3.66219 7.4561E-01 0.252805 0.00161864
1.49271E+06 3.541564 3.591428 1.798393 0.543696 5.88456 26.4137 1 7.19839E-09 3.65674 7.4137E-01 0.256163 0.00248574
1.86528E+06 3.594871 3.569553 1.790736 0.545326 7.65115 29.9582 1 3.42267E-08 3.65214 7.3608E-01 0.260171 0.00373811
2.23706E+06 3.635833 3.550086 1.767381 0.546748 9.20023 33.2637 1 9.88740E-08 3.64818 7.2986E-01 0.264718 0.00537238
2.60635E+06 3.666469 3.532284 1.717228 0.548010 10.495 36.5516 1 2.05494E-07 3.64428 7.2279E-01 0.269704 0.0073704
2.97201E+06 3.689469 3.516460 1.659337 0.549305 11.5507 39.6338 1 1.66539E-07 3.64079 7.1490E-01 0.27512 0.0097235
3.33165E+06 3.705736 3.501773 1.588216 0.550690 12.4028 83.9092 0 5.45813E-07 3.62286 7.0623E-01 0.280886 0.0124298
3.68404E+06 3.717903 3.484966 1.473312 0.552126 13.0918 96.6971 0 1.04216E-06 3.6064 6.9681E-01 0.286962 0.0154936
4.02805E+06 3.729365 3.450371 1.171892 0.554404 13.714 134.9872 0 4.27376E-06 3.59499 6.8657E-01 0.293377 0.0189337
4.23724E+06 3.698607 3.416953 0.742506 0.549848 13.714 205.1414 0 2.46042E-05 3.58642 6.7399E-01 0.300961 0.0233313
4.27930E+06 3.722568 4.000000 0.553002 0.553002 13.714 55.6357 1 1.31674E-15 3.67951 6.7399E-01 0.300961 0.0233313
0.00000E+00 3.346600 3.653850 1.900000 0.549700 0.311836 16.1480 1 1.52179E-15 3.67526 7.5197E-01 0.247325 0.00071864
1.48601E+05 3.396289 3.650215 1.900000 0.552011 0.649429 18.0818 1 1.55141E-15 3.6713 7.5197E-01 0.247325 0.00071867
4.04684E+05 3.462560 3.641027 1.900000 0.553979 1.51018 21.0417 1 1.59503E-15 3.66592 7.5066E-01 0.248505 0.000845517
7.05587E+05 3.530157 3.623855 1.899973 0.555764 2.87786 24.5796 1 1.84150E-10 3.66033 7.4821E-01 0.250593 0.00119318
1.02218E+06 3.589489 3.600854 1.899600 0.557286 4.53392 28.1722 1 2.19400E-09 3.65543 7.4471E-01 0.253472 0.00182179
1.34449E+06 3.635023 3.579557 1.897036 0.558161 6.1281 31.3148 1 1.35062E-08 3.6516 7.4028E-01 0.25696 0.002745
1.66820E+06 3.671200 3.561849 1.887946 0.559146 7.62648 34.1521 1 4.46188E-08 3.64843 7.3528E-01 0.260808 0.00386476
1.99235E+06 3.698241 3.546456 1.865813 0.559937 8.95265 36.6936 1 1.03781E-07 3.64566 7.2964E-01 0.265055 0.00522432
2.31608E+06 3.717770 3.532582 1.824017 0.560532 10.0858 39.0825 1 1.90982E-07 3.64305 7.2340E-01 0.269643 0.00680111
2.63884E+06 3.731539 3.519274 1.758377 0.561073 11.048 41.5757 1 1.67987E-07 3.64019 7.1665E-01 0.27453 0.00856925
2.95979E+06 3.742344 3.508320 1.707805 0.561818 11.8608 84.2316 0 4.71837E-07 3.63915 7.0934E-01 0.279727 0.0105326
3.27661E+06 3.751010 3.495652 1.620254 0.563106 12.5831 92.8465 0 7.62515E-07 3.62501 7.0155E-01 0.285153 0.012706
3.58903E+06 3.760252 3.477905 1.472444 0.565388 13.2589 109.2148 0 1.54274E-06 3.60343 6.9285E-01 0.29102 0.0152724
3.89211E+06 3.767586 3.415005 0.788822 0.567470 14.1235 238.8340 0 1.79048E-06 3.58055 6.8246E-01 0.297685 0.0185972
3.99949E+06 3.612657 3.460994 0.562968 0.562968 14.1235 172.1135 0 1.38944E-05 3.61247 6.6299E-01 0.309667 0.0251649
0.00000E+00 3.503200 3.625947 2.000000 0.570700 0.310051 22.0968 1 1.44134E-15 3.66529 7.5197E-01 0.246277 0.000717804
1.19933E+05 3.546749 3.622147 2.000000 0.573450 0.738084 24.4370 1 1.47620E-15 3.6616 7.5197E-01 0.246277 0.000717884
3.50271E+05 3.610113 3.613593 2.000000 0.576284 1.99454 28.2900 1 3.99462E-15 3.65625 7.5046E-01 0.247627 0.000879957
6.07428E+05 3.665287 3.593930 1.999812 0.578023 3.68701 32.1522 1 1.33798E-09 3.65152 7.4735E-01 0.250205 0.00140767
8.70778E+05 3.706117 3.573545 1.998294 0.578827 5.3431 35.3424 1 9.59745E-09 3.64809 7.4318E-01 0.253524 0.00225656
1.13541E+06 3.736748 3.557205 1.992413 0.579549 6.87956 38.0133 1 3.45706E-08 3.64542 7.3842E-01 0.257222 0.00329318
1.40059E+06 3.758405 3.543640 1.977526 0.580013 8.22476 40.1746 1 8.34542E-08 3.64337 7.3311E-01 0.26129 0.00451842
1.66588E+06 3.773028 3.532014 1.949003 0.580225 9.36351 42.0166 1 1.55471E-07 3.64158 7.2733E-01 0.265647 0.00589356
1.93107E+06 3.781551 3.521793 1.903378 0.579873 10.2749 43.6560 1 2.44271E-07 3.63989 7.2117E-01 0.270245 0.00737552
2.19597E+06 3.787775 3.513224 1.858781 0.579866 11.0485 45.1126 1 2.21373E-07 3.63841 7.1491E-01 0.274943 0.00884158
2.45984E+06 3.791985 3.505956 1.819018 0.579895 11.7084 89.0833 0 5.43614E-07 3.65212 7.0841E-01 0.27981 0.0103596
2.72250E+06 3.794753 3.497495 1.749631 0.580016 12.2872 94.4265 0 7.46964E-07 3.64207 7.0171E-01 0.284787 0.0119215
2.98436E+06 3.797378 3.486683 1.642422 0.580460 12.818 103.7711 0 1.15097E-06 3.62564 6.9470E-01 0.289955 0.0135638
3.24421E+06 3.801499 3.467147 1.438651 0.581860 13.3554 126.4422 0 2.59272E-06 3.59968 6.8715E-01 0.295452 0.0153881
3.48236E+06 3.804333 3.452677 0.583040 0.583040 13.3554 301.4574 0 4.87502E-05 3.59413 6.7813E-01 0.301758 0.0177635
0.00000E+00 3.645700 3.637503 2.200000 0.609400 0.306733 28.2069 1 1.27488E-15 3.65867 7.5301E-01 0.24623 0.000718373
8.06922E+04 3.683115 3.634500 2.200000 0.612059 0.683665 30.7734 1 1.32160E-15 3.65542 7.5301E-01 0.24623 0.000718443
2.38444E+05 3.737676 3.624985 2.200000 0.614780 1.80524 34.9591 1 5.51165E-15 3.6506 7.5167E-01 0.24743 0.000859669
4.14381E+05 3.782596 3.602778 2.199922 0.616190 3.28562 38.8131 1 7.58459E-10 3.64669 7.4887E-01 0.249759 0.00132097
5.94311E+05 3.813517 3.580315 2.199232 0.616578 4.71192 41.7102 1 6.04752E-09 3.64402 7.4520E-01 0.252707 0.00202958
7.74910E+05 3.834774 3.563794 2.196567 0.616759 6.01383 43.8399 1 2.19840E-08 3.64222 7.4112E-01 0.255956 0.00284714
9.55787E+05 3.847761 3.551424 2.190003 0.616413 7.09978 45.2314 1 5.19669E-08 3.64116 7.3671E-01 0.259445 0.00374558
1.13618E+06 3.855912 3.542261 2.178078 0.616014 8.01615 46.2388 1 9.23667E-08 3.6404 7.3219E-01 0.263033 0.00463302
1.31586E+06 3.860582 3.534904 2.159798 0.615455 8.78284 47.0000 1 1.40017E-07 3.63981 7.2759E-01 0.266722 0.00550078
1.49420E+06 3.862468 3.529006 2.134825 0.614561 9.39847 47.5932 1 1.90619E-07 3.63931 7.2296E-01 0.27048 0.00632014
1.66941E+06 3.863155 3.524078 2.103759 0.613721 9.90725 48.1882 1 2.39871E-07 3.63875 7.1846E-01 0.274199 0.00703058
1.84037E+06 3.862556 3.519864 2.067318 0.612657 10.3129 48.7678 1 2.86930E-07 3.63813 7.1407E-01 0.277907 0.00764129
2.00368E+06 3.861517 3.516741 2.036017 0.611637 10.6387 49.2091 1 2.47335E-07 3.63767 7.0992E-01 0.281506 0.00811566
2.15668E+06 3.859751 3.514453 2.007307 0.610425 10.8853 49.5262 1 2.69421E-07 3.63733 7.0604E-01 0.284964 0.00846232
2.29325E+06 3.857668 3.512961 1.983952 0.609162 11.0686 49.7054 1 2.85669E-07 3.63713 7.0258E-01 0.288153 0.0086641
2.40746E+06 3.855165 3.512115 1.963434 0.607761 11.2155 49.7888 1 2.96796E-07 3.63701 6.9960E-01 0.290972 0.00875487
2.49159E+06 3.852255 3.511749 1.947767 0.606209 11.2155 49.7246 1 3.02520E-07 3.63705 6.9724E-01 0.293212 0.00882707
2.54047E+06 3.856841 3.510474 1.938042 0.608505 11.2155 50.4903 1 3.21688E-07 3.63635 6.9724E-01 0.293212 0.00882707
2.60988E+06 3.864771 3.508309 1.923070 0.612508 11.4042 102.9586 0 7.06326E-07 3.66245 6.9724E-01 0.293212 0.00882707
2.72105E+06 3.870246 3.504665 1.886384 0.615247 11.7821 107.1974 0 8.34312E-07 3.65714 6.9506E-01 0.295101 0.00906992
2.89679E+06 3.878253 3.495871 1.794466 0.619332 12.4458 117.0121 0 1.21473E-06 3.64361 6.9126E-01 0.29815 0.00973144
3.07656E+06 3.879380 3.481663 1.649929 0.619861 13.056 130.7013 0 2.09003E-06 3.62181 6.8482E-01 0.302807 0.0113593
3.25462E+06 3.881623 3.434418 1.133378 0.621001 13.7757 215.0147 0 1.59199E-05 3.58431 6.7753E-01 0.307985 0.01326
3.32885E+06 3.801775 3.428028 0.833672 0.615343 13.7757 231.5068 0 2.66918E-05 3.58702 6.6650E-01 0.315571 0.0163267
3.37999E+06 3.874629 4.000000 0.620439 0.620439 13.7757 74.0010 1 1.73356E-15 3.6679 6.6650E-01 0.315571 0.0163267
0.00000E+00 3.843100 3.609971 2.500000 0.676200 0.303863 39.8330 1 2.04451E-14 3.64881 7.5405E-01 0.244208 0.000718032
4.07672E+04 3.869221 3.607646 2.500000 0.678485 0.572674 42.3634 1 3.86664E-14 3.64642 7.5405E-01 0.244208 0.000718032
1.19781E+05 3.906627 3.602317 2.500000 0.680702 1.35385 46.2893 1 1.10736E-13 3.64294 7.5303E-01 0.245128 0.000816161
2.08089E+05 3.935097 3.589435 2.499948 0.681447 2.32673 49.5003 1 8.86396E-10 3.64035 7.5095E-01 0.246897 0.00112138
2.98176E+05 3.953748 3.574055 2.499716 0.681385 3.25554 51.6977 1 3.73155E-09 3.63874 7.4837E-01 0.249057 0.00153849
3.88136E+05 3.965951 3.563220 2.499087 0.681145 4.10373 53.1739 1 9.83411E-09 3.63773 7.4564E-01 0.251346 0.00197849
4.77571E+05 3.973222 3.555239 2.497807 0.680616 4.8258 54.0565 1 1.96248E-08 3.6372 7.4280E-01 0.253735 0.00241986
5.65648E+05 3.977543 3.549431 2.495715 0.680037 5.43784 54.5800 1 3.20554E-08 3.63695 7.3998E-01 0.256134 0.00282567
6.51885E+05 3.979622 3.545093 2.492738 0.679267 5.93045 54.8315 1 4.60516E-08 3.63689 7.3720E-01 0.258534 0.00318966
7.35011E+05 3.980283 3.542072 2.488984 0.678387 6.3107 54.9158 1 5.97394E-08 3.63694 7.3455E-01 0.260873 0.00349021
8.13496E+05 3.980127 3.540013 2.484698 0.677481 6.59505 54.9062 1 7.18374E-08 3.63705 7.3208E-01 0.263092 0.00371826
8.85817E+05 3.979216 3.538757 2.480195 0.676436 6.78481 54.8086 1 8.15860E-08 3.63721 7.2982E-01 0.265192 0.00387632
9.49133E+05 3.977886 3.538194 2.475919 0.675336 6.93318 54.6597 1 8.82046E-08 3.6374 7.2783E-01 0.267071 0.00396104
1.00087E+06 3.976236 3.537904 2.472211 0.674179 7.04864 54.4686 1 9.34149E-08 3.6376 7.2616E-01 0.268661 0.00402144
1.03881E+06 3.974455 3.537708 2.469367 0.673033 7.12879 54.2560 1 9.75756E-08 3.6378 7.2487E-01 0.2699 0.00406826
1.06301E+06 3.972871 3.537665 2.467497 0.672057 7.12879 54.0628 1 1.00391E-07 3.63798 7.2398E-01 0.27075 0.00410071
1.07710E+06 3.974350 3.537448 2.466402 0.672868 7.12879 54.2725 1 1.00734E-07 3.63782 7.2398E-01 0.27075 0.00410071
1.09206E+06 3.976040 3.537174 2.465233 0.673796 7.12879 54.5116 1 1.01168E-07 3.63764 7.2398E-01 0.27075 0.00410071
1.11432E+06 3.978747 3.536653 2.463481 0.675290 7.12879 54.8947 1 1.01998E-07 3.63736 7.2398E-01 0.27075 0.00410071
1.14862E+06 3.983487 3.535919 2.460745 0.677930 7.284 55.5660 1 1.03176E-07 3.63686 7.2398E-01 0.27075 0.00410071
1.19926E+06 3.985631 3.534750 2.456409 0.679048 7.55884 55.8989 1 1.10727E-07 3.63666 7.2283E-01 0.2718 0.00419438
1.28149E+06 3.990149 3.532553 2.448462 0.681528 8.14974 56.6067 1 1.25277E-07 3.6362 7.2109E-01 0.273329 0.00438276
1.37198E+06 3.990287 3.528988 2.437336 0.681503 8.72849 56.7651 1 1.58455E-07 3.63616 7.1813E-01 0.275769 0.00487077
1.46247E+06 3.989253 3.525627 2.423510 0.680835 9.22211 56.8179 1 1.96062E-07 3.63618 7.1495E-01 0.278398 0.00539357
1.55148E+06 3.987686 3.522853 2.407340 0.679883 9.62037 56.8526 1 2.32335E-07 3.63619 7.1181E-01 0.281027 0.00586365
1.63753E+06 3.986149 3.520637 2.389491 0.678965 9.9452 56.9331 1 2.64609E-07 3.63614 7.0883E-01 0.283596 0.00624404
1.71960E+06 3.984314 3.518885 2.370615 0.677884 10.1968 57.0033 1 2.92847E-07 3.63607 7.0601E-01 0.286076 0.00654138
1.79524E+06 3.982286 3.517684 2.352574 0.676699 10.3805 57.0396 1 3.20932E-07 3.63603 7.0344E-01 0.288405 0.00674245
1.86138E+06 3.980206 3.516995 2.336982 0.675489 10.5222 57.0259 1 3.30237E-07 3.63602 7.0120E-01 0.290504 0.00684798
1.91514E+06 3.978010 3.516602 2.323949 0.674216 10.6322 56.9508 1 3.36051E-07 3.63607 6.9932E-01 0.292294 0.00691053
1.95375E+06 3.975801 3.516482 2.315286 0.672941 10.7065 56.7881 1 3.37983E-07 3.6362 6.9787E-01 0.293663 0.00695885
1.97704E+06 3.973913 3.516517 2.310022 0.671853 10.7065 56.6130 1 3.37633E-07 3.63634 6.9689E-01 0.294593 0.00699138
1.98940E+06 3.975170 3.516203 2.307176 0.672579 10.7065 56.8452 1 3.43047E-07 3.63615 6.9689E-01 0.294593 0.00699138
2.00240E+06 3.976591 3.515806 2.304131 0.673397 10.7065 57.1052 1 3.49432E-07 3.63594 6.9689E-01 0.294593 0.00699138
2.02162E+06 3.978858 3.515232 2.299513 0.674705 10.7065 57.5173 1 3.59416E-07 3.63561 6.9689E-01 0.294593 0.00699138
2.05161E+06 3.982789 3.514277 2.292024 0.676979 10.7961 58.2285 1 3.76949E-07 3.63505 6.9689E-01 0.294593 0.00699138
2.09781E+06 3.984868 3.513268 2.280016 0.678181 10.9618 58.7480 1 3.95545E-07 3.63467 6.9584E-01 0.295573 0.00704868
2.17558E+06 3.989238 3.511128 2.258389 0.680723 11.3191 59.7929 1 4.35363E-07 3.6339 6.9415E-01 0.297082 0.00719432
2.26470E+06 3.990136 3.508103 2.230971 0.681243 11.7187 60.4576 1 4.84922E-07 3.63341 6.9114E-01 0.299602 0.00764102
2.35517E+06 3.989344 3.504902 2.197166 0.680778 12.0842 126.7417 0 1.12104E-06 3.68955 6.8763E-01 0.302481 0.0082014
2.44452E+06 3.987881 3.501096 2.147110 0.679924 12.3997 129.1631 0 1.28996E-06 3.68387 6.8406E-01 0.30544 0.00873369
2.53120E+06 3.986407 3.496908 2.085002 0.679066 12.6757 132.8514 0 1.52109E-06 3.67648 6.8059E-01 0.308389 0.00918047
2.61416E+06 3.985006 3.492064 2.008930 0.678251 12.9215 138.1870 0 1.85725E-06 3.66699 6.7724E-01 0.311318 0.00954116
2.69244E+06 3.983762 3.486570 1.919828 0.677528 13.146 145.3826 0 2.35227E-06 3.65535 6.7399E-01 0.314207 0.00982154
2.76547E+06 3.982682 3.479319 1.806569 0.676901 13.3568 156.1365 0 3.22179E-06 3.63963 6.7084E-01 0.317066 0.0100328
2.83298E+06 3.981912 3.468918 1.653392 0.676455 13.5645 173.9628 0 5.08583E-06 3.61659 6.6775E-01 0.319925 0.0101862
2.89575E+06 3.981892 3.448461 1.377334 0.676443 13.8075 219.1898 0 1.28601E-05 3.58759 6.6464E-01 0.322845 0.0103014
2.94152E+06 3.977054 3.428573 0.985909 0.675409 13.8075 313.8570 0 4.77977E-05 3.57988 6.6102E-01 0.326234 0.010434
2.95725E+06 3.983669 3.627629 0.689935 0.677473 13.8075 198.5383 0 2.20639E-07 3.66875 6.6102E-01 0.326234 0.010434
2.97851E+06 3.916482 3.662044 0.676395 0.676395 13.8075 133.4116 0 1.08469E-06 3.69845 6.6102E-01 0.326234 0.010434
0.00000E+00 4.075600 3.600195 3.000000 0.803800 0.32013 69.5261 1 3.35198E-11 3.6131 7.6208E-01 0.236137 0.000717601
1.10752E+04 4.106286 3.597329 3.000000 0.805024 0.32013 74.1552 1 7.05818E-11 3.61144 7.6208E-01 0.236137 0.000717601
1.10752E+04 4.109959 3.596982 3.000000 0.805024 0.402291 75.2399 1 8.21348E-11 3.61026 7.6208E-01 0.236137 0.000717601
2.96845E+04 4.165145 3.591280 2.999997 0.805966 0.589702 85.0775 1 3.50062E-10 3.60626 7.6165E-01 0.236537 0.000747257
5.00317E+04 4.210797 3.585641 2.999987 0.806292 0.818253 94.5722 1 1.33654E-09 3.60236 7.6090E-01 0.237217 0.000816779
7.08749E+04 4.246046 3.580439 2.999954 0.806464 1.06695 102.6953 1 4.08300E-09 3.59925 7.6004E-01 0.237996 0.000903231
9.19603E+04 4.272755 3.573526 2.999851 0.806590 1.32873 109.2792 1 1.18024E-08 3.59693 7.5912E-01 0.238816 0.000999216
1.13215E+05 4.292790 3.563907 2.999814 0.806692 1.59936 114.4764 1 2.45346E-09 3.59521 7.5815E-01 0.239675 0.00110245
1.34603E+05 4.307682 3.556009 2.999751 0.806777 1.87418 118.4901 1 4.00770E-09 3.59395 7.5716E-01 0.240568 0.00121195
1.56097E+05 4.317695 3.549613 2.999656 0.806846 1.87418 121.0539 1 5.97903E-09 3.59336 7.5613E-01 0.241473 0.00132719
1.56097E+05 4.318674 3.549483 2.999656 0.806846 2.14369 121.7098 1 6.02452E-09 3.59282 7.5613E-01 0.241473 0.00132719
1.77675E+05 4.326015 3.543833 2.999518 0.806904 2.14369 123.4006 1 8.49475E-09 3.59266 7.5509E-01 0.242391 0.0014483
1.77675E+05 4.326730 3.543724 2.999518 0.806904 2.38449 123.9474 1 8.55408E-09 3.5922 7.5509E-01 0.242391 0.0014483
1.99322E+05 4.332598 3.537975 2.999330 0.806952 2.56066 125.4499 1 1.16494E-08 3.59193 7.5402E-01 0.243327 0.00157618
2.21025E+05 4.336853 3.531682 2.999080 0.806991 2.65265 126.6474 1 1.52132E-08 3.59162 7.5294E-01 0.244277 0.00171194
2.42775E+05 4.339926 3.525016 2.998762 0.807025 2.66815 127.6115 1 1.88817E-08 3.5913 7.5183E-01 0.245233 0.00185484
2.64563E+05 4.342130 3.518859 2.998378 0.807054 2.62916 334.9958 0 2.20441E-08 3.69138 7.5071E-01 0.246203 0.00200373
2.86384E+05 4.343702 3.513776 2.997939 0.807079 2.56324 336.4002 0 2.43082E-08 3.69103 7.4957E-01 0.247186 0.002157
3.08234E+05 4.344818 3.509534 2.997460 0.807102 2.48134 338.0212 0 2.59002E-08 3.69054 7.4843E-01 0.248172 0.002313
3.30111E+05 4.345604 3.506175 2.996962 0.807122 2.39941 338.5443 0 2.68241E-08 3.69026 7.4727E-01 0.249158 0.00247112
3.52010E+05 4.346105 3.503384 2.996439 0.807141 2.39941 338.5248 0 2.74580E-08 3.69013 7.4612E-01 0.250156 0.00263045
3.52010E+05 4.346150 3.503350 2.996439 0.807141 2.32222 339.4897 0 2.74446E-08 3.68986 7.4612E-01 0.250156 0.00263045
3.73930E+05 4.346526 3.500933 2.995905 0.807158 2.25362 339.8916 0 2.78888E-08 3.68955 7.4495E-01 0.251154 0.00279055
3.95870E+05 4.346758 3.498954 2.995363 0.807174 2.25362 339.2326 0 2.82678E-08 3.68953 7.4378E-01 0.252152 0.00295134
3.95870E+05 4.346777 3.498929 2.995363 0.807174 2.19553 340.1504 0 2.81983E-08 3.68927 7.4378E-01 0.252152 0.00295134
4.17828E+05 4.346928 3.497121 2.994814 0.807190 2.19553 339.3990 0 2.86424E-08 3.68927 7.4261E-01 0.253151 0.0031124
4.17828E+05 4.346940 3.497098 2.994814 0.807190 2.14655 340.3075 0 2.85462E-08 3.68901 7.4261E-01 0.253151 0.0031124
4.39804E+05 4.347038 3.495436 2.994256 0.807204 2.11062 340.0617 0 2.89163E-08 3.68889 7.4144E-01 0.254159 0.00327395
4.61796E+05 4.347088 3.493826 2.993690 0.807218 2.11062 339.5274 0 2.95914E-08 3.68883 7.4026E-01 0.255169 0.00343556
4.61796E+05 4.347090 3.493808 2.993690 0.807218 2.02115 340.4147 0 2.84952E-08 3.68857 7.4026E-01 0.255169 0.00343556
4.83804E+05 4.347111 3.492808 2.993136 0.807232 2.02115 339.5239 0 2.89738E-08 3.68863 7.3908E-01 0.256188 0.00360167
4.83804E+05 4.347110 3.492791 2.993136 0.807232 1.94974 340.4057 0 2.79506E-08 3.68838 7.3908E-01 0.256188 0.00360167
5.05828E+05 4.347112 3.491890 2.992591 0.807246 1.94974 339.4958 0 2.85800E-08 3.68842 7.3789E-01 0.257197 0.00376747
5.05828E+05 4.347109 3.491873 2.992591 0.807246 1.89573 340.3672 0 2.75934E-08 3.68816 7.3789E-01 0.257197 0.00376747
5.27866E+05 4.347095 3.490924 2.992050 0.807259 1.89573 339.4415 0 2.84499E-08 3.68825 7.3671E-01 0.258217 0.00393286
5.27866E+05 4.347091 3.490908 2.992050 0.807259 1.85742 340.3160 0 2.75001E-08 3.68799 7.3671E-01 0.258217 0.00393286
5.49919E+05 4.347066 3.489860 2.991508 0.807272 1.85742 339.3665 0 2.85881E-08 3.68807 7.3552E-01 0.259236 0.0040981
5.49919E+05 4.347061 3.489848 2.991508 0.807272 1.8327 340.2438 0 2.76733E-08 3.68782 7.3552E-01 0.259236 0.0040981
5.71987E+05 4.347028 3.488800 2.990962 0.807284 1.8327 339.2857 0 2.89319E-08 3.68791 7.3433E-01 0.260256 0.00426327
5.71987E+05 4.347022 3.488788 2.990962 0.807284 1.81964 340.1672 0 2.80236E-08 3.68765 7.3433E-01 0.260256 0.00426327
5.94068E+05 4.346982 3.487607 2.990406 0.807297 1.81964 339.1959 0 2.95179E-08 3.68775 7.3314E-01 0.261275 0.00442828
5.94068E+05 4.346975 3.487596 2.990406 0.807297 1.86437 340.0776 0 2.93442E-08 3.68749 7.3314E-01 0.261275 0.00442828
6.16163E+05 4.346918 3.485698 2.989817 0.807309 1.91268 339.6502 0 3.12331E-08 3.68743 7.3194E-01 0.262295 0.00458991
6.38272E+05 4.346854 3.483792 2.989193 0.807322 1.96486 339.5491 0 3.32732E-08 3.68729 7.3074E-01 0.263325 0.00475187
6.60395E+05 4.346782 3.481917 2.988532 0.807334 2.01761 339.7705 0 3.54512E-08 3.68706 7.2954E-01 0.264354 0.00491433
6.82531E+05 4.346703 3.480199 2.987830 0.807346 2.07241 339.3438 0 3.76229E-08 3.68702 7.2834E-01 0.265384 0.00507725
7.04681E+05 4.346617 3.478488 2.987088 0.807359 2.13044 339.2337 0 3.99228E-08 3.68689 7.2713E-01 0.266414 0.00524071
7.26845E+05 4.346523 3.476748 2.986303 0.807371 2.18882 339.4498 0 4.24089E-08 3.68668 7.2593E-01 0.267444 0.00540447
7.49021E+05 4.346423 3.475152 2.985473 0.807383 2.24896 339.0083 0 4.48888E-08 3.68665 7.2472E-01 0.268473 0.00556888
7.71212E+05 4.346316 3.473544 2.984595 0.807395 2.3122 338.8945 0 4.75208E-08 3.68652 7.2350E-01 0.269503 0.00573365
7.93416E+05 4.346216 3.472002 2.983670 0.807407 2.3122 338.2277 0 5.03585E-08 3.68658 7.2229E-01 0.270543 0.00589877
7.93416E+05 4.346202 3.471996 2.983670 0.807407 2.334 339.1051 0 4.93511E-08 3.68632 7.2229E-01 0.270543 0.00589877
8.15633E+05 4.346098 3.470815 2.982716 0.807419 2.334 338.1095 0 5.20047E-08 3.68647 7.2107E-01 0.271573 0.00606799
8.15633E+05 4.346083 3.470809 2.982716 0.807419 2.40139 338.9883 0 5.18859E-08 3.68621 7.2107E-01 0.271573 0.00606799
8.37864E+05 4.345957 3.469332 2.981709 0.807431 2.47252 338.5432 0 5.48415E-08 3.6862 7.1985E-01 0.272613 0.00623385
8.60108E+05 4.345839 3.467804 2.980647 0.807443 2.47252 337.8667 0 5.81156E-08 3.68627 7.1863E-01 0.273653 0.00639991
8.60108E+05 4.345823 3.467800 2.980647 0.807443 2.54571 338.7510 0 5.80653E-08 3.68601 7.1863E-01 0.273653 0.00639991
8.82366E+05 4.345698 3.466437 2.979525 0.807455 2.54571 337.7466 0 6.13835E-08 3.68618 7.1741E-01 0.274693 0.00656662
8.82366E+05 4.345681 3.466433 2.979525 0.807455 2.61942 338.6324 0 6.12872E-08 3.68592 7.1741E-01 0.274693 0.00656662
9.04638E+05 4.345530 3.465024 2.978343 0.807468 2.69606 338.1789 0 6.47049E-08 3.68591 7.1618E-01 0.275733 0.00673374
9.26923E+05 4.345389 3.463635 2.977097 0.807480 2.69606 337.5039 0 6.83313E-08 3.686 7.1495E-01 0.276783 0.00690117
9.26923E+05 4.345370 3.463630 2.977097 0.807480 2.77444 338.3840 0 6.83169E-08 3.68573 7.1495E-01 0.276783 0.00690117
9.49222E+05 4.345221 3.462350 2.975784 0.807492 2.77444 337.3816 0 7.20254E-08 3.68591 7.1372E-01 0.277822 0.00706905
9.49222E+05 4.345200 3.462346 2.975784 0.807492 2.85355 338.2553 0 7.19822E-08 3.68564 7.1372E-01 0.277822 0.00706905
9.71535E+05 4.345021 3.461068 2.974402 0.807504 2.93556 337.8079 0 7.58024E-08 3.68566 7.1249E-01 0.278872 0.00723739
9.93861E+05 4.344855 3.459814 2.972948 0.807516 2.93556 337.1346 0 7.98824E-08 3.68575 7.1126E-01 0.279922 0.0074061
9.93861E+05 4.344833 3.459811 2.972948 0.807516 3.01886 338.0101 0 7.98261E-08 3.68549 7.1126E-01 0.279922 0.0074061
1.01620E+06 4.344633 3.458579 2.971419 0.807528 3.10519 337.5602 0 8.39993E-08 3.6855 7.1002E-01 0.280962 0.00757524
1.03856E+06 4.344423 3.457368 2.969811 0.807541 3.19358 337.7618 0 8.83949E-08 3.68533 7.0878E-01 0.282012 0.00774466
1.06093E+06 4.344227 3.456165 2.968121 0.807553 3.19358 336.7597 0 9.30067E-08 3.68552 7.0754E-01 0.283072 0.00792105
1.06093E+06 4.344201 3.456163 2.968121 0.807553 3.28338 337.6348 0 9.30145E-08 3.68526 7.0754E-01 0.283072 0.00792105
1.08331E+06 4.343967 3.454986 2.966343 0.807565 3.37664 337.1809 0 9.78051E-08 3.68528 7.0629E-01 0.284122 0.00810078
1.10571E+06 4.343750 3.453841 2.964475 0.807578 3.37664 336.5042 0 1.02827E-07 3.68538 7.0505E-01 0.285172 0.00828001
1.10571E+06 4.343721 3.453838 2.964475 0.807578 3.4722 337.3795 0 1.02846E-07 3.68511 7.0505E-01 0.285172 0.00828001
1.12812E+06 4.343491 3.452730 2.962511 0.807590 3.4722 336.3778 0 1.08095E-07 3.68531 7.0380E-01 0.286232 0.00846031
1.12812E+06 4.343461 3.452729 2.962511 0.807590 3.57036 337.2501 0 1.08091E-07 3.68505 7.0380E-01 0.286232 0.00846031
1.15055E+06 4.343188 3.451647 2.960448 0.807602 3.67091 337.1234 0 1.13565E-07 3.68498 7.0254E-01 0.287292 0.00864097
1.17299E+06 4.342934 3.450585 2.958279 0.807615 3.67091 336.1248 0 1.19280E-07 3.68518 7.0129E-01 0.288352 0.00882193
1.17299E+06 4.342900 3.450584 2.958279 0.807615 3.77369 336.9976 0 1.19295E-07 3.68492 7.0129E-01 0.288352 0.00882193
1.19544E+06 4.342598 3.449533 2.956001 0.807627 3.85094 336.8714 0 1.24181E-07 3.68485 7.0003E-01 0.289412 0.00900312
1.21792E+06 4.342320 3.448557 2.953636 0.807640 3.85094 335.8140 0 1.30193E-07 3.68507 6.9877E-01 0.290472 0.00917844
1.21792E+06 4.342283 3.448557 2.953636 0.807640 3.93159 336.6865 0 1.29188E-07 3.68481 6.9877E-01 0.290472 0.00917844
1.24040E+06 4.341994 3.447766 2.951177 0.807653 3.93159 335.6278 0 1.35159E-07 3.68503 6.9751E-01 0.291542 0.00935388
1.24040E+06 4.341956 3.447766 2.951177 0.807653 4.04108 336.4996 0 1.35217E-07 3.68477 6.9751E-01 0.291542 0.00935388
1.26291E+06 4.341612 3.446800 2.948593 0.807666 4.15422 335.9933 0 1.53385E-07 3.68482 6.9625E-01 0.292602 0.00952676
1.28543E+06 4.341290 3.445833 2.945782 0.807678 4.15422 335.2561 0 1.91331E-07 3.68496 6.9498E-01 0.293672 0.00969973
1.28543E+06 4.341237 3.445838 2.945782 0.807678 4.24643 336.1112 0 2.10418E-07 3.68469 6.9498E-01 0.293672 0.00969973
1.30796E+06 4.340824 3.445035 2.942699 0.807691 4.36541 335.6199 0 2.55996E-07 3.68474 6.9371E-01 0.294742 0.00987606
1.33051E+06 4.340351 3.444113 2.939176 0.807704 4.48795 335.4320 0 3.34874E-07 3.68469 6.9243E-01 0.295812 0.0100497
1.35308E+06 4.339799 3.443166 2.935074 0.807718 4.61449 335.2445 0 4.40530E-07 3.68465 6.9115E-01 0.296892 0.0102272
1.37567E+06 4.339145 3.442312 2.930233 0.807731 4.74564 335.0583 0 5.65020E-07 3.6846 6.8987E-01 0.297962 0.0104097
1.39828E+06 4.338358 3.441449 2.924411 0.807745 4.86372 335.0667 0 7.44861E-07 3.68451 6.8859E-01 0.299052 0.0105924
1.42091E+06 4.337405 3.440488 2.917366 0.807759 5.00435 334.6964 0 9.55752E-07 3.6845 6.8730E-01 0.300132 0.0107696
1.44356E+06 4.336246 3.439630 2.908799 0.807774 5.15128 334.5272 0 1.22967E-06 3.68444 6.8600E-01 0.301222 0.0109467
1.46624E+06 4.335203 3.438732 2.897988 0.807789 5.15128 333.9017 0 1.50959E-06 3.6846 6.8470E-01 0.302312 0.0111288
1.46624E+06 4.334786 3.438770 2.897988 0.807789 5.29313 334.3726 0 1.59522E-06 3.68435 6.8470E-01 0.302312 0.0111288
1.48895E+06 4.333486 3.437752 2.884221 0.807806 5.29313 333.7984 0 2.01411E-06 3.68453 6.8339E-01 0.303412 0.0113068
1.48895E+06 4.332933 3.437811 2.884221 0.807806 5.44227 334.1267 0 2.09283E-06 3.68429 6.8339E-01 0.303412 0.0113068
1.51170E+06 4.331276 3.436788 2.866324 0.807823 5.44227 333.7498 0 2.70799E-06 3.68444 6.8207E-01 0.304522 0.0114856
1.51170E+06 4.330536 3.436862 2.866324 0.807823 5.60191 333.8879 0 2.75050E-06 3.68421 6.8207E-01 0.304522 0.0114856
1.53449E+06 4.327257 3.435489 2.841653 0.807842 5.77866 334.2125 0 4.30978E-06 3.68394 6.8073E-01 0.305642 0.0116652
1.55734E+06 4.322464 3.433996 2.805150 0.807864 5.96362 334.4948 0 7.07788E-06 3.68366 6.7938E-01 0.306782 0.0118454
1.58026E+06 4.314525 3.432002 2.743967 0.807837 6.15203 335.4866 0 1.19080E-05 3.68312 6.7800E-01 0.307932 0.012029
1.60326E+06 4.304776 3.429585 2.665698 0.807864 6.34616 337.0897 0 1.29833E-05 3.68253 6.7659E-01 0.309122 0.0122152
1.62640E+06 4.290017 3.425344 2.541291 0.807905 6.5529 342.2631 0 1.50416E-05 3.68119 6.7511E-01 0.310362 0.0124108
1.64975E+06 4.268135 3.418018 2.341251 0.807964 6.78445 339.2230 0 1.86519E-05 3.66702 6.7352E-01 0.311692 0.0126235
1.67344E+06 4.238799 3.404761 2.033416 0.808047 7.07318 337.8134 0 2.80056E-05 3.6378 6.7169E-01 0.313222 0.0128691
1.69757E+06 4.196383 3.378720 1.161416 0.808158 7.7656 464.3974 0 1.57266E-04 3.57435 6.6937E-01 0.315152 0.0131862
1.72265E+06 4.195380 3.540380 0.846654 0.809727 11.3387 345.6003 0 1.19309E-07 3.63901 6.6354E-01 0.319992 0.0139984
1.74478E+06 4.198648 3.568266 0.837706 0.811898 13.8079 289.9463 0 2.35179E-07 3.66055 6.2682E-01 0.349042 0.0204293
1.76511E+06 4.202151 3.637832 0.814238 0.814238 13.8079 237.8217 0 1.94050E-07 3.68647 5.8235E-01 0.381551 0.0302552
0.00000E+00 4.217800 3.614027 3.500000 0.871300 0.328481 84.1458 1 2.99447E-11 3.60986 7.6701E-01 0.232129 0.000717701
5.43449E+03 4.289732 3.607672 3.500000 0.872166 0.328481 98.6796 1 1.97149E-10 3.60478 7.6701E-01 0.232129 0.000717701
5.43449E+03 4.294084 3.607274 3.500000 0.872166 0.370526 100.3618 1 2.38078E-10 3.60342 7.6701E-01 0.232129 0.000717701
1.42023E+04 4.356818 3.601037 3.499996 0.872725 0.432956 116.0505 1 1.47370E-09 3.59808 7.6676E-01 0.232366 0.000733044
2.35832E+04 4.409562 3.595559 3.499973 0.872849 0.166341 130.5030 1 6.95799E-09 3.59428 7.6635E-01 0.232727 0.000766343
3.30860E+04 4.448294 3.590583 3.499875 0.872891 0.166341 142.3780 1 2.49538E-08 3.59135 7.6589E-01 0.233136 0.000822421
3.30860E+04 4.452208 3.590140 3.499875 0.872891 0.0555033 144.6693 1 3.04144E-08 3.59002 7.6589E-01 0.233136 0.000822421
4.26289E+04 4.486734 3.586243 3.499548 0.872918 0.0674371 156.2025 1 9.23153E-08 3.58756 7.6536E-01 0.233621 0.00087119
5.21979E+04 4.514766 3.582588 3.498610 0.872940 0.0840247 166.6987 1 2.51915E-07 3.58517 7.6476E-01 0.23417 0.000913396
6.17882E+04 4.535412 3.579577 3.496559 0.872959 0.0840247 174.5681 1 3.91421E-07 3.58369 7.6412E-01 0.23477 0.000954062
6.17882E+04 4.537489 3.579403 3.496559 0.872959 0.106134 176.1587 1 3.81813E-07 3.5829 7.6412E-01 0.23477 0.000954062
7.13978E+04 4.555950 3.576666 3.493936 0.872976 0.133537 183.5774 1 3.84974E-07 3.5816 7.6343E-01 0.23542 0.00099383
8.10254E+04 4.569593 3.574318 3.490970 0.872991 0.133537 189.2303 1 3.93569E-07 3.58068 7.6272E-01 0.23609 0.00103364
8.10254E+04 4.570974 3.574209 3.490970 0.872991 0.170705 190.4488 1 3.82539E-07 3.5801 7.6272E-01 0.23609 0.00103364
9.06697E+04 4.583179 3.571993 3.487781 0.873004 0.210346 195.7270 1 3.82011E-07 3.57926 7.6197E-01 0.2368 0.0010733
1.00330E+05 4.593060 3.570034 3.484305 0.873017 0.25616 200.5783 1 3.79026E-07 3.57825 7.6119E-01 0.23753 0.00111472
1.10004E+05 4.601030 3.568190 3.480642 0.873028 0.308099 204.3685 1 3.82180E-07 3.57761 7.6039E-01 0.23828 0.00115715
1.19692E+05 4.606826 3.566491 3.476806 0.873039 0.308099 206.7644 1 3.98989E-07 3.57745 7.5957E-01 0.23905 0.00120062
1.19692E+05 4.607421 3.566448 3.476806 0.873039 0.366423 207.4828 1 3.89560E-07 3.5771 7.5957E-01 0.23905 0.00120062
1.29393E+05 4.612491 3.564793 3.472752 0.873049 0.430602 209.8689 1 4.02595E-07 3.5768 7.5874E-01 0.23984 0.00124505
1.39107E+05 4.616460 3.563280 3.468449 0.873058 0.500269 211.9368 1 4.16723E-07 3.57646 7.5789E-01 0.24063 0.00129039
1.48834E+05 4.619211 3.561847 3.463848 0.873067 0.500269 213.1912 1 4.43224E-07 3.57639 7.5704E-01 0.24144 0.00133656
1.48834E+05 4.619502 3.561824 3.463848 0.873067 0.575925 213.6931 1 4.34782E-07 3.57612 7.5704E-01 0.24144 0.00133656
1.58572E+05 4.621751 3.560373 3.458884 0.873076 0.656376 214.8565 1 4.61225E-07 3.576 7.5617E-01 0.24226 0.00138347
1.68323E+05 4.623317 3.558928 3.453472 0.873084 0.740893 215.8282 1 4.93263E-07 3.57585 7.5529E-01 0.24308 0.00143113
1.78086E+05 4.624167 3.557478 3.447474 0.873092 0.740893 216.2520 1 5.40475E-07 3.57591 7.5441E-01 0.24391 0.00147947
1.78086E+05 4.624273 3.557471 3.447474 0.873092 0.825434 216.6106 1 5.32490E-07 3.5757 7.5441E-01 0.24391 0.00147947
1.87861E+05 4.604483 3.556280 3.345351 0.873100 0.879073 211.9187 1 7.59704E-07 3.57609 7.5352E-01 0.24475 0.00152848
1.97732E+05 4.565872 3.554982 3.151335 0.873125 0.918109 660.2030 0 4.91595E-05 3.68054 7.5265E-01 0.24556 0.00158058
2.07785E+05 4.526478 3.553397 2.950024 0.873166 0.921784 633.5357 0 5.16546E-05 3.67995 7.5178E-01 0.24637 0.0016387
2.18029E+05 4.470962 3.551803 2.663218 0.873211 0.921512 603.6583 0 5.73687E-05 3.67897 7.5093E-01 0.24715 0.00170525
2.28515E+05 4.395507 3.549196 2.268315 0.873241 1.8669 539.7665 0 8.26439E-05 3.65658 7.5006E-01 0.24794 0.00178526
2.39269E+05 4.395369 3.516482 2.263788 0.873299 2.7836 540.0708 0 1.22127E-06 3.65582 7.4901E-01 0.24889 0.00187767
2.50080E+05 4.387216 3.501445 2.218332 0.873317 3.71962 531.7433 0 7.45138E-06 3.65117 7.4794E-01 0.24986 0.0019745
2.60933E+05 4.374327 3.490864 2.148658 0.873333 4.66235 518.6854 0 1.06224E-05 3.64416 7.4682E-01 0.25088 0.00207456
2.71838E+05 4.355359 3.482002 2.047570 0.873352 5.6191 502.3066 0 1.41977E-05 3.6335 7.4563E-01 0.25196 0.00218058
2.82814E+05 4.330509 3.473943 1.916033 0.873375 6.62058 481.6153 0 1.83174E-05 3.61945 7.4433E-01 0.25313 0.00229713
2.93879E+05 4.314477 3.463144 1.731652 0.873403 7.72086 485.7934 0 2.83391E-05 3.59676 7.4285E-01 0.25447 0.00243042
3.05056E+05 4.298346 3.453979 1.370720 0.873483 9.18625 540.6756 0 6.08660E-05 3.56613 7.4106E-01 0.25608 0.00259227
3.07969E+05 4.256947 3.450084 1.308710 0.871879 9.18625 467.9220 0 5.40550E-05 3.57662 7.3839E-01 0.25849 0.00283991
3.16319E+05 4.290976 3.564878 0.936312 0.873906 14.3151 469.1868 0 1.31597E-07 3.61855 7.3839E-01 0.25849 0.00283991
3.27076E+05 4.292419 3.592997 0.913195 0.874928 17.5666 384.2312 0 7.14954E-07 3.64379 7.2444E-01 0.27092 0.00427434
3.36954E+05 4.293891 3.674425 0.875957 0.875957 17.5666 291.1671 0 4.13989E-07 3.6794 7.0313E-01 0.28934 0.0069781
0.00000E+00 4.269800 3.617879 4.000000 0.901000 0.337954 84.3494 1 1.13613E-11 3.61285 7.6807E-01 0.231089 0.000717097
3.84539E+03 4.299568 3.615288 4.000000 0.901646 0.337954 89.8679 1 2.41496E-11 3.61112 7.6807E-01 0.231089 0.000717097
3.84539E+03 4.302650 3.615014 4.000000 0.901646 0.360873 90.9463 1 2.75203E-11 3.61016 7.6807E-01 0.231089 0.000717097
9.08344E+03 4.339003 3.611558 4.000000 0.901922 0.360873 98.2902 1 7.17377E-11 3.60801 7.6792E-01 0.231239 0.000725443
9.08344E+03 4.342824 3.611221 4.000000 0.901922 0.396811 99.7703 1 8.47088E-11 3.6068 7.6792E-01 0.231239 0.000725443
1.51290E+04 4.384091 3.607072 3.999999 0.902074 0.416562 109.3338 1 2.69178E-10 3.60386 7.6770E-01 0.231442 0.000739061
2.14653E+04 4.422243 3.602994 3.999997 0.902129 0.223645 119.4212 1 8.56535E-10 3.60063 7.6746E-01 0.231667 0.000758385
2.78862E+04 4.456335 3.599336 3.999990 0.902146 0.0470447 129.2561 1 2.48353E-09 3.59769 7.6718E-01 0.2319 0.000790758
3.43305E+04 4.483669 3.596643 3.999973 0.902153 0.0470447 137.3759 1 5.75014E-09 3.59571 7.6688E-01 0.232174 0.000821636
3.43305E+04 4.486566 3.596364 3.999973 0.902153 0.0527921 138.9972 1 6.65653E-09 3.59473 7.6688E-01 0.232174 0.000821636
4.07820E+04 4.513283 3.593367 3.999931 0.902156 0.0608866 147.4425 1 1.55466E-08 3.59287 7.6654E-01 0.232491 0.000843445
4.72365E+04 4.536908 3.590612 3.999834 0.902158 0.0721199 156.0697 1 3.59810E-08 3.59055 7.6618E-01 0.23283 0.000863871
5.36929E+04 4.557775 3.588190 3.999630 0.902160 0.0865766 163.7779 1 7.44256E-08 3.58879 7.6579E-01 0.2332 0.000882751
6.01510E+04 4.576174 3.585925 3.999228 0.902162 0.104624 170.5230 1 1.40459E-07 3.58756 7.6538E-01 0.23359 0.000900475
6.66107E+04 4.592382 3.583968 3.998573 0.902164 0.126399 176.9931 1 1.69329E-07 3.58623 7.6495E-01 0.234 0.000917513
7.30722E+04 4.606675 3.582130 3.997803 0.902165 0.152546 183.1789 1 1.67694E-07 3.58484 7.6450E-01 0.23443 0.000934307
7.95358E+04 4.619263 3.580384 3.996960 0.902167 0.182828 188.3008 1 1.65852E-07 3.58401 7.6404E-01 0.23488 0.000951177
8.60013E+04 4.629299 3.578938 3.996082 0.902169 0.182828 192.4417 1 1.64994E-07 3.58339 7.6356E-01 0.23534 0.00096833
8.60013E+04 4.630360 3.578858 3.996082 0.902169 0.218046 193.4122 1 1.61132E-07 3.58293 7.6356E-01 0.23534 0.00096833
9.24690E+04 4.639194 3.577464 3.995156 0.902171 0.218046 196.8833 1 1.61160E-07 3.58258 7.6306E-01 0.23581 0.000985861
9.24690E+04 4.640129 3.577391 3.995156 0.902171 0.258697 197.7807 1 1.57403E-07 3.58215 7.6306E-01 0.23581 0.000985861
9.89389E+04 4.648720 3.575970 3.994206 0.902173 0.30455 201.4999 1 1.54923E-07 3.58162 7.6255E-01 0.2363 0.00100381
1.05411E+05 4.656281 3.574615 3.993244 0.902175 0.356626 205.2023 1 1.51951E-07 3.58089 7.6204E-01 0.2368 0.00102219
1.11885E+05 4.662287 3.573429 3.992265 0.902177 0.356626 207.6155 1 1.52931E-07 3.58072 7.6151E-01 0.2373 0.001041
1.11885E+05 4.662925 3.573381 3.992265 0.902177 0.422151 208.3339 1 1.49477E-07 3.58038 7.6151E-01 0.2373 0.001041
1.18362E+05 4.668195 3.572195 3.991263 0.902179 0.422151 210.4539 1 1.51503E-07 3.58025 7.6097E-01 0.23782 0.00105985
1.18362E+05 4.668755 3.572153 3.991263 0.902179 0.488282 211.1229 1 1.48184E-07 3.57993 7.6097E-01 0.23782 0.00105985
1.24841E+05 4.673372 3.570987 3.990233 0.902181 0.488282 212.9673 1 1.51091E-07 3.57984 7.6043E-01 0.23834 0.00107946
1.24841E+05 4.673864 3.570950 3.990233 0.902181 0.57059 213.5945 1 1.47874E-07 3.57954 7.6043E-01 0.23834 0.00107946
1.31322E+05 4.678330 3.569682 3.989162 0.902184 0.652914 215.7873 1 1.49332E-07 3.5792 7.5988E-01 0.23887 0.00109913
1.37806E+05 4.682223 3.568529 3.988042 0.902186 0.742761 217.5827 1 1.51305E-07 3.57899 7.5932E-01 0.23941 0.00111937
1.44292E+05 4.685607 3.567286 3.986863 0.902188 0.840372 219.2736 1 1.54962E-07 3.57874 7.5875E-01 0.23995 0.0011399
1.50781E+05 4.688285 3.565918 3.985748 0.902190 0.840372 220.3887 1 1.63741E-07 3.57869 7.5819E-01 0.24049 0.00116068
1.50781E+05 4.688572 3.565897 3.985748 0.902190 0.959812 220.8665 1 1.60985E-07 3.57845 7.5819E-01 0.24049 0.00116068
1.57272E+05 4.691079 3.563962 3.984353 0.902192 1.07488 222.0121 1 1.75847E-07 3.57835 7.5761E-01 0.24104 0.00118148
1.63766E+05 4.693374 3.561267 3.983466 0.902195 1.1974 223.1494 1 2.02369E-07 3.57821 7.5703E-01 0.24159 0.00120268
1.70262E+05 4.695109 3.558340 3.981567 0.902197 1.327 224.0521 1 2.38793E-07 3.57809 7.5645E-01 0.24215 0.00122408
1.76762E+05 4.696717 3.555654 3.980932 0.902199 1.327 224.6307 1 3.28426E-09 3.57813 7.5587E-01 0.24271 0.00124568
1.76762E+05 4.696904 3.555636 3.980932 0.902199 1.46387 225.0347 1 3.30401E-09 3.57792 7.5587E-01 0.24271 0.00124568
1.83263E+05 4.697711 3.553260 3.976408 0.902201 1.46387 743.9766 0 2.76689E-06 3.68419 7.5528E-01 0.24327 0.00126741
1.83263E+05 4.697458 3.553301 3.976408 0.902201 1.60405 744.1548 0 2.76976E-06 3.6841 7.5528E-01 0.24327 0.00126741
1.89770E+05 4.697297 3.551249 3.968716 0.902204 1.60405 744.8660 0 3.04928E-06 3.68405 7.5469E-01 0.24384 0.00128934
1.89770E+05 4.696981 3.551296 3.968716 0.902204 1.74703 744.7677 0 3.04889E-06 3.68398 7.5469E-01 0.24384 0.00128934
1.96284E+05 4.696196 3.549497 3.959101 0.902207 1.74703 744.5323 0 3.32309E-06 3.68389 7.5410E-01 0.2444 0.00131146
1.96284E+05 4.695820 3.549554 3.959101 0.902207 1.91122 744.1873 0 3.34270E-06 3.68384 7.5410E-01 0.2444 0.00131146
2.02808E+05 4.694616 3.547771 3.948257 0.902211 1.91122 743.3236 0 3.62235E-06 3.68381 7.5351E-01 0.24497 0.00133375
2.02808E+05 4.694179 3.547836 3.948257 0.902211 2.05637 742.7364 0 3.61348E-06 3.68378 7.5351E-01 0.24497 0.00133375
2.09342E+05 4.692068 3.546465 3.936137 0.902214 2.19957 740.4707 0 3.86171E-06 3.68368 7.5292E-01 0.24553 0.00135624
2.15888E+05 4.689484 3.545101 3.922642 0.902218 2.33971 737.9639 0 4.10611E-06 3.68358 7.5233E-01 0.2461 0.00137916
2.22447E+05 4.686504 3.543934 3.907996 0.902222 2.47529 734.3457 0 4.32544E-06 3.68351 7.5174E-01 0.24666 0.00140218
2.29020E+05 4.683863 3.542871 3.892583 0.902227 2.47529 730.9272 0 4.53805E-06 3.68357 7.5115E-01 0.24723 0.00142557
2.29020E+05 4.683246 3.542954 3.892583 0.902227 2.62529 729.6361 0 4.53895E-06 3.68359 7.5115E-01 0.24723 0.00142557
2.35607E+05 4.680370 3.541840 3.876362 0.902231 2.62529 726.5269 0 4.75094E-06 3.68352 7.5056E-01 0.24779 0.0014491
2.35607E+05 4.679715 3.541930 3.876362 0.902231 2.76794 725.1086 0 4.74768E-06 3.68355 7.5056E-01 0.24779 0.0014491
2.42209E+05 4.675942 3.540890 3.859398 0.902236 2.88478 720.9511 0 4.92861E-06 3.68342 7.4997E-01 0.24835 0.00147298
2.48827E+05 4.672698 3.539972 3.841855 0.902241 2.88478 716.7206 0 5.09664E-06 3.68346 7.4938E-01 0.24891 0.00149714
2.48827E+05 4.671983 3.540067 3.841855 0.902241 2.99278 715.0881 0 5.06462E-06 3.6835 7.4938E-01 0.24891 0.00149714
2.55461E+05 4.667866 3.539289 3.823804 0.902245 3.09071 709.7576 0 5.18991E-06 3.68349 7.4879E-01 0.24947 0.00152165
2.62111E+05 4.663618 3.538466 3.805305 0.902250 3.18148 705.0938 0 5.31307E-06 3.68342 7.4821E-01 0.25003 0.00154648
2.68778E+05 4.660030 3.537682 3.786407 0.902255 3.18148 700.5270 0 5.43162E-06 3.68347 7.4762E-01 0.25059 0.00157158
2.68778E+05 4.659260 3.537787 3.786407 0.902255 3.26226 698.7282 0 5.39363E-06 3.68353 7.4762E-01 0.25059 0.00157158
2.75462E+05 4.654913 3.536931 3.767572 0.902260 3.33543 694.0731 0 5.49750E-06 3.68341 7.4704E-01 0.25114 0.00159697
2.82163E+05 4.650585 3.536287 3.748814 0.902265 3.40263 688.6836 0 5.56428E-06 3.68346 7.4646E-01 0.2517 0.0016228
2.88881E+05 4.646279 3.535578 3.730123 0.902270 3.46038 683.3781 0 5.62992E-06 3.68341 7.4587E-01 0.25225 0.00164886
2.95615E+05 4.641992 3.534870 3.711477 0.902275 3.50972 678.1603 0 5.68531E-06 3.68341 7.4529E-01 0.2528 0.00167528
3.02366E+05 4.637730 3.534248 3.692885 0.902280 3.55262 673.0195 0 5.72414E-06 3.68346 7.4471E-01 0.25336 0.00170198
3.09133E+05 4.634303 3.533538 3.674326 0.902285 3.55262 668.9947 0 5.78583E-06 3.68352 7.4413E-01 0.25391 0.00172898
3.09133E+05 4.633491 3.533644 3.674326 0.902285 3.60028 667.1680 0 5.75635E-06 3.68359 7.4413E-01 0.25391 0.00172898
3.15916E+05 4.629265 3.533021 3.655744 0.902290 3.62829 662.2793 0 5.78236E-06 3.68358 7.4355E-01 0.25446 0.00175643
3.22716E+05 4.625070 3.532378 3.637208 0.902295 3.64965 657.4976 0 5.80274E-06 3.68354 7.4297E-01 0.255 0.00178415
3.29532E+05 4.621715 3.531624 3.618694 0.902300 3.64965 654.5727 0 5.85950E-06 3.68347 7.4239E-01 0.25555 0.00181223
3.29532E+05 4.620903 3.531746 3.618694 0.902300 3.66599 652.8258 0 5.81658E-06 3.68353 7.4239E-01 0.25555 0.00181223
3.36363E+05 4.617657 3.531022 3.600569 0.902305 3.66599 650.0705 0 5.86781E-06 3.68347 7.4181E-01 0.2561 0.00184058
3.36363E+05 4.616847 3.531132 3.600569 0.902305 3.68643 648.3576 0 5.83581E-06 3.68353 7.4181E-01 0.2561 0.00184058
3.43211E+05 4.612903 3.530359 3.582834 0.902309 3.69359 644.8805 0 5.86896E-06 3.68339 7.4124E-01 0.25664 0.00186939
3.50073E+05 4.609848 3.529768 3.565369 0.902314 3.69359 641.6119 0 5.89082E-06 3.68341 7.4066E-01 0.25718 0.00189848
3.50073E+05 4.609043 3.529877 3.565369 0.902314 3.69461 639.9539 0 5.84965E-06 3.68347 7.4066E-01 0.25718 0.00189848
3.56951E+05 4.605274 3.529107 3.548203 0.902319 3.69321 636.7864 0 5.87623E-06 3.68337 7.4009E-01 0.25773 0.00192788
3.63843E+05 4.601559 3.528639 3.531177 0.902324 3.69586 632.1663 0 5.85860E-06 3.68344 7.3951E-01 0.25827 0.00195766
3.70750E+05 4.597908 3.527960 3.514333 0.902328 3.68662 628.4545 0 5.86288E-06 3.68343 7.3894E-01 0.25881 0.00198781
3.77671E+05 4.594350 3.527293 3.497807 0.902333 3.67636 625.6663 0 5.87503E-06 3.68329 7.3837E-01 0.25935 0.00201826
3.84606E+05 4.591686 3.526599 3.481672 0.902337 3.67636 623.0183 0 5.89617E-06 3.68328 7.3779E-01 0.25988 0.0020491
3.84606E+05 4.590900 3.526719 3.481672 0.902337 3.6615 621.5139 0 5.85686E-06 3.68332 7.3779E-01 0.25988 0.0020491
3.91555E+05 4.587520 3.526051 3.465759 0.902342 3.6461 618.9940 0 5.86735E-06 3.68318 7.3722E-01 0.26042 0.00208022
3.98517E+05 4.584985 3.525374 3.450063 0.902346 3.6461 616.5506 0 5.88426E-06 3.68324 7.3665E-01 0.26096 0.00211162
3.98517E+05 4.584209 3.525492 3.450063 0.902346 3.62829 615.1150 0 5.84642E-06 3.68328 7.3665E-01 0.26096 0.00211162
4.05493E+05 4.581718 3.524804 3.434495 0.902351 3.62829 613.4919 0 5.87461E-06 3.68322 7.3608E-01 0.2615 0.00214345
4.05493E+05 4.580947 3.524908 3.434495 0.902351 3.6083 612.1010 0 5.83834E-06 3.68325 7.3608E-01 0.2615 0.00214345
4.12481E+05 4.577729 3.524162 3.419027 0.902355 3.58734 609.8813 0 5.85485E-06 3.68307 7.3551E-01 0.26203 0.0021756
4.19483E+05 4.574565 3.523588 3.403718 0.902360 3.56581 607.0486 0 5.84533E-06 3.68304 7.3494E-01 0.26257 0.00220811
4.26497E+05 4.572189 3.522923 3.388453 0.902364 3.56581 604.9055 0 5.85864E-06 3.68307 7.3437E-01 0.2631 0.00224086
4.26497E+05 4.571433 3.523031 3.388453 0.902364 3.54215 603.6087 0 5.82395E-06 3.6831 7.3437E-01 0.2631 0.00224086
4.33524E+05 4.569098 3.522360 3.373308 0.902368 3.54215 602.2288 0 5.84762E-06 3.68304 7.3380E-01 0.26364 0.00227413
4.33524E+05 4.568347 3.522455 3.373308 0.902368 3.51688 600.9532 0 5.81426E-06 3.68306 7.3380E-01 0.26364 0.00227413
4.40563E+05 4.565266 3.521710 3.358077 0.902373 3.49213 599.0311 0 5.82968E-06 3.68286 7.3322E-01 0.26417 0.00230761
4.47615E+05 4.562952 3.521130 3.342864 0.902377 3.49213 597.0464 0 5.83419E-06 3.68289 7.3265E-01 0.2647 0.00234146
4.47615E+05 4.562211 3.521220 3.342864 0.902377 3.46568 595.8344 0 5.80235E-06 3.6829 7.3265E-01 0.2647 0.00234146
4.54680E+05 4.559150 3.520498 3.327510 0.902381 3.43901 594.0134 0 5.81589E-06 3.68276 7.3208E-01 0.26524 0.00237571
4.61757E+05 4.556090 3.519898 3.312049 0.902386 3.41178 591.5834 0 5.80850E-06 3.68269 7.3151E-01 0.26577 0.00241031
4.68846E+05 4.553014 3.519382 3.296387 0.902390 3.38708 588.5511 0 5.78660E-06 3.68274 7.3094E-01 0.2663 0.00244525
4.75948E+05 4.549911 3.518742 3.280460 0.902394 3.36182 586.2047 0 5.78619E-06 3.6827 7.3037E-01 0.26684 0.00248055
4.83063E+05 4.546773 3.518155 3.264226 0.902399 3.33594 583.9011 0 5.78123E-06 3.68262 7.2980E-01 0.26737 0.00251629
4.90191E+05 4.544320 3.517408 3.247720 0.902403 3.33594 582.6534 0 5.80951E-06 3.68253 7.2922E-01 0.2679 0.00255236
4.90191E+05 4.543609 3.517488 3.247720 0.902403 3.30609 581.6240 0 5.78151E-06 3.68253 7.2922E-01 0.2679 0.00255236
4.97332E+05 4.540410 3.516829 3.230889 0.902408 3.27626 579.9971 0 5.78907E-06 3.68235 7.2865E-01 0.26843 0.00258889
5.04486E+05 4.537183 3.516157 3.213766 0.902412 3.24606 577.7979 0 5.78908E-06 3.6823 7.2808E-01 0.26897 0.00262578
5.11653E+05 4.534593 3.515598 3.196182 0.902417 3.24606 575.9813 0 5.78921E-06 3.68231 7.2750E-01 0.2695 0.0026632
5.11653E+05 4.533899 3.515677 3.196182 0.902417 3.21507 575.0370 0 5.76251E-06 3.6823 7.2750E-01 0.2695 0.0026632
5.18834E+05 4.530561 3.514893 3.178141 0.902422 3.18462 573.4816 0 5.78203E-06 3.68212 7.2693E-01 0.27003 0.00270103
5.26029E+05 4.527151 3.514405 3.159532 0.902426 3.1539 570.8069 0 5.75792E-06 3.68214 7.2636E-01 0.27056 0.00273923
5.33238E+05 4.523684 3.513745 3.140420 0.902431 3.12323 568.7586 0 5.75935E-06 3.68205 7.2578E-01 0.2711 0.00277807
5.40461E+05 4.520838 3.513047 3.120839 0.902436 3.12323 567.5826 0 5.78442E-06 3.68196 7.2520E-01 0.27163 0.00281735
5.40461E+05 4.520168 3.513119 3.120839 0.902436 3.09207 566.7690 0 5.75914E-06 3.68194 7.2520E-01 0.27163 0.00281735
5.47699E+05 4.516575 3.512355 3.100617 0.902441 3.06162 565.3785 0 5.78082E-06 3.68175 7.2463E-01 0.27216 0.00285707
5.54952E+05 4.512871 3.511795 3.079533 0.902446 3.03139 562.9471 0 5.76902E-06 3.68174 7.2405E-01 0.2727 0.00289746
5.62220E+05 4.509128 3.511093 3.057974 0.902451 3.00224 561.1386 0 5.78125E-06 3.6816 7.2347E-01 0.27323 0.00293832
5.69504E+05 4.505976 3.510342 3.035816 0.902456 3.00224 560.0758 0 5.81941E-06 3.68154 7.2289E-01 0.27377 0.00297988
5.69504E+05 4.505327 3.510401 3.035816 0.902456 2.9733 559.4045 0 5.79547E-06 3.68149 7.2289E-01 0.27377 0.00297988
5.76804E+05 4.501433 3.509574 3.012833 0.902461 2.9454 558.2586 0 5.83338E-06 3.68128 7.2231E-01 0.27431 0.00302201
5.84121E+05 4.497423 3.508938 2.988848 0.902467 2.91925 556.1633 0 5.84119E-06 3.68119 7.2172E-01 0.27484 0.00306486
5.91454E+05 4.493976 3.508056 2.964073 0.902472 2.91925 555.2547 0 5.90467E-06 3.68109 7.2113E-01 0.27538 0.00310825
5.91454E+05 4.493338 3.508120 2.964073 0.902472 2.89484 554.6779 0 5.85409E-06 3.68104 7.2113E-01 0.27538 0.00310825
5.98804E+05 4.489226 3.507284 2.938769 0.902478 2.87459 553.8419 0 5.93359E-06 3.6808 7.2055E-01 0.27592 0.00315251
6.06172E+05 4.485668 3.506393 2.912599 0.902483 2.87459 552.6377 0 6.00792E-06 3.68076 7.1995E-01 0.27646 0.00319746
6.06172E+05 4.485035 3.506438 2.912599 0.902483 2.85615 552.1326 0 5.98238E-06 3.68069 7.1995E-01 0.27646 0.00319746
6.13558E+05 4.480744 3.505459 2.885381 0.902489 2.84622 551.5451 0 6.06785E-06 3.68043 7.1936E-01 0.27701 0.00324318
6.20962E+05 4.476347 3.504480 2.857182 0.902477 2.83728 550.5170 0 6.16174E-06 3.68022 7.1876E-01 0.27755 0.00328977
6.28371E+05 4.471756 3.503446 2.827088 0.902480 2.83693 549.7587 0 6.27235E-06 3.68002 7.1817E-01 0.2781 0.0033364
6.35798E+05 4.467110 3.502289 2.796037 0.902486 2.84675 549.2199 0 6.41765E-06 3.67977 7.1757E-01 0.27864 0.00338371
6.43244E+05 4.462382 3.500974 2.763808 0.902492 2.87072 548.9243 0 6.60706E-06 3.67952 7.1697E-01 0.27919 0.00343206
6.50710E+05 4.457526 3.499520 2.730028 0.902498 2.91375 548.8758 0 6.84903E-06 3.67925 7.1637E-01 0.27974 0.00348132
6.58198E+05 4.452468 3.497802 2.694049 0.902505 2.98563 549.1303 0 7.17326E-06 3.67894 7.1575E-01 0.2803 0.00353164
6.65709E+05 4.447056 3.495840 2.654616 0.902511 3.10361 549.7835 0 7.60862E-06 3.67859 7.1513E-01 0.28086 0.003583
6.73242E+05 4.441080 3.493358 2.609859 0.902519 3.2907 551.0330 0 8.24520E-06 3.67818 7.1450E-01 0.28143 0.00363541
6.80803E+05 4.434712 3.490260 2.560641 0.902526 3.57722 553.0089 0 9.18001E-06 3.67773 7.1387E-01 0.28201 0.00368883
6.88391E+05 4.427751 3.486436 2.504863 0.902535 4.00295 556.1072 0 1.05759E-05 3.67716 7.1321E-01 0.28261 0.00374325
6.96012E+05 4.419918 3.481891 2.439361 0.902544 4.59841 549.5603 0 1.24106E-05 3.67165 7.1254E-01 0.28322 0.00379849
7.03667E+05 4.410614 3.476296 2.357268 0.902554 5.30842 542.4695 0 1.52178E-05 3.66391 7.1184E-01 0.28385 0.00385449
7.11366E+05 4.399620 3.469862 2.253072 0.902567 6.06992 536.5111 0 1.93348E-05 3.65363 7.1111E-01 0.28452 0.00391282
7.19116E+05 4.386745 3.462817 2.118572 0.902582 6.879 530.9876 0 2.52726E-05 3.63999 7.1031E-01 0.28525 0.00397581
7.26931E+05 4.371472 3.454459 1.934460 0.902601 7.78191 530.2438 0 3.56153E-05 3.61994 7.0942E-01 0.28607 0.00404668
7.34827E+05 4.353039 3.445190 1.649994 0.902624 8.896 537.9615 0 5.85136E-05 3.58663 7.0835E-01 0.28703 0.00413152
7.42835E+05 4.334273 3.489090 1.080273 0.902741 11.6779 609.2629 0 7.91323E-05 3.58573 7.0693E-01 0.28833 0.00424593
7.50856E+05 4.334188 3.575345 0.957553 0.903381 16.573 443.9517 0 2.36191E-07 3.63328 7.0272E-01 0.29215 0.00459656
7.58035E+05 4.335022 3.630349 0.928992 0.904010 19.7644 325.2378 0 9.90262E-07 3.67137 6.9058E-01 0.30295 0.00580589
7.64855E+05 4.336008 3.780474 0.904723 0.904723 19.7644 116.6482 1 1.65578E-07 3.69006 6.6796E-01 0.32268 0.00841389
0.00000E+00 4.095000 3.642033 4.500000 0.979200 0.336056 48.8475 1 1.48713E-14 3.6397 7.0404E-01 0.295062 0.000712738
1.66631E+03 4.136544 3.638658 4.500000 0.979407 0.341816 53.5296 1 3.95886E-14 3.63684 7.0404E-01 0.295062 0.000712738
3.70584E+03 4.182342 3.634783 4.500000 0.979479 0.349625 59.3828 1 1.23569E-13 3.63327 7.0401E-01 0.295092 0.000714506
6.00683E+03 4.224522 3.631116 4.500000 0.979527 0.349625 65.2452 1 3.55715E-13 3.63018 7.0396E-01 0.295142 0.000716925
6.00683E+03 4.228992 3.630736 4.500000 0.979527 0.358848 66.3255 1 4.23177E-13 3.62892 7.0396E-01 0.295142 0.000716925
8.41239E+03 4.272961 3.626904 4.500000 0.979553 0.368715 73.0775 1 1.27254E-12 3.62588 7.0390E-01 0.295192 0.000719795
1.08546E+04 4.309591 3.623650 4.500000 0.979569 0.368715 79.3441 1 3.32339E-12 3.62313 7.0384E-01 0.295242 0.000722854
1.08546E+04 4.313512 3.623302 4.500000 0.979569 0.378841 80.5151 1 3.89972E-12 3.62199 7.0384E-01 0.295242 0.000722854
1.33109E+04 4.350787 3.619919 4.500000 0.979581 0.389118 87.4221 1 1.03656E-11 3.61939 7.0378E-01 0.295302 0.000726004
1.57746E+04 4.385199 3.616717 4.500000 0.979593 0.399579 94.6656 1 2.71634E-11 3.61647 7.0372E-01 0.295362 0.000729204
1.82437E+04 4.417120 3.613792 4.500000 0.979604 0.40929 101.8975 1 6.73301E-11 3.61379 7.0366E-01 0.295422 0.000732443
2.07176E+04 4.443974 3.611246 4.500000 0.979616 0.40929 108.2219 1 1.45491E-10 3.61179 7.0360E-01 0.295476 0.000735919
2.07176E+04 4.446883 3.610990 4.500000 0.979616 0.40559 109.4438 1 1.65813E-10 3.61089 7.0360E-01 0.295476 0.000735919
2.31962E+04 4.472002 3.608578 4.499999 0.979627 0.40559 115.4979 1 3.35609E-10 3.60938 7.0355E-01 0.29553 0.000740625
2.31962E+04 4.474727 3.608314 4.499999 0.979627 0.335329 116.7287 1 3.81261E-10 3.60852 7.0355E-01 0.29553 0.000740625
2.56794E+04 4.498309 3.606192 4.499998 0.979639 0.335329 122.7616 1 7.42336E-10 3.60712 7.0348E-01 0.29558 0.000748755
2.56794E+04 4.500872 3.605943 4.499998 0.979639 0.163301 123.9883 1 8.38305E-10 3.60633 7.0348E-01 0.29558 0.000748755
2.81672E+04 4.523084 3.604346 4.499996 0.979650 0.163301 130.0077 1 1.55015E-09 3.60502 7.0341E-01 0.295644 0.000760815
2.81672E+04 4.525502 3.604101 4.499996 0.979650 0.0598227 131.2397 1 1.74184E-09 3.60426 7.0341E-01 0.295644 0.000760815
3.06597E+04 4.546482 3.602533 4.499992 0.979662 0.0598227 137.2295 1 3.15619E-09 3.60304 7.0333E-01 0.295705 0.000769646
3.06597E+04 4.548768 3.602319 4.499992 0.979662 0.058381 138.4745 1 3.53825E-09 3.6023 7.0333E-01 0.295705 0.000769646
3.31569E+04 4.568621 3.600345 4.499983 0.979674 0.058381 144.4929 1 6.50119E-09 3.60111 7.0324E-01 0.295801 0.000774157
3.31569E+04 4.570787 3.600152 4.499983 0.979674 0.0618311 145.7478 1 7.26598E-09 3.6004 7.0324E-01 0.295801 0.000774157
3.56589E+04 4.591649 3.598176 4.499965 0.979686 0.0659184 152.6355 1 1.40925E-08 3.59893 7.0314E-01 0.2959 0.000778303
3.81654E+04 4.609522 3.596396 4.499931 0.979697 0.0659184 158.8046 1 2.55363E-08 3.59766 7.0303E-01 0.296 0.000782002
3.81654E+04 4.611474 3.596217 4.499931 0.979697 0.0712283 160.0484 1 2.83802E-08 3.59702 7.0303E-01 0.296 0.000782002
4.06767E+04 4.628469 3.594548 4.499865 0.979709 0.0712283 165.9112 1 4.91919E-08 3.59606 7.0290E-01 0.29612 0.000785175
4.06767E+04 4.630326 3.594386 4.499865 0.979709 0.0788002 167.1564 1 5.44828E-08 3.59544 7.0290E-01 0.29612 0.000785175
4.31927E+04 4.648273 3.592684 4.499754 0.979721 0.0875664 174.2217 1 6.68691E-08 3.59394 7.0277E-01 0.29625 0.00078758
4.57133E+04 4.663695 3.591158 4.499625 0.979733 0.0875664 179.9666 1 6.50932E-08 3.5931 7.0264E-01 0.29638 0.000789624
4.57133E+04 4.665383 3.591006 4.499625 0.979733 0.0983563 181.2047 1 6.37809E-08 3.59253 7.0264E-01 0.29638 0.000789624
4.82387E+04 4.680101 3.589549 4.499490 0.979745 0.0983563 186.9052 1 6.08845E-08 3.59173 7.0249E-01 0.29653 0.000791259
4.82387E+04 4.681713 3.589412 4.499490 0.979745 0.112685 188.1520 1 5.93465E-08 3.59117 7.0249E-01 0.29653 0.000791259
5.07689E+04 4.695775 3.588060 4.499356 0.979757 0.112685 193.7617 1 5.56445E-08 3.59043 7.0233E-01 0.29669 0.000792248
5.07689E+04 4.697315 3.587929 4.499356 0.979757 0.128376 194.9883 1 5.40985E-08 3.5899 7.0233E-01 0.29669 0.000792248
5.33038E+04 4.710760 3.586611 4.499224 0.979769 0.128376 200.5050 1 5.01190E-08 3.58923 7.0216E-01 0.29685 0.00079343
5.33038E+04 4.712234 3.586492 4.499224 0.979769 0.146907 201.7249 1 4.85569E-08 3.58872 7.0216E-01 0.29685 0.00079343
5.58435E+04 4.726511 3.585105 4.499096 0.979781 0.168916 208.3609 1 4.29526E-08 3.58761 7.0199E-01 0.29702 0.000794532
5.83879E+04 4.740176 3.583733 4.498979 0.979793 0.194311 214.6408 1 3.77646E-08 3.58672 7.0181E-01 0.2972 0.000795681
6.09371E+04 4.751983 3.582541 4.498871 0.979806 0.194311 220.2134 1 3.35241E-08 3.58597 7.0161E-01 0.29739 0.000796942
6.09371E+04 4.753279 3.582441 4.498871 0.979806 0.224588 221.4125 1 3.21995E-08 3.58551 7.0161E-01 0.29739 0.000796942
6.34910E+04 4.765836 3.581183 4.498774 0.979818 0.259686 227.5276 1 2.75715E-08 3.5847 7.0141E-01 0.29759 0.000798351
6.60497E+04 4.777882 3.579964 4.498687 0.979830 0.3009 233.8315 1 2.31727E-08 3.58376 7.0121E-01 0.29779 0.00079996
6.86132E+04 4.789443 3.578754 4.498609 0.979843 0.348643 240.0022 1 1.93814E-08 3.58288 7.0099E-01 0.29801 0.000801775
7.11815E+04 4.799450 3.577623 4.498538 0.979855 0.348643 245.1800 1 2.13233E-08 3.58229 7.0077E-01 0.29823 0.000803835
7.11815E+04 4.800549 3.577537 4.498538 0.979855 0.405863 246.3321 1 2.21845E-08 3.58189 7.0077E-01 0.29823 0.000803835
7.37545E+04 4.811207 3.576352 4.498463 0.979867 0.471752 252.0021 1 2.84954E-08 3.58126 7.0054E-01 0.29845 0.000806097
7.63324E+04 4.820434 3.575294 4.498382 0.979880 0.471752 256.9446 1 3.56539E-08 3.58076 7.0030E-01 0.29869 0.00080863
7.63324E+04 4.821448 3.575219 4.498382 0.979880 0.551283 258.0647 1 3.69838E-08 3.58038 7.0030E-01 0.29869 0.00080863
7.89150E+04 4.831277 3.573980 4.498288 0.979893 0.644294 263.4833 1 4.70500E-08 3.57983 7.0006E-01 0.29893 0.000811353
8.15025E+04 4.840717 3.572702 4.498177 0.979905 0.754301 269.0539 1 6.02273E-08 3.57916 6.9980E-01 0.29918 0.000814294
8.40948E+04 4.849783 3.571327 4.498042 0.979918 0.845303 274.4871 1 7.71181E-08 3.57854 6.9954E-01 0.29943 0.000817449
8.66919E+04 4.839001 3.570581 4.427509 0.979931 0.934831 271.6302 1 7.82736E-08 3.5785 6.9928E-01 0.29969 0.000821135
8.93193E+04 4.827756 3.569793 4.356372 0.979946 1.06409 268.7068 1 7.96479E-08 3.57843 6.9902E-01 0.29995 0.000825276
9.19854E+04 4.834721 3.567605 4.356274 0.979960 1.06409 272.3843 1 3.69933E-08 3.5782 6.9875E-01 0.30021 0.000829562
9.19854E+04 4.835486 3.568072 4.356274 0.979960 1.14356 997.9343 0 9.62946E-05 3.68803 6.9875E-01 0.30021 0.000829562
9.46655E+04 4.803798 3.567382 4.212397 0.979972 1.25273 951.6875 0 8.39969E-05 3.68756 6.9849E-01 0.30047 0.00083446
9.73992E+04 4.803796 3.565683 4.186988 0.979984 1.39512 961.0207 0 3.46820E-06 3.6871 6.9823E-01 0.30073 0.000839671
1.00165E+05 4.808825 3.563702 4.181389 0.979994 1.55763 978.9129 0 4.00162E-06 3.68659 6.9796E-01 0.30099 0.000845031
1.02939E+05 4.813074 3.561785 4.174021 0.979999 1.73792 994.6884 0 4.59640E-06 3.68616 6.9768E-01 0.30126 0.000850534
1.05718E+05 4.816257 3.560068 4.164699 0.980005 1.73792 1006.4210 0 5.21173E-06 3.68592 6.9740E-01 0.30153 0.000856143
1.05718E+05 4.816491 3.560059 4.164699 0.980005 1.95873 1008.5297 0 5.28644E-06 3.68577 6.9740E-01 0.30153 0.000856143
1.08504E+05 4.819088 3.558382 4.154009 0.980010 1.95873 1019.0791 0 5.96419E-06 3.68555 6.9712E-01 0.3018 0.000861798
1.08504E+05 4.819239 3.558382 4.154009 0.980010 2.17351 1020.7642 0 5.98795E-06 3.68542 6.9712E-01 0.3018 0.000861798
1.11296E+05 4.821319 3.557003 4.141919 0.980015 2.4319 1031.3697 0 6.77510E-06 3.6851 6.9683E-01 0.30208 0.000867645
1.14096E+05 4.822688 3.555612 4.128253 0.980019 2.67452 1040.4083 0 7.55246E-06 3.6848 6.9654E-01 0.30236 0.000873553
1.16903E+05 4.823477 3.554500 4.113071 0.980024 2.67452 1047.1140 0 8.32268E-06 3.68468 6.9625E-01 0.30265 0.000879654
1.16903E+05 4.823378 3.554528 4.113071 0.980024 2.92944 1047.4022 0 8.32714E-06 3.68463 6.9625E-01 0.30265 0.000879654
1.19720E+05 4.823385 3.553505 4.096335 0.980028 3.22576 1052.8271 0 9.18461E-06 3.68447 6.9596E-01 0.30294 0.000885867
1.22545E+05 4.822958 3.552539 4.077929 0.980032 3.22576 1057.1409 0 9.98395E-06 3.68428 6.9566E-01 0.30323 0.000892176
1.22545E+05 4.822688 3.552586 4.077929 0.980032 3.48835 1056.4599 0 9.96551E-06 3.68427 6.9566E-01 0.30323 0.000892176
1.25380E+05 4.820883 3.551721 4.056570 0.980035 3.75149 1058.0779 0 1.07117E-05 3.68404 6.9536E-01 0.30352 0.000898656
1.28226E+05 4.818443 3.551059 4.033666 0.980038 4.01345 1057.6327 0 1.13929E-05 3.68389 6.9506E-01 0.30381 0.000905283
1.31083E+05 4.815437 3.550523 4.009410 0.980040 4.26727 1054.8919 0 1.20050E-05 3.68383 6.9476E-01 0.3041 0.000912039
1.33952E+05 4.811837 3.549993 3.983645 0.980042 4.50949 1051.3829 0 1.25751E-05 3.68374 6.9446E-01 0.30439 0.000918921
1.36831E+05 4.807724 3.549486 3.956617 0.980044 4.73992 1046.6942 0 1.30847E-05 3.68372 6.9416E-01 0.30469 0.000925948
1.39719E+05 4.803157 3.549091 3.928475 0.980046 4.95715 1040.9482 0 1.35157E-05 3.68366 6.9386E-01 0.30498 0.000933086
1.42616E+05 4.798178 3.548664 3.899315 0.980048 5.16178 1034.4747 0 1.39010E-05 3.68359 6.9356E-01 0.30527 0.000940358
1.45523E+05 4.792896 3.548328 3.869472 0.980049 5.34499 1027.1467 0 1.42124E-05 3.68355 6.9326E-01 0.30556 0.000947742
1.48440E+05 4.787262 3.548039 3.838707 0.980051 5.5132 1019.0824 0 1.44463E-05 3.68352 6.9296E-01 0.30585 0.000955267
1.51368E+05 4.781374 3.547724 3.807324 0.980053 5.66499 1010.5310 0 1.46362E-05 3.6835 6.9266E-01 0.30614 0.000962926
1.54305E+05 4.775330 3.547436 3.775638 0.980055 5.79785 1001.7641 0 1.47771E-05 3.68356 6.9237E-01 0.30643 0.000970717
1.57253E+05 4.769121 3.547168 3.743567 0.980057 5.91236 992.7128 0 1.48660E-05 3.68355 6.9207E-01 0.30672 0.000978643
1.60210E+05 4.762722 3.546935 3.710961 0.980059 6.01196 983.4542 0 1.49024E-05 3.68354 6.9178E-01 0.307 0.000986708
1.63178E+05 4.756289 3.546716 3.678382 0.980061 6.09432 974.2696 0 1.49077E-05 3.68353 6.9149E-01 0.30728 0.000994911
1.66156E+05 4.749790 3.546480 3.645667 0.980063 6.1611 965.0651 0 1.48844E-05 3.68359 6.9120E-01 0.30757 0.00100327
1.69144E+05 4.743250 3.546217 3.612875 0.980065 6.21256 955.9144 0 1.48403E-05 3.68359 6.9091E-01 0.30785 0.00101177
1.72142E+05 4.736616 3.545900 3.579754 0.980067 6.25145 946.7566 0 1.47829E-05 3.68359 6.9062E-01 0.30813 0.00102044
1.75150E+05 4.730051 3.545694 3.546931 0.980069 6.27667 937.8585 0 1.46850E-05 3.68353 6.9033E-01 0.3084 0.00102925
1.78168E+05 4.723505 3.545474 3.514181 0.980070 6.29212 929.1701 0 1.45743E-05 3.68358 6.9005E-01 0.30868 0.00103823
1.81195E+05 4.716993 3.545229 3.481535 0.980072 6.29569 920.7294 0 1.44612E-05 3.68351 6.8976E-01 0.30895 0.00104737
1.84232E+05 4.710440 3.544926 3.448651 0.980074 6.28972 912.4602 0 1.43477E-05 3.68356 6.8948E-01 0.30923 0.00105667
1.87278E+05 4.704015 3.544630 3.416226 0.980076 6.27571 904.5768 0 1.42289E-05 3.68354 6.8920E-01 0.3095 0.00106616
1.90334E+05 4.697558 3.544302 3.383549 0.980078 6.25399 896.8255 0 1.41103E-05 3.68351 6.8892E-01 0.30977 0.00107577
1.93398E+05 4.691161 3.544005 3.350992 0.980080 6.22541 889.3545 0 1.39823E-05 3.68343 6.8864E-01 0.31003 0.00108568
1.96472E+05 4.684921 3.543719 3.318977 0.980082 6.19062 882.2998 0 1.38537E-05 3.68346 6.8837E-01 0.3103 0.00109561
1.99554E+05 4.678655 3.543373 3.286665 0.980083 6.15181 875.4130 0 1.37352E-05 3.68336 6.8809E-01 0.31056 0.00110586
2.02646E+05 4.672554 3.543020 3.254914 0.980085 6.10758 868.9251 0 1.36242E-05 3.68338 6.8782E-01 0.31083 0.00111625
2.05745E+05 4.666524 3.542682 3.223285 0.980087 6.05911 862.7615 0 1.35120E-05 3.68333 6.8755E-01 0.31109 0.00112685
2.08854E+05 4.660570 3.542366 3.191784 0.980089 6.00783 856.9299 0 1.33992E-05 3.68322 6.8727E-01 0.31135 0.00113758
2.11970E+05 4.654684 3.542009 3.160367 0.980090 5.95739 851.3959 0 1.32994E-05 3.68315 6.8700E-01 0.31161 0.00114853
2.15095E+05 4.648867 3.541601 3.129018 0.980092 5.90115 846.1687 0 1.32216E-05 3.68308 6.8673E-01 0.31187 0.00115974
2.18227E+05 4.642993 3.541126 3.097098 0.980094 5.84105 841.2340 0 1.31590E-05 3.68299 6.8646E-01 0.31213 0.00117114
2.21368E+05 4.637187 3.540745 3.065205 0.980096 5.77932 836.4555 0 1.30768E-05 3.68291 6.8619E-01 0.31239 0.00118275
2.24517E+05 4.631446 3.540316 3.033305 0.980097 5.71557 831.9808 0 1.30116E-05 3.68276 6.8592E-01 0.31264 0.00119458
2.27674E+05 4.625763 3.539830 3.001344 0.980099 5.64909 827.7921 0 1.29648E-05 3.68267 6.8566E-01 0.31289 0.00120673
2.30838E+05 4.620136 3.539293 2.969297 0.980101 5.58172 823.9185 0 1.29337E-05 3.68256 6.8539E-01 0.31315 0.00121909
2.34011E+05 4.614631 3.538866 2.937578 0.980097 5.51493 820.2501 0 1.28848E-05 3.68247 6.8513E-01 0.3134 0.00123168
2.37188E+05 4.609191 3.538386 2.905766 0.980098 5.44703 817.0415 0 1.28619E-05 3.68229 6.8486E-01 0.31365 0.00124427
2.40373E+05 4.603798 3.537839 2.873776 0.980100 5.37756 814.1483 0 1.28609E-05 3.68216 6.8460E-01 0.3139 0.00125718
2.43566E+05 4.598452 3.537266 2.841592 0.980101 5.30776 811.5754 0 1.28737E-05 3.68197 6.8434E-01 0.31414 0.0012704
2.46765E+05 4.593149 3.536763 2.809175 0.980103 5.23799 809.3454 0 1.28828E-05 3.68182 6.8408E-01 0.31439 0.00128384
2.49973E+05 4.587883 3.536202 2.776468 0.980105 5.1666 807.4216 0 1.29144E-05 3.68161 6.8382E-01 0.31463 0.0012975
2.53187E+05 4.582649 3.535562 2.743413 0.980106 5.09478 805.8378 0 1.29719E-05 3.68144 6.8356E-01 0.31488 0.00131158
2.56409E+05 4.577448 3.534970 2.709979 0.980108 7.35469 804.5927 0 1.30319E-05 3.68121 6.8330E-01 0.31512 0.00132597
2.59639E+05 4.571976 3.543034 2.673013 0.980213 7.12543 729.8345 0 1.34376E-05 3.69873 4.8971E-01 0.50803 0.0013402
2.62920E+05 4.566610 3.542201 2.635558 0.980333 7.06822 729.9417 0 1.34554E-05 3.69843 4.8951E-01 0.5082 0.00135932
2.66259E+05 4.560944 3.540824 2.596287 0.980347 7.1048 730.1367 0 1.38185E-05 3.69813 4.8928E-01 0.5084 0.00138361
2.69611E+05 4.555130 3.539136 2.555215 0.980351 7.30851 730.8513 0 1.44176E-05 3.69783 4.8905E-01 0.50861 0.00140907
2.72973E+05 4.549108 3.536987 2.511660 0.980354 7.76039 732.1052 0 1.54282E-05 3.69747 4.8881E-01 0.50882 0.00143507
2.76344E+05 4.542765 3.534432 2.464537 0.980357 8.53258 723.0520 0 1.67749E-05 3.69402 4.8857E-01 0.50903 0.00146144
2.79725E+05 4.535998 3.531145 2.412661 0.980360 9.64308 709.9050 0 1.88370E-05 3.68909 4.8833E-01 0.50925 0.00148807
2.83117E+05 4.528595 3.527334 2.353757 0.980364 10.9787 696.0641 0 2.17975E-05 3.68337 4.8808E-01 0.50947 0.00151499
2.86521E+05 4.520369 3.523243 2.285216 0.980368 12.3535 681.3641 0 2.55907E-05 3.67657 4.8782E-01 0.5097 0.0015425
2.89938E+05 4.511248 3.519173 2.204649 0.980372 13.6998 665.8063 0 3.00315E-05 3.66841 4.8755E-01 0.50994 0.00157135
2.93371E+05 4.501219 3.515137 2.109171 0.980377 15.0148 649.6078 0 3.53024E-05 3.65847 4.8726E-01 0.5102 0.00160213
2.96822E+05 4.490264 3.510955 1.994170 0.980382 16.3203 633.6909 0 4.21558E-05 3.64598 4.8694E-01 0.51049 0.00163572
3.00293E+05 4.478494 3.507187 1.853049 0.980391 17.6644 615.7308 0 5.10424E-05 3.63033 4.8658E-01 0.5108 0.00167349
3.03788E+05 4.465973 3.504570 1.670602 0.980403 19.0925 595.8466 0 6.39437E-05 3.60937 4.8616E-01 0.51118 0.00171796
3.07314E+05 4.454312 3.509173 1.436169 0.980446 20.7299 587.9322 0 8.02405E-05 3.59104 4.8564E-01 0.51164 0.00177315
3.10800E+05 4.447032 3.552007 1.169673 0.980557 23.07 581.8425 0 6.27540E-05 3.61106 4.8492E-01 0.51228 0.00185132
3.14158E+05 4.445995 3.631983 1.041060 0.980777 25.9778 406.1541 0 1.67977E-05 3.66277 4.8347E-01 0.51356 0.00201425
3.17332E+05 4.446315 3.687143 1.005226 0.981067 27.2937 297.4637 0 6.00321E-06 3.70124 4.7955E-01 0.51698 0.00248775
3.20462E+05 4.446817 3.756017 0.981407 0.981407 27.2937 117.3717 1 8.72619E-07 3.71098 4.7044E-01 0.52484 0.00368786
0.00000E+00 4.480700 3.614844 5.000000 0.984100 0.32277 107.5471 1 6.28520E-11 3.61425 6.9904E-01 0.300052 0.000712732
1.46805E+03 4.512036 3.612026 5.000000 0.984543 0.223444 115.2553 1 1.53046E-10 3.61206 6.9904E-01 0.300045 0.000714125
3.31502E+03 4.550601 3.608712 5.000000 0.984723 0.0658973 125.9228 1 4.84106E-10 3.60889 6.9897E-01 0.300103 0.000723712
5.41827E+03 4.593475 3.605187 4.999998 0.984850 0.0583165 138.9466 1 1.81024E-09 3.60536 6.9887E-01 0.300197 0.000737169
7.63718E+03 4.637190 3.601059 4.999992 0.984931 0.064378 153.6938 1 7.66820E-09 3.60169 6.9872E-01 0.300321 0.000745714
9.90550E+03 4.675902 3.597328 4.999965 0.984991 0.064378 167.5494 1 2.84730E-08 3.59887 6.9856E-01 0.30048 0.000753909
9.90550E+03 4.680047 3.596953 4.999965 0.984991 0.0740981 170.2659 1 3.58300E-08 3.59758 6.9856E-01 0.30048 0.000753909
1.21997E+04 4.721338 3.593000 4.999906 0.985044 0.0886325 186.5240 1 3.29833E-08 3.5947 6.9837E-01 0.30067 0.000761202
1.45123E+04 4.760789 3.589224 4.999844 0.985095 0.10965 204.2325 1 2.54519E-08 3.59143 6.9816E-01 0.30087 0.000767183
1.68410E+04 4.798282 3.585800 4.999785 0.985145 0.141058 223.0967 1 1.68035E-08 3.58802 6.9792E-01 0.3011 0.00077202
1.91850E+04 4.833763 3.582472 4.999741 0.985195 0.185127 239.9355 1 1.09900E-08 3.58636 6.9766E-01 0.30135 0.000776137
2.15441E+04 4.864032 3.579712 4.999699 0.985246 0.185127 257.3269 1 2.05408E-08 3.58379 6.9738E-01 0.30163 0.000780115
2.15441E+04 4.867238 3.579477 4.999699 0.985246 0.260801 260.5500 1 2.29162E-08 3.58279 6.9738E-01 0.30163 0.000780115
2.39179E+04 4.898717 3.576489 4.999635 0.985297 0.351425 278.5962 1 4.65108E-08 3.58097 6.9708E-01 0.30192 0.000783737
2.63066E+04 4.911398 3.574337 4.936392 0.985349 0.427673 1089.9317 0 7.57308E-05 3.68849 6.9676E-01 0.30224 0.000788909
2.87362E+04 4.904994 3.572992 4.811379 0.985407 0.482078 1103.7281 0 9.40338E-05 3.68769 6.9643E-01 0.30256 0.000796125
3.12392E+04 4.886100 3.572030 4.649917 0.985470 0.532545 1088.5829 0 1.00248E-04 3.68706 6.9608E-01 0.3029 0.000805485
3.38365E+04 4.862538 3.571396 4.480398 0.985533 0.58376 1058.2305 0 9.81517E-05 3.68695 6.9573E-01 0.30324 0.000816753
3.65340E+04 4.836731 3.570781 4.310214 0.985591 0.643635 1024.9094 0 9.42591E-05 3.6867 6.9536E-01 0.30359 0.000830065
3.93305E+04 4.813378 3.570067 4.156972 0.985640 0.70383 996.3506 0 9.26135E-05 3.68656 6.9499E-01 0.30395 0.000845439
4.22168E+04 4.788468 3.569281 4.002926 0.985678 0.763377 966.1705 0 9.06009E-05 3.68633 6.9460E-01 0.30432 0.000863
4.51871E+04 4.762610 3.568421 3.848865 0.985706 0.820409 935.4302 0 8.87946E-05 3.68608 6.9420E-01 0.30469 0.000882805
4.82340E+04 4.736170 3.567522 3.694581 0.985732 0.872949 905.7483 0 8.77464E-05 3.68589 6.9379E-01 0.30508 0.000904734
5.13362E+04 4.709231 3.566466 3.538770 0.985752 9.77443 878.2341 0 8.87851E-05 3.68554 6.9338E-01 0.30546 0.000928953
5.44897E+04 4.701533 3.555512 3.470223 0.985899 7.84394 814.5927 0 1.39486E-05 3.69906 5.2933E-01 0.469 0.000946806
5.77077E+04 4.702305 3.554014 3.441977 0.986124 6.73076 825.4605 0 1.27249E-05 3.69849 5.2896E-01 0.46934 0.000980088
6.09991E+04 4.701970 3.552280 3.414202 0.986158 5.92525 833.3416 0 1.20922E-05 3.69797 5.2853E-01 0.46973 0.00102294
6.43076E+04 4.700863 3.550626 3.387214 0.986167 5.33071 838.9431 0 1.16078E-05 3.69748 5.2809E-01 0.47012 0.00106775
6.76264E+04 4.699053 3.549067 3.360555 0.986174 4.87479 842.5405 0 1.12334E-05 3.6971 5.2765E-01 0.47052 0.00111346
7.09544E+04 4.696559 3.547599 3.333723 0.986181 4.51307 844.3505 0 1.09289E-05 3.69673 5.2720E-01 0.47092 0.00115998
7.42915E+04 4.693354 3.546213 3.306076 0.986187 4.21839 844.4047 0 1.06638E-05 3.69638 5.2674E-01 0.47132 0.00120718
7.76378E+04 4.689786 3.544876 3.278780 0.986193 3.97344 843.5153 0 1.04392E-05 3.69614 5.2629E-01 0.47173 0.0012553
8.09932E+04 4.685928 3.543528 3.251795 0.986200 3.76631 842.0972 0 1.02582E-05 3.6958 5.2583E-01 0.47213 0.00130433
8.43576E+04 4.681832 3.542296 3.225048 0.986206 3.58778 839.4640 0 1.00788E-05 3.6956 5.2537E-01 0.47254 0.0013541
8.77307E+04 4.677564 3.541019 3.198493 0.986212 3.43211 836.8162 0 9.93818E-06 3.69536 5.2491E-01 0.47295 0.00140479
9.11124E+04 4.673137 3.539863 3.172082 0.986218 3.29485 832.8196 0 9.78377E-06 3.69521 5.2444E-01 0.47336 0.00145642
9.45026E+04 4.669117 3.538659 3.145772 0.986225 3.29485 830.2159 0 9.68966E-06 3.695 5.2397E-01 0.47377 0.00150879
9.45026E+04 4.668586 3.538729 3.145772 0.986225 3.17266 829.1828 0 9.65505E-06 3.69499 5.2397E-01 0.47377 0.00150879
9.79013E+04 4.664475 3.537551 3.119538 0.986231 3.17266 826.3700 0 9.57351E-06 3.69487 5.2351E-01 0.47419 0.00156222
9.79013E+04 4.663940 3.537614 3.119538 0.986231 3.06273 825.3212 0 9.53948E-06 3.69486 5.2351E-01 0.47419 0.00156222
1.01308E+05 4.659758 3.536439 3.093340 0.986237 3.06273 822.3861 0 9.47211E-06 3.69465 5.2303E-01 0.4746 0.0016165
1.01308E+05 4.659223 3.536498 3.093340 0.986237 2.9638 821.3471 0 9.43860E-06 3.69464 5.2303E-01 0.4746 0.0016165
1.04724E+05 4.654980 3.535311 3.067110 0.986243 2.9638 818.3170 0 9.38776E-06 3.6945 5.2256E-01 0.47502 0.00167175
1.04724E+05 4.654445 3.535366 3.067110 0.986243 2.8741 817.2820 0 9.35474E-06 3.69449 5.2256E-01 0.47502 0.00167175
1.08147E+05 4.649618 3.534212 3.040824 0.986250 2.79229 813.3597 0 9.29101E-06 3.69433 5.2209E-01 0.47544 0.00172808
1.11579E+05 4.644755 3.533094 3.014418 0.986256 2.71828 809.3958 0 9.23313E-06 3.69411 5.2161E-01 0.47585 0.0017853
1.15019E+05 4.639871 3.532024 2.987881 0.986262 2.65096 805.4058 0 9.18151E-06 3.69394 5.2113E-01 0.47627 0.00184354
1.18467E+05 4.634968 3.530925 2.961157 0.986268 2.59198 801.5218 0 9.14849E-06 3.69374 5.2064E-01 0.47669 0.00190291
1.21923E+05 4.630083 3.529795 2.934518 0.986256 2.5387 797.6524 0 9.13663E-06 3.69359 5.2016E-01 0.47711 0.0019634
1.25382E+05 4.625223 3.528677 2.907701 0.986260 2.49241 794.1082 0 9.14136E-06 3.69342 5.1968E-01 0.47753 0.00202391
1.28848E+05 4.620349 3.527521 2.880547 0.986266 2.45268 790.7367 0 9.17082E-06 3.69324 5.1920E-01 0.47795 0.00208534
1.32322E+05 4.615451 3.526337 2.852964 0.986272 2.4202 787.5532 0 9.22480E-06 3.69304 5.1871E-01 0.47837 0.00214805
1.35804E+05 4.610523 3.525093 2.824879 0.986278 2.39549 784.5638 0 9.31106E-06 3.69283 5.1822E-01 0.47879 0.00221189
1.39294E+05 4.605551 3.523771 2.796152 0.986284 2.38006 781.7723 0 9.43603E-06 3.69264 5.1773E-01 0.47922 0.00227695
1.42792E+05 4.600533 3.522341 2.766723 0.986290 2.37551 779.2021 0 9.61147E-06 3.69242 5.1723E-01 0.47965 0.00234334
1.46299E+05 4.595449 3.520893 2.736419 0.986297 2.38423 776.8554 0 9.83182E-06 3.69218 5.1673E-01 0.48007 0.00241102
1.49814E+05 4.590279 3.519269 2.705051 0.986303 2.40992 774.8044 0 1.01342E-05 3.69197 5.1623E-01 0.48051 0.00248018
1.53337E+05 4.584996 3.517463 2.672379 0.986309 2.45864 773.0321 0 1.05380E-05 3.6917 5.1572E-01 0.48094 0.00255082
1.56870E+05 4.579560 3.515412 2.638046 0.986317 2.54098 771.7417 0 1.10881E-05 3.6914 5.1520E-01 0.48138 0.00262292
1.60411E+05 4.573920 3.513082 2.601605 0.986324 2.66221 770.7196 0 1.18383E-05 3.69113 5.1468E-01 0.48183 0.00269658
1.63962E+05 4.568011 3.510439 2.562451 0.986331 2.84178 770.1801 0 1.28472E-05 3.69079 5.1415E-01 0.48227 0.00277201
1.67523E+05 4.561739 3.507346 2.519695 0.986338 3.10397 770.2546 0 1.42584E-05 3.69044 5.1361E-01 0.48273 0.00284905
1.71095E+05 4.554986 3.503762 2.472160 0.986346 3.48664 762.1428 0 1.60685E-05 3.68773 5.1307E-01 0.48319 0.00292784
1.74678E+05 4.547678 3.499693 2.418758 0.986354 4.03142 746.9333 0 1.84845E-05 3.68281 5.1251E-01 0.48367 0.00300809
1.78274E+05 4.539607 3.495043 2.357119 0.986363 4.764 730.8256 0 2.19588E-05 3.67703 5.1193E-01 0.48416 0.00308989
1.81884E+05 4.530514 3.489935 2.283837 0.986373 5.62996 713.5409 0 2.68173E-05 3.67003 5.1133E-01 0.48467 0.00317331
1.85510E+05 4.520188 3.484746 2.194724 0.986384 6.53438 694.9514 0 3.31108E-05 3.66132 5.1070E-01 0.4852 0.0032599
1.89155E+05 4.508468 3.479570 2.084093 0.986396 7.45696 676.1059 0 4.11534E-05 3.65006 5.1002E-01 0.48578 0.00335276
1.92823E+05 4.495139 3.474736 1.941581 0.986414 8.42909 654.3844 0 5.16137E-05 3.63531 5.0927E-01 0.48643 0.00345582
1.96519E+05 4.480786 3.470826 1.757402 0.986434 9.505 631.2278 0 6.67140E-05 3.61548 5.0840E-01 0.48717 0.00357586
2.00249E+05 4.466616 3.473361 1.512448 0.986476 10.7796 599.7591 0 8.48439E-05 3.58902 5.0732E-01 0.48809 0.00372517
2.03996E+05 4.456857 3.513220 1.211221 0.986673 12.8111 615.9717 0 7.61617E-05 3.60362 5.0586E-01 0.48933 0.00392962
2.07628E+05 4.455611 3.577361 1.079997 0.987091 15.5935 486.5740 0 3.96123E-07 3.64126 5.0298E-01 0.49175 0.00435044
2.11045E+05 4.456206 3.583655 1.067366 0.987572 17.2596 458.3357 0 3.65181E-06 3.64928 4.9702E-01 0.49667 0.00530878
2.14399E+05 4.456880 3.612163 1.042441 0.988144 18.4564 397.0087 0 3.72978E-06 3.66791 4.9069E-01 0.50177 0.00642973
2.17818E+05 4.457770 3.641222 1.025603 0.988810 19.1541 344.6109 0 2.62586E-06 3.68562 4.8178E-01 0.50875 0.00817529
2.21280E+05 4.458763 3.663857 1.015952 0.989518 19.4008 306.9570 0 1.76679E-06 3.69977 4.6872E-01 0.5186 0.0110134
2.24775E+05 4.459872 3.681525 1.010572 0.990296 19.3533 279.1046 0 1.12331E-06 3.71123 4.5079E-01 0.53152 0.0153039
2.28297E+05 4.461057 3.700020 0.991133 0.991133 19.3533 277.2394 0 6.20953E-07 3.71423 4.2757E-01 0.54727 0.0213941
