0.000 2.2251 3.6514 0.55000 0.49920 0.4773 4.499595E+00 1 9.37562e-10 3.6514 7.479972E-01 2.459801E-01 0.00284367
170395.556 3.2144 3.5818 0.54356 0.50055 0.4773 8.569969E+01 0 8.91251e-08 3.5818 7.479972E-01 2.459801E-01 0.00284367
228445.304 2.2195 3.6552 0.53815 0.50168 0.4773 4.377400E+00 1 9.48418e-10 3.6552 7.479972E-01 2.459801E-01 0.00284367
381694.460 3.2365 3.5870 0.53212 0.50286 0.4773 8.728288E+01 0 1.01859e-07 3.5870 7.479972E-01 2.459801E-01 0.00284367
465787.368 2.1766 3.6663 0.52236 0.50471 0.4773 3.788385E+00 1 8.531e-10 3.6663 7.479972E-01 2.459801E-01 0.00284367
616626.465 3.2589 3.6077 0.51593 0.50589 0.4773 7.848069E+01 0 1.12202e-07 3.6077 7.479972E-01 2.459801E-01 0.00284367
0.000 3.1157 3.5823 0.60000 0.50560 0.4773 3.643037E+01 1 4.47713e-08 3.5823 7.479972E-01 2.459801E-01 0.00284367
0.000 2.3763 3.6376 0.60000 0.50560 0.4773 6.278487E+00 1 1.48936e-09 3.6376 7.479972E-01 2.459801E-01 0.00284367
190990.124 3.2185 3.5741 0.59241 0.50747 0.4773 8.673627E+01 0 8.03526e-08 3.5741 7.479972E-01 2.459801E-01 0.00284367
213896.534 2.3965 3.6373 0.59061 0.50793 0.4773 6.580662E+00 1 1.64437e-09 3.6373 7.479972E-01 2.459801E-01 0.00284367
415867.343 3.2656 3.5724 0.57986 0.51032 0.4773 9.888329E+01 0 1.07895e-07 3.5724 7.479972E-01 2.459801E-01 0.00284367
437894.347 2.4140 3.6383 0.57757 0.51082 0.4773 6.823694E+00 1 1.81552e-09 3.6383 7.479972E-01 2.459801E-01 0.00284367
626034.040 3.3006 3.5735 0.56623 0.51303 0.4773 1.073862E+02 0 1.35207e-07 3.5735 7.479972E-01 2.459801E-01 0.00284367
687205.431 2.4169 3.6430 0.55743 0.51463 0.4773 6.750042E+00 1 1.93197e-09 3.6430 7.479972E-01 2.459801E-01 0.00284367
942042.896 3.3739 3.6041 0.52921 0.51909 0.4773 1.015657E+02 0 1.99526e-07 3.6041 7.479972E-01 2.459801E-01 0.00284367
0.000 3.2441 3.5692 0.65000 0.51090 0.4771 8.927585E+01 0 7.94328e-08 3.5692 7.454182E-01 2.484849E-01 0.00284396
0.000 2.4760 3.6300 0.65000 0.51090 0.4771 7.650461E+00 1 1.99526e-09 3.6300 7.454182E-01 2.484849E-01 0.00284396
176580.441 3.3535 3.5590 0.63740 0.51337 0.4771 1.248997E+02 0 1.53462e-07 3.5590 7.454182E-01 2.484849E-01 0.00284396
199511.914 2.5083 3.6286 0.63393 0.51400 0.4771 8.305417E+00 1 2.34963e-09 3.6286 7.454182E-01 2.484849E-01 0.00284396
396843.392 3.4002 3.5570 0.61419 0.51738 0.4771 1.442757E+02 0 2.13796e-07 3.5570 7.454182E-01 2.484849E-01 0.00284396
421262.171 2.5379 3.6287 0.60917 0.51816 0.4771 8.938052E+00 1 2.79254e-09 3.6287 7.454182E-01 2.484849E-01 0.00284396
586776.717 3.4213 3.5597 0.59264 0.52068 0.4771 1.513732E+02 0 2.5293e-07 3.5597 7.454182E-01 2.484849E-01 0.00284396
666748.029 2.5366 3.6357 0.56936 0.52354 0.4771 8.770931E+00 1 3.04789e-09 3.6357 7.454182E-01 2.484849E-01 0.00284396
855433.532 3.4872 3.6021 0.53755 0.52734 0.4771 1.302723E+02 0 3.59749e-07 3.6021 7.454182E-01 2.484849E-01 0.00284396
0.000 3.1972 3.5743 0.70000 0.51360 0.4771 4.145138E+01 1 5.34564e-08 3.5743 7.430191E-01 2.510152E-01 0.00284453
0.000 2.5377 3.6260 0.70000 0.51360 0.4771 8.492559E+00 1 2.32809e-09 3.6260 7.430191E-01 2.510152E-01 0.00284453
174477.097 3.3037 3.5639 0.69142 0.51583 0.4771 1.014591E+02 0 9.93116e-08 3.5639 7.430191E-01 2.510152E-01 0.00284453
194620.804 2.5741 3.6237 0.68948 0.51632 0.4771 9.304598E+00 1 2.75423e-09 3.6237 7.430191E-01 2.510152E-01 0.00284453
388487.334 3.3532 3.5593 0.67634 0.51934 0.4771 1.192442E+02 0 1.37404e-07 3.5593 7.430191E-01 2.510152E-01 0.00284453
409379.250 2.6152 3.6214 0.67360 0.51994 0.4771 1.031814E+01 1 3.37287e-09 3.6214 7.430191E-01 2.510152E-01 0.00284453
625305.391 3.4093 3.5550 0.65275 0.52390 0.4771 1.431618E+02 0 2.02302e-07 3.5550 7.430191E-01 2.510152E-01 0.00284453
650252.893 2.6559 3.6198 0.64782 0.52473 0.4771 1.147820E+01 1 4.23643e-09 3.6198 7.430191E-01 2.510152E-01 0.00284453
840002.595 3.4505 3.5544 0.62483 0.52827 0.4771 1.622959E+02 0 2.75423e-07 3.5544 7.430191E-01 2.510152E-01 0.00284453
901630.691 2.6769 3.6221 0.60632 0.53062 0.4771 1.213226E+01 1 5.08159e-09 3.6221 7.430191E-01 2.510152E-01 0.00284453
1143259.353 3.5227 3.6030 0.54720 0.53705 0.4771 1.375983E+02 0 4.19759e-07 3.6030 7.430191E-01 2.510152E-01 0.00284453
0.000 2.6226 3.6221 0.80000 0.51730 0.4681 9.532893E+00 1 2.77332e-09 3.6221 7.399460E-01 2.539803E-01 0.00284609
182504.372 2.6604 3.6195 0.79303 0.51975 0.4681 1.046180E+01 1 3.28095e-09 3.6195 7.399460E-01 2.539803E-01 0.00284609
360327.918 3.3292 3.5645 0.78484 0.52235 0.4681 9.720041E+01 0 9.03649e-08 3.5645 7.399460E-01 2.539803E-01 0.00284609
384001.965 2.7052 3.6164 0.78272 0.52299 0.4681 1.168738E+01 1 4.03645e-09 3.6164 7.399460E-01 2.539803E-01 0.00284609
590659.670 3.3892 3.5581 0.76896 0.52668 0.4681 1.184974E+02 0 1.32434e-07 3.5581 7.399460E-01 2.539803E-01 0.00284609
615127.561 2.7580 3.6127 0.76584 0.52745 0.4681 1.337687E+01 1 5.236e-09 3.6127 7.399460E-01 2.539803E-01 0.00284609
829795.292 3.4503 3.5514 0.74492 0.53192 0.4681 1.464377E+02 0 2.00909e-07 3.5514 7.399460E-01 2.539803E-01 0.00284609
856161.794 2.8101 3.6091 0.73961 0.53291 0.4681 1.538312E+01 1 6.95024e-09 3.6091 7.399460E-01 2.539803E-01 0.00284609
1075238.068 3.5119 3.5455 0.70600 0.53831 0.4681 1.828068E+02 0 3.1989e-07 3.5455 7.399460E-01 2.539803E-01 0.00284609
1100617.999 2.8534 3.6065 0.69798 0.53940 0.4681 1.748492E+01 1 9.24698e-09 3.6065 7.399460E-01 2.539803E-01 0.00284609
1271618.208 3.5493 3.5448 0.66468 0.54356 0.4681 2.080577E+02 0 4.4157e-07 3.5448 7.399460E-01 2.539803E-01 0.00284609
1333064.485 2.8659 3.6091 0.63447 0.54654 0.4681 1.842670E+01 1 1.1272e-08 3.6091 7.399460E-01 2.539803E-01 0.00284609
1524110.408 3.6179 3.6048 0.56298 0.55287 0.4681 1.627169E+02 0 6.63743e-07 3.6048 7.399460E-01 2.539803E-01 0.00284609
0.000 2.6940 3.6202 0.90000 0.52180 0.4485 1.037418E+01 1 3.1989e-09 3.6202 7.389244E-01 2.559764E-01 0.00285062
181177.929 2.7359 3.6174 0.89399 0.52433 0.4485 1.147428E+01 1 3.84592e-09 3.6174 7.389244E-01 2.559764E-01 0.00285062
386437.869 2.7874 3.6136 0.88471 0.52783 0.4485 1.303269E+01 1 4.86407e-09 3.6136 7.389244E-01 2.559764E-01 0.00285062
617110.019 2.8471 3.6092 0.86974 0.53254 0.4485 1.514589E+01 1 6.5013e-09 3.6092 7.389244E-01 2.559764E-01 0.00285062
843271.096 3.4756 3.5528 0.84902 0.53776 0.4485 1.388347E+02 0 1.79887e-07 3.5528 7.389244E-01 2.559764E-01 0.00285062
857633.961 2.9083 3.6045 0.84643 0.53833 0.4485 1.777371E+01 1 8.93305e-09 3.6045 7.389244E-01 2.559764E-01 0.00285062
1076216.230 3.5367 3.5451 0.81686 0.54407 0.4485 1.737869E+02 0 2.78612e-07 3.5451 7.389244E-01 2.559764E-01 0.00285062
1100514.724 2.9653 3.5997 0.81012 0.54518 0.4485 2.091009E+01 1 1.25314e-08 3.5997 7.389244E-01 2.559764E-01 0.00285062
1309562.283 3.5950 3.5382 0.76484 0.55169 0.4485 2.192671E+02 0 4.4978e-07 3.5382 7.389244E-01 2.559764E-01 0.00285062
1331298.811 3.0093 3.5960 0.75514 0.55282 0.4485 2.412553E+01 1 1.7338e-08 3.5960 7.389244E-01 2.559764E-01 0.00285062
1491275.358 3.6307 3.5367 0.70931 0.55787 0.4485 2.531979E+02 0 6.38263e-07 3.5367 7.389244E-01 2.559764E-01 0.00285062
1544059.609 3.0208 3.5974 0.67204 0.56095 0.4485 2.588761E+01 1 2.208e-08 3.5974 7.389244E-01 2.559764E-01 0.00285062
1637035.691 3.6084 3.5488 0.64742 0.56310 0.4485 2.325958E+02 0 6.32412e-07 3.5488 7.389244E-01 2.559764E-01 0.00285062
1715988.229 3.6899 3.6111 0.57802 0.56798 0.4485 1.764729E+02 0 9.09913e-07 3.6111 7.389244E-01 2.559764E-01 0.00285062
0.000 2.7489 3.6196 1.00000 0.52540 0.4284 1.091892E+01 1 3.49945e-09 3.6196 7.380742E-01 2.569804E-01 0.00285651
170736.996 2.7940 3.6165 0.99442 0.52803 0.4284 1.216950E+01 1 4.2658e-09 3.6165 7.380742E-01 2.569804E-01 0.00285651
365491.852 2.8485 3.6126 0.98591 0.53161 0.4284 1.389643E+01 1 5.45758e-09 3.6126 7.380742E-01 2.569804E-01 0.00285651
589951.535 2.9136 3.6077 0.97185 0.53658 0.4284 1.633910E+01 1 7.44732e-09 3.6077 7.380742E-01 2.569804E-01 0.00285651
829662.423 2.9826 3.6022 0.94930 0.54293 0.4284 1.953196E+01 1 1.0617e-08 3.6022 7.380742E-01 2.569804E-01 0.00285651
1040068.438 3.5682 3.5465 0.92217 0.54898 0.4284 1.681760E+02 0 2.62422e-07 3.5465 7.380742E-01 2.569804E-01 0.00285651
1067669.552 3.0474 3.5966 0.91499 0.55033 0.4284 2.335062E+01 1 1.53462e-08 3.5966 7.380742E-01 2.569804E-01 0.00285651
1275559.445 3.6249 3.5382 0.87137 0.55756 0.4284 2.124523E+02 0 4.14e-07 3.5382 7.380742E-01 2.569804E-01 0.00285651
1287409.295 3.1007 3.5914 0.86651 0.55822 0.4284 2.749129E+01 1 2.18776e-08 3.5914 7.380742E-01 2.569804E-01 0.00285651
1473476.232 3.6751 3.5314 0.80709 0.56551 0.4284 2.651860E+02 0 6.54636e-07 3.5314 7.380742E-01 2.569804E-01 0.00285651
1491573.629 3.1376 3.5873 0.79525 0.56665 0.4284 3.167093E+01 1 3.05492e-08 3.5873 7.380742E-01 2.569804E-01 0.00285651
1622988.616 3.6988 3.5309 0.74403 0.57154 0.4284 2.973152E+02 0 8.77001e-07 3.5309 7.380742E-01 2.569804E-01 0.00285651
1679095.665 3.1367 3.5896 0.68774 0.57540 0.4284 3.347446E+01 1 3.85478e-08 3.5896 7.380742E-01 2.569804E-01 0.00285651
1751740.667 3.6568 3.5474 0.66203 0.57728 0.4284 2.569513E+02 0 7.97995e-07 3.5474 7.380742E-01 2.569804E-01 0.00285651
1813277.554 3.7479 3.6174 0.59175 0.58164 0.4284 1.861685E+02 0 1.16413e-06 3.6174 7.380742E-01 2.569804E-01 0.00285651
0.000 2.7891 3.6201 1.10000 0.52770 0.4125 1.115446E+01 1 3.65595e-09 3.6201 7.370552E-01 2.579883E-01 0.00286089
168834.272 2.8346 3.6171 1.09545 0.53029 0.4125 1.242153E+01 1 4.44631e-09 3.6171 7.370552E-01 2.579883E-01 0.00286089
363717.957 2.8908 3.6129 1.08837 0.53389 0.4125 1.424360E+01 1 5.72796e-09 3.6129 7.370552E-01 2.579883E-01 0.00286089
587131.847 2.9580 3.6080 1.07673 0.53890 0.4125 1.678586E+01 1 7.8343e-09 3.6080 7.370552E-01 2.579883E-01 0.00286089
816962.293 3.0261 3.6027 1.05920 0.54496 0.4125 1.993392E+01 1 1.10154e-08 3.6027 7.370552E-01 2.579883E-01 0.00286089
1047365.502 3.0928 3.5971 1.03295 0.55211 0.4125 2.376703E+01 1 1.57398e-08 3.5971 7.370552E-01 2.579883E-01 0.00286089
1266239.369 3.1533 3.5913 0.99535 0.56007 0.4125 2.822070E+01 1 2.25944e-08 3.5913 7.370552E-01 2.579883E-01 0.00286089
1472897.504 3.2049 3.5856 0.94113 0.56878 0.4125 3.328758E+01 1 3.2434e-08 3.5856 7.370552E-01 2.579883E-01 0.00286089
1643636.252 3.7228 3.5290 0.87739 0.57652 0.4125 2.821460E+02 0 7.36207e-07 3.5290 7.370552E-01 2.579883E-01 0.00286089
1658760.814 3.2408 3.5809 0.86635 0.57758 0.4125 3.836482E+01 1 4.52898e-08 3.5809 7.370552E-01 2.579883E-01 0.00286089
1792483.968 3.7533 3.5259 0.79811 0.58379 0.4125 3.313120E+02 0 1.10154e-06 3.5259 7.370552E-01 2.579883E-01 0.00286089
1828141.338 3.2483 3.5798 0.75458 0.58652 0.4125 4.210452E+01 1 5.99791e-08 3.5798 7.370552E-01 2.579883E-01 0.00286089
1902825.605 3.7323 3.5350 0.71787 0.58911 0.4125 3.165416E+02 0 1.10917e-06 3.5350 7.370552E-01 2.579883E-01 0.00286089
1977029.636 3.7940 3.6240 0.60524 0.59513 0.4125 1.909203E+02 0 1.39316e-06 3.6240 7.370552E-01 2.579883E-01 0.00286089
0.000 2.8323 3.6202 1.20000 0.53130 0.4018 1.154334E+01 1 3.90841e-09 3.6202 7.389244E-01 2.559764E-01 0.00286215
159600.632 2.8911 3.6161 1.19330 0.53461 0.4018 1.328519E+01 1 5.04661e-09 3.6161 7.389244E-01 2.559764E-01 0.00286215
350071.511 2.9626 3.6110 1.18264 0.53934 0.4018 1.578360E+01 1 6.98232e-09 3.6110 7.389244E-01 2.559764E-01 0.00286215
562414.536 3.0400 3.6051 1.16606 0.54551 0.4018 1.912921E+01 1 1.01391e-08 3.6051 7.389244E-01 2.559764E-01 0.00286215
783420.175 3.1159 3.5988 1.14120 0.55293 0.4018 2.327889E+01 1 1.49968e-08 3.5988 7.389244E-01 2.559764E-01 0.00286215
1001735.073 3.1871 3.5922 1.10479 0.56155 0.4018 2.828170E+01 1 2.24905e-08 3.5922 7.389244E-01 2.559764E-01 0.00286215
1203271.076 3.2444 3.5853 1.05565 0.56992 0.6208 3.383402E+01 1 3.26588e-08 3.5853 7.379492E-01 2.566020E-01 0.00321469
1384515.019 3.2895 3.5793 0.99171 0.57867 0.7455 3.962811E+01 1 4.62381e-08 3.5793 7.373833E-01 2.569651E-01 0.0034193
1549166.872 3.3205 3.5743 0.90504 0.58781 0.7455 4.558295E+01 1 6.47143e-08 3.5743 7.373833E-01 2.569651E-01 0.0034193
1661386.044 3.8030 3.5233 0.83257 0.59365 0.7455 3.653618E+02 0 1.63682e-06 3.5233 7.373833E-01 2.569651E-01 0.0034193
1697822.038 3.3155 3.5735 0.76381 0.59679 0.7455 8.910923E+01 0 8.531e-08 3.5735 7.373833E-01 2.569651E-01 0.0034193
1758352.441 3.7670 3.5346 0.72745 0.59903 0.7455 3.388594E+02 0 1.31522e-06 3.5346 7.373833E-01 2.569651E-01 0.0034193
1819136.729 3.8400 3.6210 0.61473 0.60448 0.7455 2.138752E+02 0 1.77011e-06 3.6210 7.373833E-01 2.569651E-01 0.0034193
0.000 2.8566 3.6214 1.30000 0.53220 0.3964 1.147725E+01 1 3.89045e-09 3.6214 7.399460E-01 2.549764E-01 0.00285067
158011.345 2.9149 3.6175 1.29436 0.53546 0.3964 1.317632E+01 1 5.00035e-09 3.6175 7.399460E-01 2.549764E-01 0.00285067
349293.478 2.9875 3.6122 1.28522 0.54021 0.3964 1.569545E+01 1 6.91831e-09 3.6122 7.399460E-01 2.549764E-01 0.00285067
562062.584 3.0661 3.6063 1.27106 0.54641 0.3964 1.902924E+01 1 1.00462e-08 3.6063 7.399460E-01 2.549764E-01 0.00285067
782343.861 3.1431 3.6002 1.25018 0.55383 0.3964 2.311671E+01 1 1.47911e-08 3.6002 7.399460E-01 2.549764E-01 0.00285067
996792.763 3.2146 3.5940 1.22080 0.56228 0.3964 2.791440E+01 1 2.17771e-08 3.5940 7.399460E-01 2.549764E-01 0.00285067
1197702.529 3.2775 3.5879 1.18116 0.57136 0.3964 3.328882E+01 1 3.16957e-08 3.5879 7.399460E-01 2.549764E-01 0.00285067
1379619.447 3.3292 3.5821 1.13043 0.58056 0.3964 3.905664E+01 1 4.48745e-08 3.5821 7.399460E-01 2.549764E-01 0.00285067
1543086.667 3.3692 3.5763 1.06659 0.58947 0.4450 4.517448E+01 1 6.20869e-08 3.5763 7.397328E-01 2.551132E-01 0.00292763
1693936.699 3.3971 3.5707 0.98180 0.59816 0.6120 5.165734E+01 1 8.45279e-08 3.5707 7.389919E-01 2.555889E-01 0.00319512
1829008.990 3.3959 3.5676 0.83433 0.60698 0.6120 1.043956E+02 0 1.13763e-07 3.5676 7.389919E-01 2.555889E-01 0.00319512
1815960.265 3.8422 3.5199 0.86813 0.60577 0.6120 3.967218E+02 0 2.47172e-06 3.5199 7.389919E-01 2.555889E-01 0.00319512
1953221.260 3.2850 3.6073 0.63389 0.61578 0.6120 7.162522E+01 0 8.95365e-08 3.6073 7.389919E-01 2.555889E-01 0.00319512
1962615.788 3.5507 3.6097 0.62585 0.61578 0.6120 1.251303E+02 0 3.69828e-07 3.6097 7.389919E-01 2.555889E-01 0.00319512
0.000 2.8869 3.6226 1.40000 0.53460 0.3605 1.158211E+01 1 4.00867e-09 3.6226 7.370552E-01 2.579883E-01 0.00286076
153783.200 2.9408 3.6188 1.39585 0.53754 0.3605 1.316666E+01 1 5.04661e-09 3.6188 7.370552E-01 2.579883E-01 0.00286076
339245.674 3.0088 3.6141 1.38918 0.54184 0.3605 1.547211E+01 1 6.80769e-09 3.6141 7.370552E-01 2.579883E-01 0.00286076
547605.188 3.0848 3.6086 1.37867 0.54758 0.3605 1.858628E+01 1 9.68278e-09 3.6086 7.370552E-01 2.579883E-01 0.00286076
761416.752 3.1591 3.6029 1.36349 0.55438 0.3605 2.232366E+01 1 1.38995e-08 3.6029 7.370552E-01 2.579883E-01 0.00286076
972631.474 3.2306 3.5971 1.34194 0.56230 0.3605 2.677341E+01 1 2.01372e-08 3.5971 7.370552E-01 2.579883E-01 0.00286076
1166791.603 3.2930 3.5915 1.31424 0.57061 0.3605 3.159280E+01 1 2.84446e-08 3.5915 7.370552E-01 2.579883E-01 0.00286076
1346723.050 3.3476 3.5859 1.27873 0.57931 0.3605 3.688291E+01 1 3.96278e-08 3.5859 7.370552E-01 2.579883E-01 0.00286076
1514533.721 3.3944 3.5803 1.23312 0.58806 0.4366 4.263489E+01 1 5.42001e-08 3.5803 7.367229E-01 2.582011E-01 0.0029812
1670456.461 3.4334 3.5745 1.17479 0.59688 0.5623 4.898744E+01 1 7.34514e-08 3.5745 7.361679E-01 2.585565E-01 0.00318234
1812377.447 3.4634 3.5691 1.10185 0.60557 0.7058 5.564165E+01 1 9.81748e-08 3.5691 7.355252E-01 2.589681E-01 0.0034153
1939573.393 3.4824 3.5643 1.01227 0.61371 0.9284 6.230819E+01 1 1.28825e-07 3.5643 7.345064E-01 2.596205E-01 0.00378454
2054417.003 3.4841 3.5613 0.88455 0.62208 0.9648 1.275262E+02 0 1.68267e-07 3.5613 7.343376E-01 2.597286E-01 0.00384572
2043790.571 3.8838 3.5232 0.90863 0.62099 0.9648 4.078521E+02 0 2.15278e-06 3.5232 7.343376E-01 2.597286E-01 0.00384572
2160001.548 3.4232 3.5760 0.69285 0.63041 0.9648 1.180292E+02 0 1.78238e-07 3.5760 7.343376E-01 2.597286E-01 0.00384572
2178708.475 3.6917 3.5656 0.67587 0.63065 0.9648 2.333149E+02 0 8.51138e-07 3.5656 7.343376E-01 2.597286E-01 0.00384572
2201324.669 3.8615 3.6244 0.64268 0.63250 0.9648 2.104980E+02 0 1.79887e-06 3.6244 7.343376E-01 2.597286E-01 0.00384572
0.000 2.8853 3.6252 1.50000 0.53160 0.3438 1.093642E+01 1 3.64754e-09 3.6252 7.370552E-01 2.579883E-01 0.00286507
158308.780 2.9476 3.6210 1.49498 0.53512 0.3438 1.266373E+01 1 4.74242e-09 3.6210 7.370552E-01 2.579883E-01 0.00286507
353862.313 3.0260 3.6156 1.48680 0.54034 0.3438 1.525030E+01 1 6.68344e-09 3.6156 7.370552E-01 2.579883E-01 0.00286507
572920.084 3.1108 3.6095 1.47415 0.54723 0.3438 1.871007E+01 1 9.86279e-09 3.6095 7.370552E-01 2.579883E-01 0.00286507
789137.936 3.1880 3.6036 1.45708 0.55491 0.3438 2.263092E+01 1 1.43549e-08 3.6036 7.370552E-01 2.579883E-01 0.00286507
999865.225 3.2605 3.5977 1.43378 0.56363 0.3438 2.721171E+01 1 2.0893e-08 3.5977 7.370552E-01 2.579883E-01 0.00286507
1195073.874 3.3240 3.5919 1.40417 0.57280 0.3438 3.222860E+01 1 2.97167e-08 3.5919 7.370552E-01 2.579883E-01 0.00286507
1377052.597 3.3801 3.5863 1.36654 0.58241 0.3438 3.772077E+01 1 4.15911e-08 3.5863 7.370552E-01 2.579883E-01 0.00286507
1536994.985 3.4242 3.5810 1.32322 0.59113 0.4413 4.323399E+01 1 5.5847e-08 3.5810 7.366294E-01 2.582610E-01 0.0030194
1686751.405 3.4619 3.5753 1.26930 0.59986 0.5918 4.932561E+01 1 7.4131e-08 3.5753 7.359628E-01 2.586878E-01 0.00326097
1823575.423 3.4923 3.5701 1.20438 0.60835 0.7765 5.564778E+01 1 9.7051e-08 3.5701 7.351293E-01 2.592216E-01 0.00356306
1949097.491 3.5157 3.5650 1.12576 0.61676 0.9591 6.240821E+01 1 1.26474e-07 3.5650 7.342882E-01 2.597603E-01 0.00386793
2059852.443 3.5259 3.5463 1.01891 0.62438 1.2032 1.430265E+02 0 1.7338e-07 3.5463 7.331360E-01 2.604982E-01 0.00428554
2162549.456 3.5176 3.5435 0.86952 0.63253 1.2495 1.616368E+02 0 2.25424e-07 3.5435 7.329136E-01 2.606405E-01 0.00436611
2137369.894 3.9090 3.4974 0.92979 0.62976 1.2495 5.279169E+02 0 2.21309e-06 3.4974 7.329136E-01 2.606405E-01 0.00436611
2256444.814 3.4101 3.5944 0.65915 0.64063 1.2495 1.016528E+02 0 1.69044e-07 3.5944 7.329136E-01 2.606405E-01 0.00436611
2262078.345 3.6532 3.6110 0.65066 0.64063 1.2495 1.497783E+02 0 5.97035e-07 3.6110 7.329136E-01 2.606405E-01 0.00436611
0.00000E+00 3.254900 3.608376 1.600000 0.524900 0.337116 20.0492 1 2.27222E-15 3.63344 7.3892E-01 0.25748 0.00287215
1.67027E+05 3.295450 3.604974 1.600000 0.526720 0.337116 22.0595 1 2.31381E-15 3.62975 7.3892E-01 0.25748 0.00287215
3.60525E+05 3.344756 3.600771 1.600000 0.529234 0.337116 24.7890 1 2.37275E-15 3.62519 7.3892E-01 0.25748 0.00287215
5.79674E+05 3.401716 3.595868 1.600000 0.532666 0.378762 28.3807 1 4.24869E-15 3.61984 7.3892E-01 0.25748 0.00287215
8.17157E+05 3.460883 3.590207 1.600000 0.536693 0.499396 32.7063 1 1.77160E-14 3.61409 7.3862E-01 0.25772 0.00293677
1.06204E+06 3.518222 3.583482 1.600000 0.541198 0.72504 37.5850 1 7.75149E-14 3.6083 7.3793E-01 0.258209 0.00312737
1.30652E+06 3.571250 3.575570 1.600000 0.546079 1.05573 42.7874 1 3.43396E-13 3.60279 7.3682E-01 0.258949 0.0034926
1.54559E+06 3.618795 3.554433 1.599612 0.551246 1.4611 48.1525 1 2.78886E-09 3.59759 7.3529E-01 0.259908 0.0040464
1.77652E+06 3.660638 3.524454 1.598296 0.556629 1.91021 53.5037 1 9.67246E-09 3.59286 7.3337E-01 0.261106 0.00475503
1.99795E+06 3.697109 3.507534 1.595658 0.562174 2.38337 126.0457 0 1.94383E-08 3.57681 7.3110E-01 0.262525 0.00558023
2.20925E+06 3.728725 3.494333 1.591211 0.567816 2.86237 139.6503 0 3.31193E-08 3.57296 7.2854E-01 0.264143 0.00649794
2.41023E+06 3.756101 3.483090 1.584479 0.573494 3.33223 152.9855 0 5.12099E-08 3.56913 7.2574E-01 0.265921 0.0074818
2.60099E+06 3.780016 3.473269 1.575058 0.579199 3.78343 166.1116 0 7.36262E-08 3.56521 7.2277E-01 0.267809 0.00850425
2.78173E+06 3.801156 3.464445 1.562659 0.584926 4.2102 179.3003 0 1.00163E-07 3.56104 7.1970E-01 0.269777 0.00954382
2.95273E+06 3.820102 3.456249 1.547096 0.590677 4.60926 192.8272 0 1.30648E-07 3.55648 7.1658E-01 0.271795 0.0105829
3.11428E+06 3.837352 3.448599 1.528293 0.596462 4.97966 206.7955 0 1.64508E-07 3.55155 7.1344E-01 0.273833 0.011607
3.26671E+06 3.853298 3.441260 1.506249 0.602293 5.32143 221.6622 0 2.01542E-07 3.54607 7.1031E-01 0.275871 0.0126052
3.41034E+06 3.868247 3.433969 1.481061 0.608178 5.63428 237.7331 0 2.41878E-07 3.54277 7.0724E-01 0.277889 0.0135687
3.54551E+06 3.882441 3.426986 1.452868 0.614129 5.92046 255.2098 0 2.84271E-07 3.54032 7.0424E-01 0.279867 0.0144891
3.67256E+06 3.896067 3.420077 1.421886 0.620153 6.1798 274.5495 0 3.28889E-07 3.53772 7.0133E-01 0.281805 0.0153619
3.79184E+06 3.909268 3.413023 1.382660 0.626258 6.41259 297.4409 0 2.04931E-06 3.53487 6.9854E-01 0.283663 0.0161811
3.90371E+06 3.922128 3.382513 0.940828 0.632509 6.41259 508.0701 0 3.38987E-05 3.51694 6.9590E-01 0.285441 0.0169379
3.94786E+06 3.871356 3.395664 0.634292 0.634292 6.41259 556.8475 0 5.42619E-05 3.53371 6.9590E-01 0.285441 0.0169379
0.00000E+00 3.183200 3.616722 1.700000 0.513800 0.332997 16.1223 1 1.92067E-15 3.64269 7.3892E-01 0.25742 0.00287256
1.85628E+05 3.218683 3.613827 1.700000 0.515304 0.332997 17.5092 1 1.94365E-15 3.63961 7.3892E-01 0.25742 0.00287256
3.95880E+05 3.261440 3.610296 1.700000 0.517310 0.332997 19.3470 1 1.97493E-15 3.63585 7.3892E-01 0.25742 0.00287256
6.31154E+05 3.311252 3.606134 1.700000 0.519988 0.332997 21.7452 1 2.01788E-15 3.63139 7.3892E-01 0.25742 0.00287256
8.87466E+05 3.366861 3.601415 1.700000 0.523492 0.332997 24.7934 1 2.07595E-15 3.6263 7.3892E-01 0.25742 0.00287256
1.15589E+06 3.425531 3.596436 1.700000 0.527911 0.332997 28.4950 1 2.89992E-15 3.62082 7.3892E-01 0.25742 0.00287256
1.42539E+06 3.484006 3.591432 1.700000 0.533233 0.447283 32.7695 1 1.14343E-14 3.61521 7.3892E-01 0.25742 0.00287256
1.68695E+06 3.536423 3.585280 1.700000 0.538543 0.679147 37.1939 1 4.41058E-14 3.60998 7.3842E-01 0.257739 0.00305179
1.93920E+06 3.582930 3.577962 1.700000 0.543817 1.00308 41.6403 1 1.66813E-13 3.60526 7.3742E-01 0.258369 0.00342303
2.18312E+06 3.624244 3.565143 1.699736 0.549099 1.39898 46.0908 1 1.77983E-09 3.6009 7.3595E-01 0.259288 0.00395805
2.41871E+06 3.660839 3.531277 1.698674 0.554395 1.84536 50.4776 1 7.63355E-09 3.59693 7.3406E-01 0.260477 0.00463892
2.64563E+06 3.693171 3.514772 1.696498 0.559703 2.32171 54.7651 1 1.56939E-08 3.5933 7.3179E-01 0.261925 0.00544454
2.86353E+06 3.721693 3.502159 1.692760 0.565011 2.80952 124.8014 0 2.71334E-08 3.59085 7.2919E-01 0.263584 0.00635152
3.07218E+06 3.746810 3.491536 1.686993 0.570285 3.29325 135.4477 0 4.24976E-08 3.58759 7.2632E-01 0.265422 0.00733522
3.27156E+06 3.769032 3.482234 1.678768 0.575524 3.7614 146.0007 0 6.19461E-08 3.58419 7.2326E-01 0.2674 0.00836919
3.46173E+06 3.788883 3.473913 1.667732 0.580747 4.2076 156.5978 0 8.53297E-08 3.58056 7.2006E-01 0.269488 0.00943066
3.64282E+06 3.806815 3.466200 1.653635 0.585968 4.62812 167.3685 0 1.12575E-07 3.57663 7.1677E-01 0.271626 0.0105015
3.81500E+06 3.823226 3.459025 1.636316 0.591208 5.02124 178.5966 0 1.43198E-07 3.57226 7.1344E-01 0.273814 0.0115673
3.97846E+06 3.838446 3.452126 1.615710 0.596487 5.38661 190.4277 0 1.77110E-07 3.56743 7.1009E-01 0.276012 0.0126165
4.13339E+06 3.852743 3.445346 1.591818 0.601821 5.72437 203.2243 0 2.14197E-07 3.56202 7.0677E-01 0.27821 0.0136402
4.28002E+06 3.866333 3.438534 1.564714 0.607225 6.03562 216.9550 0 2.54487E-07 3.55613 7.0349E-01 0.280388 0.0146303
4.41858E+06 3.879393 3.431909 1.534515 0.612714 6.32175 232.1419 0 2.96964E-07 3.54958 7.0028E-01 0.282537 0.0155816
4.54930E+06 3.892059 3.425334 1.501419 0.618300 6.58293 248.6820 0 3.41621E-07 3.54252 6.9715E-01 0.284635 0.0164885
4.67245E+06 3.904443 3.418794 1.465663 0.623993 6.82104 267.2016 0 3.88155E-07 3.53979 6.9413E-01 0.286683 0.0173449
4.78829E+06 3.916628 3.412219 1.426257 0.629799 7.03612 288.3103 0 1.10562E-06 3.53708 6.9123E-01 0.288651 0.0181485
4.89712E+06 3.928475 3.386683 1.143517 0.635673 7.14721 409.5166 0 1.80518E-05 3.52301 6.8848E-01 0.29053 0.0188944
4.95968E+06 3.920221 3.453925 0.638375 0.638375 7.14721 565.2688 0 2.59304E-05 3.5436 6.8700E-01 0.291539 0.0192844
0.00000E+00 3.092200 3.627265 1.800000 0.497500 0.332446 12.4568 1 1.64905E-15 3.65314 7.3807E-01 0.258385 0.00287005
2.17013E+05 3.114914 3.625444 1.800000 0.498453 0.332446 13.1250 1 1.65810E-15 3.65125 7.3807E-01 0.258385 0.00287005
4.52698E+05 3.141791 3.623296 1.800000 0.499639 0.332446 13.9660 1 1.66925E-15 3.64898 7.3807E-01 0.258385 0.00287005
7.08358E+05 3.172983 3.620818 1.800000 0.501127 0.332446 15.0121 1 1.68353E-15 3.64632 7.3807E-01 0.258385 0.00287005
9.84098E+05 3.208856 3.617924 1.800000 0.503004 0.332446 16.3144 1 1.70194E-15 3.64325 7.3807E-01 0.258385 0.00287005
1.27803E+06 3.249400 3.614600 1.800000 0.505362 0.332446 17.9249 1 1.72568E-15 3.63976 7.3807E-01 0.258385 0.00287005
1.58572E+06 3.294052 3.610958 1.800000 0.508290 0.332446 19.8917 1 1.75607E-15 3.63585 7.3807E-01 0.258385 0.00287005
1.90053E+06 3.341689 3.607025 1.800000 0.511858 0.332446 22.2409 1 1.79437E-15 3.6316 7.3807E-01 0.258385 0.00287005
2.21495E+06 3.390867 3.602928 1.800000 0.516103 0.332446 24.9701 1 1.84160E-15 3.62713 7.3807E-01 0.258385 0.00287005
2.52236E+06 3.440157 3.598751 1.800000 0.521032 0.332446 28.0558 1 1.89853E-15 3.62259 7.3807E-01 0.258385 0.00287005
2.81801E+06 3.488402 3.594671 1.800000 0.526628 0.332446 31.4609 1 4.84884E-15 3.61807 7.3807E-01 0.258385 0.00287005
3.09900E+06 3.534776 3.590741 1.800000 0.532856 0.479936 35.1645 1 1.44285E-14 3.61355 7.3807E-01 0.258385 0.00287005
3.36376E+06 3.574677 3.585217 1.800000 0.538526 0.743401 38.7125 1 4.28167E-14 3.60961 7.3744E-01 0.258785 0.00309923
3.61703E+06 3.609795 3.578284 1.800000 0.543827 1.09489 42.1387 1 1.28780E-13 3.60611 7.3626E-01 0.259534 0.00351795
3.86245E+06 3.641341 3.555532 1.799600 0.548927 1.51137 45.5031 1 2.76470E-09 3.6029 7.3461E-01 0.260594 0.00409564
4.10081E+06 3.669847 3.531893 1.798450 0.553893 1.97103 48.8052 1 8.06141E-09 3.59993 7.3254E-01 0.261932 0.00480992
4.33190E+06 3.695664 3.517916 1.796233 0.558764 2.45421 52.0448 1 1.55402E-08 3.59717 7.3010E-01 0.263521 0.00563813
4.55532E+06 3.719093 3.506905 1.792541 0.563571 2.9451 55.2155 1 2.60401E-08 3.59461 7.2735E-01 0.26531 0.00655762
4.77069E+06 3.740367 3.497605 1.786944 0.568320 3.43042 121.6924 0 3.99385E-08 3.60445 7.2434E-01 0.267288 0.00754612
4.97778E+06 3.759677 3.489312 1.779021 0.573006 3.89998 129.7090 0 5.75265E-08 3.60161 7.2114E-01 0.269396 0.00858236
5.17653E+06 3.777354 3.481819 1.768431 0.577668 4.34816 137.9072 0 7.86779E-08 3.59846 7.1781E-01 0.271605 0.00964453
5.36692E+06 3.793661 3.474835 1.754894 0.582326 4.77189 146.4177 0 1.03343E-07 3.59495 7.1438E-01 0.273873 0.0107175
5.54900E+06 3.808835 3.468294 1.738227 0.587003 5.16955 155.3444 0 1.31169E-07 3.59103 7.1090E-01 0.276191 0.0117886
5.72284E+06 3.823093 3.461902 1.718318 0.591721 5.54109 164.8422 0 1.62256E-07 3.58665 7.0740E-01 0.278539 0.0128474
5.88853E+06 3.836627 3.455711 1.695118 0.596502 5.88736 175.0401 0 1.96117E-07 3.58178 7.0391E-01 0.280887 0.0138853
6.04618E+06 3.849595 3.449513 1.668646 0.601365 6.20819 186.1992 0 2.32912E-07 3.57633 7.0044E-01 0.283215 0.0148976
6.19592E+06 3.862128 3.443269 1.638995 0.606326 6.50537 198.3209 0 2.72499E-07 3.57038 6.9702E-01 0.285533 0.0158764
6.33790E+06 3.874169 3.411762 1.322842 0.611421 6.72168 283.2217 0 8.23554E-07 3.53604 6.9366E-01 0.287822 0.0168184
6.41232E+06 3.849375 3.385202 0.874287 0.612370 6.72168 436.0739 0 6.55319E-05 3.52325 6.9109E-01 0.28957 0.0175252
6.47319E+06 3.890997 3.553588 0.635590 0.619014 6.72168 295.9708 0 6.63305E-08 3.60915 6.9109E-01 0.28957 0.0175252
6.59324E+06 3.909801 3.688891 0.628026 0.628026 6.72168 225.3185 0 1.89966E-09 3.64559 6.9109E-01 0.28957 0.0175252
0.00000E+00 3.117500 3.627832 1.900000 0.502300 0.330149 12.5936 1 1.47071E-15 3.65397 7.3807E-01 0.258344 0.00287057
2.06423E+05 3.144316 3.625663 1.900000 0.503419 0.330149 13.3951 1 1.48054E-15 3.65174 7.3807E-01 0.258344 0.00287057
4.33553E+05 3.176232 3.623149 1.900000 0.504842 0.330149 14.4205 1 1.49294E-15 3.64904 7.3807E-01 0.258344 0.00287057
6.82578E+05 3.213416 3.620165 1.900000 0.506665 0.330149 15.7184 1 1.50923E-15 3.64586 7.3807E-01 0.258344 0.00287057
9.52724E+05 3.255996 3.616692 1.900000 0.509001 0.330149 17.3509 1 1.53065E-15 3.6422 7.3807E-01 0.258344 0.00287057
1.24023E+06 3.303388 3.612816 1.900000 0.511959 0.330149 19.3736 1 1.55860E-15 3.63809 7.3807E-01 0.258344 0.00287057
1.53823E+06 3.354207 3.608639 1.900000 0.515621 0.330149 21.8178 1 1.59442E-15 3.63359 7.3807E-01 0.258344 0.00287057
1.83823E+06 3.406571 3.604279 1.900000 0.520025 0.330149 24.6774 1 1.63916E-15 3.62885 7.3807E-01 0.258344 0.00287057
2.13243E+06 3.458642 3.599881 1.900000 0.525165 0.330149 27.9072 1 1.69337E-15 3.62407 7.3807E-01 0.258344 0.00287057
2.41531E+06 3.509014 3.595638 1.900000 0.531008 0.330149 31.4503 1 3.32702E-15 3.61936 7.3807E-01 0.258344 0.00287057
2.68366E+06 3.556790 3.591593 1.900000 0.537497 0.497481 35.2576 1 1.02398E-14 3.61476 7.3807E-01 0.258344 0.00287057
2.93591E+06 3.596759 3.585781 1.900000 0.543183 0.790795 38.8135 1 3.10506E-14 3.61084 7.3736E-01 0.258794 0.00312864
3.17806E+06 3.631267 3.578344 1.900000 0.548356 1.17638 42.1847 1 9.56563E-14 3.60741 7.3605E-01 0.259623 0.00359244
3.41447E+06 3.661865 3.550781 1.899514 0.553247 1.62867 45.4282 1 3.48827E-09 3.60435 7.3425E-01 0.260782 0.00422535
3.64578E+06 3.689157 3.530762 1.898258 0.557936 2.12311 48.5706 1 8.97520E-09 3.60154 7.3199E-01 0.262241 0.00500342
3.87150E+06 3.713544 3.517737 1.895866 0.562473 2.6383 51.5904 1 1.69753E-08 3.599 7.2935E-01 0.26395 0.0059014
4.09099E+06 3.735339 3.507421 1.891897 0.566886 3.15632 54.5046 1 2.81631E-08 3.59664 7.2639E-01 0.265878 0.00689353
4.30369E+06 3.754803 3.498571 1.885889 0.571182 3.66326 57.3097 1 4.29806E-08 3.59448 7.2318E-01 0.267977 0.00795457
4.50928E+06 3.772302 3.490886 1.877421 0.575401 4.15026 124.5893 0 6.13479E-08 3.61544 7.1979E-01 0.270205 0.00905937
4.70756E+06 3.788184 3.483879 1.866141 0.579583 4.6128 131.6309 0 8.33238E-08 3.61251 7.1626E-01 0.272534 0.0101888
4.89841E+06 3.802739 3.477453 1.851773 0.583755 5.04847 138.8601 0 1.08570E-07 3.60923 7.1265E-01 0.274912 0.0113274
5.08177E+06 3.816233 3.471385 1.834124 0.587946 5.45624 146.4829 0 1.36924E-07 3.6055 7.0900E-01 0.27733 0.0124635
5.25762E+06 3.828898 3.465401 1.813082 0.592184 5.8371 154.5962 0 1.68497E-07 3.60131 7.0532E-01 0.279768 0.0135876
5.42597E+06 3.840926 3.459614 1.788591 0.596492 6.19113 163.3474 0 2.02691E-07 3.5966 7.0165E-01 0.282217 0.0146924
5.58684E+06 3.852476 3.453903 1.760687 0.600889 6.52031 172.8834 0 2.39415E-07 3.59137 6.9800E-01 0.284655 0.0157712
5.74026E+06 3.863684 3.448053 1.729432 0.605394 6.8256 183.3447 0 2.79020E-07 3.58558 6.9440E-01 0.287073 0.0168195
5.88631E+06 3.874501 3.424036 1.479825 0.610047 7.08073 239.1767 0 7.71907E-06 3.54374 6.9085E-01 0.289451 0.0178333
5.98324E+06 3.871415 3.380307 0.889131 0.611929 7.08073 459.6517 0 8.07831E-05 3.52117 6.8771E-01 0.29157 0.0187116
6.02580E+06 3.889073 3.547705 0.633874 0.616661 7.08073 300.9215 0 8.39342E-08 3.60709 6.8771E-01 0.29157 0.0187116
6.15191E+06 3.908394 3.699578 0.626054 0.626054 7.08073 219.2744 0 1.70041E-09 3.6486 6.8771E-01 0.29157 0.0187116
0.00000E+00 3.211800 3.622914 2.000000 0.511400 0.334025 14.9398 1 1.34334E-15 3.6491 7.3604E-01 0.260339 0.00286043
1.88252E+05 3.241409 3.620517 2.000000 0.512818 0.334025 16.0026 1 1.35622E-15 3.64655 7.3604E-01 0.260339 0.00286043
4.00149E+05 3.277405 3.617573 2.000000 0.514691 0.334025 17.3972 1 1.37303E-15 3.64346 7.3604E-01 0.260339 0.00286043
6.36318E+05 3.319834 3.614110 2.000000 0.517169 0.334025 19.2017 1 1.39583E-15 3.63978 7.3604E-01 0.260339 0.00286043
8.93633E+05 3.368086 3.610149 2.000000 0.520401 0.334025 21.4941 1 1.42648E-15 3.63551 7.3604E-01 0.260339 0.00286043
1.16440E+06 3.420264 3.605792 2.000000 0.524486 0.334025 24.2950 1 1.46648E-15 3.63083 7.3604E-01 0.260339 0.00286043
1.43832E+06 3.473701 3.601286 2.000000 0.529442 0.334025 27.5603 1 1.51667E-15 3.62593 7.3604E-01 0.260339 0.00286043
1.70619E+06 3.525958 3.596889 2.000000 0.535215 0.334025 31.1987 1 2.17267E-15 3.62104 7.3604E-01 0.260339 0.00286043
1.96212E+06 3.575427 3.592687 2.000000 0.541717 0.334025 35.1091 1 6.97159E-15 3.61632 7.3604E-01 0.260339 0.00286043
2.20320E+06 3.621307 3.588756 2.000000 0.548843 0.536283 39.2073 1 2.07483E-14 3.6118 7.3604E-01 0.260339 0.00286043
2.42831E+06 3.658026 3.582720 2.000000 0.554735 0.878249 42.8448 1 6.06510E-14 3.60814 7.3519E-01 0.260879 0.00316723
2.64502E+06 3.688803 3.574492 2.000000 0.559883 1.31588 46.1571 1 1.85232E-13 3.60505 7.3368E-01 0.261838 0.00370149
2.85824E+06 3.715531 3.541196 1.999313 0.564624 1.81861 49.2578 1 5.31722E-09 3.60235 7.3163E-01 0.263157 0.00441544
3.06840E+06 3.738882 3.524382 1.997733 0.569061 2.35782 52.1684 1 1.20275E-08 3.59993 7.2911E-01 0.264776 0.00528021
3.27476E+06 3.759261 3.512726 1.994847 0.573240 2.90846 54.8783 1 2.16992E-08 3.5978 7.2621E-01 0.266665 0.00626537
3.47651E+06 3.777041 3.503397 1.990196 0.577199 3.45146 57.4119 1 3.48743E-08 3.59588 7.2300E-01 0.268754 0.00733859
3.67306E+06 3.792709 3.495526 1.983354 0.581012 3.97501 59.8086 1 5.16774E-08 3.59413 7.1957E-01 0.271002 0.00846903
3.86397E+06 3.806671 3.488614 1.973894 0.584732 4.47297 129.0303 0 7.20606E-08 3.62641 7.1599E-01 0.27334 0.00963414
4.04895E+06 3.819267 3.482342 1.961523 0.588399 4.94192 134.8627 0 9.58554E-08 3.62374 7.1230E-01 0.275769 0.0108165
4.22783E+06 3.830795 3.476639 1.946006 0.592050 5.38086 140.8530 0 1.22573E-07 3.62071 7.0855E-01 0.278227 0.012002
4.40050E+06 3.841517 3.471196 1.927201 0.595721 5.79004 147.1657 0 1.52174E-07 3.61727 7.0477E-01 0.280716 0.0131805
4.56687E+06 3.851639 3.465906 1.905021 0.599439 6.17134 153.9822 0 1.84452E-07 3.61333 7.0099E-01 0.283214 0.0143436
4.72690E+06 3.861330 3.460706 1.879465 0.603227 6.52547 161.3094 0 2.19181E-07 3.60896 6.9722E-01 0.285712 0.0154869
4.88054E+06 3.870728 3.455552 1.850555 0.607104 6.85479 169.3580 0 2.56148E-07 3.60405 6.9347E-01 0.288201 0.0166043
5.02776E+06 3.879948 3.450243 1.818366 0.611091 7.16004 178.2928 0 2.95722E-07 3.59859 6.8977E-01 0.290659 0.0176923
5.16857E+06 3.889058 3.425385 1.542314 0.615254 7.42279 234.0942 0 7.40236E-06 3.55161 6.8612E-01 0.293088 0.018747
5.26543E+06 3.886773 3.378202 0.905462 0.616959 7.42279 468.4809 0 8.94443E-05 3.52105 6.8281E-01 0.295306 0.0196894
5.30378E+06 3.901900 3.543062 0.639714 0.621394 7.42279 340.4090 0 1.02056E-07 3.59557 6.8281E-01 0.295306 0.0196894
5.42569E+06 3.920695 3.697763 0.630893 0.630893 7.42279 225.0584 0 2.43383E-09 3.64798 6.8281E-01 0.295306 0.0196894
0.00000E+00 3.354200 3.616374 2.200000 0.535100 0.331977 19.0372 1 1.13804E-15 3.64272 7.3299E-01 0.263291 0.00285805
1.48327E+05 3.392156 3.613260 2.200000 0.537137 0.331977 20.8011 1 1.15863E-15 3.63938 7.3299E-01 0.263291 0.00285805
3.22777E+05 3.439069 3.609314 2.200000 0.540008 0.331977 23.2167 1 1.18760E-15 3.6352 7.3299E-01 0.263291 0.00285805
5.21499E+05 3.493296 3.604776 2.200000 0.543956 0.331977 26.3800 1 1.22846E-15 3.63027 7.3299E-01 0.263291 0.00285805
7.35262E+05 3.550762 3.599914 2.200000 0.549073 0.331977 30.2300 1 1.28275E-15 3.62491 7.3299E-01 0.263291 0.00285805
9.51067E+05 3.606566 3.595165 2.200000 0.555241 0.331977 34.5254 1 3.11200E-15 3.61963 7.3299E-01 0.263291 0.00285805
1.15913E+06 3.657581 3.590765 2.200000 0.562231 0.331977 39.0197 1 1.05110E-14 3.61467 7.3299E-01 0.263291 0.00285805
1.35490E+06 3.702820 3.586851 2.200000 0.569824 0.331977 43.5337 1 3.12321E-14 3.61013 7.3299E-01 0.263291 0.00285805
1.53703E+06 3.742487 3.583407 2.200000 0.577832 0.605086 47.9536 1 8.18701E-14 3.60605 7.3299E-01 0.263291 0.00285805
1.70553E+06 3.770770 3.577154 2.200000 0.583476 1.02758 51.3697 1 2.10820E-13 3.60316 7.3185E-01 0.264021 0.00326683
1.87067E+06 3.792996 3.560481 2.199766 0.587977 1.53835 54.2306 1 2.17698E-09 3.60088 7.2997E-01 0.26522 0.00392392
2.03747E+06 3.811468 3.529371 2.198812 0.591902 2.1019 56.7362 1 8.82447E-09 3.59899 7.2755E-01 0.266779 0.00476074
2.20521E+06 3.826789 3.516038 2.196856 0.595356 2.68398 58.9168 1 1.75024E-08 3.59742 7.2468E-01 0.268648 0.00574267
2.37235E+06 3.839547 3.506453 2.193503 0.598457 3.25979 60.8185 1 2.94071E-08 3.59612 7.2146E-01 0.270737 0.00682751
2.53767E+06 3.850306 3.498875 2.188365 0.601315 3.81419 62.5021 1 4.46799E-08 3.59503 7.1801E-01 0.272976 0.00797824
2.70033E+06 3.859539 3.492566 2.181097 0.604013 4.33919 64.0531 1 6.31735E-08 3.59403 7.1441E-01 0.275325 0.00916725
2.85981E+06 3.867636 3.487075 2.171425 0.606614 4.83176 136.8776 0 8.46419E-08 3.64772 7.1072E-01 0.277723 0.010374
3.01581E+06 3.874925 3.482183 2.159136 0.609177 5.29181 140.3230 0 1.08690E-07 3.64573 7.0698E-01 0.280162 0.0115843
3.16811E+06 3.881644 3.477712 2.144080 0.611737 5.72071 143.9176 0 1.34988E-07 3.64345 7.0321E-01 0.282621 0.0127896
3.31657E+06 3.887973 3.473461 2.126168 0.614318 6.12004 147.7725 0 1.63410E-07 3.64082 6.9944E-01 0.285079 0.0139848
3.46110E+06 3.894050 3.469350 2.105365 0.616943 6.49229 151.9314 0 1.93743E-07 3.63786 6.9567E-01 0.287538 0.0151644
3.60159E+06 3.899984 3.465391 2.081657 0.619629 6.83925 156.5271 0 2.25617E-07 3.63451 6.9192E-01 0.289987 0.0163265
3.73798E+06 3.905859 3.461344 2.055054 0.622391 7.16326 161.6513 0 2.59431E-07 3.63073 6.8819E-01 0.292415 0.0174681
3.87017E+06 3.911742 3.457306 2.025594 0.625243 7.4657 167.4327 0 2.94741E-07 3.62648 6.8450E-01 0.294834 0.0185881
3.99810E+06 3.917583 3.444175 1.864008 0.628161 7.74701 192.1060 0 3.52143E-06 3.60287 6.8083E-01 0.297223 0.0196831
4.12222E+06 3.925295 3.408864 1.454865 0.632114 7.97916 283.3792 0 2.50463E-06 3.53917 6.7724E-01 0.299581 0.0207469
4.18459E+06 3.899736 3.377891 0.922478 0.631951 7.97916 464.9614 0 9.44527E-05 3.52325 6.7411E-01 0.30163 0.021657
4.23844E+06 3.937803 3.570221 0.653505 0.638691 7.97916 282.2865 0 8.00801E-08 3.62335 6.7411E-01 0.30163 0.021657
4.33962E+06 3.953027 3.739522 0.646904 0.646904 7.97916 231.2206 0 7.12473E-10 3.65052 6.7411E-01 0.30163 0.021657
0.00000E+00 3.619800 3.596263 2.500000 0.590300 0.343335 31.5402 1 9.98747E-16 3.62678 7.3198E-01 0.26324 0.00285432
8.55552E+04 3.656386 3.593032 2.500000 0.592944 0.343335 34.4166 1 1.75550E-15 3.62329 7.3198E-01 0.26324 0.00285432
1.90601E+05 3.701074 3.589075 2.500000 0.596821 0.343335 38.3020 1 5.14773E-15 3.61898 7.3198E-01 0.26324 0.00285432
3.10976E+05 3.749023 3.584809 2.500000 0.602078 0.343335 43.0049 1 1.65125E-14 3.6142 7.3198E-01 0.26324 0.00285432
4.36486E+05 3.793875 3.580813 2.500000 0.608440 0.343335 47.9650 1 4.96724E-14 3.60961 7.3198E-01 0.26324 0.00285432
5.58554E+05 3.832274 3.577387 2.500000 0.615442 0.343335 52.6899 1 1.28785E-13 3.60561 7.3198E-01 0.26324 0.00285432
6.73649E+05 3.864185 3.574542 2.500000 0.622732 0.343335 57.0038 1 2.86460E-13 3.60219 7.3198E-01 0.26324 0.00285432
7.81082E+05 3.890856 3.572158 2.500000 0.630118 0.343335 60.9110 1 5.62516E-13 3.59926 7.3198E-01 0.26324 0.00285432
8.81094E+05 3.913539 3.570145 2.500000 0.637484 0.343335 64.4559 1 1.00234E-12 3.59674 7.3198E-01 0.26324 0.00285432
9.74180E+05 3.933224 3.568414 2.500000 0.644756 0.343335 67.7023 1 1.65908E-12 3.59455 7.3198E-01 0.26324 0.00285432
1.06089E+06 3.950639 3.566874 2.500000 0.651888 0.663832 70.7247 1 2.60099E-12 3.59258 7.3198E-01 0.26324 0.00285432
1.14177E+06 3.959681 3.562493 2.500000 0.655244 1.08669 72.3073 1 4.16264E-12 3.59164 7.3058E-01 0.264149 0.00332681
1.22698E+06 3.966583 3.539019 2.499701 0.657776 1.5738 73.5137 1 4.85023E-09 3.59098 7.2865E-01 0.265429 0.00397565
1.31797E+06 3.972201 3.515594 2.498827 0.659880 2.09587 74.4960 1 1.31736E-08 3.59049 7.2628E-01 0.266988 0.00476175
1.41167E+06 3.976471 3.505214 2.497264 0.661501 2.61713 75.2396 1 2.26144E-08 3.59016 7.2357E-01 0.268787 0.00565386
1.50612E+06 3.979849 3.498160 2.494861 0.662839 3.11947 75.8364 1 3.40418E-08 3.58993 7.2068E-01 0.270697 0.00660029
1.60033E+06 3.982681 3.492696 2.491485 0.664035 3.59536 76.3564 1 4.74633E-08 3.58975 7.1770E-01 0.272666 0.00756966
1.69388E+06 3.985185 3.488223 2.487024 0.665165 4.04381 76.8476 1 6.26630E-08 3.58958 7.1468E-01 0.274655 0.00854569
1.78656E+06 3.987497 3.484353 2.481386 0.666274 4.46556 171.2310 0 7.95066E-08 3.67394 7.1166E-01 0.276644 0.00952032
1.87829E+06 3.989695 3.481050 2.474483 0.667378 4.86258 171.8066 0 9.75941E-08 3.6732 7.0863E-01 0.278643 0.0104901
1.96901E+06 3.991826 3.477953 2.466261 0.668490 5.23639 172.5683 0 1.17104E-07 3.67231 7.0560E-01 0.280632 0.0114536
2.05870E+06 3.993924 3.475167 2.456659 0.669614 5.58937 173.5331 0 1.37594E-07 3.67126 7.0258E-01 0.282611 0.0124103
2.14733E+06 3.996013 3.472488 2.445640 0.670756 5.92299 174.7024 0 1.59213E-07 3.67005 6.9956E-01 0.284591 0.0133601
2.23489E+06 3.998109 3.470047 2.433183 0.671920 6.23856 176.0244 0 1.81484E-07 3.66872 6.9656E-01 0.28656 0.014302
2.32134E+06 4.000228 3.467624 2.419264 0.673108 6.53775 177.5869 0 2.04731E-07 3.6672 6.9355E-01 0.288519 0.0152363
2.40666E+06 4.002380 3.465251 2.403869 0.674326 6.82182 179.4039 0 2.28768E-07 3.66551 6.9056E-01 0.290478 0.016163
2.49083E+06 4.004575 3.462911 2.386990 0.675577 7.09145 181.4891 0 2.53536E-07 3.66362 6.8757E-01 0.292427 0.0170822
2.57380E+06 4.006824 3.460497 2.368630 0.676864 7.34844 183.8551 0 2.79283E-07 3.66153 6.8459E-01 0.294366 0.0179928
2.65556E+06 4.009033 3.455963 2.307786 0.678134 7.59415 191.1852 0 2.59243E-06 3.65428 6.8162E-01 0.296305 0.0188956
2.73622E+06 4.011693 3.446433 2.167145 0.679669 7.83452 209.9353 0 3.86893E-06 3.63657 6.7865E-01 0.298235 0.019793
2.81517E+06 4.015047 3.428465 1.913239 0.681613 8.06746 252.4831 0 8.17869E-06 3.60134 6.7561E-01 0.300214 0.0207051
2.88799E+06 4.018979 3.374335 1.055434 0.683984 8.06746 556.0700 0 1.40209E-04 3.51947 6.7252E-01 0.302223 0.0216235
2.89107E+06 4.019953 3.536650 0.709727 0.684468 8.06746 374.0908 0 1.38791E-07 3.60406 6.7252E-01 0.302223 0.0216235
2.96266E+06 4.033892 3.614094 0.692679 0.692679 8.06746 280.7024 0 3.66892E-08 3.64214 6.7252E-01 0.302223 0.0216235
0.00000E+00 3.935300 3.585511 3.000000 0.717900 0.342719 67.1616 1 1.25841E-12 3.58303 7.3299E-01 0.263182 0.00285958
2.41057E+04 3.984816 3.581033 3.000000 0.719856 0.342719 74.8399 1 4.14668E-12 3.57974 7.3299E-01 0.263182 0.00285958
2.41057E+04 3.989865 3.580570 3.000000 0.719856 0.379927 76.4485 1 5.10892E-12 3.57793 7.3299E-01 0.263182 0.00285958
5.87454E+04 4.045895 3.574938 3.000000 0.721103 0.379927 86.4963 1 2.11055E-11 3.57406 7.3242E-01 0.263692 0.00290968
5.87454E+04 4.051375 3.574428 3.000000 0.721103 0.458635 88.6005 1 2.67854E-11 3.57195 7.3242E-01 0.263692 0.00290968
1.00030E+05 4.103833 3.568523 2.999998 0.722103 0.578237 100.5797 1 1.19801E-10 3.5667 7.3150E-01 0.264512 0.00301849
1.44389E+05 4.138768 3.563643 2.999993 0.722812 0.578237 108.5580 1 3.30899E-10 3.56439 7.3030E-01 0.265532 0.00318701
1.44389E+05 4.142050 3.563331 2.999993 0.722812 0.728196 110.3433 1 3.89562E-10 3.56285 7.3030E-01 0.265532 0.00318701
1.90158E+05 4.165868 3.558952 2.999977 0.723349 0.728196 116.1048 1 8.41101E-10 3.56143 7.2892E-01 0.266681 0.00340187
1.90158E+05 4.168075 3.558744 2.999977 0.723349 0.899997 117.5101 1 9.47770E-10 3.56024 7.2892E-01 0.266681 0.00340187
2.36711E+05 4.185312 3.554003 2.999943 0.723798 1.08829 122.1945 1 1.87654E-09 3.5589 7.2742E-01 0.267921 0.00365212
2.83792E+05 4.195677 3.529217 2.999698 0.724189 1.08829 124.9438 1 1.25974E-08 3.55827 7.2584E-01 0.269201 0.00393158
2.83792E+05 4.196602 3.529090 2.999698 0.724189 1.28915 125.8229 1 1.35289E-08 3.55749 7.2584E-01 0.269201 0.00393158
3.31271E+05 4.203385 3.513173 2.999297 0.724545 1.28915 127.2996 1 1.18574E-08 3.5575 7.2419E-01 0.27053 0.00423569
3.31271E+05 4.203975 3.513083 2.999297 0.724545 1.49977 128.0272 1 1.19267E-08 3.55683 7.2419E-01 0.27053 0.00423569
3.79066E+05 4.208806 3.504471 2.998723 0.724875 1.71788 129.4519 1 1.68051E-08 3.55645 7.2249E-01 0.27189 0.00456135
4.27122E+05 4.211993 3.498455 2.997967 0.725186 1.94162 311.4805 0 2.18200E-08 3.66235 7.2075E-01 0.27327 0.00490628
4.75396E+05 4.213980 3.493699 2.997012 0.725483 1.94162 312.6020 0 2.71301E-08 3.6621 7.1897E-01 0.274659 0.00526857
4.75396E+05 4.214123 3.493673 2.997012 0.725483 2.16959 314.4083 0 2.72255E-08 3.66157 7.1897E-01 0.274659 0.00526857
5.23857E+05 4.215481 3.489825 2.995840 0.725772 2.16959 314.2624 0 3.29186E-08 3.66159 7.1717E-01 0.276069 0.00564663
5.23857E+05 4.215564 3.489809 2.995840 0.725772 2.40064 315.9760 0 3.30053E-08 3.66108 7.1717E-01 0.276069 0.00564663
5.72478E+05 4.216511 3.486406 2.994431 0.726055 2.40064 315.4080 0 3.92496E-08 3.66113 7.1534E-01 0.277478 0.00603958
5.72478E+05 4.216555 3.486394 2.994431 0.726055 2.63395 317.0617 0 3.93544E-08 3.66063 7.1534E-01 0.277478 0.00603958
6.21238E+05 4.217228 3.483384 2.992762 0.726334 2.63395 316.2295 0 4.61565E-08 3.66072 7.1349E-01 0.278898 0.00644659
6.21238E+05 4.217246 3.483378 2.992762 0.726334 2.86858 317.8455 0 4.62554E-08 3.66023 7.1349E-01 0.278898 0.00644659
6.70118E+05 4.217732 3.480657 2.990808 0.726612 3.104 318.4457 0 5.37457E-08 3.65984 7.1162E-01 0.280318 0.0068673
7.19103E+05 4.218073 3.478235 2.988548 0.726889 3.33969 318.3848 0 6.17775E-08 3.65964 7.0973E-01 0.281737 0.00730119
7.68177E+05 4.218307 3.475964 2.985951 0.727167 3.57512 318.7911 0 7.04720E-08 3.65929 7.0782E-01 0.283167 0.00774807
8.17326E+05 4.218457 3.473770 2.982991 0.727446 3.81007 319.7038 0 7.99125E-08 3.65879 7.0590E-01 0.284596 0.00820763
8.66538E+05 4.218578 3.471837 2.979644 0.727726 3.81007 318.4722 0 8.96648E-08 3.65896 7.0396E-01 0.286016 0.00867968
8.66538E+05 4.218538 3.471836 2.979644 0.727726 4.04401 320.0428 0 8.98313E-08 3.65846 7.0396E-01 0.286016 0.00867968
9.15800E+05 4.218558 3.469925 2.975881 0.728009 4.27659 319.8436 0 1.00530E-07 3.65831 7.0201E-01 0.287446 0.0091642
9.65100E+05 4.218574 3.468124 2.971676 0.728295 4.27659 319.1667 0 1.11668E-07 3.65832 7.0004E-01 0.288865 0.00966113
9.65100E+05 4.218521 3.468124 2.971676 0.728295 4.5077 320.7338 0 1.11872E-07 3.65782 7.0004E-01 0.288865 0.00966113
1.01443E+06 4.218430 3.466404 2.967003 0.728583 4.73696 320.4415 0 1.23875E-07 3.65772 6.9806E-01 0.290295 0.0101702
1.06377E+06 4.218352 3.464825 2.961838 0.728876 4.73696 319.6884 0 1.36129E-07 3.65778 6.9607E-01 0.291714 0.0106917
1.06377E+06 4.218286 3.464824 2.961838 0.728876 4.96425 321.2547 0 1.36400E-07 3.65728 6.9607E-01 0.291714 0.0106917
1.11312E+06 4.218089 3.463285 2.956155 0.729172 5.18944 321.0044 0 1.49606E-07 3.65717 6.9406E-01 0.293134 0.0112253
1.16246E+06 4.217839 3.461824 2.949929 0.729473 5.41214 321.3243 0 1.63387E-07 3.65689 6.9204E-01 0.294544 0.0117711
1.21178E+06 4.217534 3.460381 2.943136 0.729779 5.63216 321.6824 0 1.77854E-07 3.65663 6.9001E-01 0.295963 0.0123291
1.26108E+06 4.217174 3.458993 2.935754 0.730091 5.84972 322.5982 0 1.92894E-07 3.65619 6.8796E-01 0.297373 0.0128995
1.31034E+06 4.216859 3.457665 2.927758 0.730410 5.84972 321.4628 0 2.08082E-07 3.65642 6.8590E-01 0.298782 0.0134822
1.31034E+06 4.216758 3.457662 2.927758 0.730410 6.06395 323.0215 0 2.08472E-07 3.65592 6.8590E-01 0.298782 0.0134822
1.35956E+06 4.216287 3.456342 2.919129 0.730735 6.27548 322.9619 0 2.24676E-07 3.6558 6.8383E-01 0.300182 0.0140765
1.40872E+06 4.215873 3.455139 2.909845 0.731068 6.27548 322.4420 0 2.40727E-07 3.65587 6.8175E-01 0.301581 0.0146839
1.40872E+06 4.215758 3.455137 2.909845 0.731068 6.48392 324.0038 0 2.41186E-07 3.65536 6.8175E-01 0.301581 0.0146839
1.45780E+06 4.215296 3.453947 2.899888 0.731409 6.48392 323.0117 0 2.57792E-07 3.65558 6.7965E-01 0.302981 0.0153031
1.45780E+06 4.215174 3.453944 2.899888 0.731409 6.68947 324.5752 0 2.58249E-07 3.65508 6.7965E-01 0.302981 0.0153031
1.50681E+06 4.214532 3.452720 2.889240 0.731759 6.892 324.6817 0 2.75977E-07 3.65495 6.7755E-01 0.304371 0.0159352
1.55573E+06 4.213973 3.451489 2.877884 0.732119 6.892 324.3101 0 2.93849E-07 3.65501 6.7543E-01 0.30576 0.0165804
1.55573E+06 4.213835 3.451485 2.877884 0.732119 7.09044 325.8774 0 2.94295E-07 3.6545 6.7543E-01 0.30576 0.0165804
1.60454E+06 4.213030 3.450308 2.865309 0.732489 7.28625 326.1432 0 3.47630E-07 3.65435 6.7329E-01 0.30715 0.0172366
1.65325E+06 4.212025 3.449096 2.850595 0.732873 7.47884 327.0659 0 4.27710E-07 3.65402 6.7115E-01 0.308529 0.0179067
1.70182E+06 4.210769 3.447789 2.833191 0.733271 7.66818 328.1887 0 5.24040E-07 3.65364 6.6899E-01 0.309899 0.0185899
1.75026E+06 4.209495 3.446578 2.812496 0.733686 7.66818 328.3942 0 6.31201E-07 3.65365 6.6681E-01 0.311278 0.019286
1.75026E+06 4.209211 3.446563 2.812496 0.733686 7.85412 329.9577 0 6.36129E-07 3.65311 6.6681E-01 0.311278 0.019286
1.79853E+06 4.207647 3.445107 2.787926 0.734124 7.85412 330.0268 0 7.66910E-07 3.6532 6.6462E-01 0.312648 0.0199963
1.79853E+06 4.207307 3.445086 2.787926 0.734124 8.03783 331.5995 0 7.74241E-07 3.65265 6.6462E-01 0.312648 0.0199963
1.84663E+06 4.205399 3.443645 2.758679 0.734588 8.03783 332.0583 0 9.28149E-07 3.65269 6.6241E-01 0.314017 0.0207227
1.84663E+06 4.204994 3.443617 2.758679 0.734588 8.21817 333.6341 0 9.37297E-07 3.65212 6.6241E-01 0.314017 0.0207227
1.89451E+06 4.202686 3.441888 2.723763 0.735085 8.21817 334.5877 0 1.12922E-06 3.6521 6.6018E-01 0.315377 0.0214644
1.89451E+06 4.202203 3.441848 2.723763 0.735085 8.39643 336.1893 0 1.14243E-06 3.6515 6.6018E-01 0.315377 0.0214644
1.94214E+06 4.198737 3.439957 2.682913 0.735479 8.56811 338.9931 0 1.39306E-06 3.65085 6.5792E-01 0.316746 0.0222244
1.98954E+06 4.194828 3.437711 2.633786 0.736063 8.73804 343.2456 0 1.71648E-06 3.64996 6.5568E-01 0.318096 0.0229845
2.03659E+06 4.190726 3.435375 2.580490 0.736706 8.90593 348.3865 0 1.43111E-06 3.64895 6.5341E-01 0.319446 0.0237652
2.08322E+06 4.185466 3.432312 2.511842 0.737422 9.0719 355.5475 0 3.14368E-06 3.64764 6.5111E-01 0.320805 0.0245675
2.12936E+06 4.174820 3.426754 2.376196 0.738251 9.23884 362.3421 0 1.50977E-05 3.63525 6.4877E-01 0.322165 0.0253914
2.17495E+06 4.146918 3.408930 1.990213 0.739353 9.41265 392.0529 0 2.82935E-05 3.59331 6.4635E-01 0.323554 0.0262529
2.20647E+06 4.111211 3.374367 1.183917 0.738694 9.41265 601.2777 0 1.85096E-04 3.52221 6.4377E-01 0.325024 0.0271863
2.21966E+06 4.113614 3.560479 0.765858 0.741361 9.41265 367.0891 0 1.50339E-07 3.62192 6.4377E-01 0.325024 0.0271863
2.26131E+06 4.123891 3.614625 0.747874 0.747874 9.41265 282.1257 0 6.39798E-08 3.65635 6.4377E-01 0.325024 0.0271863
0.00000E+00 4.191200 3.566819 3.500000 0.837700 0.347766 105.7592 1 1.05208E-10 3.57012 7.2895E-01 0.266122 0.00284813
7.30534E+03 4.279058 3.558471 3.499997 0.838895 0.361014 130.3681 1 1.29973E-09 3.5618 7.2895E-01 0.266122 0.00284813
1.63844E+04 4.332401 3.553221 3.499977 0.839512 0.383709 148.5195 1 6.83484E-09 3.55627 7.2871E-01 0.266352 0.00286525
2.70412E+04 4.382307 3.548596 3.499860 0.839997 0.372123 167.9395 1 3.44572E-08 3.55095 7.2834E-01 0.266678 0.00289699
3.88622E+04 4.421577 3.544002 3.499284 0.840341 0.372123 184.3464 1 1.12118E-07 3.54729 7.2787E-01 0.267089 0.00295656
3.88622E+04 4.425464 3.543603 3.499284 0.840341 0.157816 187.6087 1 1.06777E-07 3.54572 7.2787E-01 0.267089 0.00295656
5.14082E+04 4.460689 3.539981 3.498401 0.840563 0.0535754 203.9476 1 8.87417E-08 3.54246 7.2728E-01 0.267576 0.00306672
6.43674E+04 4.486040 3.537345 3.497494 0.840701 0.0535754 216.5618 1 7.31618E-08 3.54013 7.2659E-01 0.268164 0.00316344
6.43674E+04 4.488558 3.537096 3.497494 0.840701 0.0567011 219.1854 1 6.80274E-08 3.53901 7.2659E-01 0.268164 0.00316344
7.75542E+04 4.506791 3.534474 3.477120 0.840788 0.0615859 705.4204 0 4.85870E-06 3.64386 7.2581E-01 0.268851 0.00324697
9.08821E+04 4.515780 3.532473 3.433818 0.840850 0.0670586 742.5734 0 7.31861E-06 3.64198 7.2498E-01 0.26959 0.00333356
1.04314E+05 4.516160 3.530695 3.366769 0.840903 0.072165 766.8485 0 9.93923E-06 3.64041 7.2411E-01 0.27036 0.00342269
1.17837E+05 4.509503 3.529121 3.278880 0.840956 0.0769656 780.5097 0 1.26258E-05 3.63909 7.2322E-01 0.27116 0.00351565
1.31448E+05 4.496780 3.527765 3.170086 0.841017 0.081091 784.7489 0 1.51569E-05 3.63803 7.2231E-01 0.27196 0.00361364
1.45143E+05 4.477509 3.526305 3.033273 0.841094 0.0852737 783.5195 0 1.80638E-05 3.63688 7.2139E-01 0.27277 0.00371812
1.58921E+05 4.452058 3.524528 2.866447 0.841201 0.103996 781.4217 0 2.23761E-05 3.63532 7.2047E-01 0.27358 0.0038315
1.72769E+05 4.417945 3.522273 2.651315 0.841358 0.197249 778.6563 0 2.99080E-05 3.63339 7.1954E-01 0.27437 0.00395414
1.86663E+05 4.365103 3.518554 2.322910 0.841579 0.309394 747.5364 0 5.22296E-05 3.61457 7.1859E-01 0.27519 0.00407774
2.00534E+05 4.272398 3.507397 1.329227 0.842058 0.428351 846.8790 0 1.35182E-04 3.51251 7.1754E-01 0.27609 0.00421794
2.06874E+05 4.257933 3.827323 0.842287 0.842287 0.428351 106.1736 1 5.38680E-09 3.69063 7.1650E-01 0.27698 0.00436855
0.00000E+00 4.211300 3.580823 4.000000 0.846000 0.356275 95.9096 1 9.93694E-12 3.57963 6.9904E-01 0.297116 0.00285085
6.52398E+03 4.256946 3.576634 4.000000 0.847066 0.363974 106.5472 1 3.41291E-11 3.57582 6.9904E-01 0.297116 0.00285085
1.41929E+04 4.304214 3.572173 4.000000 0.847721 0.378189 119.8082 1 1.41762E-10 3.57065 6.9890E-01 0.297246 0.00286037
2.29438E+04 4.350927 3.567638 3.999998 0.848268 0.397991 133.6016 1 5.57134E-10 3.56655 6.9869E-01 0.297436 0.00287834
3.26843E+04 4.394949 3.563231 3.999990 0.848713 0.370358 149.2509 1 2.38750E-09 3.56153 6.9842E-01 0.297674 0.00290705
4.32251E+04 4.434387 3.559175 3.999959 0.849055 0.194219 163.7125 1 8.48023E-09 3.558 6.9807E-01 0.297959 0.00296007
5.43614E+04 4.465213 3.556311 3.999852 0.849306 0.194219 175.9895 1 2.37390E-08 3.55524 6.9765E-01 0.298296 0.00304755
5.43614E+04 4.468350 3.555972 3.999852 0.849306 0.0603464 178.5257 1 2.84821E-08 3.55395 6.9765E-01 0.298296 0.00304755
6.59186E+04 4.496675 3.553506 3.999617 0.849485 0.0580897 190.7581 1 3.27123E-08 3.55144 6.9715E-01 0.298705 0.00313295
7.77639E+04 4.519812 3.550851 3.999341 0.849611 0.0624753 201.9132 1 2.93065E-08 3.549 6.9659E-01 0.299201 0.00320115
8.98033E+04 4.536731 3.548749 3.999055 0.849699 0.0624753 209.9365 1 2.70379E-08 3.5476 6.9597E-01 0.29974 0.00327181
8.98033E+04 4.538444 3.548586 3.999055 0.849699 0.0676625 211.7556 1 2.57529E-08 3.54678 6.9597E-01 0.29974 0.00327181
1.01972E+05 4.553279 3.546672 3.998758 0.849762 0.0734278 219.1913 1 2.29773E-08 3.54549 6.9530E-01 0.30033 0.00334418
1.14228E+05 4.565021 3.545054 3.998469 0.849808 0.0798762 225.5175 1 2.07189E-08 3.54432 6.9461E-01 0.30094 0.00341723
1.26543E+05 4.574271 3.543685 3.998189 0.849843 0.086894 230.5848 1 1.90225E-08 3.54342 6.9389E-01 0.30159 0.00349042
1.38899E+05 4.581537 3.542520 3.997914 0.849871 0.0945682 234.8546 1 1.76737E-08 3.54258 6.9314E-01 0.30225 0.00356382
1.51284E+05 4.587226 3.541506 3.997640 0.849895 0.10269 238.0115 1 1.68095E-08 3.54208 6.9238E-01 0.30293 0.00363717
1.63690E+05 4.589494 3.540690 3.985190 0.849916 0.10269 753.0079 0 3.75149E-06 3.64981 6.9161E-01 0.30363 0.00371081
1.63690E+05 4.588985 3.540761 3.985190 0.849916 0.110896 752.9175 0 3.71892E-06 3.64969 6.9161E-01 0.30363 0.00371081
1.76124E+05 4.588548 3.539962 3.967391 0.849936 0.119211 757.3946 0 4.06063E-06 3.64927 6.9083E-01 0.30433 0.00378512
1.88590E+05 4.586159 3.539456 3.944304 0.849956 0.127614 756.3440 0 4.25025E-06 3.64918 6.9004E-01 0.30503 0.00386074
2.01092E+05 4.583846 3.538787 3.920084 0.849976 0.127614 756.2497 0 4.51798E-06 3.64903 6.8925E-01 0.30574 0.00393777
2.01092E+05 4.582923 3.538903 3.920084 0.849976 0.136067 754.3628 0 4.41734E-06 3.64905 6.8925E-01 0.30574 0.00393777
2.13628E+05 4.579047 3.538390 3.894995 0.849994 0.14447 750.9674 0 4.54088E-06 3.64895 6.8846E-01 0.30644 0.00401629
2.26200E+05 4.575745 3.537779 3.869241 0.850012 0.14447 748.9411 0 4.75377E-06 3.64884 6.8767E-01 0.30714 0.00409658
2.26200E+05 4.574695 3.537903 3.869241 0.850012 0.152716 746.5579 0 4.63146E-06 3.64889 6.8767E-01 0.30714 0.00409658
2.38807E+05 4.570239 3.537323 3.839094 0.850029 0.152716 742.8989 0 4.79738E-06 3.64882 6.8688E-01 0.30785 0.00417844
2.38807E+05 4.569162 3.537447 3.839094 0.850029 0.16087 740.4577 0 4.67176E-06 3.64888 6.8688E-01 0.30785 0.00417844
2.51450E+05 4.564502 3.536871 3.808612 0.850046 0.16087 736.4726 0 4.82769E-06 3.64879 6.8609E-01 0.30854 0.00426236
2.51450E+05 4.563407 3.536993 3.808612 0.850046 0.168819 734.0183 0 4.70075E-06 3.64884 6.8609E-01 0.30854 0.00426236
2.64130E+05 4.557498 3.536431 3.777853 0.850062 0.176738 728.7395 0 4.77947E-06 3.64865 6.8530E-01 0.30924 0.00434803
2.76846E+05 4.551486 3.536094 3.746840 0.850078 0.184444 720.6442 0 4.74138E-06 3.64884 6.8452E-01 0.30993 0.00443558
2.89596E+05 4.545404 3.535529 3.715571 0.850094 0.192054 715.3057 0 4.82013E-06 3.64863 6.8374E-01 0.31061 0.00452511
3.02381E+05 4.539274 3.535180 3.684016 0.850109 0.199511 707.3201 0 4.78777E-06 3.64881 6.8295E-01 0.3113 0.00461651
3.15198E+05 4.533108 3.534604 3.652128 0.850125 0.20687 702.1613 0 4.87785E-06 3.64861 6.8217E-01 0.31198 0.00470986
3.28048E+05 4.526910 3.534125 3.619843 0.850140 0.214188 695.8229 0 4.92058E-06 3.64857 6.8139E-01 0.31265 0.00480509
3.40930E+05 4.520678 3.533738 3.587071 0.850157 0.221489 688.3747 0 4.91697E-06 3.64873 6.8062E-01 0.31332 0.00490222
3.53844E+05 4.514405 3.533221 3.553709 0.850174 0.228806 682.4890 0 4.98712E-06 3.64867 6.7984E-01 0.31399 0.00500137
3.66788E+05 4.508083 3.532581 3.519649 0.850193 0.236258 678.0958 0 5.13367E-06 3.64842 6.7907E-01 0.31466 0.00510258
3.79763E+05 4.501070 3.532027 3.481331 0.850213 0.244093 672.1398 0 5.23105E-06 3.64833 6.7829E-01 0.31532 0.00520591
3.92771E+05 4.493990 3.531448 3.441958 0.850236 0.252579 666.4948 0 5.35431E-06 3.64822 6.7752E-01 0.31598 0.00531152
4.05812E+05 4.486813 3.530845 3.401299 0.850262 0.262085 661.1737 0 5.50603E-06 3.64809 6.7675E-01 0.31663 0.0054196
4.18885E+05 4.479510 3.530220 3.359081 0.850291 0.273216 656.1652 0 5.69000E-06 3.64792 6.7597E-01 0.31728 0.00553008
4.31992E+05 4.472038 3.529541 3.314941 0.850325 0.286808 651.5049 0 5.92415E-06 3.64773 6.7520E-01 0.31793 0.00564334
4.45131E+05 4.464344 3.528794 3.268423 0.850363 0.304413 647.2717 0 6.22469E-06 3.64751 6.7443E-01 0.31858 0.00575932
4.58304E+05 4.456357 3.527964 3.218902 0.850408 0.32798 643.5045 0 6.61330E-06 3.64723 6.7365E-01 0.31923 0.0058782
4.71512E+05 4.449315 3.527069 3.165532 0.850462 0.32798 640.5226 0 7.17385E-06 3.64718 6.7287E-01 0.31987 0.00600016
4.71512E+05 4.447985 3.527157 3.165532 0.850462 0.361691 638.7260 0 7.01646E-06 3.64713 6.7287E-01 0.31987 0.00600016
4.84754E+05 4.438649 3.526067 3.104146 0.850525 0.411919 635.9372 0 7.70763E-06 3.64673 6.7209E-01 0.32052 0.00612511
4.98033E+05 4.428550 3.524731 3.035266 0.850602 0.488445 634.2884 0 8.73089E-06 3.64619 6.7130E-01 0.32117 0.00625299
5.11348E+05 4.417354 3.523085 2.955579 0.850696 0.60161 635.0974 0 1.03481E-05 3.64533 6.7051E-01 0.32182 0.00638326
5.24698E+05 4.404469 3.521128 2.859010 0.850814 0.750976 637.7918 0 1.28911E-05 3.6443 6.6970E-01 0.32248 0.00651555
5.38081E+05 4.388564 3.518622 2.731463 0.850968 0.919704 644.1730 0 1.76378E-05 3.64297 6.6887E-01 0.32316 0.0066511
5.51490E+05 4.364155 3.513700 2.513855 0.851145 1.10204 669.2220 0 3.49660E-05 3.63979 6.6800E-01 0.32388 0.00679517
5.59728E+05 4.289488 3.444240 1.496665 0.850188 1.10204 748.5788 0 1.53221E-04 3.51864 6.6707E-01 0.32463 0.00695326
5.64905E+05 4.280574 3.603639 0.881914 0.851505 1.10204 431.9033 0 8.96906E-05 3.63125 6.6707E-01 0.32463 0.00695326
5.66788E+05 4.223890 3.591172 0.851533 0.851533 1.10204 428.6107 0 8.66009E-05 3.62147 6.6707E-01 0.32463 0.00695326
0.00000E+00 4.257000 3.584805 4.500000 0.883400 0.352092 94.2416 1 3.97636E-12 3.58507 6.7999E-01 0.316077 0.00284908
4.35705E+03 4.302988 3.580602 4.500000 0.884216 0.352092 104.2583 1 1.34116E-11 3.58195 6.7999E-01 0.316077 0.00284908
4.35705E+03 4.307792 3.580160 4.500000 0.884216 0.356482 106.2818 1 1.66014E-11 3.58036 6.7999E-01 0.316077 0.00284908
9.31898E+03 4.355506 3.575699 4.500000 0.884729 0.356482 118.0909 1 6.16214E-11 3.57704 6.7990E-01 0.316157 0.00285433
9.31898E+03 4.360523 3.575234 4.500000 0.884729 0.364008 120.5286 1 7.78675E-11 3.57534 6.7990E-01 0.316157 0.00285433
1.48749E+04 4.408760 3.570664 4.499999 0.885164 0.364008 134.1356 1 3.11137E-10 3.57191 6.7978E-01 0.316264 0.00286415
1.48749E+04 4.413823 3.570191 4.499999 0.885164 0.346484 136.9688 1 3.99304E-10 3.57015 6.7978E-01 0.316264 0.00286415
2.10014E+04 4.466042 3.565195 4.499995 0.885530 0.204756 154.6690 1 2.02579E-09 3.56561 6.7962E-01 0.3164 0.00288763
2.76185E+04 4.515502 3.560776 4.499973 0.885828 0.0598248 175.1402 1 1.13993E-08 3.55998 6.7939E-01 0.316578 0.0029382
3.46272E+04 4.556586 3.557474 4.499898 0.886062 0.0598248 192.0100 1 1.72690E-08 3.55694 6.7910E-01 0.316815 0.00299205
3.46272E+04 4.560865 3.557062 4.499898 0.886062 0.0578474 195.5914 1 1.62092E-08 3.55534 6.7910E-01 0.316815 0.00299205
4.19342E+04 4.601396 3.553049 4.499812 0.886244 0.0624749 215.0249 1 1.20915E-08 3.55176 6.7873E-01 0.317151 0.00302644
4.94614E+04 4.633607 3.549788 4.499733 0.886384 0.0624749 231.7905 1 8.65760E-09 3.54894 6.7830E-01 0.31755 0.0030622
4.94614E+04 4.636950 3.549478 4.499733 0.886384 0.0687052 235.2483 1 7.77199E-09 3.54763 6.7830E-01 0.31755 0.0030622
5.71487E+04 4.667677 3.546393 4.499664 0.886492 0.0768453 253.3773 1 4.70197E-09 3.54457 6.7780E-01 0.318 0.00309851
6.49519E+04 4.690267 3.543955 4.483428 0.886579 0.0868178 886.3532 0 5.67227E-06 3.65103 6.7726E-01 0.31851 0.00313418
7.28507E+04 4.705015 3.541906 4.452487 0.886651 0.0978467 942.3091 0 8.79302E-06 3.6492 6.7667E-01 0.31906 0.00316927
8.08367E+04 4.711053 3.540549 4.403105 0.886713 0.109418 978.9613 0 1.18917E-05 3.64782 6.7605E-01 0.31964 0.00320439
8.89105E+04 4.710153 3.539457 4.339573 0.886769 0.120795 997.9282 0 1.44190E-05 3.64685 6.7541E-01 0.32024 0.00324114
9.70742E+04 4.703003 3.538738 4.262461 0.886819 0.131797 999.9142 0 1.58263E-05 3.64628 6.7475E-01 0.32085 0.00328057
1.05331E+05 4.692186 3.538367 4.179785 0.886864 0.142249 989.0899 0 1.60702E-05 3.6462 6.7409E-01 0.32146 0.00332339
1.13679E+05 4.679230 3.537934 4.095289 0.886905 0.152216 974.9216 0 1.60377E-05 3.64601 6.7342E-01 0.32208 0.0033697
1.22113E+05 4.665166 3.537589 4.011280 0.886939 0.161718 957.2081 0 1.56357E-05 3.64593 6.7275E-01 0.32269 0.00341981
1.30628E+05 4.650651 3.537276 3.929005 0.886969 0.170722 938.0155 0 1.50812E-05 3.64594 6.7209E-01 0.3233 0.00347347
1.39215E+05 4.636045 3.536790 3.848845 0.886995 0.179603 921.9472 0 1.48467E-05 3.6456 6.7142E-01 0.3239 0.00353058
1.47868E+05 4.621700 3.536520 3.771464 0.887017 0.187784 903.4028 0 1.42804E-05 3.64564 6.7076E-01 0.32451 0.00359091
1.56580E+05 4.607501 3.536151 3.695641 0.887037 0.195446 885.8383 0 1.38678E-05 3.64561 6.7010E-01 0.3251 0.00365451
1.65345E+05 4.593540 3.535747 3.621190 0.887056 0.202688 869.2753 0 1.35574E-05 3.64555 6.6944E-01 0.32568 0.00372126
1.74157E+05 4.579808 3.535314 3.547570 0.887074 0.209561 853.8440 0 1.33539E-05 3.64549 6.6879E-01 0.32626 0.0037912
1.83013E+05 4.566261 3.534836 3.474131 0.887093 0.216179 839.6486 0 1.32794E-05 3.64537 6.6813E-01 0.32684 0.00386412
1.91907E+05 4.552809 3.534291 3.400008 0.887115 0.22278 826.7557 0 1.33658E-05 3.64521 6.6749E-01 0.3274 0.00394012
2.00837E+05 4.539357 3.533687 3.324273 0.887140 0.229881 815.1055 0 1.36243E-05 3.64499 6.6684E-01 0.32796 0.00401936
2.09799E+05 4.525778 3.533008 3.245750 0.887170 0.23851 804.8417 0 1.41043E-05 3.64472 6.6620E-01 0.32852 0.00410192
2.18792E+05 4.511881 3.532325 3.162761 0.887208 0.250727 794.0710 0 1.46713E-05 3.64458 6.6555E-01 0.32907 0.00418797
2.27812E+05 4.497412 3.531321 3.072934 0.887257 0.271249 788.2246 0 1.60601E-05 3.64395 6.6491E-01 0.32962 0.00427771
2.36857E+05 4.481978 3.530194 2.972485 0.887321 0.31234 783.1661 0 1.80342E-05 3.64334 6.6427E-01 0.33016 0.00437129
2.45924E+05 4.464296 3.528504 2.850336 0.887405 0.400221 783.7934 0 2.20898E-05 3.64215 6.6362E-01 0.3307 0.00446839
2.55010E+05 4.443284 3.526069 2.693032 0.887496 0.540555 791.3540 0 3.06802E-05 3.64049 6.6297E-01 0.33125 0.00456757
2.64096E+05 4.412972 3.521877 2.433350 0.887661 0.70234 808.4189 0 6.17032E-05 3.63121 6.6230E-01 0.3318 0.00466766
2.73174E+05 4.347492 3.510884 1.548792 0.887958 0.89852 844.6622 0 1.57512E-04 3.52488 6.6157E-01 0.33241 0.00477979
2.75054E+05 4.308195 3.510474 1.414582 0.887205 0.89852 753.4226 0 1.48801E-04 3.52828 6.6071E-01 0.33313 0.00491846
2.79652E+05 4.333591 3.699967 0.888473 0.888473 0.89852 322.9076 0 3.33645E-06 3.67631 6.6071E-01 0.33313 0.00491846
0.00000E+00 4.286800 3.589600 5.000000 0.934100 0.364105 90.4788 1 1.26892E-12 3.59079 6.6497E-01 0.331037 0.00283523
2.53557E+03 4.339954 3.584752 5.000000 0.934623 0.36635 102.0505 1 5.32397E-12 3.58666 6.6497E-01 0.331037 0.00283523
5.33257E+03 4.394421 3.579708 5.000000 0.934939 0.369874 116.0620 1 2.59123E-11 3.58165 6.6492E-01 0.331077 0.00283769
8.40833E+03 4.449930 3.574520 5.000000 0.935206 0.353987 132.4496 1 1.40173E-10 3.57641 6.6486E-01 0.331134 0.00284222
1.17583E+04 4.505602 3.569310 4.999999 0.935431 0.262694 151.3547 1 8.34362E-10 3.57101 6.6477E-01 0.331209 0.00285518
1.53476E+04 4.560248 3.564404 4.999994 0.935616 0.109008 173.4277 1 5.64648E-09 3.56496 6.6465E-01 0.331302 0.00288315
1.91312E+04 4.612764 3.560138 4.999971 0.935767 0.0594587 196.8781 1 9.39276E-09 3.55973 6.6450E-01 0.33142 0.00292122
2.30658E+04 4.662353 3.555700 4.999941 0.935888 0.0626388 221.0662 1 6.15513E-09 3.55536 6.6429E-01 0.331593 0.00294354
2.71146E+04 4.708586 3.551348 4.999911 0.935986 0.0678629 247.1360 1 3.21866E-09 3.55078 6.6404E-01 0.331831 0.00295863
3.12488E+04 4.746656 3.547788 4.995793 0.936066 0.0678629 893.4767 0 4.04984E-06 3.6564 6.6375E-01 0.3321 0.00297319
3.12488E+04 4.750449 3.547468 4.995793 0.936066 0.0755554 915.4220 0 4.62955E-06 3.65495 6.6375E-01 0.3321 0.00297319
3.54486E+04 4.782377 3.544377 4.976851 0.936134 0.0755554 1017.5626 0 9.72198E-06 3.6528 6.6343E-01 0.33241 0.00298612
3.54486E+04 4.785285 3.544168 4.976851 0.936134 0.0876262 1038.0506 0 1.07598E-05 3.65156 6.6343E-01 0.33241 0.00298612
3.97058E+04 4.809800 3.541487 4.933547 0.936195 0.101478 1142.1959 0 2.08138E-05 3.64897 6.6308E-01 0.33275 0.00299559
4.40226E+04 4.821199 3.539705 4.855329 0.936251 0.114903 1214.7232 0 3.30569E-05 3.64705 6.6270E-01 0.33312 0.00300356
4.84101E+04 4.818670 3.538478 4.741338 0.936305 0.124621 1247.5861 0 4.28908E-05 3.64574 6.6228E-01 0.33353 0.00301151
5.28823E+04 4.805502 3.537781 4.601402 0.936357 0.131751 1246.1863 0 4.73167E-05 3.645 6.6185E-01 0.33394 0.00302207
5.74491E+04 4.786542 3.537380 4.451237 0.936405 0.137682 1226.0761 0 4.76824E-05 3.64457 6.6141E-01 0.33436 0.00303594
6.21117E+04 4.764826 3.537041 4.299822 0.936448 0.143053 1198.3486 0 4.64035E-05 3.64424 6.6098E-01 0.33478 0.00305321
6.68653E+04 4.742060 3.536632 4.151526 0.936485 0.148172 1171.0774 0 4.51697E-05 3.64366 6.6053E-01 0.3352 0.00307358
7.17020E+04 4.719048 3.536433 4.007629 0.936515 0.152971 1137.9618 0 4.26036E-05 3.6436 6.6009E-01 0.33561 0.00309701
7.66131E+04 4.696160 3.536195 3.868017 0.936540 0.157289 1106.5376 0 4.04400E-05 3.64353 6.5965E-01 0.33603 0.00312328
8.15897E+04 4.673477 3.535743 3.731590 0.936560 0.16126 1081.9245 0 3.98366E-05 3.64297 6.5920E-01 0.33644 0.00315239
8.66233E+04 4.650958 3.535369 3.596752 0.936578 0.164825 1055.8995 0 3.89960E-05 3.64273 6.5876E-01 0.33685 0.00318438
9.17060E+04 4.628413 3.534896 3.461179 0.936595 0.167889 1033.3270 0 3.90860E-05 3.64233 6.5832E-01 0.33725 0.00321903
9.68306E+04 4.605523 3.534373 3.321572 0.936613 0.170542 1011.4205 0 3.97838E-05 3.64204 6.5788E-01 0.33765 0.00325663
1.01990E+05 4.581804 3.533509 3.173127 0.936636 0.173614 997.9092 0 4.32706E-05 3.64112 6.5744E-01 0.33804 0.00329735
1.07178E+05 4.556361 3.532532 3.007106 0.936668 0.180644 985.5218 0 4.88325E-05 3.64033 6.5700E-01 0.33843 0.00334135
1.12387E+05 4.527266 3.530933 2.804051 0.936717 0.214129 986.1449 0 6.32384E-05 3.63866 6.5657E-01 0.33881 0.00338916
1.17607E+05 4.488735 3.527879 2.499823 0.936782 0.289257 1014.7046 0 1.15862E-04 3.63553 6.5614E-01 0.33919 0.00343949
1.22819E+05 4.426735 3.520373 1.800168 0.936938 0.384566 973.8999 0 1.83077E-04 3.55704 6.5569E-01 0.33958 0.00349195
1.27987E+05 4.402566 3.546488 1.129938 0.937490 0.475172 916.2522 0 1.14915E-04 3.5526 6.5514E-01 0.34006 0.00355849
1.30944E+05 4.401864 3.872920 0.938018 0.938018 0.475172 121.9678 1 3.02716E-10 3.69745 6.5467E-01 0.34046 0.00362275
