0.00000E+00 3.136700 3.595662 0.550000 0.499200 0.477317 74.9391 0 1.09087E-09 3.5889 7.4800E-01 0.248678 0.00284371
2.19776E+05 3.158802 3.594113 0.549867 0.500260 0.477317 79.8526 0 1.76721E-09 3.58734 7.4800E-01 0.248678 0.00284371
4.60456E+05 3.185384 3.592361 0.549620 0.501598 0.477317 86.1148 0 3.14015E-09 3.58558 7.4800E-01 0.248678 0.00284371
7.23358E+05 3.216683 3.590527 0.549162 0.503303 0.477317 93.9750 0 6.10935E-09 3.58371 7.4800E-01 0.248678 0.00284371
1.00807E+06 3.253068 3.588858 0.548138 0.505480 0.477317 103.6573 0 1.29934E-08 3.58202 7.4800E-01 0.248678 0.00284371
1.31140E+06 3.294388 3.588103 0.545762 0.508236 0.477317 114.8339 0 2.92129E-08 3.58133 7.4800E-01 0.248678 0.00284371
1.62706E+06 3.339799 3.590764 0.540219 0.511663 0.477317 125.9175 0 6.05269E-08 3.58339 7.4800E-01 0.248678 0.00284371
1.94666E+06 3.387868 3.605344 0.530710 0.515818 0.477317 123.6120 0 6.48987E-08 3.59927 7.4800E-01 0.248678 0.00284371
2.26195E+06 3.436959 3.647669 0.525917 0.520716 0.477317 94.1753 0 9.60068E-09 3.6429 7.4800E-01 0.248678 0.00284371
2.56654E+06 3.442007 3.771287 0.521314 0.521314 0.477317 41.7208 1 2.84193E-12 3.6553 7.4800E-01 0.248678 0.00284371
0.00000E+00 3.115700 3.591116 0.600000 0.505600 0.477317 32.6885 1 1.96083E-09 3.59887 7.4800E-01 0.248678 0.00284371
2.06261E+05 3.147330 3.588427 0.599775 0.506888 0.477317 35.3705 1 3.70823E-09 3.59539 7.4800E-01 0.248678 0.00284371
4.36133E+05 3.185200 3.585238 0.599570 0.508563 0.477317 85.3115 0 1.54049E-09 3.57782 7.4800E-01 0.248678 0.00284371
6.90620E+05 3.229431 3.581630 0.599190 0.510755 0.477317 97.5820 0 4.19538E-09 3.5739 7.4800E-01 0.248678 0.00284371
9.67652E+05 3.279729 3.577765 0.598248 0.513602 0.477317 113.5595 0 1.30503E-08 3.56966 7.4800E-01 0.248678 0.00284371
1.26097E+06 3.334672 3.574170 0.595151 0.517221 0.477317 133.6676 0 4.53146E-08 3.56567 7.4800E-01 0.248678 0.00284371
1.56098E+06 3.391926 3.573003 0.583501 0.521672 0.477317 156.0369 0 1.69499E-07 3.56466 7.4800E-01 0.248678 0.00284371
1.85786E+06 3.449022 3.596763 0.545511 0.526950 0.477317 149.1616 0 2.24189E-07 3.59076 7.4800E-01 0.248678 0.00284371
2.14431E+06 3.504065 3.697691 0.535943 0.533012 0.477317 31.3396 1 1.49775E-09 3.71024 7.4800E-01 0.248678 0.00284371
2.41591E+06 3.510169 3.913561 0.533819 0.533819 0.477317 31.9854 1 9.79838E-15 3.7091 7.4800E-01 0.248678 0.00284371
0.00000E+00 3.244100 3.574874 0.650000 0.510900 0.477123 97.9427 0 2.78709E-09 3.56895 7.4542E-01 0.250907 0.00284399
1.95668E+05 3.271061 3.572517 0.649622 0.512386 0.477123 106.6077 0 5.20192E-09 3.56626 7.4542E-01 0.250907 0.00284399
4.16947E+05 3.304420 3.569654 0.648763 0.514366 0.477123 118.3513 0 1.13124E-08 3.56304 7.4542E-01 0.250907 0.00284399
6.64343E+05 3.344353 3.566360 0.646501 0.517008 0.477123 134.2875 0 2.91631E-08 3.55924 7.4542E-01 0.250907 0.00284399
9.33908E+05 3.390326 3.562878 0.640548 0.520471 0.477123 155.4963 0 9.12635E-08 3.55525 7.4542E-01 0.250907 0.00284399
1.21655E+06 3.440449 3.561211 0.617575 0.524853 0.477123 182.3602 0 3.93694E-07 3.55362 7.4542E-01 0.250907 0.00284399
1.50080E+06 3.492147 3.627202 0.537461 0.530162 0.477123 123.9228 0 7.25939E-08 3.62378 7.4542E-01 0.250907 0.00284399
1.77731E+06 3.539181 3.865906 0.536326 0.536326 0.477123 28.1162 1 3.35950E-14 3.73468 7.4542E-01 0.250907 0.00284399
0.00000E+00 3.197200 3.579007 0.700000 0.513600 0.477102 37.5211 1 9.68929E-09 3.58813 7.4302E-01 0.253198 0.00284455
1.90396E+05 3.231749 3.575863 0.698907 0.515182 0.477102 41.0683 1 1.93274E-08 3.5838 7.4302E-01 0.253198 0.00284455
4.07216E+05 3.273912 3.572013 0.698082 0.517315 0.477102 100.2771 0 2.10850E-09 3.56658 7.4302E-01 0.253198 0.00284455
6.50643E+05 3.323514 3.567534 0.696856 0.520183 0.477102 117.4243 0 6.77465E-09 3.56149 7.4302E-01 0.253198 0.00284455
9.15695E+05 3.379173 3.562604 0.694618 0.523954 0.477102 140.3892 0 2.53673E-08 3.55574 7.4302E-01 0.253198 0.00284455
1.19195E+06 3.437909 3.557600 0.687735 0.528703 0.477102 170.2194 0 1.10302E-07 3.54986 7.4302E-01 0.253198 0.00284455
1.46737E+06 3.496315 3.554507 0.651985 0.534402 0.477102 209.5034 0 7.59551E-07 3.54659 7.4302E-01 0.253198 0.00284455
1.73301E+06 3.549502 3.679833 0.540950 0.540950 0.477102 143.4787 0 4.96785E-09 3.62107 7.4302E-01 0.253198 0.00284455
0.00000E+00 3.189500 3.579195 0.800000 0.517300 0.468078 33.4704 1 6.10551E-09 3.59308 7.3995E-01 0.255678 0.00284613
1.83284E+05 3.230151 3.575381 0.799273 0.519025 0.468078 37.1562 1 1.40864E-08 3.58818 7.3995E-01 0.255678 0.00284613
3.94110E+05 3.279497 3.570684 0.797092 0.521387 0.468078 42.3338 1 3.84056E-08 3.58183 7.3995E-01 0.255678 0.00284613
6.32105E+05 3.336837 3.565165 0.793537 0.524599 0.468078 106.0981 0 1.68145E-09 3.56309 7.3995E-01 0.255678 0.00284613
8.90660E+05 3.399680 3.559151 0.790171 0.528827 0.468078 130.3318 0 7.76137E-09 3.5562 7.3995E-01 0.255678 0.00284613
1.15759E+06 3.463901 3.552999 0.784780 0.534108 0.468078 161.3956 0 3.83532E-08 3.54902 7.3995E-01 0.255678 0.00284613
1.42050E+06 3.525646 3.547042 0.771918 0.540356 0.468078 200.1588 0 2.04801E-07 3.54202 7.3995E-01 0.255678 0.00284613
1.67141E+06 3.580260 3.543055 0.695375 0.547421 0.468078 258.1743 0 2.82721E-06 3.53771 7.3995E-01 0.255678 0.00284613
1.82565E+06 3.588533 3.548000 0.550886 0.550886 0.468078 294.2407 0 5.60251E-05 3.5486 7.3995E-01 0.255678 0.00284613
0.00000E+00 3.204500 3.586118 0.900000 0.521800 0.448464 30.1190 1 8.08009E-10 3.60357 7.3892E-01 0.257399 0.00285066
1.75050E+05 3.248448 3.582117 0.899903 0.523627 0.448464 33.6277 1 2.04341E-09 3.59862 7.3892E-01 0.257399 0.00285066
3.77866E+05 3.301666 3.577226 0.899577 0.526157 0.448464 38.5258 1 6.21943E-09 3.59226 7.3892E-01 0.257399 0.00285066
6.07604E+05 3.362966 3.571525 0.898305 0.529617 0.448464 45.2147 1 2.23669E-08 3.58451 7.3892E-01 0.257399 0.00285066
8.56543E+05 3.428985 3.565180 0.892779 0.534163 0.448464 122.7209 0 1.59158E-09 3.55796 7.3892E-01 0.257399 0.00285066
1.11167E+06 3.494913 3.558909 0.889750 0.539790 0.448464 152.4519 0 7.78454E-09 3.5505 7.3892E-01 0.257399 0.00285066
1.36095E+06 3.556852 3.552983 0.884548 0.546366 0.448464 187.5991 0 3.59631E-08 3.54336 7.3892E-01 0.257399 0.00285066
1.59739E+06 3.612941 3.547482 0.873748 0.553718 0.448464 228.2770 0 1.59642E-07 3.53665 7.3892E-01 0.257399 0.00285066
1.81820E+06 3.662821 3.541956 0.833805 0.561678 0.448464 282.7878 0 1.02519E-06 3.52987 7.3892E-01 0.257399 0.00285066
1.97176E+06 3.682667 3.539986 0.728543 0.566805 0.448464 314.2809 0 4.68707E-06 3.5366 7.3892E-01 0.257399 0.00285066
2.01158E+06 3.700750 3.794991 0.569354 0.569354 0.448464 82.0122 1 9.48438E-12 3.61577 7.3892E-01 0.257399 0.00285066
0.00000E+00 3.236900 3.586692 1.000000 0.525400 0.428419 29.9027 1 3.43883E-11 3.60509 7.3807E-01 0.258131 0.00285654
1.68648E+05 3.281172 3.582680 0.999996 0.527329 0.428419 33.3983 1 9.23762E-11 3.60016 7.3807E-01 0.258131 0.00285654
3.65418E+05 3.335063 3.577753 0.999981 0.530027 0.428419 38.2855 1 3.06392E-10 3.59386 7.3807E-01 0.258131 0.00285654
5.88961E+05 3.397044 3.572045 0.999917 0.533737 0.428419 44.9454 1 1.20761E-09 3.58614 7.3807E-01 0.258131 0.00285654
8.30419E+05 3.463131 3.565897 0.999623 0.538597 0.428419 53.5140 1 5.18464E-09 3.57742 7.3807E-01 0.258131 0.00285654
1.07603E+06 3.528120 3.559762 0.998641 0.544557 0.428419 145.1092 0 2.65167E-09 3.5527 7.3807E-01 0.258131 0.00285654
1.31422E+06 3.588268 3.554078 0.997538 0.551444 0.428419 176.5774 0 1.09533E-08 3.54588 7.3807E-01 0.258131 0.00285654
1.53895E+06 3.642090 3.548940 0.994722 0.559058 0.428419 211.0235 0 4.01067E-08 3.53967 7.3807E-01 0.258131 0.00285654
1.74808E+06 3.689533 3.544265 0.986981 0.567219 0.428419 248.6906 0 1.36787E-07 3.53394 7.3807E-01 0.258131 0.00285654
1.94131E+06 3.731154 3.539625 0.962944 0.575759 0.428419 293.6471 0 5.31164E-07 3.52823 7.3807E-01 0.258131 0.00285654
2.11916E+06 3.766003 3.541171 0.694264 0.584515 0.428419 410.3741 0 7.06066E-05 3.53243 7.3807E-01 0.258131 0.00285654
2.18459E+06 3.684060 3.553107 0.585877 0.585877 0.428419 343.1726 0 5.95837E-05 3.54906 7.3807E-01 0.258131 0.00285654
0.00000E+00 3.239900 3.589538 1.100000 0.527700 0.412447 27.7478 1 1.96041E-13 3.60977 7.3706E-01 0.258965 0.00286093
1.64544E+05 3.286947 3.585303 1.100000 0.529642 0.412447 31.1695 1 5.83160E-13 3.6047 7.3706E-01 0.258965 0.00286093
3.56734E+05 3.343700 3.580146 1.100000 0.532363 0.412447 35.9256 1 2.18268E-12 3.59833 7.3706E-01 0.258965 0.00286093
5.75179E+05 3.408270 3.574230 1.099999 0.536108 0.412447 42.3735 1 9.85506E-12 3.59057 7.3706E-01 0.258965 0.00286093
8.11021E+05 3.476233 3.567923 1.099997 0.541012 0.412447 50.5900 1 4.85979E-11 3.58191 7.3706E-01 0.258965 0.00286093
1.05064E+06 3.542153 3.561736 1.099985 0.547015 0.412447 60.3271 1 2.30547E-10 3.57291 7.3706E-01 0.258965 0.00286093
1.28279E+06 3.602369 3.556062 1.099933 0.553929 0.59474 160.9038 0 5.17325E-10 3.54996 7.3706E-01 0.258965 0.00286093
1.50168E+06 3.653854 3.548980 1.099810 0.560960 0.789927 190.0093 0 2.00114E-09 3.54424 7.3626E-01 0.259454 0.00315394
1.70700E+06 3.699046 3.542284 1.099417 0.568509 0.993301 219.8532 0 6.80205E-09 3.53924 7.3538E-01 0.260013 0.00347431
1.89783E+06 3.738392 3.533727 1.098068 0.576392 1.19742 249.8881 0 2.40389E-08 3.53487 7.3442E-01 0.260622 0.00381515
2.07452E+06 3.772688 3.490412 1.095769 0.584466 1.39666 279.6141 0 2.01465E-08 3.53107 7.3342E-01 0.26127 0.00416497
2.23781E+06 3.802810 3.472627 1.092171 0.592631 1.58632 308.9146 0 3.31664E-08 3.52778 7.3239E-01 0.261939 0.00451379
2.38856E+06 3.829531 3.460404 1.087408 0.600813 1.76313 337.7796 0 4.62554E-08 3.5249 7.3137E-01 0.262607 0.0048526
2.52772E+06 3.853488 3.450889 1.081346 0.608955 1.92435 366.2494 0 2.20144E-07 3.5224 7.3037E-01 0.263266 0.00517452
2.65622E+06 3.874551 3.447014 0.774922 0.617024 1.92435 515.8021 0 1.54257E-05 3.5229 7.2943E-01 0.263905 0.00547338
2.77566E+06 3.894484 4.000000 0.625177 0.625177 1.92435 95.9088 1 3.63794E+05 3.63477 7.2943E-01 0.263905 0.00547338
0.00000E+00 3.329300 3.583811 1.200000 0.531300 0.40176 32.1319 1 1.57578E-13 3.60459 7.3892E-01 0.256816 0.00286219
1.58497E+05 3.368238 3.580281 1.200000 0.533330 0.40176 35.4123 1 3.95954E-13 3.60025 7.3892E-01 0.256816 0.00286219
3.44742E+05 3.416440 3.575866 1.200000 0.536198 0.40176 40.0009 1 1.24806E-12 3.59466 7.3892E-01 0.256816 0.00286219
5.56878E+05 3.472339 3.570674 1.200000 0.540157 0.40176 46.2073 1 4.78370E-12 3.58775 7.3892E-01 0.256816 0.00286219
7.85157E+05 3.531836 3.565105 1.199999 0.545318 0.494094 54.0066 1 2.02516E-11 3.58005 7.3892E-01 0.256816 0.00286219
1.01562E+06 3.588290 3.558715 1.199994 0.551138 0.687363 62.8093 1 8.68611E-11 3.57231 7.3844E-01 0.257145 0.00300894
1.23891E+06 3.639343 3.551632 1.199975 0.557506 0.950143 160.1402 0 4.36231E-10 3.55097 7.3756E-01 0.257704 0.00332254
1.45094E+06 3.684484 3.543332 1.199883 0.564335 1.24784 185.0944 0 1.64457E-09 3.54605 7.3638E-01 0.258443 0.00376048
1.65010E+06 3.724019 3.498966 1.197810 0.571528 1.56063 210.6079 0 1.67970E-08 3.54166 7.3497E-01 0.259331 0.00427219
1.83605E+06 3.758578 3.478571 1.194058 0.578986 1.87362 236.2619 0 3.15470E-08 3.53775 7.3340E-01 0.260329 0.00482841
2.00903E+06 3.788839 3.464304 1.188523 0.586593 2.17608 261.8075 0 4.84548E-08 3.53429 7.3174E-01 0.261397 0.00540518
2.16964E+06 3.815555 3.452763 1.181147 0.594270 2.46095 287.2839 0 6.76774E-08 3.5312 7.3004E-01 0.262496 0.00598194
2.31861E+06 3.839430 3.442930 1.171961 0.601974 2.72481 312.9875 0 8.88477E-08 3.52837 7.2835E-01 0.263604 0.0065434
2.45673E+06 3.861014 3.434158 1.157099 0.609660 2.96117 340.6378 0 1.20664E-06 3.52557 7.2669E-01 0.264702 0.00707918
2.57377E+06 3.876969 3.414085 0.888363 0.616195 2.96117 480.6356 0 1.80501E-05 3.51765 7.2513E-01 0.26574 0.00757291
2.58480E+06 3.880318 3.483720 0.669639 0.617352 2.96117 438.7238 0 1.00789E-05 3.55717 7.2513E-01 0.26574 0.00757291
2.70459E+06 3.901012 3.617576 0.626123 0.626123 2.96117 249.1658 0 1.20741E-09 3.63244 7.2513E-01 0.26574 0.00757291
0.00000E+00 3.328800 3.587322 1.300000 0.532200 0.396391 29.8932 1 3.35288E-14 3.60912 7.3995E-01 0.255715 0.0028507
1.56739E+05 3.368601 3.583763 1.300000 0.534245 0.396391 32.9832 1 8.59435E-14 3.60483 7.3995E-01 0.255715 0.0028507
3.41114E+05 3.417757 3.579310 1.300000 0.537137 0.396391 37.2954 1 2.77315E-13 3.59933 7.3995E-01 0.255715 0.0028507
5.51187E+05 3.474562 3.574093 1.300000 0.541129 0.444878 43.0836 1 1.08784E-12 3.59265 7.3995E-01 0.255715 0.0028507
7.77106E+05 3.533265 3.568108 1.300000 0.545975 0.579275 50.1608 1 4.70270E-12 3.58531 7.3962E-01 0.255964 0.00292635
1.00575E+06 3.589156 3.561366 1.299999 0.551519 0.813867 58.1064 1 2.05981E-11 3.57799 7.3891E-01 0.256443 0.00314008
1.22841E+06 3.639697 3.553751 1.299994 0.557599 1.12551 66.5338 1 8.79392E-11 3.57102 7.3783E-01 0.257142 0.00352233
1.44078E+06 3.684189 3.521310 1.298897 0.564084 1.47785 164.5459 0 8.57512E-09 3.55117 7.3641E-01 0.258031 0.004047
1.64122E+06 3.722947 3.494635 1.296275 0.570876 1.8513 186.6851 0 2.10906E-08 3.54693 7.3471E-01 0.259099 0.00466283
1.82934E+06 3.756596 3.478128 1.291874 0.577872 2.22848 208.8121 0 3.64191E-08 3.54315 7.3280E-01 0.260307 0.00534305
2.00530E+06 3.785856 3.465018 1.285432 0.584970 2.59612 230.7200 0 5.53767E-08 3.5398 7.3074E-01 0.261625 0.0060608
2.16958E+06 3.811590 3.454041 1.276770 0.592131 2.94594 252.6444 0 7.76030E-08 3.53675 7.2861E-01 0.263003 0.0067908
2.32278E+06 3.834509 3.444340 1.265817 0.599316 3.27303 274.8282 0 1.02934E-07 3.53393 7.2644E-01 0.264421 0.00751518
2.46554E+06 3.855194 3.435653 1.252605 0.606502 3.57425 297.4313 0 1.30732E-07 3.53131 7.2428E-01 0.265839 0.00821937
2.59853E+06 3.874100 3.427650 1.235441 0.613670 3.84744 321.6183 0 7.20051E-07 3.52867 7.2217E-01 0.267237 0.0088924
2.72239E+06 3.891221 3.403231 0.877557 0.620833 3.84744 509.5472 0 2.52152E-05 3.51591 7.2014E-01 0.268585 0.00952286
2.83854E+06 3.909266 4.000000 0.628977 0.628977 3.84744 97.4670 1 6.09555E+09 3.6357 7.2014E-01 0.268585 0.00952286
0.00000E+00 3.311700 3.593071 1.400000 0.534600 0.360466 26.7740 1 5.94643E-15 3.61544 7.3706E-01 0.258642 0.00286078
1.52729E+05 3.356377 3.589118 1.400000 0.536700 0.370964 29.8451 1 1.70126E-14 3.61089 7.3706E-01 0.258642 0.00286078
3.33050E+05 3.409655 3.584265 1.400000 0.539468 0.412398 34.0382 1 6.04869E-14 3.60517 7.3688E-01 0.258791 0.00287621
5.38027E+05 3.468873 3.578436 1.400000 0.543047 0.516717 39.4617 1 2.57241E-13 3.59858 7.3647E-01 0.259141 0.00293955
7.59231E+05 3.529640 3.571655 1.400000 0.547458 0.716593 46.0690 1 1.21292E-12 3.59136 7.3575E-01 0.2597 0.00310289
9.85357E+05 3.587312 3.563908 1.400000 0.552583 1.02271 53.5014 1 5.84930E-12 3.58412 7.3465E-01 0.26047 0.00342396
1.20742E+06 3.639084 3.546725 1.399523 0.558252 1.40968 61.3346 1 3.57221E-09 3.57731 7.3317E-01 0.261428 0.00393197
1.42055E+06 3.684180 3.508949 1.397702 0.564325 1.83135 146.9089 0 1.42643E-08 3.55647 7.3137E-01 0.262547 0.00460208
1.62272E+06 3.722895 3.490533 1.394215 0.570673 2.26521 166.6052 0 2.76647E-08 3.55232 7.2928E-01 0.263855 0.00536733
1.81332E+06 3.755986 3.476492 1.388649 0.577180 2.69424 186.0631 0 4.51841E-08 3.54863 7.2698E-01 0.265303 0.00619494
1.99248E+06 3.784512 3.464674 1.380655 0.583797 3.10778 205.2819 0 6.70278E-08 3.54534 7.2454E-01 0.266851 0.00705668
2.16051E+06 3.809401 3.454287 1.369998 0.590481 3.49891 224.3857 0 9.30089E-08 3.54238 7.2201E-01 0.268458 0.00793045
2.31791E+06 3.831432 3.445030 1.356572 0.597201 3.86337 243.7670 0 1.22509E-07 3.53961 7.1945E-01 0.270106 0.00879792
2.46519E+06 3.851251 3.436479 1.340378 0.603947 4.19906 263.8245 0 1.55238E-07 3.53692 7.1690E-01 0.271764 0.00964399
2.60291E+06 3.869364 3.428515 1.321491 0.610711 4.50562 284.6826 0 1.90544E-07 3.53436 7.1439E-01 0.273402 0.0104575
2.73159E+06 3.886156 3.420938 1.298273 0.617489 4.78216 307.4726 0 8.57722E-07 3.53173 7.1195E-01 0.275009 0.0112294
2.85179E+06 3.901651 3.392818 0.954784 0.624300 4.78216 481.6336 0 2.47597E-05 3.51632 7.0962E-01 0.276557 0.0119508
2.90420E+06 3.859217 3.436127 0.625810 0.625810 4.78216 532.5891 0 2.71084E-05 3.53701 7.0962E-01 0.276557 0.0119508
0.00000E+00 3.350900 3.592526 1.500000 0.531600 0.343766 27.7261 1 4.96838E-15 3.61518 7.3706E-01 0.258554 0.00286511
1.56868E+05 3.387242 3.589335 1.500000 0.533630 0.354103 30.2844 1 1.16741E-14 3.61149 7.3706E-01 0.258554 0.00286511
3.41197E+05 3.431171 3.585326 1.500000 0.536251 0.394531 33.7367 1 3.32542E-14 3.60685 7.3688E-01 0.258704 0.0028803
5.50386E+05 3.480913 3.580391 1.500000 0.539585 0.495897 38.1790 1 1.12400E-13 3.60138 7.3647E-01 0.259053 0.00294189
7.77072E+05 3.533311 3.574481 1.500000 0.543658 0.691839 43.5521 1 4.28676E-13 3.59541 7.3574E-01 0.259623 0.00310027
1.01079E+06 3.584523 3.567452 1.500000 0.548377 0.998419 49.6589 1 1.74291E-12 3.58922 7.3462E-01 0.260422 0.00341414
1.24256E+06 3.631750 3.555776 1.499999 0.553595 1.39871 56.1332 1 9.11683E-12 3.58329 7.3311E-01 0.261411 0.00392145
1.46697E+06 3.673778 3.516353 1.498444 0.559185 1.84726 128.3488 0 1.16508E-08 3.56197 7.3122E-01 0.262599 0.00461354
1.68149E+06 3.710534 3.498293 1.495341 0.565053 2.31508 144.4746 0 2.33963E-08 3.55812 7.2901E-01 0.263967 0.00542853
1.88508E+06 3.742474 3.484563 1.490217 0.571121 2.78491 160.4267 0 3.93166E-08 3.55473 7.2654E-01 0.265526 0.00632594
2.07751E+06 3.770169 3.473006 1.482630 0.577292 3.24199 176.2437 0 5.98320E-08 3.55165 7.2386E-01 0.267214 0.00727943
2.25895E+06 3.794360 3.462914 1.472241 0.583520 3.67684 191.9698 0 8.47811E-08 3.54883 7.2105E-01 0.269001 0.00826114
2.42975E+06 3.815788 3.453819 1.458831 0.589793 4.08438 207.8794 0 1.13849E-07 3.5462 7.1817E-01 0.270839 0.0092477
2.59031E+06 3.835047 3.445441 1.442303 0.596096 4.46186 224.3264 0 1.46588E-07 3.54364 7.1526E-01 0.272707 0.010222
2.74110E+06 3.852641 3.437512 1.422658 0.602432 4.80872 241.5433 0 1.82680E-07 3.54114 7.1238E-01 0.274585 0.0111705
2.88255E+06 3.868961 3.429866 1.399996 0.608804 5.12539 259.8646 0 2.21789E-07 3.53866 7.0954E-01 0.276433 0.0120824
3.01513E+06 3.884310 3.422655 1.374489 0.615219 5.41212 279.6986 0 2.62788E-07 3.53611 7.0678E-01 0.27824 0.0129498
3.13928E+06 3.898915 3.415092 1.339367 0.621679 5.66864 303.7336 0 2.33856E-06 3.53315 7.0413E-01 0.279998 0.0137661
3.25547E+06 3.912896 3.394415 0.809368 0.628259 5.66864 544.1895 0 3.89923E-05 3.52211 7.0163E-01 0.281667 0.0145197
3.29426E+06 3.828405 3.414467 0.629391 0.629391 5.66864 491.9373 0 3.12791E-05 3.53762 7.0163E-01 0.281667 0.0145197
0.00000E+00 3.254900 3.608376 1.600000 0.524900 0.337116 20.0492 1 2.27222E-15 3.63344 7.3892E-01 0.25748 0.00287215
1.67027E+05 3.295450 3.604974 1.600000 0.526720 0.337116 22.0595 1 2.31381E-15 3.62975 7.3892E-01 0.25748 0.00287215
3.60525E+05 3.344756 3.600771 1.600000 0.529234 0.337116 24.7890 1 2.37275E-15 3.62519 7.3892E-01 0.25748 0.00287215
5.79674E+05 3.401716 3.595868 1.600000 0.532666 0.378762 28.3807 1 4.24869E-15 3.61984 7.3892E-01 0.25748 0.00287215
8.17157E+05 3.460883 3.590207 1.600000 0.536693 0.499396 32.7063 1 1.77160E-14 3.61409 7.3862E-01 0.25772 0.00293677
1.06204E+06 3.518222 3.583482 1.600000 0.541198 0.72504 37.5850 1 7.75149E-14 3.6083 7.3793E-01 0.258209 0.00312737
1.30652E+06 3.571250 3.575570 1.600000 0.546079 1.05573 42.7874 1 3.43396E-13 3.60279 7.3682E-01 0.258949 0.0034926
1.54559E+06 3.618795 3.554433 1.599612 0.551246 1.4611 48.1525 1 2.78886E-09 3.59759 7.3529E-01 0.259908 0.0040464
1.77652E+06 3.660638 3.524454 1.598296 0.556629 1.91021 53.5037 1 9.67246E-09 3.59286 7.3337E-01 0.261106 0.00475503
1.99795E+06 3.697109 3.507534 1.595658 0.562174 2.38337 126.0457 0 1.94383E-08 3.57681 7.3110E-01 0.262525 0.00558023
2.20925E+06 3.728725 3.494333 1.591211 0.567816 2.86237 139.6503 0 3.31193E-08 3.57296 7.2854E-01 0.264143 0.00649794
2.41023E+06 3.756101 3.483090 1.584479 0.573494 3.33223 152.9855 0 5.12099E-08 3.56913 7.2574E-01 0.265921 0.0074818
2.60099E+06 3.780016 3.473269 1.575058 0.579199 3.78343 166.1116 0 7.36262E-08 3.56521 7.2277E-01 0.267809 0.00850425
2.78173E+06 3.801156 3.464445 1.562659 0.584926 4.2102 179.3003 0 1.00163E-07 3.56104 7.1970E-01 0.269777 0.00954382
2.95273E+06 3.820102 3.456249 1.547096 0.590677 4.60926 192.8272 0 1.30648E-07 3.55648 7.1658E-01 0.271795 0.0105829
3.11428E+06 3.837352 3.448599 1.528293 0.596462 4.97966 206.7955 0 1.64508E-07 3.55155 7.1344E-01 0.273833 0.011607
3.26671E+06 3.853298 3.441260 1.506249 0.602293 5.32143 221.6622 0 2.01542E-07 3.54607 7.1031E-01 0.275871 0.0126052
3.41034E+06 3.868247 3.433969 1.481061 0.608178 5.63428 237.7331 0 2.41878E-07 3.54277 7.0724E-01 0.277889 0.0135687
3.54551E+06 3.882441 3.426986 1.452868 0.614129 5.92046 255.2098 0 2.84271E-07 3.54032 7.0424E-01 0.279867 0.0144891
3.67256E+06 3.896067 3.420077 1.421886 0.620153 6.1798 274.5495 0 3.28889E-07 3.53772 7.0133E-01 0.281805 0.0153619
3.79184E+06 3.909268 3.413023 1.382660 0.626258 6.41259 297.4409 0 2.04931E-06 3.53487 6.9854E-01 0.283663 0.0161811
3.90371E+06 3.922128 3.382513 0.940828 0.632509 6.41259 508.0701 0 3.38987E-05 3.51694 6.9590E-01 0.285441 0.0169379
3.94786E+06 3.871356 3.395664 0.634292 0.634292 6.41259 556.8475 0 5.42619E-05 3.53371 6.9590E-01 0.285441 0.0169379
0.00000E+00 3.183200 3.616722 1.700000 0.513800 0.332997 16.1223 1 1.92067E-15 3.64269 7.3892E-01 0.25742 0.00287256
1.85628E+05 3.218683 3.613827 1.700000 0.515304 0.332997 17.5092 1 1.94365E-15 3.63961 7.3892E-01 0.25742 0.00287256
3.95880E+05 3.261440 3.610296 1.700000 0.517310 0.332997 19.3470 1 1.97493E-15 3.63585 7.3892E-01 0.25742 0.00287256
6.31154E+05 3.311252 3.606134 1.700000 0.519988 0.332997 21.7452 1 2.01788E-15 3.63139 7.3892E-01 0.25742 0.00287256
8.87466E+05 3.366861 3.601415 1.700000 0.523492 0.332997 24.7934 1 2.07595E-15 3.6263 7.3892E-01 0.25742 0.00287256
1.15589E+06 3.425531 3.596436 1.700000 0.527911 0.332997 28.4950 1 2.89992E-15 3.62082 7.3892E-01 0.25742 0.00287256
1.42539E+06 3.484006 3.591432 1.700000 0.533233 0.447283 32.7695 1 1.14343E-14 3.61521 7.3892E-01 0.25742 0.00287256
1.68695E+06 3.536423 3.585280 1.700000 0.538543 0.679147 37.1939 1 4.41058E-14 3.60998 7.3842E-01 0.257739 0.00305179
1.93920E+06 3.582930 3.577962 1.700000 0.543817 1.00308 41.6403 1 1.66813E-13 3.60526 7.3742E-01 0.258369 0.00342303
2.18312E+06 3.624244 3.565143 1.699736 0.549099 1.39898 46.0908 1 1.77983E-09 3.6009 7.3595E-01 0.259288 0.00395805
2.41871E+06 3.660839 3.531277 1.698674 0.554395 1.84536 50.4776 1 7.63355E-09 3.59693 7.3406E-01 0.260477 0.00463892
2.64563E+06 3.693171 3.514772 1.696498 0.559703 2.32171 54.7651 1 1.56939E-08 3.5933 7.3179E-01 0.261925 0.00544454
2.86353E+06 3.721693 3.502159 1.692760 0.565011 2.80952 124.8014 0 2.71334E-08 3.59085 7.2919E-01 0.263584 0.00635152
3.07218E+06 3.746810 3.491536 1.686993 0.570285 3.29325 135.4477 0 4.24976E-08 3.58759 7.2632E-01 0.265422 0.00733522
3.27156E+06 3.769032 3.482234 1.678768 0.575524 3.7614 146.0007 0 6.19461E-08 3.58419 7.2326E-01 0.2674 0.00836919
3.46173E+06 3.788883 3.473913 1.667732 0.580747 4.2076 156.5978 0 8.53297E-08 3.58056 7.2006E-01 0.269488 0.00943066
3.64282E+06 3.806815 3.466200 1.653635 0.585968 4.62812 167.3685 0 1.12575E-07 3.57663 7.1677E-01 0.271626 0.0105015
3.81500E+06 3.823226 3.459025 1.636316 0.591208 5.02124 178.5966 0 1.43198E-07 3.57226 7.1344E-01 0.273814 0.0115673
3.97846E+06 3.838446 3.452126 1.615710 0.596487 5.38661 190.4277 0 1.77110E-07 3.56743 7.1009E-01 0.276012 0.0126165
4.13339E+06 3.852743 3.445346 1.591818 0.601821 5.72437 203.2243 0 2.14197E-07 3.56202 7.0677E-01 0.27821 0.0136402
4.28002E+06 3.866333 3.438534 1.564714 0.607225 6.03562 216.9550 0 2.54487E-07 3.55613 7.0349E-01 0.280388 0.0146303
4.41858E+06 3.879393 3.431909 1.534515 0.612714 6.32175 232.1419 0 2.96964E-07 3.54958 7.0028E-01 0.282537 0.0155816
4.54930E+06 3.892059 3.425334 1.501419 0.618300 6.58293 248.6820 0 3.41621E-07 3.54252 6.9715E-01 0.284635 0.0164885
4.67245E+06 3.904443 3.418794 1.465663 0.623993 6.82104 267.2016 0 3.88155E-07 3.53979 6.9413E-01 0.286683 0.0173449
4.78829E+06 3.916628 3.412219 1.426257 0.629799 7.03612 288.3103 0 1.10562E-06 3.53708 6.9123E-01 0.288651 0.0181485
4.89712E+06 3.928475 3.386683 1.143517 0.635673 7.14721 409.5166 0 1.80518E-05 3.52301 6.8848E-01 0.29053 0.0188944
4.95968E+06 3.920221 3.453925 0.638375 0.638375 7.14721 565.2688 0 2.59304E-05 3.5436 6.8700E-01 0.291539 0.0192844
0.00000E+00 3.092200 3.627265 1.800000 0.497500 0.332446 12.4568 1 1.64905E-15 3.65314 7.3807E-01 0.258385 0.00287005
2.17013E+05 3.114914 3.625444 1.800000 0.498453 0.332446 13.1250 1 1.65810E-15 3.65125 7.3807E-01 0.258385 0.00287005
4.52698E+05 3.141791 3.623296 1.800000 0.499639 0.332446 13.9660 1 1.66925E-15 3.64898 7.3807E-01 0.258385 0.00287005
7.08358E+05 3.172983 3.620818 1.800000 0.501127 0.332446 15.0121 1 1.68353E-15 3.64632 7.3807E-01 0.258385 0.00287005
9.84098E+05 3.208856 3.617924 1.800000 0.503004 0.332446 16.3144 1 1.70194E-15 3.64325 7.3807E-01 0.258385 0.00287005
1.27803E+06 3.249400 3.614600 1.800000 0.505362 0.332446 17.9249 1 1.72568E-15 3.63976 7.3807E-01 0.258385 0.00287005
1.58572E+06 3.294052 3.610958 1.800000 0.508290 0.332446 19.8917 1 1.75607E-15 3.63585 7.3807E-01 0.258385 0.00287005
1.90053E+06 3.341689 3.607025 1.800000 0.511858 0.332446 22.2409 1 1.79437E-15 3.6316 7.3807E-01 0.258385 0.00287005
2.21495E+06 3.390867 3.602928 1.800000 0.516103 0.332446 24.9701 1 1.84160E-15 3.62713 7.3807E-01 0.258385 0.00287005
2.52236E+06 3.440157 3.598751 1.800000 0.521032 0.332446 28.0558 1 1.89853E-15 3.62259 7.3807E-01 0.258385 0.00287005
2.81801E+06 3.488402 3.594671 1.800000 0.526628 0.332446 31.4609 1 4.84884E-15 3.61807 7.3807E-01 0.258385 0.00287005
3.09900E+06 3.534776 3.590741 1.800000 0.532856 0.479936 35.1645 1 1.44285E-14 3.61355 7.3807E-01 0.258385 0.00287005
3.36376E+06 3.574677 3.585217 1.800000 0.538526 0.743401 38.7125 1 4.28167E-14 3.60961 7.3744E-01 0.258785 0.00309923
3.61703E+06 3.609795 3.578284 1.800000 0.543827 1.09489 42.1387 1 1.28780E-13 3.60611 7.3626E-01 0.259534 0.00351795
3.86245E+06 3.641341 3.555532 1.799600 0.548927 1.51137 45.5031 1 2.76470E-09 3.6029 7.3461E-01 0.260594 0.00409564
4.10081E+06 3.669847 3.531893 1.798450 0.553893 1.97103 48.8052 1 8.06141E-09 3.59993 7.3254E-01 0.261932 0.00480992
4.33190E+06 3.695664 3.517916 1.796233 0.558764 2.45421 52.0448 1 1.55402E-08 3.59717 7.3010E-01 0.263521 0.00563813
4.55532E+06 3.719093 3.506905 1.792541 0.563571 2.9451 55.2155 1 2.60401E-08 3.59461 7.2735E-01 0.26531 0.00655762
4.77069E+06 3.740367 3.497605 1.786944 0.568320 3.43042 121.6924 0 3.99385E-08 3.60445 7.2434E-01 0.267288 0.00754612
4.97778E+06 3.759677 3.489312 1.779021 0.573006 3.89998 129.7090 0 5.75265E-08 3.60161 7.2114E-01 0.269396 0.00858236
5.17653E+06 3.777354 3.481819 1.768431 0.577668 4.34816 137.9072 0 7.86779E-08 3.59846 7.1781E-01 0.271605 0.00964453
5.36692E+06 3.793661 3.474835 1.754894 0.582326 4.77189 146.4177 0 1.03343E-07 3.59495 7.1438E-01 0.273873 0.0107175
5.54900E+06 3.808835 3.468294 1.738227 0.587003 5.16955 155.3444 0 1.31169E-07 3.59103 7.1090E-01 0.276191 0.0117886
5.72284E+06 3.823093 3.461902 1.718318 0.591721 5.54109 164.8422 0 1.62256E-07 3.58665 7.0740E-01 0.278539 0.0128474
5.88853E+06 3.836627 3.455711 1.695118 0.596502 5.88736 175.0401 0 1.96117E-07 3.58178 7.0391E-01 0.280887 0.0138853
6.04618E+06 3.849595 3.449513 1.668646 0.601365 6.20819 186.1992 0 2.32912E-07 3.57633 7.0044E-01 0.283215 0.0148976
6.19592E+06 3.862128 3.443269 1.638995 0.606326 6.50537 198.3209 0 2.72499E-07 3.57038 6.9702E-01 0.285533 0.0158764
6.33790E+06 3.874169 3.411762 1.322842 0.611421 6.72168 283.2217 0 8.23554E-07 3.53604 6.9366E-01 0.287822 0.0168184
6.41232E+06 3.849375 3.385202 0.874287 0.612370 6.72168 436.0739 0 6.55319E-05 3.52325 6.9109E-01 0.28957 0.0175252
6.47319E+06 3.890997 3.553588 0.635590 0.619014 6.72168 295.9708 0 6.63305E-08 3.60915 6.9109E-01 0.28957 0.0175252
6.59324E+06 3.909801 3.688891 0.628026 0.628026 6.72168 225.3185 0 1.89966E-09 3.64559 6.9109E-01 0.28957 0.0175252
0.00000E+00 3.117500 3.627832 1.900000 0.502300 0.330149 12.5936 1 1.47071E-15 3.65397 7.3807E-01 0.258344 0.00287057
2.06423E+05 3.144316 3.625663 1.900000 0.503419 0.330149 13.3951 1 1.48054E-15 3.65174 7.3807E-01 0.258344 0.00287057
4.33553E+05 3.176232 3.623149 1.900000 0.504842 0.330149 14.4205 1 1.49294E-15 3.64904 7.3807E-01 0.258344 0.00287057
6.82578E+05 3.213416 3.620165 1.900000 0.506665 0.330149 15.7184 1 1.50923E-15 3.64586 7.3807E-01 0.258344 0.00287057
9.52724E+05 3.255996 3.616692 1.900000 0.509001 0.330149 17.3509 1 1.53065E-15 3.6422 7.3807E-01 0.258344 0.00287057
1.24023E+06 3.303388 3.612816 1.900000 0.511959 0.330149 19.3736 1 1.55860E-15 3.63809 7.3807E-01 0.258344 0.00287057
1.53823E+06 3.354207 3.608639 1.900000 0.515621 0.330149 21.8178 1 1.59442E-15 3.63359 7.3807E-01 0.258344 0.00287057
1.83823E+06 3.406571 3.604279 1.900000 0.520025 0.330149 24.6774 1 1.63916E-15 3.62885 7.3807E-01 0.258344 0.00287057
2.13243E+06 3.458642 3.599881 1.900000 0.525165 0.330149 27.9072 1 1.69337E-15 3.62407 7.3807E-01 0.258344 0.00287057
2.41531E+06 3.509014 3.595638 1.900000 0.531008 0.330149 31.4503 1 3.32702E-15 3.61936 7.3807E-01 0.258344 0.00287057
2.68366E+06 3.556790 3.591593 1.900000 0.537497 0.497481 35.2576 1 1.02398E-14 3.61476 7.3807E-01 0.258344 0.00287057
2.93591E+06 3.596759 3.585781 1.900000 0.543183 0.790795 38.8135 1 3.10506E-14 3.61084 7.3736E-01 0.258794 0.00312864
3.17806E+06 3.631267 3.578344 1.900000 0.548356 1.17638 42.1847 1 9.56563E-14 3.60741 7.3605E-01 0.259623 0.00359244
3.41447E+06 3.661865 3.550781 1.899514 0.553247 1.62867 45.4282 1 3.48827E-09 3.60435 7.3425E-01 0.260782 0.00422535
3.64578E+06 3.689157 3.530762 1.898258 0.557936 2.12311 48.5706 1 8.97520E-09 3.60154 7.3199E-01 0.262241 0.00500342
3.87150E+06 3.713544 3.517737 1.895866 0.562473 2.6383 51.5904 1 1.69753E-08 3.599 7.2935E-01 0.26395 0.0059014
4.09099E+06 3.735339 3.507421 1.891897 0.566886 3.15632 54.5046 1 2.81631E-08 3.59664 7.2639E-01 0.265878 0.00689353
4.30369E+06 3.754803 3.498571 1.885889 0.571182 3.66326 57.3097 1 4.29806E-08 3.59448 7.2318E-01 0.267977 0.00795457
4.50928E+06 3.772302 3.490886 1.877421 0.575401 4.15026 124.5893 0 6.13479E-08 3.61544 7.1979E-01 0.270205 0.00905937
4.70756E+06 3.788184 3.483879 1.866141 0.579583 4.6128 131.6309 0 8.33238E-08 3.61251 7.1626E-01 0.272534 0.0101888
4.89841E+06 3.802739 3.477453 1.851773 0.583755 5.04847 138.8601 0 1.08570E-07 3.60923 7.1265E-01 0.274912 0.0113274
5.08177E+06 3.816233 3.471385 1.834124 0.587946 5.45624 146.4829 0 1.36924E-07 3.6055 7.0900E-01 0.27733 0.0124635
5.25762E+06 3.828898 3.465401 1.813082 0.592184 5.8371 154.5962 0 1.68497E-07 3.60131 7.0532E-01 0.279768 0.0135876
5.42597E+06 3.840926 3.459614 1.788591 0.596492 6.19113 163.3474 0 2.02691E-07 3.5966 7.0165E-01 0.282217 0.0146924
5.58684E+06 3.852476 3.453903 1.760687 0.600889 6.52031 172.8834 0 2.39415E-07 3.59137 6.9800E-01 0.284655 0.0157712
5.74026E+06 3.863684 3.448053 1.729432 0.605394 6.8256 183.3447 0 2.79020E-07 3.58558 6.9440E-01 0.287073 0.0168195
5.88631E+06 3.874501 3.424036 1.479825 0.610047 7.08073 239.1767 0 7.71907E-06 3.54374 6.9085E-01 0.289451 0.0178333
5.98324E+06 3.871415 3.380307 0.889131 0.611929 7.08073 459.6517 0 8.07831E-05 3.52117 6.8771E-01 0.29157 0.0187116
6.02580E+06 3.889073 3.547705 0.633874 0.616661 7.08073 300.9215 0 8.39342E-08 3.60709 6.8771E-01 0.29157 0.0187116
6.15191E+06 3.908394 3.699578 0.626054 0.626054 7.08073 219.2744 0 1.70041E-09 3.6486 6.8771E-01 0.29157 0.0187116
0.00000E+00 3.211800 3.622914 2.000000 0.511400 0.334025 14.9398 1 1.34334E-15 3.6491 7.3604E-01 0.260339 0.00286043
1.88252E+05 3.241409 3.620517 2.000000 0.512818 0.334025 16.0026 1 1.35622E-15 3.64655 7.3604E-01 0.260339 0.00286043
4.00149E+05 3.277405 3.617573 2.000000 0.514691 0.334025 17.3972 1 1.37303E-15 3.64346 7.3604E-01 0.260339 0.00286043
6.36318E+05 3.319834 3.614110 2.000000 0.517169 0.334025 19.2017 1 1.39583E-15 3.63978 7.3604E-01 0.260339 0.00286043
8.93633E+05 3.368086 3.610149 2.000000 0.520401 0.334025 21.4941 1 1.42648E-15 3.63551 7.3604E-01 0.260339 0.00286043
1.16440E+06 3.420264 3.605792 2.000000 0.524486 0.334025 24.2950 1 1.46648E-15 3.63083 7.3604E-01 0.260339 0.00286043
1.43832E+06 3.473701 3.601286 2.000000 0.529442 0.334025 27.5603 1 1.51667E-15 3.62593 7.3604E-01 0.260339 0.00286043
1.70619E+06 3.525958 3.596889 2.000000 0.535215 0.334025 31.1987 1 2.17267E-15 3.62104 7.3604E-01 0.260339 0.00286043
1.96212E+06 3.575427 3.592687 2.000000 0.541717 0.334025 35.1091 1 6.97159E-15 3.61632 7.3604E-01 0.260339 0.00286043
2.20320E+06 3.621307 3.588756 2.000000 0.548843 0.536283 39.2073 1 2.07483E-14 3.6118 7.3604E-01 0.260339 0.00286043
2.42831E+06 3.658026 3.582720 2.000000 0.554735 0.878249 42.8448 1 6.06510E-14 3.60814 7.3519E-01 0.260879 0.00316723
2.64502E+06 3.688803 3.574492 2.000000 0.559883 1.31588 46.1571 1 1.85232E-13 3.60505 7.3368E-01 0.261838 0.00370149
2.85824E+06 3.715531 3.541196 1.999313 0.564624 1.81861 49.2578 1 5.31722E-09 3.60235 7.3163E-01 0.263157 0.00441544
3.06840E+06 3.738882 3.524382 1.997733 0.569061 2.35782 52.1684 1 1.20275E-08 3.59993 7.2911E-01 0.264776 0.00528021
3.27476E+06 3.759261 3.512726 1.994847 0.573240 2.90846 54.8783 1 2.16992E-08 3.5978 7.2621E-01 0.266665 0.00626537
3.47651E+06 3.777041 3.503397 1.990196 0.577199 3.45146 57.4119 1 3.48743E-08 3.59588 7.2300E-01 0.268754 0.00733859
3.67306E+06 3.792709 3.495526 1.983354 0.581012 3.97501 59.8086 1 5.16774E-08 3.59413 7.1957E-01 0.271002 0.00846903
3.86397E+06 3.806671 3.488614 1.973894 0.584732 4.47297 129.0303 0 7.20606E-08 3.62641 7.1599E-01 0.27334 0.00963414
4.04895E+06 3.819267 3.482342 1.961523 0.588399 4.94192 134.8627 0 9.58554E-08 3.62374 7.1230E-01 0.275769 0.0108165
4.22783E+06 3.830795 3.476639 1.946006 0.592050 5.38086 140.8530 0 1.22573E-07 3.62071 7.0855E-01 0.278227 0.012002
4.40050E+06 3.841517 3.471196 1.927201 0.595721 5.79004 147.1657 0 1.52174E-07 3.61727 7.0477E-01 0.280716 0.0131805
4.56687E+06 3.851639 3.465906 1.905021 0.599439 6.17134 153.9822 0 1.84452E-07 3.61333 7.0099E-01 0.283214 0.0143436
4.72690E+06 3.861330 3.460706 1.879465 0.603227 6.52547 161.3094 0 2.19181E-07 3.60896 6.9722E-01 0.285712 0.0154869
4.88054E+06 3.870728 3.455552 1.850555 0.607104 6.85479 169.3580 0 2.56148E-07 3.60405 6.9347E-01 0.288201 0.0166043
5.02776E+06 3.879948 3.450243 1.818366 0.611091 7.16004 178.2928 0 2.95722E-07 3.59859 6.8977E-01 0.290659 0.0176923
5.16857E+06 3.889058 3.425385 1.542314 0.615254 7.42279 234.0942 0 7.40236E-06 3.55161 6.8612E-01 0.293088 0.018747
5.26543E+06 3.886773 3.378202 0.905462 0.616959 7.42279 468.4809 0 8.94443E-05 3.52105 6.8281E-01 0.295306 0.0196894
5.30378E+06 3.901900 3.543062 0.639714 0.621394 7.42279 340.4090 0 1.02056E-07 3.59557 6.8281E-01 0.295306 0.0196894
5.42569E+06 3.920695 3.697763 0.630893 0.630893 7.42279 225.0584 0 2.43383E-09 3.64798 6.8281E-01 0.295306 0.0196894
0.00000E+00 3.354200 3.616374 2.200000 0.535100 0.331977 19.0372 1 1.13804E-15 3.64272 7.3299E-01 0.263291 0.00285805
1.48327E+05 3.392156 3.613260 2.200000 0.537137 0.331977 20.8011 1 1.15863E-15 3.63938 7.3299E-01 0.263291 0.00285805
3.22777E+05 3.439069 3.609314 2.200000 0.540008 0.331977 23.2167 1 1.18760E-15 3.6352 7.3299E-01 0.263291 0.00285805
5.21499E+05 3.493296 3.604776 2.200000 0.543956 0.331977 26.3800 1 1.22846E-15 3.63027 7.3299E-01 0.263291 0.00285805
7.35262E+05 3.550762 3.599914 2.200000 0.549073 0.331977 30.2300 1 1.28275E-15 3.62491 7.3299E-01 0.263291 0.00285805
9.51067E+05 3.606566 3.595165 2.200000 0.555241 0.331977 34.5254 1 3.11200E-15 3.61963 7.3299E-01 0.263291 0.00285805
1.15913E+06 3.657581 3.590765 2.200000 0.562231 0.331977 39.0197 1 1.05110E-14 3.61467 7.3299E-01 0.263291 0.00285805
1.35490E+06 3.702820 3.586851 2.200000 0.569824 0.331977 43.5337 1 3.12321E-14 3.61013 7.3299E-01 0.263291 0.00285805
1.53703E+06 3.742487 3.583407 2.200000 0.577832 0.605086 47.9536 1 8.18701E-14 3.60605 7.3299E-01 0.263291 0.00285805
1.70553E+06 3.770770 3.577154 2.200000 0.583476 1.02758 51.3697 1 2.10820E-13 3.60316 7.3185E-01 0.264021 0.00326683
1.87067E+06 3.792996 3.560481 2.199766 0.587977 1.53835 54.2306 1 2.17698E-09 3.60088 7.2997E-01 0.26522 0.00392392
2.03747E+06 3.811468 3.529371 2.198812 0.591902 2.1019 56.7362 1 8.82447E-09 3.59899 7.2755E-01 0.266779 0.00476074
2.20521E+06 3.826789 3.516038 2.196856 0.595356 2.68398 58.9168 1 1.75024E-08 3.59742 7.2468E-01 0.268648 0.00574267
2.37235E+06 3.839547 3.506453 2.193503 0.598457 3.25979 60.8185 1 2.94071E-08 3.59612 7.2146E-01 0.270737 0.00682751
2.53767E+06 3.850306 3.498875 2.188365 0.601315 3.81419 62.5021 1 4.46799E-08 3.59503 7.1801E-01 0.272976 0.00797824
2.70033E+06 3.859539 3.492566 2.181097 0.604013 4.33919 64.0531 1 6.31735E-08 3.59403 7.1441E-01 0.275325 0.00916725
2.85981E+06 3.867636 3.487075 2.171425 0.606614 4.83176 136.8776 0 8.46419E-08 3.64772 7.1072E-01 0.277723 0.010374
3.01581E+06 3.874925 3.482183 2.159136 0.609177 5.29181 140.3230 0 1.08690E-07 3.64573 7.0698E-01 0.280162 0.0115843
3.16811E+06 3.881644 3.477712 2.144080 0.611737 5.72071 143.9176 0 1.34988E-07 3.64345 7.0321E-01 0.282621 0.0127896
3.31657E+06 3.887973 3.473461 2.126168 0.614318 6.12004 147.7725 0 1.63410E-07 3.64082 6.9944E-01 0.285079 0.0139848
3.46110E+06 3.894050 3.469350 2.105365 0.616943 6.49229 151.9314 0 1.93743E-07 3.63786 6.9567E-01 0.287538 0.0151644
3.60159E+06 3.899984 3.465391 2.081657 0.619629 6.83925 156.5271 0 2.25617E-07 3.63451 6.9192E-01 0.289987 0.0163265
3.73798E+06 3.905859 3.461344 2.055054 0.622391 7.16326 161.6513 0 2.59431E-07 3.63073 6.8819E-01 0.292415 0.0174681
3.87017E+06 3.911742 3.457306 2.025594 0.625243 7.4657 167.4327 0 2.94741E-07 3.62648 6.8450E-01 0.294834 0.0185881
3.99810E+06 3.917583 3.444175 1.864008 0.628161 7.74701 192.1060 0 3.52143E-06 3.60287 6.8083E-01 0.297223 0.0196831
4.12222E+06 3.925295 3.408864 1.454865 0.632114 7.97916 283.3792 0 2.50463E-06 3.53917 6.7724E-01 0.299581 0.0207469
4.18459E+06 3.899736 3.377891 0.922478 0.631951 7.97916 464.9614 0 9.44527E-05 3.52325 6.7411E-01 0.30163 0.021657
4.23844E+06 3.937803 3.570221 0.653505 0.638691 7.97916 282.2865 0 8.00801E-08 3.62335 6.7411E-01 0.30163 0.021657
4.33962E+06 3.953027 3.739522 0.646904 0.646904 7.97916 231.2206 0 7.12473E-10 3.65052 6.7411E-01 0.30163 0.021657
0.00000E+00 3.619800 3.596263 2.500000 0.590300 0.343335 31.5402 1 9.98747E-16 3.62678 7.3198E-01 0.26324 0.00285432
8.55552E+04 3.656386 3.593032 2.500000 0.592944 0.343335 34.4166 1 1.75550E-15 3.62329 7.3198E-01 0.26324 0.00285432
1.90601E+05 3.701074 3.589075 2.500000 0.596821 0.343335 38.3020 1 5.14773E-15 3.61898 7.3198E-01 0.26324 0.00285432
3.10976E+05 3.749023 3.584809 2.500000 0.602078 0.343335 43.0049 1 1.65125E-14 3.6142 7.3198E-01 0.26324 0.00285432
4.36486E+05 3.793875 3.580813 2.500000 0.608440 0.343335 47.9650 1 4.96724E-14 3.60961 7.3198E-01 0.26324 0.00285432
5.58554E+05 3.832274 3.577387 2.500000 0.615442 0.343335 52.6899 1 1.28785E-13 3.60561 7.3198E-01 0.26324 0.00285432
6.73649E+05 3.864185 3.574542 2.500000 0.622732 0.343335 57.0038 1 2.86460E-13 3.60219 7.3198E-01 0.26324 0.00285432
7.81082E+05 3.890856 3.572158 2.500000 0.630118 0.343335 60.9110 1 5.62516E-13 3.59926 7.3198E-01 0.26324 0.00285432
8.81094E+05 3.913539 3.570145 2.500000 0.637484 0.343335 64.4559 1 1.00234E-12 3.59674 7.3198E-01 0.26324 0.00285432
9.74180E+05 3.933224 3.568414 2.500000 0.644756 0.343335 67.7023 1 1.65908E-12 3.59455 7.3198E-01 0.26324 0.00285432
1.06089E+06 3.950639 3.566874 2.500000 0.651888 0.663832 70.7247 1 2.60099E-12 3.59258 7.3198E-01 0.26324 0.00285432
1.14177E+06 3.959681 3.562493 2.500000 0.655244 1.08669 72.3073 1 4.16264E-12 3.59164 7.3058E-01 0.264149 0.00332681
1.22698E+06 3.966583 3.539019 2.499701 0.657776 1.5738 73.5137 1 4.85023E-09 3.59098 7.2865E-01 0.265429 0.00397565
1.31797E+06 3.972201 3.515594 2.498827 0.659880 2.09587 74.4960 1 1.31736E-08 3.59049 7.2628E-01 0.266988 0.00476175
1.41167E+06 3.976471 3.505214 2.497264 0.661501 2.61713 75.2396 1 2.26144E-08 3.59016 7.2357E-01 0.268787 0.00565386
1.50612E+06 3.979849 3.498160 2.494861 0.662839 3.11947 75.8364 1 3.40418E-08 3.58993 7.2068E-01 0.270697 0.00660029
1.60033E+06 3.982681 3.492696 2.491485 0.664035 3.59536 76.3564 1 4.74633E-08 3.58975 7.1770E-01 0.272666 0.00756966
1.69388E+06 3.985185 3.488223 2.487024 0.665165 4.04381 76.8476 1 6.26630E-08 3.58958 7.1468E-01 0.274655 0.00854569
1.78656E+06 3.987497 3.484353 2.481386 0.666274 4.46556 171.2310 0 7.95066E-08 3.67394 7.1166E-01 0.276644 0.00952032
1.87829E+06 3.989695 3.481050 2.474483 0.667378 4.86258 171.8066 0 9.75941E-08 3.6732 7.0863E-01 0.278643 0.0104901
1.96901E+06 3.991826 3.477953 2.466261 0.668490 5.23639 172.5683 0 1.17104E-07 3.67231 7.0560E-01 0.280632 0.0114536
2.05870E+06 3.993924 3.475167 2.456659 0.669614 5.58937 173.5331 0 1.37594E-07 3.67126 7.0258E-01 0.282611 0.0124103
2.14733E+06 3.996013 3.472488 2.445640 0.670756 5.92299 174.7024 0 1.59213E-07 3.67005 6.9956E-01 0.284591 0.0133601
2.23489E+06 3.998109 3.470047 2.433183 0.671920 6.23856 176.0244 0 1.81484E-07 3.66872 6.9656E-01 0.28656 0.014302
2.32134E+06 4.000228 3.467624 2.419264 0.673108 6.53775 177.5869 0 2.04731E-07 3.6672 6.9355E-01 0.288519 0.0152363
2.40666E+06 4.002380 3.465251 2.403869 0.674326 6.82182 179.4039 0 2.28768E-07 3.66551 6.9056E-01 0.290478 0.016163
2.49083E+06 4.004575 3.462911 2.386990 0.675577 7.09145 181.4891 0 2.53536E-07 3.66362 6.8757E-01 0.292427 0.0170822
2.57380E+06 4.006824 3.460497 2.368630 0.676864 7.34844 183.8551 0 2.79283E-07 3.66153 6.8459E-01 0.294366 0.0179928
2.65556E+06 4.009033 3.455963 2.307786 0.678134 7.59415 191.1852 0 2.59243E-06 3.65428 6.8162E-01 0.296305 0.0188956
2.73622E+06 4.011693 3.446433 2.167145 0.679669 7.83452 209.9353 0 3.86893E-06 3.63657 6.7865E-01 0.298235 0.019793
2.81517E+06 4.015047 3.428465 1.913239 0.681613 8.06746 252.4831 0 8.17869E-06 3.60134 6.7561E-01 0.300214 0.0207051
2.88799E+06 4.018979 3.374335 1.055434 0.683984 8.06746 556.0700 0 1.40209E-04 3.51947 6.7252E-01 0.302223 0.0216235
2.89107E+06 4.019953 3.536650 0.709727 0.684468 8.06746 374.0908 0 1.38791E-07 3.60406 6.7252E-01 0.302223 0.0216235
2.96266E+06 4.033892 3.614094 0.692679 0.692679 8.06746 280.7024 0 3.66892E-08 3.64214 6.7252E-01 0.302223 0.0216235
0.00000E+00 3.935300 3.585511 3.000000 0.717900 0.342719 67.1616 1 9.38978E-12 3.58303 7.3299E-01 0.263182 0.00285958
2.41057E+04 3.985851 3.580937 3.000000 0.719851 0.379792 75.3756 1 2.88097E-11 3.57897 7.3299E-01 0.263182 0.00285958
5.87336E+04 4.038882 3.575588 2.999998 0.720968 0.453133 85.5393 1 1.01131E-10 3.57392 7.3242E-01 0.263692 0.0029095
9.97339E+04 4.082668 3.570573 2.999994 0.721708 0.554551 95.1110 1 2.99949E-10 3.56951 7.3154E-01 0.264472 0.00301068
1.43395E+05 4.114216 3.566275 2.999982 0.722116 0.67049 102.7381 1 6.90688E-10 3.56623 7.3046E-01 0.265402 0.00315271
1.88089E+05 4.136124 3.562613 2.999956 0.722378 0.794043 108.3917 1 1.29214E-09 3.56395 7.2929E-01 0.266401 0.00331722
2.33290E+05 4.151324 3.559294 2.999913 0.722596 0.922811 112.4945 1 2.10384E-09 3.56237 7.2808E-01 0.267421 0.00349431
2.78843E+05 4.161951 3.555587 2.999842 0.722802 1.05597 115.4108 1 3.24966E-09 3.56133 7.2684E-01 0.268461 0.00368109
3.24701E+05 4.169443 3.537382 2.999675 0.723006 1.19329 117.4906 1 5.00429E-09 3.56062 7.2559E-01 0.269511 0.00387675
3.70842E+05 4.174770 3.522861 2.999388 0.723212 1.33459 118.9692 1 8.55920E-09 3.56015 7.2431E-01 0.27057 0.00408089
4.17251E+05 4.178594 3.515075 2.998994 0.723420 1.47979 120.0245 1 1.16105E-08 3.55983 7.2301E-01 0.27164 0.00429392
4.63915E+05 4.181365 3.509599 2.998493 0.723629 1.62868 120.7753 1 1.45948E-08 3.55964 7.2170E-01 0.27272 0.00451583
5.10820E+05 4.183397 3.505267 2.997881 0.723841 1.78109 121.3087 1 1.76726E-08 3.55952 7.2037E-01 0.273809 0.00474663
5.57953E+05 4.184905 3.501715 2.997150 0.724055 1.93678 121.6886 1 2.08766E-08 3.55946 7.1901E-01 0.274909 0.0049866
6.05303E+05 4.186040 3.498639 2.996292 0.724270 2.09584 121.9603 1 2.42830E-08 3.55944 7.1764E-01 0.276019 0.00523575
6.52857E+05 4.186907 3.495920 2.995298 0.724488 2.25785 122.1543 1 2.79184E-08 3.55945 7.1625E-01 0.277129 0.0054943
7.00602E+05 4.187580 3.493446 2.994156 0.724707 2.42258 285.0174 0 3.18280E-08 3.66426 7.1484E-01 0.278248 0.00576222
7.48527E+05 4.188112 3.491186 2.992854 0.724929 2.59004 285.5639 0 3.60224E-08 3.66398 7.1342E-01 0.279378 0.00603983
7.96619E+05 4.188539 3.489098 2.991379 0.725153 2.75984 286.0243 0 4.05234E-08 3.66369 7.1197E-01 0.280518 0.00632692
8.44867E+05 4.188886 3.487094 2.989717 0.725379 2.93189 286.4229 0 4.54028E-08 3.66342 7.1051E-01 0.281657 0.0066239
8.93260E+05 4.189171 3.485268 2.987854 0.725608 3.10599 286.7942 0 5.05790E-08 3.66316 7.0903E-01 0.282807 0.00693066
9.41786E+05 4.189407 3.483502 2.985774 0.725839 3.28199 287.1381 0 5.61606E-08 3.6629 7.0754E-01 0.283957 0.00724731
9.90434E+05 4.189602 3.481823 2.983460 0.726072 3.45931 287.4716 0 6.21288E-08 3.66264 7.0603E-01 0.285116 0.00757394
1.03919E+06 4.189761 3.480255 2.980898 0.726308 3.63833 287.8029 0 6.84547E-08 3.66238 7.0450E-01 0.286276 0.00791075
1.08805E+06 4.189889 3.478691 2.978067 0.726548 3.81837 288.1452 0 7.52706E-08 3.66212 7.0295E-01 0.287446 0.00825765
1.13700E+06 4.189986 3.477206 2.974952 0.726790 3.99948 288.4867 0 8.24900E-08 3.66187 7.0139E-01 0.288616 0.00861504
1.18603E+06 4.190056 3.475759 2.971533 0.727035 4.18137 288.8362 0 9.01708E-08 3.66162 6.9981E-01 0.289795 0.0089826
1.23513E+06 4.190097 3.474421 2.967794 0.727284 4.36394 289.1342 0 9.82079E-08 3.66139 6.9822E-01 0.290975 0.00936066
1.28429E+06 4.190110 3.473054 2.963714 0.727536 4.54691 289.4448 0 1.06812E-07 3.66117 6.9661E-01 0.292165 0.0097494
1.33351E+06 4.190095 3.471699 2.959275 0.727793 4.73017 289.7836 0 1.15932E-07 3.66093 6.9498E-01 0.293344 0.0101487
1.38276E+06 4.190051 3.470433 2.954457 0.728053 4.91331 290.1534 0 1.25434E-07 3.66069 6.9334E-01 0.294534 0.0105588
1.43204E+06 4.189978 3.469198 2.949240 0.728318 5.09651 290.5403 0 1.35410E-07 3.66046 6.9168E-01 0.295733 0.0109798
1.48134E+06 4.189874 3.467973 2.943606 0.728588 5.27958 290.9602 0 1.45902E-07 3.66021 6.9000E-01 0.296923 0.0114119
1.53066E+06 4.189739 3.466792 2.937534 0.728863 5.46209 291.4119 0 1.56841E-07 3.65997 6.8831E-01 0.298123 0.0118551
1.57997E+06 4.189573 3.465643 2.931006 0.729144 5.64432 291.8993 0 1.68240E-07 3.65973 6.8661E-01 0.299322 0.0123094
1.62928E+06 4.189375 3.464513 2.924001 0.729431 5.82568 292.4324 0 1.80124E-07 3.65948 6.8489E-01 0.300522 0.0127753
1.67857E+06 4.189144 3.463373 2.916500 0.729724 6.00636 292.9970 0 1.92557E-07 3.65923 6.8315E-01 0.301732 0.0132524
1.72784E+06 4.188880 3.462174 2.908485 0.730024 6.18584 293.6094 0 2.05668E-07 3.65897 6.8140E-01 0.302931 0.013742
1.77706E+06 4.188583 3.461135 2.899938 0.730331 6.36484 294.2701 0 2.18884E-07 3.6587 6.7963E-01 0.304141 0.0142424
1.82624E+06 4.188253 3.460027 2.890839 0.730647 6.54183 294.9898 0 2.32791E-07 3.65843 6.7784E-01 0.305351 0.0147557
1.87537E+06 4.187890 3.458887 2.881172 0.730971 6.71854 295.7630 0 2.47295E-07 3.65815 6.7604E-01 0.30656 0.01528
1.92442E+06 4.187494 3.457854 2.870920 0.731305 6.89296 296.5997 0 2.61980E-07 3.65786 6.7422E-01 0.30777 0.0158181
1.97340E+06 4.187066 3.456683 2.860065 0.731648 7.0668 297.4979 0 2.77574E-07 3.65756 6.7239E-01 0.308969 0.0163673
2.02228E+06 4.186606 3.455661 2.848591 0.732003 7.23861 298.4661 0 2.93173E-07 3.65726 6.7054E-01 0.310179 0.0169303
2.07106E+06 4.186116 3.454526 2.836486 0.732368 7.40851 299.5096 0 3.09610E-07 3.65694 6.6867E-01 0.311389 0.0175053
2.11973E+06 4.185596 3.453442 2.823731 0.732747 7.57743 300.6412 0 3.26331E-07 3.65662 6.6679E-01 0.312598 0.0180934
2.16827E+06 4.185049 3.452351 2.810318 0.733138 7.74399 301.8499 0 3.43516E-07 3.65628 6.6488E-01 0.313808 0.0186954
2.21667E+06 4.184475 3.451186 2.796229 0.733544 7.90879 303.1553 0 3.61407E-07 3.65594 6.6297E-01 0.315018 0.0193093
2.26492E+06 4.183877 3.450111 2.781456 0.733965 8.072 304.5619 0 3.79375E-07 3.65557 6.6103E-01 0.316227 0.0199374
2.31300E+06 4.183257 3.448960 2.765989 0.734403 8.23277 306.0745 0 3.98038E-07 3.6552 6.5908E-01 0.317437 0.0205794
2.36089E+06 4.182618 3.447758 2.749816 0.734858 8.39132 307.6931 0 4.17306E-07 3.65482 6.5711E-01 0.318646 0.0212345
2.40859E+06 4.181962 3.446634 2.732930 0.735333 8.54803 309.4387 0 4.36628E-07 3.65442 6.5512E-01 0.319856 0.0219026
2.45608E+06 4.181118 3.445497 2.715649 0.735695 8.69865 311.1323 0 4.56349E-07 3.65401 6.5312E-01 0.321055 0.0225847
2.50338E+06 4.180457 3.444301 2.697657 0.736206 8.84753 313.1262 0 4.76332E-07 3.65358 6.5114E-01 0.322235 0.0232638
2.55044E+06 4.179783 3.443060 2.678967 0.736734 8.99446 315.2545 0 4.96850E-07 3.65315 6.4914E-01 0.323425 0.0239569
2.59724E+06 4.179108 3.441831 2.659572 0.737286 9.1384 317.5415 0 5.17621E-07 3.65269 6.4713E-01 0.324604 0.0246629
2.64376E+06 4.178436 3.440601 2.639475 0.737864 9.28063 320.0033 0 5.38670E-07 3.65222 6.4510E-01 0.325784 0.0253809
2.68998E+06 4.177772 3.439333 2.618675 0.738469 9.41973 322.6329 0 5.60167E-07 3.65173 6.4305E-01 0.326963 0.0261118
2.73588E+06 4.177119 3.438025 2.597177 0.739104 9.55629 325.4306 0 5.82103E-07 3.65122 6.4099E-01 0.328133 0.0268536
2.78145E+06 4.176485 3.436683 2.574990 0.739769 9.69022 328.4459 0 6.04435E-07 3.6507 6.3891E-01 0.329313 0.0276062
2.82666E+06 4.175875 3.435307 2.552119 0.740467 9.82126 331.6759 0 6.27148E-07 3.65015 6.3681E-01 0.330492 0.0283685
2.87148E+06 4.175294 3.433889 2.528574 0.741201 9.94957 335.1480 0 6.50261E-07 3.64958 6.3470E-01 0.331662 0.0291406
2.91591E+06 4.174693 3.432383 2.503579 0.741972 10.0747 338.9626 0 1.03211E-06 3.64897 6.3258E-01 0.332841 0.0299202
2.95991E+06 4.173773 3.430688 2.472670 0.742784 10.1973 341.7089 0 2.06541E-06 3.64619 6.3044E-01 0.334021 0.0307052
3.00346E+06 4.171809 3.428322 2.424351 0.743650 10.3169 345.3545 0 5.52045E-06 3.64144 6.2829E-01 0.33521 0.0314976
3.04652E+06 4.163779 3.421389 2.275101 0.744607 10.4367 357.2722 0 1.85329E-05 3.62619 6.2611E-01 0.3364 0.0322954
3.08909E+06 4.136811 3.389570 1.665563 0.745909 10.5573 440.2902 0 6.44359E-05 3.55317 6.2385E-01 0.337639 0.0331178
3.10791E+06 4.104456 3.375371 1.013691 0.744354 10.5573 588.4834 0 2.10754E-04 3.53857 6.2150E-01 0.338929 0.0339701
3.13074E+06 4.126036 3.596209 0.766578 0.749211 10.5573 304.7294 0 1.29202E-07 3.64577 6.2150E-01 0.338929 0.0339701
3.13128E+06 3.968819 3.569903 0.766578 0.749211 10.5573 248.6901 0 1.85778E-07 3.62922 6.2150E-01 0.338929 0.0339701
0.00000E+00 4.191200 3.566819 3.500000 0.837700 0.347766 105.7592 1 6.19808E-10 3.57012 7.2895E-01 0.266122 0.00284813
7.30534E+03 4.225988 3.563542 3.499995 0.838799 0.359572 114.7025 1 1.35129E-09 3.56707 7.2895E-01 0.266122 0.00284813
1.63048E+04 4.262299 3.559970 3.499982 0.839347 0.379941 125.2386 1 3.17528E-09 3.56342 7.2873E-01 0.266332 0.00286328
2.68252E+04 4.297869 3.556363 3.499946 0.839769 0.408695 136.5665 1 7.40523E-09 3.55978 7.2839E-01 0.266642 0.00289
3.84619E+04 4.330008 3.552987 3.499860 0.840058 0.444029 147.7646 1 1.60816E-08 3.55641 7.2797E-01 0.267012 0.0029282
5.07860E+04 4.357346 3.549987 3.499676 0.840235 0.480673 158.1047 1 3.14354E-08 3.55345 7.2749E-01 0.267448 0.00297564
6.34940E+04 4.379780 3.547396 3.499334 0.840338 0.492319 167.0733 1 5.50393E-08 3.55108 7.2698E-01 0.267908 0.00303126
7.64074E+04 4.397831 3.545162 3.498766 0.840398 0.42518 174.7144 1 8.73544E-08 3.54913 7.2643E-01 0.268386 0.00309893
8.94301E+04 4.412198 3.543273 3.497908 0.840435 0.288406 181.0638 1 1.27278E-07 3.54757 7.2585E-01 0.268871 0.00318452
1.02513E+05 4.423551 3.541859 3.496717 0.840461 0.150224 186.2593 1 1.70708E-07 3.54634 7.2525E-01 0.269378 0.00328191
1.15632E+05 4.432475 3.540908 3.495185 0.840481 0.0786433 190.4821 1 2.13023E-07 3.54536 7.2463E-01 0.26989 0.00337917
1.28775E+05 4.439449 3.540055 3.493327 0.840499 0.0654949 193.8407 1 2.55618E-07 3.54461 7.2401E-01 0.270425 0.00346449
1.41936E+05 4.444859 3.539141 3.491134 0.840515 0.06626 196.5085 1 3.00105E-07 3.54403 7.2337E-01 0.270983 0.00353981
1.55113E+05 4.449015 3.538299 3.488600 0.840530 0.0686118 198.6060 1 3.43492E-07 3.54358 7.2272E-01 0.271551 0.00361287
1.68303E+05 4.452168 3.537557 3.485741 0.840546 0.0712522 200.2405 1 3.84174E-07 3.54325 7.2207E-01 0.272131 0.00368609
1.81507E+05 4.454519 3.536900 3.482579 0.840561 0.074033 201.5085 1 4.21694E-07 3.54299 7.2141E-01 0.27271 0.00375947
1.94725E+05 4.456226 3.536302 3.479135 0.840577 0.0769217 202.4734 1 4.56324E-07 3.54279 7.2074E-01 0.2733 0.00383325
2.07957E+05 4.457419 3.535750 3.475430 0.840593 0.0799005 203.1980 1 4.88294E-07 3.54265 7.2007E-01 0.27389 0.00390715
2.21202E+05 4.458200 3.535236 3.471484 0.840609 0.0829663 203.7339 1 5.17829E-07 3.54255 7.1940E-01 0.27448 0.00398151
2.34462E+05 4.458649 3.534750 3.467312 0.840625 0.0861011 204.1164 1 5.45304E-07 3.54247 7.1872E-01 0.27508 0.00405623
2.47736E+05 4.458831 3.534286 3.462929 0.840642 0.0893176 204.3769 1 5.71153E-07 3.54243 7.1804E-01 0.27568 0.00413147
2.61025E+05 4.458797 3.533839 3.458344 0.840659 0.0925982 204.5394 1 5.95630E-07 3.5424 7.1736E-01 0.27628 0.00420699
2.74329E+05 4.458589 3.533405 3.453566 0.840677 0.0959529 204.6245 1 6.19038E-07 3.54239 7.1667E-01 0.27689 0.00428309
2.87648E+05 4.458237 3.532982 3.448600 0.840695 0.0993807 204.6483 1 6.41721E-07 3.54239 7.1598E-01 0.27749 0.00435964
3.00983E+05 4.457767 3.532567 3.443452 0.840713 0.102875 598.1791 0 6.63827E-07 3.64752 7.1529E-01 0.2781 0.00443675
3.14334E+05 4.457200 3.532158 3.438123 0.840732 0.106463 598.2046 0 6.85587E-07 3.64744 7.1460E-01 0.27871 0.00451458
3.27701E+05 4.456550 3.531755 3.432613 0.840751 0.110108 598.1013 0 7.07165E-07 3.64736 7.1391E-01 0.27931 0.00459285
3.41085E+05 4.455830 3.531354 3.426922 0.840771 0.113839 597.8961 0 7.28798E-07 3.64728 7.1321E-01 0.27992 0.0046718
3.54486E+05 4.455049 3.530964 3.421049 0.840791 0.117654 597.6104 0 7.50164E-07 3.64722 7.1252E-01 0.28054 0.0047514
3.67904E+05 4.454215 3.530584 3.414994 0.840812 0.121548 597.2613 0 7.71328E-07 3.64715 7.1182E-01 0.28115 0.0048317
3.81340E+05 4.453334 3.530204 3.408753 0.840834 0.125531 596.8625 0 7.92907E-07 3.64708 7.1112E-01 0.28176 0.0049127
3.94794E+05 4.452410 3.529822 3.402323 0.840856 0.129623 596.4248 0 8.15013E-07 3.64701 7.1042E-01 0.28237 0.00499451
4.08267E+05 4.451447 3.529437 3.395699 0.840879 0.133813 595.9562 0 8.37751E-07 3.64695 7.0971E-01 0.28299 0.00507703
4.21758E+05 4.450446 3.529051 3.388874 0.840902 0.138122 595.4640 0 8.61217E-07 3.64688 7.0901E-01 0.2836 0.00516027
4.35269E+05 4.449409 3.528661 3.381842 0.840927 0.142544 594.9538 0 8.85513E-07 3.64681 7.0830E-01 0.28422 0.00524448
4.48799E+05 4.448337 3.528268 3.374595 0.840952 0.147117 594.4378 0 9.10734E-07 3.64675 7.0759E-01 0.28484 0.00532951
4.62350E+05 4.447231 3.527871 3.367123 0.840978 0.151834 593.9044 0 9.36987E-07 3.64667 7.0688E-01 0.28545 0.00541541
4.75922E+05 4.446090 3.527469 3.359416 0.841004 0.15672 593.3644 0 9.64373E-07 3.64661 7.0617E-01 0.28607 0.00550222
4.89515E+05 4.444914 3.527063 3.351464 0.841032 0.133734 592.8205 0 9.93012E-07 3.64653 7.0545E-01 0.28669 0.00558998
5.03129E+05 4.443757 3.526915 3.343594 0.841062 0.163327 592.1875 0 1.00485E-06 3.6465 7.0433E-01 0.28771 0.00567896
5.16767E+05 4.442523 3.526339 3.335210 0.841092 0.175014 591.6480 0 1.04700E-06 3.64644 7.0361E-01 0.28834 0.00576462
5.30427E+05 4.441244 3.525873 3.326487 0.841123 0.182613 591.1070 0 1.08301E-06 3.64636 7.0289E-01 0.28896 0.00585471
5.44111E+05 4.439923 3.525431 3.317449 0.841155 0.189337 590.5703 0 1.11874E-06 3.64628 7.0217E-01 0.28958 0.00594647
5.57819E+05 4.438560 3.524990 3.308087 0.841188 0.196054 590.0399 0 1.15579E-06 3.64619 7.0144E-01 0.2902 0.00603956
5.71551E+05 4.437155 3.524557 3.298386 0.841222 0.203092 589.5175 0 1.19378E-06 3.64612 7.0072E-01 0.29083 0.00613399
5.85309E+05 4.435705 3.524125 3.288328 0.841259 0.210543 589.0050 0 1.23334E-06 3.64602 6.9999E-01 0.29145 0.00622963
5.99093E+05 4.434209 3.523688 3.277895 0.841296 0.218491 588.4294 0 1.27517E-06 3.64594 6.9925E-01 0.29208 0.00632663
6.12904E+05 4.432664 3.523239 3.267062 0.841335 0.227061 587.8685 0 1.31990E-06 3.64587 6.9852E-01 0.29271 0.0064249
6.26742E+05 4.431068 3.522778 3.255802 0.841376 0.236545 587.3250 0 1.36792E-06 3.64578 6.9778E-01 0.29334 0.00652451
6.40608E+05 4.429417 3.522302 3.244083 0.841419 0.246804 586.8005 0 1.41981E-06 3.64569 6.9704E-01 0.29397 0.00662562
6.54503E+05 4.427707 3.521810 3.231869 0.841464 0.258065 586.3015 0 1.47598E-06 3.64559 6.9630E-01 0.2946 0.00672818
6.68428E+05 4.425934 3.521302 3.219117 0.841512 0.270523 585.8169 0 1.53702E-06 3.64549 6.9555E-01 0.29523 0.00683229
6.82384E+05 4.424093 3.520775 3.205779 0.841561 0.284609 585.3838 0 1.60365E-06 3.64537 6.9480E-01 0.29586 0.00693809
6.96372E+05 4.422178 3.520226 3.191804 0.841613 0.300545 584.9804 0 1.67687E-06 3.64526 6.9404E-01 0.2965 0.00704542
7.10392E+05 4.420185 3.519653 3.177135 0.841668 0.318676 584.6199 0 1.75783E-06 3.64514 6.9329E-01 0.29714 0.00715458
7.24445E+05 4.418107 3.519077 3.161722 0.841727 0.339406 584.3101 0 1.84480E-06 3.645 6.9252E-01 0.29778 0.00726554
7.38533E+05 4.415939 3.518492 3.145490 0.841788 0.36305 584.0589 0 1.93921E-06 3.64486 6.9176E-01 0.29842 0.00737828
7.52657E+05 4.413670 3.517888 3.128350 0.841853 0.390209 583.8766 0 2.04359E-06 3.64471 6.9098E-01 0.29907 0.00749293
7.66817E+05 4.411292 3.517249 3.110197 0.841923 0.421551 583.7626 0 2.16164E-06 3.64454 6.9021E-01 0.29971 0.00760959
7.81015E+05 4.408792 3.516606 3.090916 0.841997 0.457968 583.7578 0 2.29074E-06 3.64437 6.8942E-01 0.30037 0.00772819
7.95251E+05 4.406158 3.515957 3.070365 0.842076 0.500408 583.8682 0 2.43311E-06 3.64417 6.8864E-01 0.30102 0.00784893
8.09527E+05 4.403370 3.515247 3.048355 0.842160 0.549778 584.1174 0 2.60074E-06 3.64395 6.8784E-01 0.30168 0.0079717
8.23843E+05 4.400409 3.514489 3.024667 0.842251 0.607146 584.5488 0 2.79620E-06 3.64372 6.8704E-01 0.30235 0.00809665
8.38201E+05 4.397243 3.513696 2.998975 0.842349 0.673172 585.1790 0 3.02328E-06 3.64345 6.8622E-01 0.30302 0.00822384
8.52601E+05 4.393831 3.512804 2.970867 0.842455 0.749076 586.0769 0 3.30347E-06 3.64314 6.8540E-01 0.30369 0.00835329
8.67044E+05 4.390099 3.511783 2.939608 0.842571 0.835223 587.3253 0 3.66043E-06 3.64281 6.8457E-01 0.30438 0.00848529
8.81531E+05 4.385920 3.510457 2.903955 0.842698 0.93134 589.0535 0 4.17094E-06 3.6424 6.8373E-01 0.30507 0.00862018
8.96061E+05 4.380888 3.508226 2.860162 0.842838 1.03541 591.6996 0 5.11819E-06 3.64188 6.8287E-01 0.30577 0.00875829
9.10636E+05 4.377743 3.468848 2.831362 0.842997 1.1458 593.8065 0 4.25041E-06 3.6415 6.8200E-01 0.30648 0.00890135
9.25237E+05 4.370965 3.449767 2.770152 0.843130 1.26027 598.6843 0 6.32093E-06 3.64072 6.8111E-01 0.30721 0.00904901
9.39886E+05 4.362803 3.441060 2.692750 0.843329 1.38096 606.3441 0 8.05021E-06 3.63967 6.8021E-01 0.30794 0.00920111
9.54563E+05 4.353183 3.434045 2.596352 0.843567 1.50871 618.3467 0 1.01372E-05 3.63824 6.7928E-01 0.30869 0.00936262
9.69246E+05 4.341859 3.427032 2.474178 0.843861 1.64516 633.3507 0 1.30158E-05 3.63412 6.7830E-01 0.30947 0.00953593
9.83904E+05 4.328717 3.419077 2.317235 0.844240 1.79304 638.1302 0 1.71457E-05 3.61797 6.7728E-01 0.31028 0.00972392
9.98476E+05 4.312118 3.407944 2.086718 0.844754 1.95588 658.1271 0 2.60002E-05 3.59197 6.7621E-01 0.31112 0.00993135
1.01287E+06 4.290101 3.391564 1.675810 0.845521 2.13535 718.5334 0 5.58517E-05 3.54044 6.7506E-01 0.31201 0.0101648
1.01905E+06 4.273413 3.386286 1.435317 0.844945 2.13535 749.5903 0 8.44102E-05 3.51868 6.7385E-01 0.31293 0.0104284
1.02687E+06 4.273966 3.587218 0.875743 0.846989 2.13535 422.5398 0 1.98209E-09 3.63276 6.7385E-01 0.31293 0.0104284
1.03991E+06 4.278034 3.596755 0.875721 0.849772 2.13535 405.0895 0 1.35254E-09 3.6385 6.7385E-01 0.31293 0.0104284
1.04003E+06 4.396691 3.615934 0.875721 0.849772 2.13535 464.9050 0 5.74428E-10 3.65275 6.7385E-01 0.31293 0.0104284
0.00000E+00 4.211300 3.580823 4.000000 0.846000 0.356275 95.9096 1 9.95869E-11 3.57963 6.9904E-01 0.297116 0.00285085
6.52398E+03 4.254234 3.576884 3.999999 0.847059 0.363918 105.8516 1 2.58755E-10 3.57609 6.9904E-01 0.297116 0.00285085
1.41884E+04 4.298488 3.572706 3.999997 0.847710 0.377952 117.6716 1 7.24976E-10 3.57183 6.9890E-01 0.297246 0.0028603
2.29317E+04 4.342111 3.568466 3.999989 0.848253 0.398555 130.7679 1 2.02250E-09 3.56745 6.9869E-01 0.297436 0.0028781
3.26621E+04 4.383078 3.564359 3.999967 0.848694 0.401987 144.4319 1 5.35546E-09 3.56331 6.9842E-01 0.29767 0.00290576
4.31912E+04 4.419705 3.560533 3.999908 0.849034 0.282064 157.9351 1 1.29477E-08 3.55953 6.9809E-01 0.29796 0.00295114
5.43147E+04 4.451148 3.557394 3.999771 0.849282 0.0996101 170.5951 1 2.73941E-08 3.55623 6.9768E-01 0.298282 0.0030293
6.58581E+04 4.477333 3.555171 3.999497 0.849460 0.0571369 181.9556 1 4.98513E-08 3.55345 6.9720E-01 0.298658 0.00312275
7.76893E+04 4.498656 3.552893 3.999019 0.849585 0.0603358 191.7116 1 8.38750E-08 3.55123 6.9668E-01 0.299112 0.00319712
8.97144E+04 4.515731 3.550766 3.998246 0.849672 0.0645492 199.9398 1 1.30018E-07 3.54943 6.9610E-01 0.299621 0.00326735
1.01869E+05 4.529225 3.548968 3.997100 0.849734 0.0691841 206.6990 1 1.85563E-07 3.54801 6.9548E-01 0.30016 0.00333982
1.14112E+05 4.539768 3.547441 3.995526 0.849780 0.0742525 212.1383 1 2.47449E-07 3.54691 6.9483E-01 0.30073 0.00341337
1.26415E+05 4.547909 3.546135 3.993492 0.849815 0.07974 216.4785 1 3.12321E-07 3.54605 6.9416E-01 0.30132 0.00348744
1.38760E+05 4.554116 3.545012 3.990991 0.849843 0.085605 219.8732 1 3.77073E-07 3.5454 6.9347E-01 0.30193 0.00356179
1.51137E+05 4.558772 3.544034 3.988033 0.849866 0.0918041 222.4544 1 4.39407E-07 3.54492 6.9276E-01 0.30255 0.00363633
1.63538E+05 4.562190 3.543184 3.984644 0.849886 0.0982949 224.3984 1 4.97482E-07 3.54458 6.9205E-01 0.30319 0.00371106
1.75959E+05 4.564623 3.542430 3.980854 0.849905 0.105042 225.8409 1 5.50728E-07 3.54433 6.9132E-01 0.30383 0.00378623
1.88397E+05 4.566274 3.541743 3.976698 0.849922 0.112011 226.8664 1 5.99363E-07 3.54416 6.9059E-01 0.30448 0.00386169
2.00851E+05 4.567302 3.541115 3.972208 0.849939 0.119167 227.5692 1 6.43276E-07 3.54405 6.8986E-01 0.30514 0.00393755
2.13319E+05 4.567837 3.540526 3.967414 0.849955 0.12648 228.0173 1 6.83266E-07 3.54399 6.8912E-01 0.30579 0.00401402
2.25801E+05 4.567984 3.539974 3.962372 0.849970 0.133945 228.2593 1 7.19571E-07 3.54396 6.8837E-01 0.30645 0.00409114
2.38297E+05 4.567812 3.539449 3.957045 0.849985 0.14154 228.3399 1 7.52812E-07 3.54397 6.8762E-01 0.30712 0.00416876
2.50806E+05 4.567388 3.538945 3.951480 0.850000 0.14922 228.2911 1 7.83471E-07 3.54399 6.8688E-01 0.30778 0.00424718
2.63328E+05 4.566763 3.538458 3.945694 0.850015 0.156979 704.6713 0 8.12119E-07 3.65071 6.8612E-01 0.30844 0.0043261
2.75864E+05 4.565973 3.537984 3.939699 0.850030 0.164807 704.0146 0 8.39171E-07 3.65065 6.8537E-01 0.30911 0.00440591
2.88414E+05 4.565049 3.537518 3.933504 0.850044 0.172727 703.0688 0 8.65008E-07 3.6506 6.8462E-01 0.30978 0.00448638
3.00977E+05 4.564015 3.537063 3.927115 0.850058 0.180691 701.8994 0 8.89798E-07 3.65054 6.8386E-01 0.31044 0.00456758
3.13553E+05 4.562888 3.536614 3.920538 0.850072 0.188695 700.5521 0 9.13857E-07 3.65051 6.8311E-01 0.31111 0.00464943
3.26143E+05 4.561682 3.536169 3.913776 0.850086 0.196747 699.0472 0 9.37456E-07 3.65047 6.8235E-01 0.31177 0.00473203
3.38746E+05 4.560409 3.535727 3.906831 0.850100 0.204807 697.4433 0 9.60813E-07 3.65045 6.8160E-01 0.31244 0.00481546
3.51363E+05 4.559076 3.535289 3.899704 0.850113 0.212879 695.7469 0 9.83960E-07 3.65042 6.8084E-01 0.3131 0.00489956
3.63994E+05 4.557690 3.534854 3.892395 0.850127 0.220979 693.9725 0 1.00700E-06 3.6504 6.8008E-01 0.31377 0.00498437
3.76638E+05 4.556256 3.534423 3.884903 0.850140 0.229083 692.1383 0 1.02995E-06 3.65038 6.7933E-01 0.31443 0.00506989
3.89296E+05 4.554778 3.533994 3.877228 0.850153 0.237195 690.2591 0 1.05299E-06 3.65035 6.7857E-01 0.31509 0.00515624
4.01968E+05 4.553258 3.533564 3.869368 0.850166 0.245304 688.3296 0 1.07631E-06 3.65034 6.7781E-01 0.31576 0.00524318
4.14653E+05 4.551699 3.533136 3.861320 0.850179 0.253388 686.3629 0 1.09985E-06 3.65032 6.7705E-01 0.31642 0.00533098
4.27352E+05 4.550102 3.532716 3.853084 0.850191 0.261445 684.3501 0 1.12310E-06 3.65032 6.7630E-01 0.31708 0.0054195
4.40065E+05 4.548470 3.532308 3.844660 0.850204 0.269493 682.3266 0 1.14576E-06 3.6503 6.7554E-01 0.31774 0.00550869
4.52792E+05 4.546803 3.531901 3.836048 0.850216 0.277521 680.2919 0 1.16869E-06 3.65028 6.7478E-01 0.3184 0.00559874
4.65532E+05 4.545102 3.531495 3.827243 0.850228 0.285535 678.2255 0 1.19195E-06 3.65027 6.7402E-01 0.31906 0.00568939
4.78287E+05 4.543368 3.531090 3.818244 0.850240 0.293525 676.1497 0 1.21556E-06 3.65024 6.7326E-01 0.31971 0.00578085
4.91056E+05 4.541600 3.530684 3.809045 0.850252 0.301494 674.0534 0 1.23957E-06 3.65023 6.7250E-01 0.32037 0.00587308
5.03838E+05 4.539799 3.530279 3.799645 0.850264 0.309397 671.9288 0 1.26400E-06 3.65023 6.7175E-01 0.32103 0.00596613
5.16635E+05 4.537965 3.529875 3.790037 0.850276 0.317275 669.8068 0 1.28887E-06 3.65021 6.7099E-01 0.32168 0.00605977
5.29446E+05 4.536097 3.529471 3.780218 0.850288 0.325144 667.6719 0 1.31413E-06 3.65019 6.7023E-01 0.32233 0.00615432
5.42270E+05 4.534196 3.529065 3.770184 0.850299 0.332997 665.5449 0 1.34011E-06 3.65018 6.6947E-01 0.32299 0.00624955
5.55109E+05 4.532261 3.528657 3.759928 0.850311 0.340799 663.4043 0 1.36683E-06 3.65016 6.6871E-01 0.32364 0.00634565
5.67963E+05 4.530291 3.528250 3.749446 0.850322 0.348585 661.2652 0 1.39407E-06 3.65015 6.6796E-01 0.32429 0.00644247
5.80830E+05 4.528287 3.527841 3.738730 0.850334 0.356342 659.1100 0 1.42208E-06 3.65013 6.6720E-01 0.32494 0.00654014
5.93713E+05 4.526247 3.527432 3.727776 0.850345 0.364067 656.9470 0 1.45084E-06 3.65011 6.6644E-01 0.32559 0.00663851
6.06609E+05 4.524171 3.527020 3.716576 0.850357 0.371793 654.7775 0 1.48044E-06 3.65009 6.6568E-01 0.32624 0.00673779
6.19520E+05 4.522059 3.526609 3.705124 0.850369 0.37953 652.6070 0 1.51086E-06 3.65007 6.6492E-01 0.32688 0.00683785
6.32446E+05 4.519911 3.526196 3.693416 0.850380 0.387286 650.4400 0 1.54209E-06 3.65006 6.6417E-01 0.32753 0.00693881
6.45387E+05 4.517727 3.525800 3.681451 0.850392 0.395036 648.2520 0 1.57245E-06 3.65004 6.6341E-01 0.32818 0.00704059
6.58343E+05 4.515508 3.525422 3.669227 0.850404 0.402799 646.0916 0 1.60172E-06 3.65002 6.6265E-01 0.32882 0.00714323
6.71313E+05 4.513254 3.525038 3.656739 0.850417 0.410605 643.9487 0 1.63239E-06 3.64999 6.6189E-01 0.32946 0.00724686
6.84299E+05 4.510965 3.524658 3.643983 0.850429 0.418453 641.8145 0 1.66352E-06 3.64996 6.6113E-01 0.3301 0.00735125
6.97300E+05 4.508640 3.524278 3.630949 0.850442 0.426403 639.6942 0 1.69566E-06 3.64993 6.6037E-01 0.33075 0.00745665
7.10317E+05 4.506277 3.523896 3.617627 0.850455 0.43445 637.5741 0 1.72902E-06 3.6499 6.5961E-01 0.33139 0.00756296
7.23349E+05 4.503877 3.523511 3.604005 0.850469 0.44261 635.4518 0 1.76370E-06 3.64987 6.5886E-01 0.33202 0.00767028
7.36397E+05 4.501438 3.523127 3.590073 0.850483 0.450903 633.3674 0 1.79953E-06 3.64984 6.5810E-01 0.33266 0.00777851
7.49462E+05 4.498960 3.522744 3.575823 0.850497 0.459352 631.2904 0 1.83644E-06 3.6498 6.5734E-01 0.3333 0.00788787
7.62542E+05 4.496441 3.522355 3.561238 0.850513 0.468105 629.2370 0 1.87556E-06 3.64976 6.5658E-01 0.33394 0.00799817
7.75639E+05 4.493880 3.521958 3.546301 0.850528 0.477052 627.1988 0 1.91716E-06 3.64972 6.5582E-01 0.33457 0.00810963
7.88752E+05 4.491274 3.521552 3.530993 0.850545 0.486325 625.1689 0 1.96157E-06 3.64968 6.5506E-01 0.33521 0.00822215
8.01883E+05 4.488621 3.521142 3.515287 0.850563 0.495939 623.1873 0 2.00838E-06 3.64961 6.5429E-01 0.33584 0.00833584
8.15031E+05 4.485918 3.520734 3.499161 0.850581 0.506041 621.2207 0 2.05693E-06 3.64956 6.5353E-01 0.33647 0.00845071
8.28196E+05 4.483164 3.520331 3.482589 0.850601 0.516678 619.2769 0 2.10699E-06 3.64951 6.5277E-01 0.33711 0.00856687
8.41380E+05 4.480354 3.519922 3.465546 0.850621 0.528086 617.3725 0 2.16015E-06 3.64945 6.5201E-01 0.33774 0.00868426
8.54582E+05 4.477486 3.519500 3.447995 0.850643 0.540215 615.4985 0 2.21799E-06 3.64938 6.5124E-01 0.33837 0.00880297
8.67803E+05 4.474556 3.519072 3.429896 0.850667 0.553345 613.6635 0 2.27984E-06 3.64931 6.5048E-01 0.339 0.00892306
8.81043E+05 4.471559 3.518639 3.411212 0.850692 0.567746 611.8738 0 2.34559E-06 3.64923 6.4971E-01 0.33963 0.00904456
8.94303E+05 4.468490 3.518188 3.391889 0.850720 0.583869 610.1257 0 2.41827E-06 3.64914 6.4894E-01 0.34026 0.00916759
9.07584E+05 4.465342 3.517714 3.371862 0.850749 0.601735 608.4350 0 2.49923E-06 3.64904 6.4817E-01 0.34088 0.00929211
9.20886E+05 4.462106 3.517217 3.351052 0.850780 0.621578 606.7995 0 2.58939E-06 3.64894 6.4740E-01 0.34151 0.00941828
9.34209E+05 4.458771 3.516693 3.329364 0.850815 0.644143 605.2310 0 2.69060E-06 3.64883 6.4663E-01 0.34214 0.00954608
9.47554E+05 4.455323 3.516134 3.306675 0.850852 0.669992 603.7324 0 2.80589E-06 3.64871 6.4586E-01 0.34277 0.0096757
9.60923E+05 4.451745 3.515524 3.282832 0.850892 0.700092 602.3087 0 2.94061E-06 3.64857 6.4508E-01 0.3434 0.00980716
9.74315E+05 4.448012 3.514895 3.257622 0.850936 0.735676 601.0092 0 3.09071E-06 3.64841 6.4430E-01 0.34402 0.00994051
9.87732E+05 4.444087 3.514188 3.230739 0.850985 0.778139 599.8368 0 3.27245E-06 3.64824 6.4352E-01 0.34465 0.0100758
1.00118E+06 4.439908 3.513361 3.201683 0.851038 0.829772 598.7873 0 3.50201E-06 3.64803 6.4273E-01 0.34528 0.0102131
1.01464E+06 4.435345 3.512369 3.169438 0.851098 0.890381 597.8671 0 3.80301E-06 3.64781 6.4194E-01 0.34591 0.0103524
1.02814E+06 4.431807 3.511024 3.143851 0.851164 0.961742 597.3017 0 4.22503E-06 3.64761 6.4114E-01 0.34655 0.0104941
1.04166E+06 4.427679 3.508265 3.113618 0.851235 1.04758 596.8942 0 5.18818E-06 3.64737 6.4034E-01 0.34719 0.0106377
1.05521E+06 4.422327 3.472525 3.073784 0.851315 1.15435 596.7144 0 4.03257E-06 3.64705 6.3953E-01 0.34783 0.0107833
1.06880E+06 4.415791 3.458204 3.023993 0.851406 1.28925 597.0985 0 5.45069E-06 3.64662 6.3872E-01 0.34847 0.0109305
1.08241E+06 4.407670 3.449992 2.960224 0.851512 1.45194 598.5706 0 6.79349E-06 3.64602 6.3789E-01 0.34912 0.0110796
1.09606E+06 4.398278 3.443619 2.883398 0.851640 1.6339 601.7720 0 8.34051E-06 3.64523 6.3705E-01 0.34979 0.0112314
1.10974E+06 4.387426 3.437738 2.789984 0.851797 1.82687 607.9065 0 1.02873E-05 3.64415 6.3619E-01 0.35047 0.0113888
1.12343E+06 4.375000 3.432188 2.676290 0.851957 2.0264 617.0759 0 1.27614E-05 3.6429 6.3529E-01 0.35118 0.011555
1.13712E+06 4.360551 3.425441 2.531803 0.852211 2.23813 637.0702 0 1.66951E-05 3.64062 6.3436E-01 0.35191 0.0117301
1.15077E+06 4.343414 3.417150 2.338719 0.852560 2.46695 642.7700 0 2.26314E-05 3.6239 6.3338E-01 0.35267 0.0119205
1.16434E+06 4.321822 3.404404 2.044428 0.853073 2.71999 661.8183 0 3.69210E-05 3.59118 6.3233E-01 0.35347 0.0121324
1.17770E+06 4.292280 3.388316 1.404389 0.853928 2.97954 770.6767 0 1.12839E-04 3.52249 6.3119E-01 0.35433 0.0123745
1.19059E+06 4.287187 3.579286 0.888663 0.856032 2.97954 433.5420 0 5.05018E-09 3.63171 6.3008E-01 0.35515 0.0126334
1.20199E+06 4.291160 3.587893 0.888614 0.858762 2.97954 415.6559 0 3.79367E-09 3.63743 6.3008E-01 0.35515 0.0126334
1.21293E+06 4.295059 3.596995 0.888580 0.861443 2.97954 397.3517 0 2.75162E-09 3.64345 6.3008E-01 0.35515 0.0126334
1.22371E+06 4.298966 3.606985 0.888556 0.864133 2.97954 378.1494 0 1.88812E-09 3.64997 6.3008E-01 0.35515 0.0126334
1.22381E+06 4.444354 3.630939 0.888556 0.864133 2.97954 453.3211 0 6.78458E-10 3.66602 6.3008E-01 0.35515 0.0126334
0.00000E+00 4.257000 3.584805 4.500000 0.883400 0.352092 94.2416 1 5.61903E-11 3.58507 6.7999E-01 0.316077 0.00284908
4.35705E+03 4.304642 3.580450 4.500000 0.884211 0.356447 105.0260 1 1.61908E-10 3.5813 6.7999E-01 0.316077 0.00284908
9.31663E+03 4.353927 3.575848 4.499999 0.884721 0.364119 118.0900 1 5.08269E-10 3.57665 6.7990E-01 0.316157 0.00285429
1.48686E+04 4.403596 3.571148 4.499995 0.885153 0.360658 133.0069 1 1.61911E-09 3.57184 6.7978E-01 0.316265 0.00286378
2.09897E+04 4.452147 3.566473 4.499982 0.885516 0.25654 149.5594 1 5.05956E-09 3.567 6.7962E-01 0.316406 0.00288355
2.76002E+04 4.497987 3.562267 4.499942 0.885811 0.0879803 167.1256 1 1.46503E-08 3.56238 6.7941E-01 0.316572 0.00292808
3.46016E+04 4.539931 3.558888 4.499829 0.886044 0.0563414 185.0974 1 3.75938E-08 3.55809 6.7913E-01 0.316788 0.0029857
4.19005E+04 4.577326 3.555293 4.499543 0.886224 0.0600836 202.8146 1 9.07222E-08 3.55421 6.7879E-01 0.317082 0.00302454
4.94195E+04 4.609972 3.551953 4.498878 0.886363 0.064911 219.6303 1 1.98737E-07 3.55085 6.7839E-01 0.317451 0.00306061
5.70987E+04 4.637965 3.549062 4.497495 0.886471 0.0709614 235.1974 1 3.90834E-07 3.54796 6.7793E-01 0.31787 0.00309823
6.48946E+04 4.661550 3.546589 4.494913 0.886557 0.0785176 249.2049 1 6.94962E-07 3.54552 6.7743E-01 0.31833 0.00313596
7.27767E+04 4.681016 3.544493 4.490539 0.886626 0.0876311 854.7427 0 1.12710E-06 3.6521 6.7689E-01 0.31883 0.00317304
8.07243E+04 4.696650 3.542751 4.483753 0.886685 0.098212 905.1578 0 1.68012E-06 3.65041 6.7631E-01 0.31936 0.00320949
8.87241E+04 4.708739 3.541316 4.474027 0.886737 0.110176 947.7365 0 2.32324E-06 3.64904 6.7571E-01 0.31992 0.00324565
9.67681E+04 4.717577 3.540129 4.461015 0.886783 0.123227 982.0135 0 3.00903E-06 3.64794 6.7508E-01 0.32051 0.00328183
1.04852E+05 4.723487 3.539151 4.444625 0.886826 0.137138 1008.1108 0 3.68118E-06 3.64709 6.7444E-01 0.32111 0.00331873
1.12974E+05 4.726821 3.538342 4.425023 0.886866 0.151653 1026.4430 0 4.29020E-06 3.64646 6.7378E-01 0.32172 0.00335673
1.21133E+05 4.727954 3.537670 4.402585 0.886905 0.16654 1038.1574 0 4.80020E-06 3.64602 6.7312E-01 0.32235 0.00339621
1.29329E+05 4.727262 3.537102 4.377811 0.886941 0.181639 1044.2229 0 5.19672E-06 3.64568 6.7244E-01 0.32298 0.00343743
1.37563E+05 4.725104 3.536617 4.351251 0.886976 0.196858 1045.6692 0 5.47821E-06 3.64545 6.7176E-01 0.32361 0.0034803
1.45835E+05 4.721805 3.536197 4.323435 0.887010 0.212053 1043.4674 0 5.65591E-06 3.6453 6.7107E-01 0.32424 0.00352502
1.54143E+05 4.717642 3.535826 4.294829 0.887042 0.22718 1038.4870 0 5.74634E-06 3.64524 6.7039E-01 0.32488 0.00357159
1.62489E+05 4.712847 3.535492 4.265815 0.887073 0.242284 1031.4123 0 5.76840E-06 3.64521 6.6970E-01 0.32551 0.0036199
1.70871E+05 4.707602 3.535175 4.236676 0.887102 0.257201 1022.9284 0 5.74373E-06 3.64523 6.6901E-01 0.32615 0.00366994
1.79288E+05 4.702050 3.534872 4.207614 0.887130 0.272073 1013.4901 0 5.68495E-06 3.64526 6.6832E-01 0.32678 0.00372165
1.87739E+05 4.696302 3.534583 4.178787 0.887156 0.286808 1003.3921 0 5.60239E-06 3.64531 6.6763E-01 0.32741 0.00377506
1.96223E+05 4.690443 3.534303 4.150291 0.887181 0.301382 992.9376 0 5.50506E-06 3.64538 6.6695E-01 0.32803 0.00382989
2.04739E+05 4.684537 3.534033 4.122189 0.887204 0.315827 982.3224 0 5.39918E-06 3.64547 6.6626E-01 0.32866 0.00388615
2.13286E+05 4.678628 3.533763 4.094511 0.887226 0.330265 971.7083 0 5.29200E-06 3.64556 6.6558E-01 0.32928 0.00394392
2.21862E+05 4.672742 3.533475 4.067236 0.887247 0.344389 961.1962 0 5.19280E-06 3.64563 6.6489E-01 0.3299 0.00400304
2.30466E+05 4.666902 3.533188 4.040352 0.887266 0.358381 950.8172 0 5.09616E-06 3.64572 6.6421E-01 0.33051 0.00406359
2.39098E+05 4.661121 3.532898 4.013837 0.887285 0.372106 940.7428 0 5.00541E-06 3.64579 6.6353E-01 0.33112 0.00412537
2.47756E+05 4.655409 3.532603 3.987664 0.887302 0.385645 930.8879 0 4.92135E-06 3.64587 6.6285E-01 0.33173 0.00418847
2.56439E+05 4.649770 3.532305 3.961801 0.887318 0.398973 921.2347 0 4.84449E-06 3.64596 6.6217E-01 0.33234 0.00425271
2.65146E+05 4.644206 3.532003 3.936210 0.887333 0.412005 911.8203 0 4.77478E-06 3.64605 6.6150E-01 0.33294 0.00431828
2.73877E+05 4.638714 3.531692 3.910849 0.887348 0.424835 902.6862 0 4.71418E-06 3.64613 6.6083E-01 0.33354 0.00438504
2.82630E+05 4.633291 3.531369 3.885668 0.887361 0.437108 893.8570 0 4.66302E-06 3.6462 6.6015E-01 0.33414 0.00445282
2.91404E+05 4.628029 3.531099 3.861075 0.887374 0.450201 885.4221 0 4.60400E-06 3.6463 6.5949E-01 0.33475 0.00452188
3.00200E+05 4.622745 3.530757 3.836217 0.887386 0.462257 877.1481 0 4.57057E-06 3.64636 6.5882E-01 0.33534 0.00459194
3.09016E+05 4.617515 3.530415 3.811417 0.887398 0.474071 869.2105 0 4.54280E-06 3.64641 6.5815E-01 0.33593 0.00466326
3.17851E+05 4.612334 3.530068 3.786637 0.887409 0.48559 861.5211 0 4.52204E-06 3.64644 6.5748E-01 0.33651 0.00473565
3.26706E+05 4.607193 3.529714 3.761835 0.887420 0.49683 854.0909 0 4.50853E-06 3.64649 6.5682E-01 0.3371 0.00480916
3.35580E+05 4.602090 3.529355 3.736973 0.887431 0.507843 846.8766 0 4.50161E-06 3.64653 6.5616E-01 0.33768 0.00488374
3.44471E+05 4.597014 3.528988 3.712005 0.887442 0.518648 839.9191 0 4.50266E-06 3.64655 6.5550E-01 0.33826 0.00495947
3.53381E+05 4.591960 3.528610 3.686881 0.887453 0.529121 833.2055 0 4.51205E-06 3.64656 6.5484E-01 0.33883 0.00503635
3.62308E+05 4.586920 3.528232 3.661561 0.887463 0.539439 826.6626 0 4.52685E-06 3.64656 6.5418E-01 0.3394 0.00511436
3.71253E+05 4.581890 3.527852 3.636007 0.887474 0.549585 820.3530 0 4.54762E-06 3.64655 6.5352E-01 0.33997 0.0051935
3.80214E+05 4.576862 3.527462 3.610172 0.887486 0.559567 814.2131 0 4.57711E-06 3.64656 6.5287E-01 0.34054 0.00527381
3.89192E+05 4.571829 3.527063 3.584005 0.887497 0.569406 808.2960 0 4.61497E-06 3.64654 6.5221E-01 0.34111 0.00535536
3.98187E+05 4.566785 3.526656 3.557458 0.887510 0.579209 802.6079 0 4.66217E-06 3.64651 6.5156E-01 0.34167 0.00543806
4.07198E+05 4.561723 3.526236 3.530478 0.887523 0.589034 797.1382 0 4.71975E-06 3.64646 6.5090E-01 0.34223 0.00552197
4.16225E+05 4.556637 3.525817 3.503014 0.887537 0.598934 791.8250 0 4.78457E-06 3.64642 6.5025E-01 0.34279 0.00560724
4.25269E+05 4.551519 3.525396 3.475003 0.887552 0.609012 786.7311 0 4.85821E-06 3.64637 6.4960E-01 0.34335 0.00569383
4.34329E+05 4.546359 3.524961 3.446360 0.887569 0.619431 781.7902 0 4.94506E-06 3.64631 6.4895E-01 0.34391 0.00578175
4.43405E+05 4.541142 3.524506 3.416984 0.887588 0.630301 777.0909 0 5.04850E-06 3.64622 6.4830E-01 0.34446 0.00587119
4.52497E+05 4.535855 3.524029 3.386759 0.887608 0.641893 772.5661 0 5.17093E-06 3.64613 6.4765E-01 0.34501 0.00596206
4.61606E+05 4.530480 3.523525 3.355546 0.887631 0.654475 768.2644 0 5.31646E-06 3.64601 6.4699E-01 0.34556 0.0060545
4.70731E+05 4.524998 3.523001 3.323175 0.887656 0.668399 764.1862 0 5.48535E-06 3.64588 6.4634E-01 0.34611 0.00614862
4.79873E+05 4.519383 3.522449 3.289438 0.887685 0.68432 760.3208 0 5.68392E-06 3.64573 6.4569E-01 0.34665 0.0062445
4.89033E+05 4.513605 3.521871 3.254079 0.887717 0.702766 756.7480 0 5.91635E-06 3.64556 6.4504E-01 0.3472 0.00634221
4.98209E+05 4.507624 3.521241 3.216753 0.887754 0.72485 753.4673 0 6.20025E-06 3.64536 6.4439E-01 0.34774 0.00644202
5.07404E+05 4.501383 3.520562 3.176967 0.887795 0.752138 750.5282 0 6.54451E-06 3.64512 6.4373E-01 0.34828 0.00654386
5.16616E+05 4.494787 3.519784 3.133946 0.887843 0.785056 747.9522 0 6.98847E-06 3.64485 6.4308E-01 0.34882 0.00664802
5.25848E+05 4.488917 3.518949 3.094686 0.887898 0.824548 746.1493 0 7.51309E-06 3.64458 6.4242E-01 0.34937 0.00675476
5.35094E+05 4.483247 3.517972 3.055866 0.887959 0.872813 744.8590 0 8.18385E-06 3.64428 6.4176E-01 0.34991 0.00686404
5.44357E+05 4.478327 3.516751 3.021325 0.888028 0.93191 744.1547 0 9.07386E-06 3.64398 6.4109E-01 0.35045 0.00697583
5.53635E+05 4.473666 3.514985 2.987868 0.888105 1.00288 743.9104 0 1.04640E-05 3.64367 6.4042E-01 0.35099 0.00709002
5.62930E+05 4.468595 3.502487 2.950698 0.888191 1.09226 744.0409 0 3.88359E-06 3.64334 6.3975E-01 0.35154 0.00720672
5.72244E+05 4.462251 3.477746 2.903149 0.888287 1.21293 744.8581 0 6.14425E-06 3.64288 6.3907E-01 0.35208 0.00732584
5.81579E+05 4.454744 3.465419 2.845134 0.888397 1.37909 746.9103 0 8.14155E-06 3.6423 6.3839E-01 0.35263 0.00744726
5.90932E+05 4.445958 3.456288 2.774845 0.888498 1.59094 750.6973 0 1.04982E-05 3.64156 6.3769E-01 0.35319 0.00757074
6.00292E+05 4.435580 3.448507 2.687279 0.888647 1.83902 758.1048 0 1.35612E-05 3.64055 6.3700E-01 0.35375 0.0076947
6.09657E+05 4.423128 3.441492 2.575117 0.888833 2.10545 769.6296 0 1.76342E-05 3.63934 6.3628E-01 0.35432 0.0078231
6.19014E+05 4.407661 3.433636 2.422484 0.889072 2.38747 779.5490 0 2.37262E-05 3.63025 6.3553E-01 0.35492 0.00795985
6.28339E+05 4.389318 3.424674 2.214976 0.889400 2.69058 778.0396 0 3.32808E-05 3.60827 6.3474E-01 0.35554 0.00810914
6.37572E+05 4.367000 3.412999 1.898407 0.889878 3.02136 795.7365 0 5.58201E-05 3.57154 6.3389E-01 0.35621 0.00827562
6.46612E+05 4.341011 3.422047 1.241278 0.890686 3.32586 896.8441 0 1.25629E-04 3.53014 6.3298E-01 0.35691 0.00846502
6.55254E+05 4.340014 3.597769 0.926550 0.892525 3.32586 449.1250 0 3.50638E-09 3.63676 6.3217E-01 0.35753 0.00864798
6.62984E+05 4.342951 3.603637 0.926527 0.894571 3.32586 436.0311 0 2.84803E-09 3.64081 6.3217E-01 0.35753 0.00864798
6.70621E+05 4.345914 3.609911 0.926509 0.896636 3.32586 422.5634 0 2.25864E-09 3.64506 6.3217E-01 0.35753 0.00864798
6.78201E+05 4.348906 3.616653 0.926494 0.898723 3.32586 408.5112 0 1.73998E-09 3.6496 6.3217E-01 0.35753 0.00864798
6.78275E+05 4.496596 3.640062 0.926494 0.898723 3.32586 490.2661 0 6.31338E-10 3.6661 6.3217E-01 0.35753 0.00864798
0.00000E+00 4.286800 3.589600 5.000000 0.934100 0.364105 90.4788 1 2.56815E-11 3.59079 6.6497E-01 0.331037 0.00283523
2.53511E+03 4.331531 3.585524 5.000000 0.934620 0.364105 99.6758 1 6.78007E-11 3.58796 6.6497E-01 0.331037 0.00283523
2.53557E+03 4.336782 3.585045 5.000000 0.934620 0.366332 101.7422 1 8.14818E-11 3.5863 6.6497E-01 0.331037 0.00283523
5.33113E+03 4.382472 3.580813 5.000000 0.934934 0.366332 112.3732 1 2.20457E-10 3.58334 6.6492E-01 0.331077 0.00283768
5.33166E+03 4.387880 3.580311 5.000000 0.934934 0.369909 114.8048 1 2.66690E-10 3.58159 6.6492E-01 0.331077 0.00283768
8.40527E+03 4.434341 3.575972 4.999998 0.935200 0.369913 127.0578 1 7.35096E-10 3.57853 6.6486E-01 0.331136 0.00284203
8.40587E+03 4.439850 3.575462 4.999998 0.935200 0.364287 129.9120 1 8.92830E-10 3.57669 6.6486E-01 0.331136 0.00284204
1.17530E+04 4.486342 3.571085 4.999994 0.935423 0.364273 143.8480 1 2.46824E-09 3.57356 6.6478E-01 0.331213 0.00285218
1.17537E+04 4.491861 3.570560 4.999994 0.935423 0.290883 147.1341 1 3.00163E-09 3.57167 6.6478E-01 0.331213 0.00285219
1.53396E+04 4.537372 3.566466 4.999981 0.935607 0.290846 162.6127 1 8.02716E-09 3.56857 6.6466E-01 0.331295 0.00287762
1.53404E+04 4.542779 3.565939 4.999981 0.935607 0.14186 166.2892 1 9.72040E-09 3.56668 6.6466E-01 0.331295 0.00287764
1.91202E+04 4.586419 3.562453 4.999936 0.935756 0.141812 183.0412 1 2.42619E-08 3.5637 6.6451E-01 0.331412 0.00291519
1.91209E+04 4.591607 3.561944 4.999936 0.935756 0.0611731 187.0634 1 2.91248E-08 3.56185 6.6451E-01 0.331412 0.00291524
2.30513E+04 4.632742 3.558471 4.999804 0.935876 0.0611686 204.7790 1 6.96405E-08 3.55904 6.6433E-01 0.331564 0.00294235
2.30521E+04 4.637634 3.558005 4.999804 0.935876 0.060588 209.0837 1 8.29162E-08 3.55725 6.6433E-01 0.331564 0.00294235
2.70965E+04 4.675876 3.554348 4.999429 0.935973 0.0605884 227.4258 1 1.91904E-07 3.55464 6.6410E-01 0.331781 0.00295786
2.70973E+04 4.680420 3.553928 4.999429 0.935974 0.0646322 231.8620 1 2.25639E-07 3.55298 6.6410E-01 0.331781 0.00295787
3.12270E+04 4.715563 3.550594 4.998443 0.936053 0.0646385 250.3747 1 4.87410E-07 3.55066 6.6383E-01 0.33203 0.00297318
3.12279E+04 4.719724 3.550218 4.998443 0.936054 0.0702673 254.9009 1 5.65210E-07 3.54911 6.6383E-01 0.33203 0.00297309
3.54216E+04 4.751626 3.547241 4.996067 0.936121 0.0702694 909.7251 0 1.13640E-06 3.65583 6.6352E-01 0.33231 0.00298756
3.54225E+04 4.755368 3.546920 4.996066 0.936121 0.0783563 931.6835 0 1.29699E-06 3.65441 6.6352E-01 0.33231 0.00298757
3.96654E+04 4.783825 3.544293 4.990831 0.936180 0.0783602 1020.0974 0 2.42744E-06 3.65268 6.6319E-01 0.33264 0.0030001
3.96663E+04 4.787086 3.544033 4.990829 0.936180 0.0901927 1041.4529 0 2.72099E-06 3.65145 6.6319E-01 0.33264 0.00300012
4.39488E+04 4.811702 3.541789 4.980303 0.936232 0.0902039 1127.1125 0 4.72224E-06 3.64998 6.6282E-01 0.333 0.00300971
4.39497E+04 4.814377 3.541600 4.980299 0.936233 0.107501 1146.8481 0 5.18037E-06 3.64894 6.6282E-01 0.333 0.00300962
4.82669E+04 4.834496 3.539675 4.961047 0.936281 0.107507 1226.6082 0 8.34341E-06 3.64765 6.6242E-01 0.33339 0.00301623
4.82679E+04 4.836431 3.539570 4.961039 0.936282 0.131772 1242.3872 0 8.91320E-06 3.64687 6.6242E-01 0.33339 0.00301634
5.26191E+04 4.851225 3.537977 4.929228 0.936328 0.131782 1310.6612 0 1.32454E-05 3.6458 6.6199E-01 0.3338 0.00302083
5.26201E+04 4.852259 3.537966 4.929214 0.936328 0.162206 1320.4686 0 1.37063E-05 3.64533 6.6199E-01 0.3338 0.00302083
5.70086E+04 4.861075 3.536637 4.882059 0.936373 0.162209 1374.8492 0 1.88058E-05 3.64436 6.6155E-01 0.33424 0.00302517
5.70096E+04 4.861114 3.536715 4.882041 0.936373 0.193314 1377.2810 0 1.88116E-05 3.64419 6.6155E-01 0.33424 0.00302526
6.14414E+04 4.863919 3.535618 4.819365 0.936417 0.19332 1415.2213 0 2.39086E-05 3.64328 6.6110E-01 0.33468 0.0030315
6.14424E+04 4.863013 3.535777 4.819341 0.936417 0.21742 1410.1436 0 2.31705E-05 3.64341 6.6110E-01 0.33468 0.00303147
6.59242E+04 4.860606 3.534903 4.744101 0.936460 0.217423 1432.7770 0 2.75142E-05 3.64251 6.6063E-01 0.33513 0.00304112
6.59252E+04 4.858951 3.535124 4.744073 0.936461 0.231357 1421.6800 0 2.60053E-05 3.64286 6.6063E-01 0.33513 0.00304121
7.04628E+04 4.852688 3.534452 4.661079 0.936502 0.23136 1432.2109 0 2.92428E-05 3.64202 6.6017E-01 0.33558 0.00305443
7.04638E+04 4.850544 3.534707 4.661050 0.936502 0.238403 1417.3377 0 2.72136E-05 3.64252 6.6017E-01 0.33558 0.00305442
7.50600E+04 4.841807 3.534156 4.574922 0.936542 0.23839 1419.2963 0 2.94811E-05 3.6417 6.5969E-01 0.33603 0.00307068
7.50611E+04 4.839399 3.534422 4.574892 0.936542 0.242687 1402.5912 0 2.72342E-05 3.64226 6.5969E-01 0.33603 0.00307066
7.97160E+04 4.829237 3.533961 4.488887 0.936579 0.24269 1398.8431 0 2.87534E-05 3.64155 6.5922E-01 0.33649 0.00308934
7.97171E+04 4.826724 3.534233 4.488857 0.936579 0.246961 1381.9230 0 2.64919E-05 3.64212 6.5922E-01 0.33649 0.00308933
8.44288E+04 4.815861 3.533822 4.404999 0.936612 0.246949 1374.6459 0 2.75102E-05 3.64144 6.5874E-01 0.33694 0.00310991
8.44299E+04 4.813343 3.534084 4.404970 0.936612 0.252265 1358.2266 0 2.53809E-05 3.642 6.5874E-01 0.33694 0.00310998
8.91951E+04 4.802213 3.533688 4.324219 0.936642 0.252268 1348.7597 0 2.60973E-05 3.6414 6.5826E-01 0.33739 0.00313233
8.91962E+04 4.799741 3.533943 4.324191 0.936642 0.258577 1333.0927 0 2.41415E-05 3.64193 6.5826E-01 0.33739 0.00313232
9.40112E+04 4.788605 3.533569 4.246941 0.936669 0.258563 1322.4018 0 2.46396E-05 3.64141 6.5778E-01 0.33785 0.00315629
9.40123E+04 4.786211 3.533818 4.246914 0.936669 0.264355 1307.7780 0 2.28678E-05 3.64191 6.5778E-01 0.33785 0.00315637
9.88729E+04 4.775204 3.533453 4.173157 0.936692 0.264359 1296.4761 0 2.32273E-05 3.64142 6.5733E-01 0.33827 0.00318232
9.88741E+04 4.772903 3.533685 4.173131 0.936692 0.27192 1282.9180 0 2.16528E-05 3.64188 6.5733E-01 0.33827 0.00318231
1.03777E+05 4.762158 3.533329 4.102911 0.936712 0.271924 1271.3456 0 2.19329E-05 3.64145 6.5685E-01 0.33872 0.00320943
1.03778E+05 4.759953 3.533553 4.102886 0.936713 0.279865 1258.7545 0 2.05200E-05 3.64188 6.5685E-01 0.33872 0.00320942
1.08718E+05 4.749489 3.533204 4.035875 0.936730 0.279865 1247.1578 0 2.07450E-05 3.64148 6.5637E-01 0.33916 0.00323803
1.08719E+05 4.747380 3.533418 4.035852 0.936730 0.287935 1235.5344 0 1.94839E-05 3.64188 6.5637E-01 0.33916 0.00323803
1.13695E+05 4.737217 3.533070 3.971774 0.936746 0.28794 1224.1183 0 1.96820E-05 3.64156 6.5590E-01 0.33961 0.00326798
1.13696E+05 4.735199 3.533267 3.971752 0.936746 0.296075 1213.5252 0 1.85630E-05 3.64191 6.5590E-01 0.33961 0.00326797
1.18703E+05 4.725326 3.532916 3.910249 0.936759 0.296075 1202.3803 0 1.87521E-05 3.64159 6.5542E-01 0.34005 0.0032993
1.18704E+05 4.723394 3.533104 3.910228 0.936759 0.304183 1192.6103 0 1.77459E-05 3.64191 6.5542E-01 0.34005 0.0032993
1.23740E+05 4.713808 3.532756 3.851022 0.936771 0.304181 1181.7491 0 1.79276E-05 3.64162 6.5494E-01 0.34049 0.00333177
1.23741E+05 4.711956 3.532938 3.851002 0.936771 0.312216 1172.7260 0 1.70180E-05 3.64192 6.5494E-01 0.34049 0.00333177
1.28802E+05 4.702645 3.532590 3.793813 0.936781 0.312221 1162.2618 0 1.72047E-05 3.64165 6.5447E-01 0.34092 0.00336563
1.28804E+05 4.700867 3.532754 3.793793 0.936782 0.320068 1153.9432 0 1.63897E-05 3.64192 6.5447E-01 0.34092 0.00336562
1.33889E+05 4.691807 3.532393 3.738297 0.936791 0.320068 1143.9639 0 1.65990E-05 3.64169 6.5400E-01 0.34136 0.00340056
1.33891E+05 4.690094 3.532551 3.738278 0.936791 0.327777 1136.3059 0 1.58554E-05 3.64193 6.5400E-01 0.34136 0.00340056
1.38998E+05 4.681262 3.532188 3.684197 0.936800 0.327777 1126.7359 0 1.60819E-05 3.64171 6.5353E-01 0.34179 0.00343661
1.38999E+05 4.679609 3.532341 3.684178 0.936800 0.335317 1119.6306 0 1.53969E-05 3.64192 6.5353E-01 0.34179 0.00343661
1.44127E+05 4.670987 3.531971 3.631263 0.936808 0.335317 1110.5502 0 1.56484E-05 3.64169 6.5306E-01 0.34221 0.00347386
1.44128E+05 4.669387 3.532117 3.631245 0.936808 0.34278 1103.9246 0 1.50165E-05 3.64188 6.5306E-01 0.34221 0.00347386
1.49274E+05 4.660953 3.531742 3.579246 0.936817 0.34278 1095.3302 0 1.52945E-05 3.64168 6.5259E-01 0.34264 0.00351229
1.49275E+05 4.659401 3.531878 3.579228 0.936817 0.350001 1089.1061 0 1.47121E-05 3.64186 6.5259E-01 0.34264 0.00351229
1.54439E+05 4.651125 3.531483 3.527860 0.936826 0.350001 1081.0539 0 1.50342E-05 3.64165 6.5212E-01 0.34306 0.00355181
1.54440E+05 4.649614 3.531614 3.527842 0.936826 0.356966 1075.2980 0 1.44909E-05 3.6418 6.5212E-01 0.34306 0.00355181
1.59619E+05 4.641470 3.531210 3.476840 0.936835 0.356966 1067.7801 0 1.48515E-05 3.64161 6.5166E-01 0.34348 0.00359242
1.59620E+05 4.639993 3.531335 3.476822 0.936836 0.363836 1062.4066 0 1.43397E-05 3.64173 6.5166E-01 0.34348 0.00359242
1.64814E+05 4.631954 3.530918 3.425924 0.936846 0.363836 1055.3619 0 1.47489E-05 3.64153 6.5119E-01 0.3439 0.00363415
1.64815E+05 4.630507 3.531038 3.425906 0.936847 0.370436 1050.2936 0 1.42633E-05 3.64165 6.5119E-01 0.3439 0.00363415
1.70022E+05 4.622544 3.530605 3.374826 0.936859 0.370441 1043.7930 0 1.47295E-05 3.64146 6.5073E-01 0.34432 0.0036772
1.70024E+05 4.621120 3.530721 3.374808 0.936859 0.377018 1039.0031 0 1.42652E-05 3.64156 6.5073E-01 0.34432 0.00367719
1.75244E+05 4.613199 3.530265 3.323221 0.936874 0.377018 1033.0794 0 1.48026E-05 3.64135 6.5027E-01 0.34473 0.00372139
1.75245E+05 4.611791 3.530370 3.323203 0.936874 0.383495 1028.5310 0 1.43634E-05 3.64143 6.5027E-01 0.34473 0.00372139
1.80478E+05 4.603873 3.529884 3.270729 0.936891 0.383495 1023.2292 0 1.49908E-05 3.64121 6.4981E-01 0.34514 0.00376677
1.80479E+05 4.602473 3.529987 3.270711 0.936891 0.39006 1018.8789 0 1.45628E-05 3.64128 6.4981E-01 0.34514 0.00376677
1.85724E+05 4.594517 3.529472 3.216931 0.936912 0.390058 1014.2592 0 1.52985E-05 3.64105 6.4935E-01 0.34555 0.00381351
1.85725E+05 4.593117 3.529571 3.216912 0.936912 0.396842 1010.1538 0 1.48782E-05 3.6411 6.4935E-01 0.34555 0.00381351
1.90980E+05 4.585076 3.529024 3.161330 0.936936 0.39684 1006.2326 0 1.57457E-05 3.64083 6.4889E-01 0.34595 0.00386173
1.90982E+05 4.583667 3.529117 3.161311 0.936936 0.404141 1002.2803 0 1.53318E-05 3.64086 6.4889E-01 0.34595 0.00386173
1.96248E+05 4.575480 3.528526 3.103284 0.936965 0.404136 999.2067 0 1.63787E-05 3.6406 6.4844E-01 0.34636 0.00391149
1.96249E+05 4.574052 3.528616 3.103264 0.936966 0.412465 995.3774 0 1.59634E-05 3.64062 6.4844E-01 0.34636 0.00391149
2.01526E+05 4.565641 3.527970 3.041939 0.937001 0.412461 993.2873 0 1.72522E-05 3.6403 6.4798E-01 0.34676 0.00396287
2.01527E+05 4.564179 3.528052 3.041918 0.937001 0.422578 989.6074 0 1.68361E-05 3.6403 6.4798E-01 0.34676 0.00396287
2.06813E+05 4.555438 3.527319 2.976092 0.937043 0.422549 988.7041 0 1.84872E-05 3.63993 6.4753E-01 0.34715 0.00401603
2.06814E+05 4.553922 3.527396 2.976069 0.937044 0.436085 985.1097 0 1.80616E-05 3.63991 6.4753E-01 0.34715 0.00401602
2.12109E+05 4.544705 3.526563 2.904012 0.937095 0.43608 985.7667 0 2.02395E-05 3.63948 6.4707E-01 0.34755 0.00407114
2.12110E+05 4.543106 3.526634 2.903986 0.937095 0.457083 982.2629 0 1.97994E-05 3.63943 6.4707E-01 0.34755 0.00407113
2.17415E+05 4.531612 3.525589 2.824121 0.937142 0.489018 984.8062 0 2.27898E-05 3.63851 6.4661E-01 0.34794 0.00412834
2.22720E+05 4.518899 3.524419 2.730919 0.937218 0.546267 988.2884 0 2.70284E-05 3.63767 6.4616E-01 0.34833 0.00418689
2.28029E+05 4.504042 3.522839 2.614515 0.937315 0.652804 996.0368 0 3.45706E-05 3.63669 6.4571E-01 0.34872 0.00424723
2.33337E+05 4.484883 3.520292 2.449429 0.937443 0.802673 1005.0451 0 5.41786E-05 3.63022 6.4525E-01 0.34911 0.00430873
2.38634E+05 4.451439 3.515560 2.099909 0.937625 0.97604 976.1188 0 1.72726E-04 3.5928 6.4477E-01 0.34952 0.00437329
2.43906E+05 4.416571 3.510592 1.522273 0.937975 1.17703 958.2984 0 1.54815E-04 3.52514 6.4423E-01 0.34998 0.00444837
2.48980E+05 4.412865 3.474143 1.387801 0.938741 1.39282 983.1690 0 3.30918E-05 3.52658 6.4364E-01 0.35048 0.00453729
2.53562E+05 4.409685 3.484541 1.213504 0.939552 1.59454 971.7756 0 4.02027E-05 3.54061 6.4305E-01 0.35096 0.00463581
2.58152E+05 4.409116 3.534466 1.062050 0.940598 1.75188 800.7038 0 2.15248E-05 3.57557 6.4254E-01 0.35137 0.00473061
2.62745E+05 4.410473 3.591611 0.997076 0.941829 1.75623 579.6487 0 3.53847E-08 3.61843 6.4218E-01 0.35165 0.0048068
2.67368E+05 4.412380 3.593894 0.996992 0.943171 1.76071 573.0688 0 4.82588E-09 3.62019 6.4217E-01 0.35165 0.00480889
2.72024E+05 4.414344 3.596211 0.996980 0.944554 1.76577 566.5320 0 9.74816E-10 3.62197 6.4216E-01 0.35166 0.00481116
2.76687E+05 4.416349 3.598619 0.996976 0.945966 1.77148 559.9117 0 8.80477E-10 3.62378 6.4216E-01 0.35167 0.00481365
2.81335E+05 4.418382 3.601088 0.996972 0.947399 1.77775 552.8063 0 7.92066E-10 3.62572 6.4215E-01 0.35167 0.00481657
2.85953E+05 4.420431 3.603685 0.996969 0.948844 1.78462 545.6797 0 7.07411E-10 3.62769 6.4214E-01 0.35168 0.00481969
2.90530E+05 4.422488 3.606334 0.996966 0.950295 1.79202 538.2722 0 6.29237E-10 3.62973 6.4213E-01 0.35168 0.00482323
2.95058E+05 4.424547 3.609039 0.996964 0.951748 1.7999 530.7102 0 5.57164E-10 3.63183 6.4212E-01 0.35169 0.00482692
2.99533E+05 4.426603 3.611837 0.996961 0.953199 1.80822 522.9480 0 4.90149E-10 3.63399 6.4211E-01 0.3517 0.00483099
3.03952E+05 4.428652 3.614691 0.996960 0.954646 1.81695 515.1322 0 4.29012E-10 3.63619 6.4210E-01 0.3517 0.0048352
3.08314E+05 4.430692 3.617596 0.996958 0.956087 1.82606 507.0737 0 3.73577E-10 3.63847 6.4209E-01 0.35171 0.00483974
3.12618E+05 4.432722 3.620570 0.996957 0.957521 1.83554 498.9762 0 3.23262E-10 3.64078 6.4207E-01 0.35172 0.00484437
3.16865E+05 4.434739 3.623624 0.996955 0.958946 1.84527 490.6202 0 2.77686E-10 3.64317 6.4206E-01 0.35172 0.00484919
3.21054E+05 4.436742 3.626700 0.996954 0.960362 1.85526 482.2872 0 2.37444E-10 3.64559 6.4205E-01 0.35173 0.00485427
3.25186E+05 4.438731 3.629852 0.996953 0.961768 1.8655 473.8894 0 2.01449E-10 3.64805 6.4204E-01 0.35174 0.00485939
3.29263E+05 4.440706 3.633061 0.996953 0.963164 1.87605 465.2270 0 1.69679E-10 3.65061 6.4203E-01 0.35174 0.00486464
3.33285E+05 4.442666 3.636310 0.996952 0.964550 1.88692 456.5284 0 1.41978E-10 3.65321 6.4201E-01 0.35175 0.00487016
3.37253E+05 4.444611 3.639678 0.996952 0.965925 1.89811 447.8018 0 1.17419E-10 3.65586 6.4200E-01 0.35176 0.00487573
3.41168E+05 4.446541 3.643086 0.996951 0.967289 1.90963 438.8379 0 9.63797E-11 3.65861 6.4199E-01 0.35177 0.00488149
3.41207E+05 4.610355 3.665214 0.996951 0.967289 1.90963 539.6851 0 2.06737E-11 3.67641 6.4197E-01 0.35177 0.00488745
