0.00000E+00 3.136700 3.595662 0.550000 0.499200 0.477317 74.9391 0 1.09087E-09 3.5889 7.4800E-01 0.248678 0.00284371
2.19776E+05 3.158802 3.594113 0.549867 0.500260 0.477317 79.8526 0 1.76721E-09 3.58734 7.4800E-01 0.248678 0.00284371
4.60456E+05 3.185384 3.592361 0.549620 0.501598 0.477317 86.1148 0 3.14015E-09 3.58558 7.4800E-01 0.248678 0.00284371
7.23358E+05 3.216683 3.590527 0.549162 0.503303 0.477317 93.9750 0 6.10935E-09 3.58371 7.4800E-01 0.248678 0.00284371
1.00807E+06 3.253068 3.588858 0.548138 0.505480 0.477317 103.6573 0 1.29934E-08 3.58202 7.4800E-01 0.248678 0.00284371
1.31140E+06 3.294388 3.588103 0.545762 0.508236 0.477317 114.8339 0 2.92129E-08 3.58133 7.4800E-01 0.248678 0.00284371
1.62706E+06 3.339799 3.590764 0.540219 0.511663 0.477317 125.9175 0 6.05269E-08 3.58339 7.4800E-01 0.248678 0.00284371
1.94666E+06 3.387868 3.605344 0.530710 0.515818 0.477317 123.6120 0 6.48987E-08 3.59927 7.4800E-01 0.248678 0.00284371
2.26195E+06 3.436959 3.647669 0.525917 0.520716 0.477317 94.1753 0 9.60068E-09 3.6429 7.4800E-01 0.248678 0.00284371
2.56654E+06 3.442007 3.771287 0.521314 0.521314 0.477317 41.7208 1 2.84193E-12 3.6553 7.4800E-01 0.248678 0.00284371
0.00000E+00 3.115700 3.591116 0.600000 0.505600 0.477317 32.6885 1 1.96083E-09 3.59887 7.4800E-01 0.248678 0.00284371
2.06261E+05 3.147330 3.588427 0.599775 0.506888 0.477317 35.3705 1 3.70823E-09 3.59539 7.4800E-01 0.248678 0.00284371
4.36133E+05 3.185200 3.585238 0.599570 0.508563 0.477317 85.3115 0 1.54049E-09 3.57782 7.4800E-01 0.248678 0.00284371
6.90620E+05 3.229431 3.581630 0.599190 0.510755 0.477317 97.5820 0 4.19538E-09 3.5739 7.4800E-01 0.248678 0.00284371
9.67652E+05 3.279729 3.577765 0.598248 0.513602 0.477317 113.5595 0 1.30503E-08 3.56966 7.4800E-01 0.248678 0.00284371
1.26097E+06 3.334672 3.574170 0.595151 0.517221 0.477317 133.6676 0 4.53146E-08 3.56567 7.4800E-01 0.248678 0.00284371
1.56098E+06 3.391926 3.573003 0.583501 0.521672 0.477317 156.0369 0 1.69499E-07 3.56466 7.4800E-01 0.248678 0.00284371
1.85786E+06 3.449022 3.596763 0.545511 0.526950 0.477317 149.1616 0 2.24189E-07 3.59076 7.4800E-01 0.248678 0.00284371
2.14431E+06 3.504065 3.697691 0.535943 0.533012 0.477317 31.3396 1 1.49775E-09 3.71024 7.4800E-01 0.248678 0.00284371
2.41591E+06 3.510169 3.913561 0.533819 0.533819 0.477317 31.9854 1 9.79838E-15 3.7091 7.4800E-01 0.248678 0.00284371
0.00000E+00 3.244100 3.574874 0.650000 0.510900 0.477123 97.9427 0 2.78709E-09 3.56895 7.4542E-01 0.250907 0.00284399
1.95668E+05 3.271061 3.572517 0.649622 0.512386 0.477123 106.6077 0 5.20192E-09 3.56626 7.4542E-01 0.250907 0.00284399
4.16947E+05 3.304420 3.569654 0.648763 0.514366 0.477123 118.3513 0 1.13124E-08 3.56304 7.4542E-01 0.250907 0.00284399
6.64343E+05 3.344353 3.566360 0.646501 0.517008 0.477123 134.2875 0 2.91631E-08 3.55924 7.4542E-01 0.250907 0.00284399
9.33908E+05 3.390326 3.562878 0.640548 0.520471 0.477123 155.4963 0 9.12635E-08 3.55525 7.4542E-01 0.250907 0.00284399
1.21655E+06 3.440449 3.561211 0.617575 0.524853 0.477123 182.3602 0 3.93694E-07 3.55362 7.4542E-01 0.250907 0.00284399
1.50080E+06 3.492147 3.627202 0.537461 0.530162 0.477123 123.9228 0 7.25939E-08 3.62378 7.4542E-01 0.250907 0.00284399
1.77731E+06 3.539181 3.865906 0.536326 0.536326 0.477123 28.1162 1 3.35950E-14 3.73468 7.4542E-01 0.250907 0.00284399
0.00000E+00 3.197200 3.579007 0.700000 0.513600 0.477102 37.5211 1 9.68929E-09 3.58813 7.4302E-01 0.253198 0.00284455
1.90396E+05 3.231749 3.575863 0.698907 0.515182 0.477102 41.0683 1 1.93274E-08 3.5838 7.4302E-01 0.253198 0.00284455
4.07216E+05 3.273912 3.572013 0.698082 0.517315 0.477102 100.2771 0 2.10850E-09 3.56658 7.4302E-01 0.253198 0.00284455
6.50643E+05 3.323514 3.567534 0.696856 0.520183 0.477102 117.4243 0 6.77465E-09 3.56149 7.4302E-01 0.253198 0.00284455
9.15695E+05 3.379173 3.562604 0.694618 0.523954 0.477102 140.3892 0 2.53673E-08 3.55574 7.4302E-01 0.253198 0.00284455
1.19195E+06 3.437909 3.557600 0.687735 0.528703 0.477102 170.2194 0 1.10302E-07 3.54986 7.4302E-01 0.253198 0.00284455
1.46737E+06 3.496315 3.554507 0.651985 0.534402 0.477102 209.5034 0 7.59551E-07 3.54659 7.4302E-01 0.253198 0.00284455
1.73301E+06 3.549502 3.679833 0.540950 0.540950 0.477102 143.4787 0 4.96785E-09 3.62107 7.4302E-01 0.253198 0.00284455
0.00000E+00 3.189500 3.579195 0.800000 0.517300 0.468078 33.4704 1 6.10551E-09 3.59308 7.3995E-01 0.255678 0.00284613
1.83284E+05 3.230151 3.575381 0.799273 0.519025 0.468078 37.1562 1 1.40864E-08 3.58818 7.3995E-01 0.255678 0.00284613
3.94110E+05 3.279497 3.570684 0.797092 0.521387 0.468078 42.3338 1 3.84056E-08 3.58183 7.3995E-01 0.255678 0.00284613
6.32105E+05 3.336837 3.565165 0.793537 0.524599 0.468078 106.0981 0 1.68145E-09 3.56309 7.3995E-01 0.255678 0.00284613
8.90660E+05 3.399680 3.559151 0.790171 0.528827 0.468078 130.3318 0 7.76137E-09 3.5562 7.3995E-01 0.255678 0.00284613
1.15759E+06 3.463901 3.552999 0.784780 0.534108 0.468078 161.3956 0 3.83532E-08 3.54902 7.3995E-01 0.255678 0.00284613
1.42050E+06 3.525646 3.547042 0.771918 0.540356 0.468078 200.1588 0 2.04801E-07 3.54202 7.3995E-01 0.255678 0.00284613
1.67141E+06 3.580260 3.543055 0.695375 0.547421 0.468078 258.1743 0 2.82721E-06 3.53771 7.3995E-01 0.255678 0.00284613
1.82565E+06 3.588533 3.548000 0.550886 0.550886 0.468078 294.2407 0 5.60251E-05 3.5486 7.3995E-01 0.255678 0.00284613
0.00000E+00 3.204500 3.586118 0.900000 0.521800 0.448464 30.1190 1 8.08009E-10 3.60357 7.3892E-01 0.257399 0.00285066
1.75050E+05 3.248448 3.582117 0.899903 0.523627 0.448464 33.6277 1 2.04341E-09 3.59862 7.3892E-01 0.257399 0.00285066
3.77866E+05 3.301666 3.577226 0.899577 0.526157 0.448464 38.5258 1 6.21943E-09 3.59226 7.3892E-01 0.257399 0.00285066
6.07604E+05 3.362966 3.571525 0.898305 0.529617 0.448464 45.2147 1 2.23669E-08 3.58451 7.3892E-01 0.257399 0.00285066
8.56543E+05 3.428985 3.565180 0.892779 0.534163 0.448464 122.7209 0 1.59158E-09 3.55796 7.3892E-01 0.257399 0.00285066
1.11167E+06 3.494913 3.558909 0.889750 0.539790 0.448464 152.4519 0 7.78454E-09 3.5505 7.3892E-01 0.257399 0.00285066
1.36095E+06 3.556852 3.552983 0.884548 0.546366 0.448464 187.5991 0 3.59631E-08 3.54336 7.3892E-01 0.257399 0.00285066
1.59739E+06 3.612941 3.547482 0.873748 0.553718 0.448464 228.2770 0 1.59642E-07 3.53665 7.3892E-01 0.257399 0.00285066
1.81820E+06 3.662821 3.541956 0.833805 0.561678 0.448464 282.7878 0 1.02519E-06 3.52987 7.3892E-01 0.257399 0.00285066
1.97176E+06 3.682667 3.539986 0.728543 0.566805 0.448464 314.2809 0 4.68707E-06 3.5366 7.3892E-01 0.257399 0.00285066
2.01158E+06 3.700750 3.794991 0.569354 0.569354 0.448464 82.0122 1 9.48438E-12 3.61577 7.3892E-01 0.257399 0.00285066
0.00000E+00 3.236900 3.586692 1.000000 0.525400 0.428419 29.9027 1 3.43883E-11 3.60509 7.3807E-01 0.258131 0.00285654
1.68648E+05 3.281172 3.582680 0.999996 0.527329 0.428419 33.3983 1 9.23762E-11 3.60016 7.3807E-01 0.258131 0.00285654
3.65418E+05 3.335063 3.577753 0.999981 0.530027 0.428419 38.2855 1 3.06392E-10 3.59386 7.3807E-01 0.258131 0.00285654
5.88961E+05 3.397044 3.572045 0.999917 0.533737 0.428419 44.9454 1 1.20761E-09 3.58614 7.3807E-01 0.258131 0.00285654
8.30419E+05 3.463131 3.565897 0.999623 0.538597 0.428419 53.5140 1 5.18464E-09 3.57742 7.3807E-01 0.258131 0.00285654
1.07603E+06 3.528120 3.559762 0.998641 0.544557 0.428419 145.1092 0 2.65167E-09 3.5527 7.3807E-01 0.258131 0.00285654
1.31422E+06 3.588268 3.554078 0.997538 0.551444 0.428419 176.5774 0 1.09533E-08 3.54588 7.3807E-01 0.258131 0.00285654
1.53895E+06 3.642090 3.548940 0.994722 0.559058 0.428419 211.0235 0 4.01067E-08 3.53967 7.3807E-01 0.258131 0.00285654
1.74808E+06 3.689533 3.544265 0.986981 0.567219 0.428419 248.6906 0 1.36787E-07 3.53394 7.3807E-01 0.258131 0.00285654
1.94131E+06 3.731154 3.539625 0.962944 0.575759 0.428419 293.6471 0 5.31164E-07 3.52823 7.3807E-01 0.258131 0.00285654
2.11916E+06 3.766003 3.541171 0.694264 0.584515 0.428419 410.3741 0 7.06066E-05 3.53243 7.3807E-01 0.258131 0.00285654
2.18459E+06 3.684060 3.553107 0.585877 0.585877 0.428419 343.1726 0 5.95837E-05 3.54906 7.3807E-01 0.258131 0.00285654
0.00000E+00 3.239900 3.589538 1.100000 0.527700 0.412447 27.7478 1 1.96041E-13 3.60977 7.3706E-01 0.258965 0.00286093
1.64544E+05 3.286947 3.585303 1.100000 0.529642 0.412447 31.1695 1 5.83160E-13 3.6047 7.3706E-01 0.258965 0.00286093
3.56734E+05 3.343700 3.580146 1.100000 0.532363 0.412447 35.9256 1 2.18268E-12 3.59833 7.3706E-01 0.258965 0.00286093
5.75179E+05 3.408270 3.574230 1.099999 0.536108 0.412447 42.3735 1 9.85506E-12 3.59057 7.3706E-01 0.258965 0.00286093
8.11021E+05 3.476233 3.567923 1.099997 0.541012 0.412447 50.5900 1 4.85979E-11 3.58191 7.3706E-01 0.258965 0.00286093
1.05064E+06 3.542153 3.561736 1.099985 0.547015 0.412447 60.3271 1 2.30547E-10 3.57291 7.3706E-01 0.258965 0.00286093
1.28279E+06 3.602369 3.556062 1.099933 0.553929 0.59474 160.9038 0 5.17325E-10 3.54996 7.3706E-01 0.258965 0.00286093
1.50168E+06 3.653854 3.548980 1.099810 0.560960 0.789927 190.0093 0 2.00114E-09 3.54424 7.3626E-01 0.259454 0.00315394
1.70700E+06 3.699046 3.542284 1.099417 0.568509 0.993301 219.8532 0 6.80205E-09 3.53924 7.3538E-01 0.260013 0.00347431
1.89783E+06 3.738392 3.533727 1.098068 0.576392 1.19742 249.8881 0 2.40389E-08 3.53487 7.3442E-01 0.260622 0.00381515
2.07452E+06 3.772688 3.490412 1.095769 0.584466 1.39666 279.6141 0 2.01465E-08 3.53107 7.3342E-01 0.26127 0.00416497
2.23781E+06 3.802810 3.472627 1.092171 0.592631 1.58632 308.9146 0 3.31664E-08 3.52778 7.3239E-01 0.261939 0.00451379
2.38856E+06 3.829531 3.460404 1.087408 0.600813 1.76313 337.7796 0 4.62554E-08 3.5249 7.3137E-01 0.262607 0.0048526
2.52772E+06 3.853488 3.450889 1.081346 0.608955 1.92435 366.2494 0 2.20144E-07 3.5224 7.3037E-01 0.263266 0.00517452
2.65622E+06 3.874551 3.447014 0.774922 0.617024 1.92435 515.8021 0 1.54257E-05 3.5229 7.2943E-01 0.263905 0.00547338
2.77566E+06 3.894484 4.000000 0.625177 0.625177 1.92435 95.9088 1 3.63794E+05 3.63477 7.2943E-01 0.263905 0.00547338
0.00000E+00 3.329300 3.583811 1.200000 0.531300 0.40176 32.1319 1 1.57578E-13 3.60459 7.3892E-01 0.256816 0.00286219
1.58497E+05 3.368238 3.580281 1.200000 0.533330 0.40176 35.4123 1 3.95954E-13 3.60025 7.3892E-01 0.256816 0.00286219
3.44742E+05 3.416440 3.575866 1.200000 0.536198 0.40176 40.0009 1 1.24806E-12 3.59466 7.3892E-01 0.256816 0.00286219
5.56878E+05 3.472339 3.570674 1.200000 0.540157 0.40176 46.2073 1 4.78370E-12 3.58775 7.3892E-01 0.256816 0.00286219
7.85157E+05 3.531836 3.565105 1.199999 0.545318 0.494094 54.0066 1 2.02516E-11 3.58005 7.3892E-01 0.256816 0.00286219
1.01562E+06 3.588290 3.558715 1.199994 0.551138 0.687363 62.8093 1 8.68611E-11 3.57231 7.3844E-01 0.257145 0.00300894
1.23891E+06 3.639343 3.551632 1.199975 0.557506 0.950143 160.1402 0 4.36231E-10 3.55097 7.3756E-01 0.257704 0.00332254
1.45094E+06 3.684484 3.543332 1.199883 0.564335 1.24784 185.0944 0 1.64457E-09 3.54605 7.3638E-01 0.258443 0.00376048
1.65010E+06 3.724019 3.498966 1.197810 0.571528 1.56063 210.6079 0 1.67970E-08 3.54166 7.3497E-01 0.259331 0.00427219
1.83605E+06 3.758578 3.478571 1.194058 0.578986 1.87362 236.2619 0 3.15470E-08 3.53775 7.3340E-01 0.260329 0.00482841
2.00903E+06 3.788839 3.464304 1.188523 0.586593 2.17608 261.8075 0 4.84548E-08 3.53429 7.3174E-01 0.261397 0.00540518
2.16964E+06 3.815555 3.452763 1.181147 0.594270 2.46095 287.2839 0 6.76774E-08 3.5312 7.3004E-01 0.262496 0.00598194
2.31861E+06 3.839430 3.442930 1.171961 0.601974 2.72481 312.9875 0 8.88477E-08 3.52837 7.2835E-01 0.263604 0.0065434
2.45673E+06 3.861014 3.434158 1.157099 0.609660 2.96117 340.6378 0 1.20664E-06 3.52557 7.2669E-01 0.264702 0.00707918
2.57377E+06 3.876969 3.414085 0.888363 0.616195 2.96117 480.6356 0 1.80501E-05 3.51765 7.2513E-01 0.26574 0.00757291
2.58480E+06 3.880318 3.483720 0.669639 0.617352 2.96117 438.7238 0 1.00789E-05 3.55717 7.2513E-01 0.26574 0.00757291
2.70459E+06 3.901012 3.617576 0.626123 0.626123 2.96117 249.1658 0 1.20741E-09 3.63244 7.2513E-01 0.26574 0.00757291
0.00000E+00 3.328800 3.587322 1.300000 0.532200 0.396391 29.8932 1 3.35288E-14 3.60912 7.3995E-01 0.255715 0.0028507
1.56739E+05 3.368601 3.583763 1.300000 0.534245 0.396391 32.9832 1 8.59435E-14 3.60483 7.3995E-01 0.255715 0.0028507
3.41114E+05 3.417757 3.579310 1.300000 0.537137 0.396391 37.2954 1 2.77315E-13 3.59933 7.3995E-01 0.255715 0.0028507
5.51187E+05 3.474562 3.574093 1.300000 0.541129 0.444878 43.0836 1 1.08784E-12 3.59265 7.3995E-01 0.255715 0.0028507
7.77106E+05 3.533265 3.568108 1.300000 0.545975 0.579275 50.1608 1 4.70270E-12 3.58531 7.3962E-01 0.255964 0.00292635
1.00575E+06 3.589156 3.561366 1.299999 0.551519 0.813867 58.1064 1 2.05981E-11 3.57799 7.3891E-01 0.256443 0.00314008
1.22841E+06 3.639697 3.553751 1.299994 0.557599 1.12551 66.5338 1 8.79392E-11 3.57102 7.3783E-01 0.257142 0.00352233
1.44078E+06 3.684189 3.521310 1.298897 0.564084 1.47785 164.5459 0 8.57512E-09 3.55117 7.3641E-01 0.258031 0.004047
1.64122E+06 3.722947 3.494635 1.296275 0.570876 1.8513 186.6851 0 2.10906E-08 3.54693 7.3471E-01 0.259099 0.00466283
1.82934E+06 3.756596 3.478128 1.291874 0.577872 2.22848 208.8121 0 3.64191E-08 3.54315 7.3280E-01 0.260307 0.00534305
2.00530E+06 3.785856 3.465018 1.285432 0.584970 2.59612 230.7200 0 5.53767E-08 3.5398 7.3074E-01 0.261625 0.0060608
2.16958E+06 3.811590 3.454041 1.276770 0.592131 2.94594 252.6444 0 7.76030E-08 3.53675 7.2861E-01 0.263003 0.0067908
2.32278E+06 3.834509 3.444340 1.265817 0.599316 3.27303 274.8282 0 1.02934E-07 3.53393 7.2644E-01 0.264421 0.00751518
2.46554E+06 3.855194 3.435653 1.252605 0.606502 3.57425 297.4313 0 1.30732E-07 3.53131 7.2428E-01 0.265839 0.00821937
2.59853E+06 3.874100 3.427650 1.235441 0.613670 3.84744 321.6183 0 7.20051E-07 3.52867 7.2217E-01 0.267237 0.0088924
2.72239E+06 3.891221 3.403231 0.877557 0.620833 3.84744 509.5472 0 2.52152E-05 3.51591 7.2014E-01 0.268585 0.00952286
2.83854E+06 3.909266 4.000000 0.628977 0.628977 3.84744 97.4670 1 6.09555E+09 3.6357 7.2014E-01 0.268585 0.00952286
0.00000E+00 3.311700 3.593071 1.400000 0.534600 0.360466 26.7740 1 5.94643E-15 3.61544 7.3706E-01 0.258642 0.00286078
1.52729E+05 3.356377 3.589118 1.400000 0.536700 0.370964 29.8451 1 1.70126E-14 3.61089 7.3706E-01 0.258642 0.00286078
3.33050E+05 3.409655 3.584265 1.400000 0.539468 0.412398 34.0382 1 6.04869E-14 3.60517 7.3688E-01 0.258791 0.00287621
5.38027E+05 3.468873 3.578436 1.400000 0.543047 0.516717 39.4617 1 2.57241E-13 3.59858 7.3647E-01 0.259141 0.00293955
7.59231E+05 3.529640 3.571655 1.400000 0.547458 0.716593 46.0690 1 1.21292E-12 3.59136 7.3575E-01 0.2597 0.00310289
9.85357E+05 3.587312 3.563908 1.400000 0.552583 1.02271 53.5014 1 5.84930E-12 3.58412 7.3465E-01 0.26047 0.00342396
1.20742E+06 3.639084 3.546725 1.399523 0.558252 1.40968 61.3346 1 3.57221E-09 3.57731 7.3317E-01 0.261428 0.00393197
1.42055E+06 3.684180 3.508949 1.397702 0.564325 1.83135 146.9089 0 1.42643E-08 3.55647 7.3137E-01 0.262547 0.00460208
1.62272E+06 3.722895 3.490533 1.394215 0.570673 2.26521 166.6052 0 2.76647E-08 3.55232 7.2928E-01 0.263855 0.00536733
1.81332E+06 3.755986 3.476492 1.388649 0.577180 2.69424 186.0631 0 4.51841E-08 3.54863 7.2698E-01 0.265303 0.00619494
1.99248E+06 3.784512 3.464674 1.380655 0.583797 3.10778 205.2819 0 6.70278E-08 3.54534 7.2454E-01 0.266851 0.00705668
2.16051E+06 3.809401 3.454287 1.369998 0.590481 3.49891 224.3857 0 9.30089E-08 3.54238 7.2201E-01 0.268458 0.00793045
2.31791E+06 3.831432 3.445030 1.356572 0.597201 3.86337 243.7670 0 1.22509E-07 3.53961 7.1945E-01 0.270106 0.00879792
2.46519E+06 3.851251 3.436479 1.340378 0.603947 4.19906 263.8245 0 1.55238E-07 3.53692 7.1690E-01 0.271764 0.00964399
2.60291E+06 3.869364 3.428515 1.321491 0.610711 4.50562 284.6826 0 1.90544E-07 3.53436 7.1439E-01 0.273402 0.0104575
2.73159E+06 3.886156 3.420938 1.298273 0.617489 4.78216 307.4726 0 8.57722E-07 3.53173 7.1195E-01 0.275009 0.0112294
2.85179E+06 3.901651 3.392818 0.954784 0.624300 4.78216 481.6336 0 2.47597E-05 3.51632 7.0962E-01 0.276557 0.0119508
2.90420E+06 3.859217 3.436127 0.625810 0.625810 4.78216 532.5891 0 2.71084E-05 3.53701 7.0962E-01 0.276557 0.0119508
0.00000E+00 3.350900 3.592526 1.500000 0.531600 0.343766 27.7261 1 4.96838E-15 3.61518 7.3706E-01 0.258554 0.00286511
1.56868E+05 3.387242 3.589335 1.500000 0.533630 0.354103 30.2844 1 1.16741E-14 3.61149 7.3706E-01 0.258554 0.00286511
3.41197E+05 3.431171 3.585326 1.500000 0.536251 0.394531 33.7367 1 3.32542E-14 3.60685 7.3688E-01 0.258704 0.0028803
5.50386E+05 3.480913 3.580391 1.500000 0.539585 0.495897 38.1790 1 1.12400E-13 3.60138 7.3647E-01 0.259053 0.00294189
7.77072E+05 3.533311 3.574481 1.500000 0.543658 0.691839 43.5521 1 4.28676E-13 3.59541 7.3574E-01 0.259623 0.00310027
1.01079E+06 3.584523 3.567452 1.500000 0.548377 0.998419 49.6589 1 1.74291E-12 3.58922 7.3462E-01 0.260422 0.00341414
1.24256E+06 3.631750 3.555776 1.499999 0.553595 1.39871 56.1332 1 9.11683E-12 3.58329 7.3311E-01 0.261411 0.00392145
1.46697E+06 3.673778 3.516353 1.498444 0.559185 1.84726 128.3488 0 1.16508E-08 3.56197 7.3122E-01 0.262599 0.00461354
1.68149E+06 3.710534 3.498293 1.495341 0.565053 2.31508 144.4746 0 2.33963E-08 3.55812 7.2901E-01 0.263967 0.00542853
1.88508E+06 3.742474 3.484563 1.490217 0.571121 2.78491 160.4267 0 3.93166E-08 3.55473 7.2654E-01 0.265526 0.00632594
2.07751E+06 3.770169 3.473006 1.482630 0.577292 3.24199 176.2437 0 5.98320E-08 3.55165 7.2386E-01 0.267214 0.00727943
2.25895E+06 3.794360 3.462914 1.472241 0.583520 3.67684 191.9698 0 8.47811E-08 3.54883 7.2105E-01 0.269001 0.00826114
2.42975E+06 3.815788 3.453819 1.458831 0.589793 4.08438 207.8794 0 1.13849E-07 3.5462 7.1817E-01 0.270839 0.0092477
2.59031E+06 3.835047 3.445441 1.442303 0.596096 4.46186 224.3264 0 1.46588E-07 3.54364 7.1526E-01 0.272707 0.010222
2.74110E+06 3.852641 3.437512 1.422658 0.602432 4.80872 241.5433 0 1.82680E-07 3.54114 7.1238E-01 0.274585 0.0111705
2.88255E+06 3.868961 3.429866 1.399996 0.608804 5.12539 259.8646 0 2.21789E-07 3.53866 7.0954E-01 0.276433 0.0120824
3.01513E+06 3.884310 3.422655 1.374489 0.615219 5.41212 279.6986 0 2.62788E-07 3.53611 7.0678E-01 0.27824 0.0129498
3.13928E+06 3.898915 3.415092 1.339367 0.621679 5.66864 303.7336 0 2.33856E-06 3.53315 7.0413E-01 0.279998 0.0137661
3.25547E+06 3.912896 3.394415 0.809368 0.628259 5.66864 544.1895 0 3.89923E-05 3.52211 7.0163E-01 0.281667 0.0145197
3.29426E+06 3.828405 3.414467 0.629391 0.629391 5.66864 491.9373 0 3.12791E-05 3.53762 7.0163E-01 0.281667 0.0145197
0.00000E+00 3.254900 3.608376 1.600000 0.524900 0.337116 20.0492 1 2.27222E-15 3.63344 7.3892E-01 0.25748 0.00287215
1.67027E+05 3.295450 3.604974 1.600000 0.526720 0.337116 22.0595 1 2.31381E-15 3.62975 7.3892E-01 0.25748 0.00287215
3.60525E+05 3.344756 3.600771 1.600000 0.529234 0.337116 24.7890 1 2.37275E-15 3.62519 7.3892E-01 0.25748 0.00287215
5.79674E+05 3.401716 3.595868 1.600000 0.532666 0.378762 28.3807 1 4.24869E-15 3.61984 7.3892E-01 0.25748 0.00287215
8.17157E+05 3.460883 3.590207 1.600000 0.536693 0.499396 32.7063 1 1.77160E-14 3.61409 7.3862E-01 0.25772 0.00293677
1.06204E+06 3.518222 3.583482 1.600000 0.541198 0.72504 37.5850 1 7.75149E-14 3.6083 7.3793E-01 0.258209 0.00312737
1.30652E+06 3.571250 3.575570 1.600000 0.546079 1.05573 42.7874 1 3.43396E-13 3.60279 7.3682E-01 0.258949 0.0034926
1.54559E+06 3.618795 3.554433 1.599612 0.551246 1.4611 48.1525 1 2.78886E-09 3.59759 7.3529E-01 0.259908 0.0040464
1.77652E+06 3.660638 3.524454 1.598296 0.556629 1.91021 53.5037 1 9.67246E-09 3.59286 7.3337E-01 0.261106 0.00475503
1.99795E+06 3.697109 3.507534 1.595658 0.562174 2.38337 126.0457 0 1.94383E-08 3.57681 7.3110E-01 0.262525 0.00558023
2.20925E+06 3.728725 3.494333 1.591211 0.567816 2.86237 139.6503 0 3.31193E-08 3.57296 7.2854E-01 0.264143 0.00649794
2.41023E+06 3.756101 3.483090 1.584479 0.573494 3.33223 152.9855 0 5.12099E-08 3.56913 7.2574E-01 0.265921 0.0074818
2.60099E+06 3.780016 3.473269 1.575058 0.579199 3.78343 166.1116 0 7.36262E-08 3.56521 7.2277E-01 0.267809 0.00850425
2.78173E+06 3.801156 3.464445 1.562659 0.584926 4.2102 179.3003 0 1.00163E-07 3.56104 7.1970E-01 0.269777 0.00954382
2.95273E+06 3.820102 3.456249 1.547096 0.590677 4.60926 192.8272 0 1.30648E-07 3.55648 7.1658E-01 0.271795 0.0105829
3.11428E+06 3.837352 3.448599 1.528293 0.596462 4.97966 206.7955 0 1.64508E-07 3.55155 7.1344E-01 0.273833 0.011607
3.26671E+06 3.853298 3.441260 1.506249 0.602293 5.32143 221.6622 0 2.01542E-07 3.54607 7.1031E-01 0.275871 0.0126052
3.41034E+06 3.868247 3.433969 1.481061 0.608178 5.63428 237.7331 0 2.41878E-07 3.54277 7.0724E-01 0.277889 0.0135687
3.54551E+06 3.882441 3.426986 1.452868 0.614129 5.92046 255.2098 0 2.84271E-07 3.54032 7.0424E-01 0.279867 0.0144891
3.67256E+06 3.896067 3.420077 1.421886 0.620153 6.1798 274.5495 0 3.28889E-07 3.53772 7.0133E-01 0.281805 0.0153619
3.79184E+06 3.909268 3.413023 1.382660 0.626258 6.41259 297.4409 0 2.04931E-06 3.53487 6.9854E-01 0.283663 0.0161811
3.90371E+06 3.922128 3.382513 0.940828 0.632509 6.41259 508.0701 0 3.38987E-05 3.51694 6.9590E-01 0.285441 0.0169379
3.94786E+06 3.871356 3.395664 0.634292 0.634292 6.41259 556.8475 0 5.42619E-05 3.53371 6.9590E-01 0.285441 0.0169379
0.00000E+00 3.183200 3.616722 1.700000 0.513800 0.332997 16.1223 1 1.92067E-15 3.64269 7.3892E-01 0.25742 0.00287256
1.85628E+05 3.218683 3.613827 1.700000 0.515304 0.332997 17.5092 1 1.94365E-15 3.63961 7.3892E-01 0.25742 0.00287256
3.95880E+05 3.261440 3.610296 1.700000 0.517310 0.332997 19.3470 1 1.97493E-15 3.63585 7.3892E-01 0.25742 0.00287256
6.31154E+05 3.311252 3.606134 1.700000 0.519988 0.332997 21.7452 1 2.01788E-15 3.63139 7.3892E-01 0.25742 0.00287256
8.87466E+05 3.366861 3.601415 1.700000 0.523492 0.332997 24.7934 1 2.07595E-15 3.6263 7.3892E-01 0.25742 0.00287256
1.15589E+06 3.425531 3.596436 1.700000 0.527911 0.332997 28.4950 1 2.89992E-15 3.62082 7.3892E-01 0.25742 0.00287256
1.42539E+06 3.484006 3.591432 1.700000 0.533233 0.447283 32.7695 1 1.14343E-14 3.61521 7.3892E-01 0.25742 0.00287256
1.68695E+06 3.536423 3.585280 1.700000 0.538543 0.679147 37.1939 1 4.41058E-14 3.60998 7.3842E-01 0.257739 0.00305179
1.93920E+06 3.582930 3.577962 1.700000 0.543817 1.00308 41.6403 1 1.66813E-13 3.60526 7.3742E-01 0.258369 0.00342303
2.18312E+06 3.624244 3.565143 1.699736 0.549099 1.39898 46.0908 1 1.77983E-09 3.6009 7.3595E-01 0.259288 0.00395805
2.41871E+06 3.660839 3.531277 1.698674 0.554395 1.84536 50.4776 1 7.63355E-09 3.59693 7.3406E-01 0.260477 0.00463892
2.64563E+06 3.693171 3.514772 1.696498 0.559703 2.32171 54.7651 1 1.56939E-08 3.5933 7.3179E-01 0.261925 0.00544454
2.86353E+06 3.721693 3.502159 1.692760 0.565011 2.80952 124.8014 0 2.71334E-08 3.59085 7.2919E-01 0.263584 0.00635152
3.07218E+06 3.746810 3.491536 1.686993 0.570285 3.29325 135.4477 0 4.24976E-08 3.58759 7.2632E-01 0.265422 0.00733522
3.27156E+06 3.769032 3.482234 1.678768 0.575524 3.7614 146.0007 0 6.19461E-08 3.58419 7.2326E-01 0.2674 0.00836919
3.46173E+06 3.788883 3.473913 1.667732 0.580747 4.2076 156.5978 0 8.53297E-08 3.58056 7.2006E-01 0.269488 0.00943066
3.64282E+06 3.806815 3.466200 1.653635 0.585968 4.62812 167.3685 0 1.12575E-07 3.57663 7.1677E-01 0.271626 0.0105015
3.81500E+06 3.823226 3.459025 1.636316 0.591208 5.02124 178.5966 0 1.43198E-07 3.57226 7.1344E-01 0.273814 0.0115673
3.97846E+06 3.838446 3.452126 1.615710 0.596487 5.38661 190.4277 0 1.77110E-07 3.56743 7.1009E-01 0.276012 0.0126165
4.13339E+06 3.852743 3.445346 1.591818 0.601821 5.72437 203.2243 0 2.14197E-07 3.56202 7.0677E-01 0.27821 0.0136402
4.28002E+06 3.866333 3.438534 1.564714 0.607225 6.03562 216.9550 0 2.54487E-07 3.55613 7.0349E-01 0.280388 0.0146303
4.41858E+06 3.879393 3.431909 1.534515 0.612714 6.32175 232.1419 0 2.96964E-07 3.54958 7.0028E-01 0.282537 0.0155816
4.54930E+06 3.892059 3.425334 1.501419 0.618300 6.58293 248.6820 0 3.41621E-07 3.54252 6.9715E-01 0.284635 0.0164885
4.67245E+06 3.904443 3.418794 1.465663 0.623993 6.82104 267.2016 0 3.88155E-07 3.53979 6.9413E-01 0.286683 0.0173449
4.78829E+06 3.916628 3.412219 1.426257 0.629799 7.03612 288.3103 0 1.10562E-06 3.53708 6.9123E-01 0.288651 0.0181485
4.89712E+06 3.928475 3.386683 1.143517 0.635673 7.14721 409.5166 0 1.80518E-05 3.52301 6.8848E-01 0.29053 0.0188944
4.95968E+06 3.920221 3.453925 0.638375 0.638375 7.14721 565.2688 0 2.59304E-05 3.5436 6.8700E-01 0.291539 0.0192844
0.00000E+00 3.092200 3.627265 1.800000 0.497500 0.332446 12.4568 1 1.64905E-15 3.65314 7.3807E-01 0.258385 0.00287005
2.17013E+05 3.114914 3.625444 1.800000 0.498453 0.332446 13.1250 1 1.65810E-15 3.65125 7.3807E-01 0.258385 0.00287005
4.52698E+05 3.141791 3.623296 1.800000 0.499639 0.332446 13.9660 1 1.66925E-15 3.64898 7.3807E-01 0.258385 0.00287005
7.08358E+05 3.172983 3.620818 1.800000 0.501127 0.332446 15.0121 1 1.68353E-15 3.64632 7.3807E-01 0.258385 0.00287005
9.84098E+05 3.208856 3.617924 1.800000 0.503004 0.332446 16.3144 1 1.70194E-15 3.64325 7.3807E-01 0.258385 0.00287005
1.27803E+06 3.249400 3.614600 1.800000 0.505362 0.332446 17.9249 1 1.72568E-15 3.63976 7.3807E-01 0.258385 0.00287005
1.58572E+06 3.294052 3.610958 1.800000 0.508290 0.332446 19.8917 1 1.75607E-15 3.63585 7.3807E-01 0.258385 0.00287005
1.90053E+06 3.341689 3.607025 1.800000 0.511858 0.332446 22.2409 1 1.79437E-15 3.6316 7.3807E-01 0.258385 0.00287005
2.21495E+06 3.390867 3.602928 1.800000 0.516103 0.332446 24.9701 1 1.84160E-15 3.62713 7.3807E-01 0.258385 0.00287005
2.52236E+06 3.440157 3.598751 1.800000 0.521032 0.332446 28.0558 1 1.89853E-15 3.62259 7.3807E-01 0.258385 0.00287005
2.81801E+06 3.488402 3.594671 1.800000 0.526628 0.332446 31.4609 1 4.84884E-15 3.61807 7.3807E-01 0.258385 0.00287005
3.09900E+06 3.534776 3.590741 1.800000 0.532856 0.479936 35.1645 1 1.44285E-14 3.61355 7.3807E-01 0.258385 0.00287005
3.36376E+06 3.574677 3.585217 1.800000 0.538526 0.743401 38.7125 1 4.28167E-14 3.60961 7.3744E-01 0.258785 0.00309923
3.61703E+06 3.609795 3.578284 1.800000 0.543827 1.09489 42.1387 1 1.28780E-13 3.60611 7.3626E-01 0.259534 0.00351795
3.86245E+06 3.641341 3.555532 1.799600 0.548927 1.51137 45.5031 1 2.76470E-09 3.6029 7.3461E-01 0.260594 0.00409564
4.10081E+06 3.669847 3.531893 1.798450 0.553893 1.97103 48.8052 1 8.06141E-09 3.59993 7.3254E-01 0.261932 0.00480992
4.33190E+06 3.695664 3.517916 1.796233 0.558764 2.45421 52.0448 1 1.55402E-08 3.59717 7.3010E-01 0.263521 0.00563813
4.55532E+06 3.719093 3.506905 1.792541 0.563571 2.9451 55.2155 1 2.60401E-08 3.59461 7.2735E-01 0.26531 0.00655762
4.77069E+06 3.740367 3.497605 1.786944 0.568320 3.43042 121.6924 0 3.99385E-08 3.60445 7.2434E-01 0.267288 0.00754612
4.97778E+06 3.759677 3.489312 1.779021 0.573006 3.89998 129.7090 0 5.75265E-08 3.60161 7.2114E-01 0.269396 0.00858236
5.17653E+06 3.777354 3.481819 1.768431 0.577668 4.34816 137.9072 0 7.86779E-08 3.59846 7.1781E-01 0.271605 0.00964453
5.36692E+06 3.793661 3.474835 1.754894 0.582326 4.77189 146.4177 0 1.03343E-07 3.59495 7.1438E-01 0.273873 0.0107175
5.54900E+06 3.808835 3.468294 1.738227 0.587003 5.16955 155.3444 0 1.31169E-07 3.59103 7.1090E-01 0.276191 0.0117886
5.72284E+06 3.823093 3.461902 1.718318 0.591721 5.54109 164.8422 0 1.62256E-07 3.58665 7.0740E-01 0.278539 0.0128474
5.88853E+06 3.836627 3.455711 1.695118 0.596502 5.88736 175.0401 0 1.96117E-07 3.58178 7.0391E-01 0.280887 0.0138853
6.04618E+06 3.849595 3.449513 1.668646 0.601365 6.20819 186.1992 0 2.32912E-07 3.57633 7.0044E-01 0.283215 0.0148976
6.19592E+06 3.862128 3.443269 1.638995 0.606326 6.50537 198.3209 0 2.72499E-07 3.57038 6.9702E-01 0.285533 0.0158764
6.33790E+06 3.874169 3.411762 1.322842 0.611421 6.72168 283.2217 0 8.23554E-07 3.53604 6.9366E-01 0.287822 0.0168184
6.41232E+06 3.849375 3.385202 0.874287 0.612370 6.72168 436.0739 0 6.55319E-05 3.52325 6.9109E-01 0.28957 0.0175252
6.47319E+06 3.890997 3.553588 0.635590 0.619014 6.72168 295.9708 0 6.63305E-08 3.60915 6.9109E-01 0.28957 0.0175252
6.59324E+06 3.909801 3.688891 0.628026 0.628026 6.72168 225.3185 0 1.89966E-09 3.64559 6.9109E-01 0.28957 0.0175252
0.00000E+00 3.117500 3.627832 1.900000 0.502300 0.330149 12.5936 1 1.47071E-15 3.65397 7.3807E-01 0.258344 0.00287057
2.06423E+05 3.144316 3.625663 1.900000 0.503419 0.330149 13.3951 1 1.48054E-15 3.65174 7.3807E-01 0.258344 0.00287057
4.33553E+05 3.176232 3.623149 1.900000 0.504842 0.330149 14.4205 1 1.49294E-15 3.64904 7.3807E-01 0.258344 0.00287057
6.82578E+05 3.213416 3.620165 1.900000 0.506665 0.330149 15.7184 1 1.50923E-15 3.64586 7.3807E-01 0.258344 0.00287057
9.52724E+05 3.255996 3.616692 1.900000 0.509001 0.330149 17.3509 1 1.53065E-15 3.6422 7.3807E-01 0.258344 0.00287057
1.24023E+06 3.303388 3.612816 1.900000 0.511959 0.330149 19.3736 1 1.55860E-15 3.63809 7.3807E-01 0.258344 0.00287057
1.53823E+06 3.354207 3.608639 1.900000 0.515621 0.330149 21.8178 1 1.59442E-15 3.63359 7.3807E-01 0.258344 0.00287057
1.83823E+06 3.406571 3.604279 1.900000 0.520025 0.330149 24.6774 1 1.63916E-15 3.62885 7.3807E-01 0.258344 0.00287057
2.13243E+06 3.458642 3.599881 1.900000 0.525165 0.330149 27.9072 1 1.69337E-15 3.62407 7.3807E-01 0.258344 0.00287057
2.41531E+06 3.509014 3.595638 1.900000 0.531008 0.330149 31.4503 1 3.32702E-15 3.61936 7.3807E-01 0.258344 0.00287057
2.68366E+06 3.556790 3.591593 1.900000 0.537497 0.497481 35.2576 1 1.02398E-14 3.61476 7.3807E-01 0.258344 0.00287057
2.93591E+06 3.596759 3.585781 1.900000 0.543183 0.790795 38.8135 1 3.10506E-14 3.61084 7.3736E-01 0.258794 0.00312864
3.17806E+06 3.631267 3.578344 1.900000 0.548356 1.17638 42.1847 1 9.56563E-14 3.60741 7.3605E-01 0.259623 0.00359244
3.41447E+06 3.661865 3.550781 1.899514 0.553247 1.62867 45.4282 1 3.48827E-09 3.60435 7.3425E-01 0.260782 0.00422535
3.64578E+06 3.689157 3.530762 1.898258 0.557936 2.12311 48.5706 1 8.97520E-09 3.60154 7.3199E-01 0.262241 0.00500342
3.87150E+06 3.713544 3.517737 1.895866 0.562473 2.6383 51.5904 1 1.69753E-08 3.599 7.2935E-01 0.26395 0.0059014
4.09099E+06 3.735339 3.507421 1.891897 0.566886 3.15632 54.5046 1 2.81631E-08 3.59664 7.2639E-01 0.265878 0.00689353
4.30369E+06 3.754803 3.498571 1.885889 0.571182 3.66326 57.3097 1 4.29806E-08 3.59448 7.2318E-01 0.267977 0.00795457
4.50928E+06 3.772302 3.490886 1.877421 0.575401 4.15026 124.5893 0 6.13479E-08 3.61544 7.1979E-01 0.270205 0.00905937
4.70756E+06 3.788184 3.483879 1.866141 0.579583 4.6128 131.6309 0 8.33238E-08 3.61251 7.1626E-01 0.272534 0.0101888
4.89841E+06 3.802739 3.477453 1.851773 0.583755 5.04847 138.8601 0 1.08570E-07 3.60923 7.1265E-01 0.274912 0.0113274
5.08177E+06 3.816233 3.471385 1.834124 0.587946 5.45624 146.4829 0 1.36924E-07 3.6055 7.0900E-01 0.27733 0.0124635
5.25762E+06 3.828898 3.465401 1.813082 0.592184 5.8371 154.5962 0 1.68497E-07 3.60131 7.0532E-01 0.279768 0.0135876
5.42597E+06 3.840926 3.459614 1.788591 0.596492 6.19113 163.3474 0 2.02691E-07 3.5966 7.0165E-01 0.282217 0.0146924
5.58684E+06 3.852476 3.453903 1.760687 0.600889 6.52031 172.8834 0 2.39415E-07 3.59137 6.9800E-01 0.284655 0.0157712
5.74026E+06 3.863684 3.448053 1.729432 0.605394 6.8256 183.3447 0 2.79020E-07 3.58558 6.9440E-01 0.287073 0.0168195
5.88631E+06 3.874501 3.424036 1.479825 0.610047 7.08073 239.1767 0 7.71907E-06 3.54374 6.9085E-01 0.289451 0.0178333
5.98324E+06 3.871415 3.380307 0.889131 0.611929 7.08073 459.6517 0 8.07831E-05 3.52117 6.8771E-01 0.29157 0.0187116
6.02580E+06 3.889073 3.547705 0.633874 0.616661 7.08073 300.9215 0 8.39342E-08 3.60709 6.8771E-01 0.29157 0.0187116
6.15191E+06 3.908394 3.699578 0.626054 0.626054 7.08073 219.2744 0 1.70041E-09 3.6486 6.8771E-01 0.29157 0.0187116
0.00000E+00 3.211800 3.622914 2.000000 0.511400 0.334025 14.9398 1 1.34334E-15 3.6491 7.3604E-01 0.260339 0.00286043
1.88252E+05 3.241409 3.620517 2.000000 0.512818 0.334025 16.0026 1 1.35622E-15 3.64655 7.3604E-01 0.260339 0.00286043
4.00149E+05 3.277405 3.617573 2.000000 0.514691 0.334025 17.3972 1 1.37303E-15 3.64346 7.3604E-01 0.260339 0.00286043
6.36318E+05 3.319834 3.614110 2.000000 0.517169 0.334025 19.2017 1 1.39583E-15 3.63978 7.3604E-01 0.260339 0.00286043
8.93633E+05 3.368086 3.610149 2.000000 0.520401 0.334025 21.4941 1 1.42648E-15 3.63551 7.3604E-01 0.260339 0.00286043
1.16440E+06 3.420264 3.605792 2.000000 0.524486 0.334025 24.2950 1 1.46648E-15 3.63083 7.3604E-01 0.260339 0.00286043
1.43832E+06 3.473701 3.601286 2.000000 0.529442 0.334025 27.5603 1 1.51667E-15 3.62593 7.3604E-01 0.260339 0.00286043
1.70619E+06 3.525958 3.596889 2.000000 0.535215 0.334025 31.1987 1 2.17267E-15 3.62104 7.3604E-01 0.260339 0.00286043
1.96212E+06 3.575427 3.592687 2.000000 0.541717 0.334025 35.1091 1 6.97159E-15 3.61632 7.3604E-01 0.260339 0.00286043
2.20320E+06 3.621307 3.588756 2.000000 0.548843 0.536283 39.2073 1 2.07483E-14 3.6118 7.3604E-01 0.260339 0.00286043
2.42831E+06 3.658026 3.582720 2.000000 0.554735 0.878249 42.8448 1 6.06510E-14 3.60814 7.3519E-01 0.260879 0.00316723
2.64502E+06 3.688803 3.574492 2.000000 0.559883 1.31588 46.1571 1 1.85232E-13 3.60505 7.3368E-01 0.261838 0.00370149
2.85824E+06 3.715531 3.541196 1.999313 0.564624 1.81861 49.2578 1 5.31722E-09 3.60235 7.3163E-01 0.263157 0.00441544
3.06840E+06 3.738882 3.524382 1.997733 0.569061 2.35782 52.1684 1 1.20275E-08 3.59993 7.2911E-01 0.264776 0.00528021
3.27476E+06 3.759261 3.512726 1.994847 0.573240 2.90846 54.8783 1 2.16992E-08 3.5978 7.2621E-01 0.266665 0.00626537
3.47651E+06 3.777041 3.503397 1.990196 0.577199 3.45146 57.4119 1 3.48743E-08 3.59588 7.2300E-01 0.268754 0.00733859
3.67306E+06 3.792709 3.495526 1.983354 0.581012 3.97501 59.8086 1 5.16774E-08 3.59413 7.1957E-01 0.271002 0.00846903
3.86397E+06 3.806671 3.488614 1.973894 0.584732 4.47297 129.0303 0 7.20606E-08 3.62641 7.1599E-01 0.27334 0.00963414
4.04895E+06 3.819267 3.482342 1.961523 0.588399 4.94192 134.8627 0 9.58554E-08 3.62374 7.1230E-01 0.275769 0.0108165
4.22783E+06 3.830795 3.476639 1.946006 0.592050 5.38086 140.8530 0 1.22573E-07 3.62071 7.0855E-01 0.278227 0.012002
4.40050E+06 3.841517 3.471196 1.927201 0.595721 5.79004 147.1657 0 1.52174E-07 3.61727 7.0477E-01 0.280716 0.0131805
4.56687E+06 3.851639 3.465906 1.905021 0.599439 6.17134 153.9822 0 1.84452E-07 3.61333 7.0099E-01 0.283214 0.0143436
4.72690E+06 3.861330 3.460706 1.879465 0.603227 6.52547 161.3094 0 2.19181E-07 3.60896 6.9722E-01 0.285712 0.0154869
4.88054E+06 3.870728 3.455552 1.850555 0.607104 6.85479 169.3580 0 2.56148E-07 3.60405 6.9347E-01 0.288201 0.0166043
5.02776E+06 3.879948 3.450243 1.818366 0.611091 7.16004 178.2928 0 2.95722E-07 3.59859 6.8977E-01 0.290659 0.0176923
5.16857E+06 3.889058 3.425385 1.542314 0.615254 7.42279 234.0942 0 7.40236E-06 3.55161 6.8612E-01 0.293088 0.018747
5.26543E+06 3.886773 3.378202 0.905462 0.616959 7.42279 468.4809 0 8.94443E-05 3.52105 6.8281E-01 0.295306 0.0196894
5.30378E+06 3.901900 3.543062 0.639714 0.621394 7.42279 340.4090 0 1.02056E-07 3.59557 6.8281E-01 0.295306 0.0196894
5.42569E+06 3.920695 3.697763 0.630893 0.630893 7.42279 225.0584 0 2.43383E-09 3.64798 6.8281E-01 0.295306 0.0196894
0.00000E+00 3.354200 3.616374 2.200000 0.535100 0.331977 19.0372 1 1.13804E-15 3.64272 7.3299E-01 0.263291 0.00285805
1.48327E+05 3.392156 3.613260 2.200000 0.537137 0.331977 20.8011 1 1.15863E-15 3.63938 7.3299E-01 0.263291 0.00285805
3.22777E+05 3.439069 3.609314 2.200000 0.540008 0.331977 23.2167 1 1.18760E-15 3.6352 7.3299E-01 0.263291 0.00285805
5.21499E+05 3.493296 3.604776 2.200000 0.543956 0.331977 26.3800 1 1.22846E-15 3.63027 7.3299E-01 0.263291 0.00285805
7.35262E+05 3.550762 3.599914 2.200000 0.549073 0.331977 30.2300 1 1.28275E-15 3.62491 7.3299E-01 0.263291 0.00285805
9.51067E+05 3.606566 3.595165 2.200000 0.555241 0.331977 34.5254 1 3.11200E-15 3.61963 7.3299E-01 0.263291 0.00285805
1.15913E+06 3.657581 3.590765 2.200000 0.562231 0.331977 39.0197 1 1.05110E-14 3.61467 7.3299E-01 0.263291 0.00285805
1.35490E+06 3.702820 3.586851 2.200000 0.569824 0.331977 43.5337 1 3.12321E-14 3.61013 7.3299E-01 0.263291 0.00285805
1.53703E+06 3.742487 3.583407 2.200000 0.577832 0.605086 47.9536 1 8.18701E-14 3.60605 7.3299E-01 0.263291 0.00285805
1.70553E+06 3.770770 3.577154 2.200000 0.583476 1.02758 51.3697 1 2.10820E-13 3.60316 7.3185E-01 0.264021 0.00326683
1.87067E+06 3.792996 3.560481 2.199766 0.587977 1.53835 54.2306 1 2.17698E-09 3.60088 7.2997E-01 0.26522 0.00392392
2.03747E+06 3.811468 3.529371 2.198812 0.591902 2.1019 56.7362 1 8.82447E-09 3.59899 7.2755E-01 0.266779 0.00476074
2.20521E+06 3.826789 3.516038 2.196856 0.595356 2.68398 58.9168 1 1.75024E-08 3.59742 7.2468E-01 0.268648 0.00574267
2.37235E+06 3.839547 3.506453 2.193503 0.598457 3.25979 60.8185 1 2.94071E-08 3.59612 7.2146E-01 0.270737 0.00682751
2.53767E+06 3.850306 3.498875 2.188365 0.601315 3.81419 62.5021 1 4.46799E-08 3.59503 7.1801E-01 0.272976 0.00797824
2.70033E+06 3.859539 3.492566 2.181097 0.604013 4.33919 64.0531 1 6.31735E-08 3.59403 7.1441E-01 0.275325 0.00916725
2.85981E+06 3.867636 3.487075 2.171425 0.606614 4.83176 136.8776 0 8.46419E-08 3.64772 7.1072E-01 0.277723 0.010374
3.01581E+06 3.874925 3.482183 2.159136 0.609177 5.29181 140.3230 0 1.08690E-07 3.64573 7.0698E-01 0.280162 0.0115843
3.16811E+06 3.881644 3.477712 2.144080 0.611737 5.72071 143.9176 0 1.34988E-07 3.64345 7.0321E-01 0.282621 0.0127896
3.31657E+06 3.887973 3.473461 2.126168 0.614318 6.12004 147.7725 0 1.63410E-07 3.64082 6.9944E-01 0.285079 0.0139848
3.46110E+06 3.894050 3.469350 2.105365 0.616943 6.49229 151.9314 0 1.93743E-07 3.63786 6.9567E-01 0.287538 0.0151644
3.60159E+06 3.899984 3.465391 2.081657 0.619629 6.83925 156.5271 0 2.25617E-07 3.63451 6.9192E-01 0.289987 0.0163265
3.73798E+06 3.905859 3.461344 2.055054 0.622391 7.16326 161.6513 0 2.59431E-07 3.63073 6.8819E-01 0.292415 0.0174681
3.87017E+06 3.911742 3.457306 2.025594 0.625243 7.4657 167.4327 0 2.94741E-07 3.62648 6.8450E-01 0.294834 0.0185881
3.99810E+06 3.917583 3.444175 1.864008 0.628161 7.74701 192.1060 0 3.52143E-06 3.60287 6.8083E-01 0.297223 0.0196831
4.12222E+06 3.925295 3.408864 1.454865 0.632114 7.97916 283.3792 0 2.50463E-06 3.53917 6.7724E-01 0.299581 0.0207469
4.18459E+06 3.899736 3.377891 0.922478 0.631951 7.97916 464.9614 0 9.44527E-05 3.52325 6.7411E-01 0.30163 0.021657
4.23844E+06 3.937803 3.570221 0.653505 0.638691 7.97916 282.2865 0 8.00801E-08 3.62335 6.7411E-01 0.30163 0.021657
4.33962E+06 3.953027 3.739522 0.646904 0.646904 7.97916 231.2206 0 7.12473E-10 3.65052 6.7411E-01 0.30163 0.021657
0.00000E+00 3.619800 3.596263 2.500000 0.590300 0.343335 31.5402 1 9.98747E-16 3.62678 7.3198E-01 0.26324 0.00285432
8.55552E+04 3.656386 3.593032 2.500000 0.592944 0.343335 34.4166 1 1.75550E-15 3.62329 7.3198E-01 0.26324 0.00285432
1.90601E+05 3.701074 3.589075 2.500000 0.596821 0.343335 38.3020 1 5.14773E-15 3.61898 7.3198E-01 0.26324 0.00285432
3.10976E+05 3.749023 3.584809 2.500000 0.602078 0.343335 43.0049 1 1.65125E-14 3.6142 7.3198E-01 0.26324 0.00285432
4.36486E+05 3.793875 3.580813 2.500000 0.608440 0.343335 47.9650 1 4.96724E-14 3.60961 7.3198E-01 0.26324 0.00285432
5.58554E+05 3.832274 3.577387 2.500000 0.615442 0.343335 52.6899 1 1.28785E-13 3.60561 7.3198E-01 0.26324 0.00285432
6.73649E+05 3.864185 3.574542 2.500000 0.622732 0.343335 57.0038 1 2.86460E-13 3.60219 7.3198E-01 0.26324 0.00285432
7.81082E+05 3.890856 3.572158 2.500000 0.630118 0.343335 60.9110 1 5.62516E-13 3.59926 7.3198E-01 0.26324 0.00285432
8.81094E+05 3.913539 3.570145 2.500000 0.637484 0.343335 64.4559 1 1.00234E-12 3.59674 7.3198E-01 0.26324 0.00285432
9.74180E+05 3.933224 3.568414 2.500000 0.644756 0.343335 67.7023 1 1.65908E-12 3.59455 7.3198E-01 0.26324 0.00285432
1.06089E+06 3.950639 3.566874 2.500000 0.651888 0.663832 70.7247 1 2.60099E-12 3.59258 7.3198E-01 0.26324 0.00285432
1.14177E+06 3.959681 3.562493 2.500000 0.655244 1.08669 72.3073 1 4.16264E-12 3.59164 7.3058E-01 0.264149 0.00332681
1.22698E+06 3.966583 3.539019 2.499701 0.657776 1.5738 73.5137 1 4.85023E-09 3.59098 7.2865E-01 0.265429 0.00397565
1.31797E+06 3.972201 3.515594 2.498827 0.659880 2.09587 74.4960 1 1.31736E-08 3.59049 7.2628E-01 0.266988 0.00476175
1.41167E+06 3.976471 3.505214 2.497264 0.661501 2.61713 75.2396 1 2.26144E-08 3.59016 7.2357E-01 0.268787 0.00565386
1.50612E+06 3.979849 3.498160 2.494861 0.662839 3.11947 75.8364 1 3.40418E-08 3.58993 7.2068E-01 0.270697 0.00660029
1.60033E+06 3.982681 3.492696 2.491485 0.664035 3.59536 76.3564 1 4.74633E-08 3.58975 7.1770E-01 0.272666 0.00756966
1.69388E+06 3.985185 3.488223 2.487024 0.665165 4.04381 76.8476 1 6.26630E-08 3.58958 7.1468E-01 0.274655 0.00854569
1.78656E+06 3.987497 3.484353 2.481386 0.666274 4.46556 171.2310 0 7.95066E-08 3.67394 7.1166E-01 0.276644 0.00952032
1.87829E+06 3.989695 3.481050 2.474483 0.667378 4.86258 171.8066 0 9.75941E-08 3.6732 7.0863E-01 0.278643 0.0104901
1.96901E+06 3.991826 3.477953 2.466261 0.668490 5.23639 172.5683 0 1.17104E-07 3.67231 7.0560E-01 0.280632 0.0114536
2.05870E+06 3.993924 3.475167 2.456659 0.669614 5.58937 173.5331 0 1.37594E-07 3.67126 7.0258E-01 0.282611 0.0124103
2.14733E+06 3.996013 3.472488 2.445640 0.670756 5.92299 174.7024 0 1.59213E-07 3.67005 6.9956E-01 0.284591 0.0133601
2.23489E+06 3.998109 3.470047 2.433183 0.671920 6.23856 176.0244 0 1.81484E-07 3.66872 6.9656E-01 0.28656 0.014302
2.32134E+06 4.000228 3.467624 2.419264 0.673108 6.53775 177.5869 0 2.04731E-07 3.6672 6.9355E-01 0.288519 0.0152363
2.40666E+06 4.002380 3.465251 2.403869 0.674326 6.82182 179.4039 0 2.28768E-07 3.66551 6.9056E-01 0.290478 0.016163
2.49083E+06 4.004575 3.462911 2.386990 0.675577 7.09145 181.4891 0 2.53536E-07 3.66362 6.8757E-01 0.292427 0.0170822
2.57380E+06 4.006824 3.460497 2.368630 0.676864 7.34844 183.8551 0 2.79283E-07 3.66153 6.8459E-01 0.294366 0.0179928
2.65556E+06 4.009033 3.455963 2.307786 0.678134 7.59415 191.1852 0 2.59243E-06 3.65428 6.8162E-01 0.296305 0.0188956
2.73622E+06 4.011693 3.446433 2.167145 0.679669 7.83452 209.9353 0 3.86893E-06 3.63657 6.7865E-01 0.298235 0.019793
2.81517E+06 4.015047 3.428465 1.913239 0.681613 8.06746 252.4831 0 8.17869E-06 3.60134 6.7561E-01 0.300214 0.0207051
2.88799E+06 4.018979 3.374335 1.055434 0.683984 8.06746 556.0700 0 1.40209E-04 3.51947 6.7252E-01 0.302223 0.0216235
2.89107E+06 4.019953 3.536650 0.709727 0.684468 8.06746 374.0908 0 1.38791E-07 3.60406 6.7252E-01 0.302223 0.0216235
2.96266E+06 4.033892 3.614094 0.692679 0.692679 8.06746 280.7024 0 3.66892E-08 3.64214 6.7252E-01 0.302223 0.0216235
0.00000E+00 3.935300 3.585511 3.000000 0.717900 0.342719 67.1603 1 5.06347E-14 3.58304 7.3299E-01 0.263182 0.00285958
2.41057E+04 3.960312 3.583266 3.000000 0.719799 0.378336 71.2562 1 9.60267E-14 3.58072 7.3299E-01 0.263182 0.00285958
5.86075E+04 3.988340 3.580279 3.000000 0.720999 0.45305 76.1333 1 2.03766E-13 3.57814 7.3244E-01 0.263682 0.00290745
9.96750E+04 4.014360 3.576926 3.000000 0.721966 0.566432 80.9806 1 4.28758E-13 3.57571 7.3154E-01 0.264472 0.00301057
1.43799E+05 4.035160 3.573491 3.000000 0.722656 0.708901 85.0743 1 8.20897E-13 3.57377 7.3038E-01 0.265462 0.00317005
1.89344E+05 4.050736 3.570018 3.000000 0.723182 0.872459 88.2601 1 1.42116E-12 3.57235 7.2905E-01 0.266581 0.00337348
2.35688E+05 4.062050 3.566137 3.000000 0.723619 1.05212 90.6251 1 2.32104E-12 3.57135 7.2760E-01 0.267781 0.00361107
2.82575E+05 4.070338 3.550276 2.999885 0.724003 1.24421 92.3761 1 3.22718E-09 3.57065 7.2606E-01 0.269041 0.00387658
3.29874E+05 4.076673 3.534137 2.999660 0.724351 1.44592 93.7183 1 6.31744E-09 3.57015 7.2446E-01 0.27034 0.00416584
3.77501E+05 4.081750 3.525852 2.999327 0.724672 1.65517 94.7945 1 9.20973E-09 3.56978 7.2281E-01 0.27166 0.00447585
4.25400E+05 4.086093 3.519871 2.998877 0.724974 1.87017 95.7156 1 1.23303E-08 3.56947 7.2112E-01 0.27301 0.00480431
4.73529E+05 4.090081 3.515064 2.998295 0.725263 2.08949 96.5646 1 1.57942E-08 3.56921 7.1939E-01 0.274369 0.00514914
5.21853E+05 4.093981 3.510965 2.997564 0.725543 2.31194 97.4028 1 1.96737E-08 3.56895 7.1764E-01 0.275739 0.00550935
5.70349E+05 4.097979 3.507216 2.996665 0.725818 2.53697 98.2772 1 2.40891E-08 3.56867 7.1586E-01 0.277118 0.00588374
6.18994E+05 4.102199 3.503851 2.995576 0.726088 2.76341 99.2186 1 2.90087E-08 3.56838 7.1406E-01 0.278508 0.00627161
6.67769E+05 4.106722 3.500685 2.994273 0.726357 2.99095 100.2487 1 3.45327E-08 3.56804 7.1224E-01 0.279898 0.00667247
7.16660E+05 4.111599 3.497617 2.992729 0.726625 3.21918 101.3913 1 4.07487E-08 3.56766 7.1041E-01 0.281287 0.0070858
7.65650E+05 4.116860 3.494736 2.990916 0.726893 3.44733 102.6523 1 4.75988E-08 3.56723 7.0856E-01 0.282677 0.00751153
8.14726E+05 4.122517 3.491847 2.988805 0.727161 3.67538 104.0398 1 5.52742E-08 3.56675 7.0669E-01 0.284077 0.00794933
8.63875E+05 4.128572 3.488993 2.986362 0.727430 3.90263 105.5565 1 6.37740E-08 3.56623 7.0481E-01 0.285466 0.00839893
9.13085E+05 4.135018 3.486122 2.983554 0.727702 4.12892 107.2056 1 7.31904E-08 3.56566 7.0291E-01 0.286866 0.00886042
9.62346E+05 4.141844 3.483293 2.980344 0.727975 4.35395 108.9936 1 8.34858E-08 3.56505 7.0100E-01 0.288255 0.00933358
1.01164E+06 4.149029 3.480431 2.976696 0.728250 4.57749 228.9486 0 9.47919E-08 3.67351 6.9908E-01 0.289655 0.00981835
1.06097E+06 4.156554 3.477643 2.972570 0.728528 4.79927 234.5218 0 1.06971E-07 3.67283 6.9714E-01 0.291045 0.0103147
1.11032E+06 4.164392 3.474763 2.967927 0.728810 5.01938 240.6199 0 1.20315E-07 3.67211 6.9520E-01 0.292434 0.0108225
1.15967E+06 4.172516 3.471822 2.962721 0.729095 5.23715 247.2361 0 1.34823E-07 3.67133 6.9324E-01 0.293824 0.0113418
1.20902E+06 4.180894 3.468860 2.956910 0.729384 5.45263 254.3503 0 1.50458E-07 3.6705 6.9126E-01 0.295203 0.0118728
1.25835E+06 4.189496 3.465878 2.950448 0.729678 5.66572 261.9970 0 1.67237E-07 3.66964 6.8928E-01 0.296583 0.0124152
1.30767E+06 4.198287 3.462887 2.943289 0.729977 5.87625 270.1944 0 1.85152E-07 3.66874 6.8728E-01 0.297963 0.0129692
1.35695E+06 4.207231 3.459840 2.935390 0.730283 6.08419 278.9723 0 2.04337E-07 3.66779 6.8527E-01 0.299342 0.0135346
1.40620E+06 4.216293 3.456708 2.926704 0.730595 6.28955 288.2764 0 2.24899E-07 3.66681 6.8325E-01 0.300722 0.0141118
1.45539E+06 4.225434 3.453699 2.917185 0.730914 6.49223 298.1500 0 2.46275E-07 3.6658 6.8122E-01 0.302091 0.0147009
1.50451E+06 4.234617 3.450526 2.906786 0.731242 6.69186 308.5691 0 2.69285E-07 3.66476 6.7917E-01 0.303451 0.0153018
1.55357E+06 4.243804 3.447466 2.895467 0.731578 6.88836 319.5002 0 2.93094E-07 3.66371 6.7711E-01 0.30482 0.0159148
1.60254E+06 4.252955 3.444287 2.883181 0.731925 7.08246 331.0247 0 3.18443E-07 3.66262 6.7504E-01 0.30618 0.0165397
1.65141E+06 4.262034 3.441100 2.869889 0.732283 7.27349 343.0990 0 3.44974E-07 3.66151 6.7296E-01 0.30754 0.0171776
1.70018E+06 4.270702 3.438032 2.853318 0.732654 7.4615 355.4717 0 1.14606E-06 3.66043 6.7086E-01 0.308889 0.017828
1.74883E+06 4.275440 3.434676 2.813089 0.733042 7.6475 367.8517 0 4.53936E-06 3.65919 6.6875E-01 0.310238 0.0184911
1.79739E+06 4.273285 3.430138 2.728546 0.733481 7.83586 381.7219 0 5.31899E-06 3.65728 6.6660E-01 0.311598 0.0191719
1.84581E+06 4.265211 3.425263 2.610466 0.733875 8.02223 394.9127 0 6.28363E-06 3.65532 6.6440E-01 0.312987 0.0198844
1.89391E+06 4.250293 3.419091 2.448507 0.734547 8.21282 408.6955 0 7.68772E-06 3.6481 6.6215E-01 0.314377 0.0206171
1.94140E+06 4.227553 3.411219 2.235990 0.735466 8.40917 419.7595 0 9.82666E-06 3.6249 6.5980E-01 0.315826 0.0213984
1.98779E+06 4.192269 3.398953 1.927570 0.736803 8.60723 445.4207 0 1.48596E-05 3.58707 6.5734E-01 0.317306 0.0222365
2.03236E+06 4.125681 3.375184 1.215891 0.739012 8.73742 624.0289 0 5.78075E-05 3.51899 6.5480E-01 0.318805 0.0231234
2.07392E+06 4.118296 3.564946 0.768540 0.744294 8.73742 369.0533 0 1.13584E-07 3.62214 6.5313E-01 0.319765 0.0237292
2.10861E+06 4.126638 3.604233 0.765670 0.749590 8.73742 301.9025 0 5.90820E-08 3.64709 6.5313E-01 0.319765 0.0237292
2.14121E+06 4.134227 3.665372 0.754445 0.754445 8.73742 285.9156 0 1.59088E-08 3.65656 6.5313E-01 0.319765 0.0237292
0.00000E+00 4.191200 3.566819 3.500000 0.837700 0.347766 105.7594 1 4.13662E-12 3.57012 7.2895E-01 0.266122 0.00284813
7.30534E+03 4.206149 3.565420 3.500000 0.838745 0.358773 109.6542 1 6.31499E-12 3.56862 7.2895E-01 0.266122 0.00284813
1.62587E+04 4.221112 3.563906 3.500000 0.839282 0.378027 113.6946 1 9.75670E-12 3.56712 7.2874E-01 0.266322 0.00286225
2.67237E+04 4.236125 3.562297 3.500000 0.839722 0.405966 117.8790 1 1.52442E-11 3.56564 7.2842E-01 0.266612 0.0028874
3.83209E+04 4.250147 3.560684 3.500000 0.840051 0.441518 121.9332 1 2.33928E-11 3.56426 7.2801E-01 0.266992 0.00292443
5.06387E+04 4.262563 3.559141 3.500000 0.840278 0.482818 125.6414 1 3.45531E-11 3.56302 7.2752E-01 0.267422 0.00297201
6.33797E+04 4.273248 3.557698 3.499999 0.840430 0.528157 128.9140 1 4.88205E-11 3.56197 7.2698E-01 0.267902 0.00302766
7.63638E+04 4.282346 3.556357 3.499999 0.840534 0.576227 131.7547 1 6.61201E-11 3.56109 7.2641E-01 0.268412 0.00308892
8.94898E+04 4.290094 3.555105 3.499998 0.840609 0.626278 134.2165 1 8.63387E-11 3.56035 7.2581E-01 0.268941 0.0031543
1.02703E+05 4.296742 3.553924 3.499998 0.840666 0.677658 136.3659 1 1.09430E-10 3.55971 7.2520E-01 0.269481 0.00322241
1.15973E+05 4.302510 3.552790 3.499997 0.840711 0.730152 138.2499 1 1.35462E-10 3.55916 7.2457E-01 0.270031 0.00329288
1.29283E+05 4.307587 3.551680 3.499996 0.840748 0.7834 139.9208 1 1.64734E-10 3.5587 7.2394E-01 0.270591 0.00336483
1.42624E+05 4.312127 3.550565 3.499994 0.840780 0.837184 141.4211 1 1.97879E-10 3.55829 7.2330E-01 0.271151 0.00343828
1.55990E+05 4.316254 3.549398 3.499993 0.840808 0.891638 142.7988 1 2.36258E-10 3.55791 7.2265E-01 0.271721 0.00351279
1.69377E+05 4.320068 3.548100 3.499991 0.840834 0.946327 144.0806 1 2.82514E-10 3.55757 7.2200E-01 0.272291 0.00358823
1.82782E+05 4.323648 3.546402 3.499988 0.840857 1.00142 145.2912 1 3.45225E-10 3.55726 7.2135E-01 0.272861 0.00366454
1.96204E+05 4.327052 3.541644 3.499943 0.840879 1.05673 146.4508 1 4.18038E-09 3.55696 7.2069E-01 0.27344 0.0037416
2.09641E+05 4.330331 3.528142 3.499871 0.840900 1.11233 147.5738 1 6.69347E-09 3.55667 7.2003E-01 0.27402 0.00381918
2.23093E+05 4.333522 3.520456 3.499777 0.840919 1.16808 148.6768 1 8.71621E-09 3.5564 7.1937E-01 0.2746 0.0038974
2.36558E+05 4.336655 3.515220 3.499665 0.840938 1.22397 149.7684 1 1.04628E-08 3.55612 7.1870E-01 0.275179 0.00397625
2.50036E+05 4.339753 3.511179 3.499535 0.840957 1.27994 150.8589 1 1.20799E-08 3.55585 7.1804E-01 0.275758 0.00405562
2.63527E+05 4.342834 3.507886 3.499388 0.840974 1.33597 151.9515 1 1.36178E-08 3.55558 7.1737E-01 0.276337 0.00413564
2.77030E+05 4.345911 3.504973 3.499225 0.840992 1.39204 153.0528 1 1.51558E-08 3.55531 7.1670E-01 0.276925 0.00421622
2.90546E+05 4.348994 3.502476 3.499045 0.841009 1.44805 154.1661 1 1.66516E-08 3.55503 7.1603E-01 0.277513 0.00429736
3.04073E+05 4.352091 3.500192 3.498849 0.841027 1.50376 155.2880 1 1.81624E-08 3.55476 7.1535E-01 0.278091 0.00437911
3.17611E+05 4.355208 3.498063 3.498636 0.841044 1.55922 156.4322 1 1.97017E-08 3.55448 7.1468E-01 0.278677 0.00446165
3.31161E+05 4.358349 3.496103 3.498406 0.841061 1.61377 157.5926 1 2.12489E-08 3.5542 7.1400E-01 0.279263 0.00454506
3.44723E+05 4.361519 3.494161 3.498159 0.841078 1.66672 158.7756 1 2.28675E-08 3.55392 7.1333E-01 0.279848 0.00462964
3.58296E+05 4.364718 3.492343 3.497893 0.841095 1.71695 159.9786 1 2.44900E-08 3.55363 7.1265E-01 0.280442 0.00471548
3.71880E+05 4.367949 3.490508 3.497609 0.841111 1.76292 161.1958 1 2.61739E-08 3.55334 7.1196E-01 0.281026 0.00480307
3.85476E+05 4.371212 3.488735 3.497306 0.841128 1.80255 407.3772 0 2.78475E-08 3.66216 7.1128E-01 0.281619 0.00489249
3.99083E+05 4.374509 3.486904 3.496984 0.841145 1.83319 411.7021 0 2.95477E-08 3.66187 7.1059E-01 0.282202 0.00498438
4.12701E+05 4.377839 3.484889 3.496642 0.841163 1.85257 416.1060 0 3.13176E-08 3.66158 7.0990E-01 0.282795 0.00507907
4.26331E+05 4.381204 3.482893 3.496281 0.841180 1.85838 420.6181 0 3.29787E-08 3.66128 7.0920E-01 0.283379 0.00517671
4.39971E+05 4.384601 3.480716 3.495901 0.841197 1.84889 425.2197 0 3.46207E-08 3.66098 7.0850E-01 0.283974 0.00527766
4.53624E+05 4.388033 3.478579 3.495503 0.841214 1.82298 429.9421 0 3.60421E-08 3.66069 7.0780E-01 0.284568 0.00538234
4.67287E+05 4.391498 3.476442 3.495090 0.841232 1.77998 434.7749 0 3.72298E-08 3.66038 7.0709E-01 0.285164 0.00549034
4.80962E+05 4.394997 3.474412 3.494665 0.841249 1.7197 439.7139 0 3.80693E-08 3.66005 7.0637E-01 0.28576 0.00560195
4.94648E+05 4.398525 3.472709 3.494197 0.841267 1.64229 444.7444 0 8.25544E-08 3.65972 7.0565E-01 0.286346 0.00571724
5.08346E+05 4.402064 3.471281 3.493459 0.841285 1.54878 449.9015 0 2.13308E-07 3.6594 7.0493E-01 0.286943 0.00583592
5.22056E+05 4.405575 3.470341 3.492063 0.841303 1.4403 455.1917 0 4.78795E-07 3.65907 7.0420E-01 0.28755 0.00595809
5.35778E+05 4.409013 3.470082 3.489550 0.841321 1.31925 460.6267 0 8.78621E-07 3.65872 7.0346E-01 0.288148 0.00608327
5.49512E+05 4.412369 3.470923 3.485916 0.841340 1.18799 466.2378 0 1.15630E-06 3.65836 7.0273E-01 0.288746 0.00621137
5.63261E+05 4.415782 3.474041 3.482642 0.841359 1.04918 471.9839 0 7.44492E-07 3.65798 7.0198E-01 0.289354 0.00634183
5.77024E+05 4.419433 3.485173 3.481590 0.841379 0.905256 477.7711 0 3.58178E-08 3.65763 7.0123E-01 0.289962 0.00647436
5.90798E+05 4.423091 3.521953 3.480342 0.841398 0.761039 184.2018 1 2.38404E-08 3.54817 7.0048E-01 0.29057 0.00660843
6.04585E+05 4.426887 3.523017 3.480171 0.841417 0.622115 185.8474 1 2.45501E-08 3.54784 6.9972E-01 0.291189 0.00674311
6.18384E+05 4.430712 3.523147 3.479994 0.841437 0.495931 187.5114 1 2.69644E-08 3.54751 6.9895E-01 0.291807 0.00687733
6.32195E+05 4.434565 3.523000 3.479798 0.841456 0.390457 189.2023 1 2.91758E-08 3.54718 6.9818E-01 0.292426 0.00700952
6.46017E+05 4.438445 3.522721 3.479582 0.841476 0.311362 190.9156 1 2.89917E-08 3.54685 6.9741E-01 0.293065 0.00713822
6.59852E+05 4.442350 3.522531 3.479350 0.841495 0.259785 192.6615 1 2.85752E-08 3.54651 6.9663E-01 0.293704 0.00726224
6.73698E+05 4.446282 3.522124 3.479106 0.841515 0.23088 194.4332 1 2.85302E-08 3.54617 6.9585E-01 0.294353 0.00738131
6.87556E+05 4.450238 3.521588 3.478846 0.841534 0.216802 196.2420 1 2.86690E-08 3.54583 6.9506E-01 0.295012 0.00749641
7.01425E+05 4.454219 3.520983 3.478573 0.841554 0.21089 198.0708 1 2.89068E-08 3.54548 6.9427E-01 0.295692 0.00760906
7.15307E+05 4.458223 3.520293 3.478285 0.841574 0.208898 199.9330 1 2.92542E-08 3.54514 6.9346E-01 0.296371 0.00772069
7.29200E+05 4.462250 3.519560 3.477982 0.841594 0.208712 201.8218 1 2.96450E-08 3.54479 6.9265E-01 0.297051 0.00783208
7.43104E+05 4.466299 3.518800 3.477659 0.841613 0.209376 203.7382 1 3.00461E-08 3.54444 6.9183E-01 0.297751 0.00794376
7.57020E+05 4.470370 3.518018 3.477323 0.841633 0.210642 205.6846 1 3.04442E-08 3.54409 6.9101E-01 0.298451 0.00805579
7.70948E+05 4.474462 3.517244 3.476975 0.841653 0.212312 207.6592 1 3.07758E-08 3.54374 6.9017E-01 0.29916 0.00816816
7.84888E+05 4.478574 3.516496 3.476614 0.841674 0.214291 209.6571 1 3.10099E-08 3.54338 6.8933E-01 0.29987 0.00828106
7.98839E+05 4.482614 3.515748 3.475526 0.841694 0.216569 587.0440 0 4.73234E-07 3.65214 6.8848E-01 0.3006 0.00839454
8.12803E+05 4.486474 3.514990 3.472925 0.841714 0.219153 595.0140 0 5.35459E-07 3.65179 6.8762E-01 0.30133 0.00850853
8.26780E+05 4.490213 3.514223 3.469306 0.841736 0.221964 603.1300 0 6.06635E-07 3.65142 6.8676E-01 0.30206 0.00862296
8.40771E+05 4.493896 3.513443 3.465205 0.841757 0.224974 611.3818 0 6.88069E-07 3.65104 6.8588E-01 0.30281 0.00873833
8.54776E+05 4.497415 3.512649 3.459858 0.841779 0.228185 619.7188 0 7.81631E-07 3.65066 6.8499E-01 0.30356 0.00885433
8.68797E+05 4.500838 3.511858 3.453793 0.841802 0.231567 628.1634 0 8.87950E-07 3.65028 6.8410E-01 0.30433 0.00897112
8.82834E+05 4.504147 3.511083 3.446910 0.841826 0.23507 636.7403 0 1.00795E-06 3.64989 6.8320E-01 0.3051 0.00908875
8.96888E+05 4.507321 3.510309 3.439097 0.841850 0.238757 645.4214 0 1.14426E-06 3.64949 6.8228E-01 0.30588 0.00920731
9.10959E+05 4.510242 3.509529 3.429569 0.841875 0.242621 654.1367 0 1.30006E-06 3.64907 6.8136E-01 0.30666 0.00932698
9.25050E+05 4.512961 3.508762 3.418731 0.841902 0.246618 662.8505 0 1.47602E-06 3.64866 6.8042E-01 0.30746 0.00944758
9.39160E+05 4.515443 3.507982 3.406400 0.841930 0.250748 671.4963 0 1.67731E-06 3.64825 6.7948E-01 0.30826 0.00956954
9.53292E+05 4.517650 3.507186 3.392355 0.841960 0.255013 680.0408 0 1.90830E-06 3.64785 6.7853E-01 0.30908 0.00969283
9.67447E+05 4.519532 3.506373 3.376334 0.841992 0.259426 688.5023 0 2.17371E-06 3.64744 6.7756E-01 0.3099 0.00981765
9.81626E+05 4.521036 3.505587 3.358044 0.842025 0.263965 696.8572 0 2.47139E-06 3.64703 6.7659E-01 0.31073 0.00994397
9.95832E+05 4.522105 3.504798 3.337188 0.842062 0.268648 705.0869 0 2.81006E-06 3.64661 6.7560E-01 0.31157 0.0100723
1.01006E+06 4.522667 3.503992 3.313382 0.842102 0.27349 713.1137 0 3.19859E-06 3.64618 6.7461E-01 0.31242 0.0102026
1.02433E+06 4.522635 3.503163 3.286166 0.842146 0.278516 720.8830 0 3.64631E-06 3.64573 6.7360E-01 0.31327 0.0103352
1.03862E+06 4.521905 3.502311 3.254988 0.842194 0.283771 728.4062 0 4.16278E-06 3.64526 6.7258E-01 0.31413 0.0104707
1.05295E+06 4.520248 3.501450 3.218528 0.842249 0.289324 735.5470 0 4.75580E-06 3.64476 6.7155E-01 0.315 0.0106091
1.06732E+06 4.517612 3.500575 3.176609 0.842311 0.295298 742.2127 0 5.43999E-06 3.64424 6.7051E-01 0.31588 0.010751
1.08173E+06 4.513824 3.499709 3.128318 0.842383 0.301964 748.3780 0 6.22334E-06 3.64368 6.6946E-01 0.31676 0.0108972
1.09618E+06 4.508602 3.498723 3.072435 0.842467 0.309784 753.8480 0 7.18046E-06 3.64309 6.6840E-01 0.31765 0.0110481
1.11067E+06 4.502077 3.497658 3.009372 0.842567 0.319595 758.9458 0 8.35223E-06 3.64244 6.6732E-01 0.31855 0.0112046
1.12521E+06 4.493003 3.496571 2.932825 0.842687 0.333795 762.4873 0 9.75681E-06 3.64177 6.6624E-01 0.31944 0.0113678
1.13979E+06 4.481330 3.495313 2.841972 0.842836 0.358695 765.8489 0 1.16243E-05 3.64094 6.6515E-01 0.32034 0.0115388
1.15441E+06 4.466468 3.493914 2.733779 0.842984 0.403197 769.1734 0 1.41669E-05 3.63991 6.6405E-01 0.32123 0.0117182
1.16904E+06 4.446957 3.492272 2.597979 0.843220 0.495065 773.2765 0 1.81274E-05 3.63862 6.6296E-01 0.32211 0.0119033
1.18368E+06 4.419643 3.490171 2.413608 0.843544 0.633843 765.7504 0 2.57886E-05 3.62921 6.6187E-01 0.32298 0.012094
1.19827E+06 4.374550 3.486784 2.106268 0.844015 0.792097 744.4865 0 5.24871E-05 3.59595 6.6073E-01 0.32388 0.0122954
1.21274E+06 4.274731 3.500001 1.073348 0.844839 0.871727 841.7779 0 1.09159E-04 3.53531 6.5949E-01 0.32485 0.0125275
1.22032E+06 4.268488 3.672511 0.846031 0.846031 0.871727 326.1733 0 5.59661E-07 3.66384 6.5891E-01 0.3253 0.0126469
0.00000E+00 4.211300 3.580823 4.000000 0.846000 0.356275 95.9086 1 3.99849E-13 3.57963 6.9904E-01 0.297116 0.00285085
6.52398E+03 4.227907 3.579306 4.000000 0.846995 0.363282 99.7688 1 6.36692E-13 3.57807 6.9904E-01 0.297116 0.00285085
1.41410E+04 4.244251 3.577719 4.000000 0.847616 0.376232 103.7418 1 1.01364E-12 3.57651 6.9891E-01 0.297236 0.00285951
2.28184E+04 4.260467 3.576061 4.000000 0.848152 0.396019 107.8320 1 1.62398E-12 3.57496 6.9871E-01 0.297416 0.00287584
3.24819E+04 4.275984 3.574371 4.000000 0.848609 0.423025 111.8927 1 2.57828E-12 3.57349 6.9845E-01 0.297646 0.00290122
4.29565E+04 4.290256 3.572691 4.000000 0.848978 0.456816 115.7613 1 3.99277E-12 3.57214 6.9813E-01 0.297936 0.00293629
5.40465E+04 4.302986 3.571051 4.000000 0.849265 0.496428 119.3326 1 5.97476E-12 3.57092 6.9775E-01 0.298266 0.00298056
6.55797E+04 4.314128 3.569474 4.000000 0.849482 0.540719 122.5536 1 8.60523E-12 3.56985 6.9733E-01 0.298626 0.00303277
7.74227E+04 4.323802 3.567959 4.000000 0.849643 0.588589 125.4147 1 1.19483E-11 3.56893 6.9688E-01 0.299016 0.00309137
8.94787E+04 4.332207 3.566502 4.000000 0.849762 0.639132 127.9523 1 1.60627E-11 3.56813 6.9640E-01 0.299426 0.00315507
1.01680E+05 4.339563 3.565090 4.000000 0.849850 0.69162 130.2094 1 2.10227E-11 3.56744 6.9591E-01 0.299846 0.0032226
1.13981E+05 4.346077 3.563697 3.999999 0.849918 0.745485 132.2359 1 2.69518E-11 3.56683 6.9540E-01 0.300275 0.00329309
1.26352E+05 4.351930 3.562299 3.999999 0.849970 0.800217 134.0789 1 3.40450E-11 3.56629 6.9489E-01 0.300714 0.00336584
1.38771E+05 4.357275 3.560859 3.999999 0.850011 0.855443 135.7760 1 4.26204E-11 3.5658 6.9436E-01 0.301163 0.00344045
1.51225E+05 4.362234 3.559333 3.999999 0.850045 0.910743 137.3619 1 5.31870E-11 3.56536 6.9383E-01 0.30161 0.0035167
1.63705E+05 4.366904 3.557536 3.999998 0.850074 0.965385 138.8676 1 6.71575E-11 3.56495 6.9330E-01 0.302067 0.00359435
1.76206E+05 4.371363 3.554893 3.999998 0.850099 1.01817 140.3157 1 8.93585E-11 3.56457 6.9276E-01 0.302522 0.00367367
1.88722E+05 4.375668 3.545170 3.999960 0.850122 1.06688 141.7306 1 3.75561E-09 3.56419 6.9222E-01 0.302976 0.00375463
2.01252E+05 4.379867 3.535460 3.999906 0.850142 1.10868 143.1273 1 5.36418E-09 3.56382 6.9167E-01 0.303429 0.00383776
2.13794E+05 4.383995 3.529516 3.999839 0.850162 1.14024 144.5157 1 6.64531E-09 3.56346 6.9112E-01 0.303892 0.00392344
2.26346E+05 4.388080 3.525212 3.999761 0.850181 1.15827 145.9006 1 7.72215E-09 3.5631 6.9057E-01 0.304356 0.00401203
2.38908E+05 4.392142 3.522039 3.999673 0.850199 1.16079 147.2932 1 8.57282E-09 3.56274 6.9001E-01 0.304809 0.00410394
2.51479E+05 4.396197 3.519558 3.999577 0.850216 1.14603 148.6973 1 9.22017E-09 3.56238 6.8945E-01 0.305274 0.00419932
2.64058E+05 4.400257 3.517958 3.999475 0.850233 1.11387 150.1203 1 9.56081E-09 3.56202 6.8888E-01 0.305739 0.00429816
2.76646E+05 4.404332 3.517681 3.999371 0.850251 1.06445 151.5597 1 9.44508E-09 3.56166 6.8830E-01 0.306205 0.00440052
2.89243E+05 4.408428 3.519935 3.999268 0.850267 0.99872 153.0198 1 8.58412E-09 3.5613 6.8773E-01 0.306672 0.00450607
3.01847E+05 4.412550 3.531554 3.999177 0.850284 0.918267 154.5097 1 1.18783E-09 3.56093 6.8715E-01 0.307128 0.00461478
3.14460E+05 4.416704 3.543748 3.999125 0.850301 0.825057 156.0170 1 5.76796E-10 3.56056 6.8656E-01 0.307606 0.00472647
3.27080E+05 4.420894 3.544571 3.999121 0.850318 0.721922 157.5568 1 6.05778E-10 3.56019 6.8597E-01 0.308073 0.00484067
3.39708E+05 4.425117 3.544717 3.999117 0.850335 0.613097 159.1206 1 6.66860E-10 3.55981 6.8537E-01 0.308541 0.0049571
3.52344E+05 4.429374 3.544746 3.999112 0.850352 0.503714 160.7091 1 7.40906E-10 3.55944 6.8477E-01 0.309019 0.00507475
3.64988E+05 4.433665 3.544615 3.999107 0.850368 0.400784 162.3276 1 8.33362E-10 3.55906 6.8417E-01 0.309498 0.00519301
3.77639E+05 4.437991 3.544510 3.999101 0.850385 0.312083 163.9736 1 9.37082E-10 3.55868 6.8357E-01 0.309976 0.00531034
3.90298E+05 4.442351 3.544276 3.999095 0.850402 0.244424 165.6516 1 1.06471E-09 3.5583 6.8295E-01 0.310465 0.00542542
4.02965E+05 4.446746 3.543968 3.999088 0.850418 0.200338 167.3661 1 1.21794E-09 3.55791 6.8234E-01 0.310954 0.00553697
4.15639E+05 4.451173 3.543500 3.999079 0.850435 0.176151 169.1157 1 1.41091E-09 3.55751 6.8172E-01 0.311463 0.0056445
4.28320E+05 4.455632 3.542828 3.999069 0.850452 0.164955 170.9026 1 1.66020E-09 3.5571 6.8110E-01 0.311972 0.00574857
4.41009E+05 4.460123 3.542044 3.999058 0.850468 0.160583 172.7190 1 1.97130E-09 3.55669 6.8047E-01 0.312492 0.00585074
4.53706E+05 4.464645 3.541214 3.999044 0.850485 0.159364 174.5620 1 2.35158E-09 3.55629 6.7983E-01 0.313021 0.00595188
4.66409E+05 4.469197 3.540393 3.999028 0.850502 0.1596 176.4404 1 2.80790E-09 3.55588 6.7918E-01 0.313561 0.0060528
4.79120E+05 4.473777 3.539553 3.999008 0.850518 0.160587 178.3526 1 3.36244E-09 3.55546 6.7853E-01 0.314101 0.00615381
4.91838E+05 4.478386 3.538701 3.998985 0.850535 0.162056 180.2948 1 4.03571E-09 3.55505 6.7788E-01 0.31464 0.0062552
5.04564E+05 4.483022 3.537833 3.998957 0.850552 0.163876 182.2719 1 4.85642E-09 3.55463 6.7721E-01 0.3152 0.00635674
5.17296E+05 4.487684 3.536950 3.998924 0.850568 0.165974 184.2670 1 5.85715E-09 3.55422 6.7654E-01 0.31576 0.00645852
5.30037E+05 4.492371 3.536058 3.998883 0.850585 0.168331 186.3025 1 7.07986E-09 3.5538 6.7586E-01 0.31632 0.00656072
5.42784E+05 4.497083 3.535164 3.998835 0.850602 0.170927 188.3633 1 7.62055E-09 3.55339 6.7518E-01 0.3169 0.00666327
5.55538E+05 4.501818 3.534270 3.998780 0.850619 0.173777 190.4552 1 7.82291E-09 3.55297 6.7448E-01 0.31748 0.00676607
5.68300E+05 4.506575 3.533371 3.998718 0.850636 0.176818 192.5820 1 8.01595E-09 3.55256 6.7378E-01 0.31807 0.0068691
5.81069E+05 4.511354 3.532487 3.998651 0.850653 0.180035 194.7351 1 8.19125E-09 3.55214 6.7307E-01 0.31867 0.00697246
5.93845E+05 4.516155 3.531627 3.998578 0.850670 0.183396 196.9188 1 8.34017E-09 3.55173 6.7235E-01 0.31927 0.00707616
6.06629E+05 4.520976 3.530764 3.998501 0.850687 0.186945 199.1466 1 8.46921E-09 3.55131 6.7162E-01 0.31988 0.00718035
6.19420E+05 4.525816 3.529892 3.998419 0.850705 0.190682 201.4122 1 8.58445E-09 3.55088 6.7089E-01 0.3205 0.00728474
6.32218E+05 4.530675 3.529012 3.998331 0.850722 0.194573 203.7175 1 8.68240E-09 3.55045 6.7014E-01 0.32113 0.00738937
6.45023E+05 4.535552 3.528130 3.998240 0.850739 0.198618 206.0618 1 8.76012E-09 3.55001 6.6939E-01 0.32177 0.00749432
6.57835E+05 4.540447 3.527246 3.998145 0.850757 0.202842 208.4427 1 8.81621E-09 3.54958 6.6863E-01 0.32241 0.00759972
6.70655E+05 4.545358 3.526362 3.998046 0.850774 0.207226 210.8535 1 8.85382E-09 3.54914 6.6786E-01 0.32306 0.00770538
6.83481E+05 4.550285 3.525469 3.997943 0.850792 0.211796 213.3003 1 8.87355E-09 3.54871 6.6707E-01 0.32373 0.00781147
6.96315E+05 4.555227 3.524576 3.997835 0.850809 0.216536 215.7797 1 8.87211E-09 3.54827 6.6628E-01 0.3244 0.00791766
7.09157E+05 4.560184 3.523699 3.997720 0.850827 0.221475 218.2840 1 8.84335E-09 3.54784 6.6548E-01 0.32508 0.00802435
7.22005E+05 4.565154 3.522834 3.997601 0.850845 0.226607 220.8155 1 8.78747E-09 3.54742 6.6467E-01 0.32577 0.00813134
7.34861E+05 4.570138 3.521972 3.997480 0.850863 0.231915 223.3883 1 8.70409E-09 3.54699 6.6385E-01 0.32647 0.00823869
7.47723E+05 4.575135 3.521112 3.997357 0.850880 0.237443 226.0029 1 8.59304E-09 3.54655 6.6302E-01 0.32718 0.00834639
7.60593E+05 4.580144 3.520253 3.997232 0.850898 0.243172 228.6398 1 8.46583E-09 3.54613 6.6218E-01 0.3279 0.00845433
7.73470E+05 4.585166 3.519412 3.997105 0.850916 0.249117 231.3034 1 8.31118E-09 3.54571 6.6133E-01 0.32863 0.00856272
7.86354E+05 4.590198 3.518573 3.996978 0.850935 0.255276 234.0091 1 8.13164E-09 3.54529 6.6046E-01 0.32937 0.00867134
7.99246E+05 4.595241 3.517732 3.996848 0.850953 0.261682 236.7483 1 7.93462E-09 3.54487 6.5959E-01 0.33012 0.0087805
8.12144E+05 4.600295 3.516897 3.996717 0.850971 0.268292 239.5217 1 7.71744E-09 3.54445 6.5870E-01 0.33088 0.00888978
8.25050E+05 4.605358 3.516071 3.996584 0.850989 0.275147 242.3366 1 7.47553E-09 3.54402 6.5781E-01 0.33165 0.00899967
8.37963E+05 4.610430 3.515263 3.996449 0.851008 0.28227 245.1954 1 7.20714E-09 3.54359 6.5690E-01 0.33244 0.00910978
8.50883E+05 4.615208 3.514486 3.994274 0.851027 0.289575 745.2201 0 1.36472E-06 3.65229 6.5598E-01 0.33323 0.00922033
8.63812E+05 4.619338 3.513681 3.987764 0.851045 0.296997 756.9262 0 1.56872E-06 3.65187 6.5505E-01 0.33403 0.00933131
8.76754E+05 4.623013 3.512904 3.978295 0.851065 0.304639 768.4291 0 1.79837E-06 3.65146 6.5411E-01 0.33485 0.00944301
8.89714E+05 4.626460 3.512129 3.967432 0.851086 0.312397 779.8866 0 2.05999E-06 3.65104 6.5316E-01 0.33567 0.00955553
9.02692E+05 4.629316 3.511342 3.952886 0.851106 0.320324 790.9879 0 2.35824E-06 3.65061 6.5219E-01 0.33651 0.00966909
9.15693E+05 4.631810 3.510547 3.936201 0.851127 0.328426 801.8779 0 2.69831E-06 3.65018 6.5121E-01 0.33735 0.00978376
9.28718E+05 4.633880 3.509747 3.917068 0.851148 0.336662 812.5025 0 3.08454E-06 3.64976 6.5022E-01 0.33821 0.00989971
9.41771E+05 4.635465 3.508963 3.895150 0.851168 0.344943 822.9290 0 3.51698E-06 3.64932 6.4922E-01 0.33908 0.0100171
9.54853E+05 4.636158 3.508192 3.868013 0.851189 0.353265 832.5682 0 3.99646E-06 3.64887 6.4821E-01 0.33995 0.0101361
9.67969E+05 4.636172 3.507450 3.837107 0.851210 0.361615 841.4950 0 4.52311E-06 3.64844 6.4718E-01 0.34084 0.0102571
9.81123E+05 4.635410 3.506685 3.801954 0.851231 0.36989 849.6144 0 5.11510E-06 3.64801 6.4615E-01 0.34173 0.0103801
9.94317E+05 4.633762 3.505903 3.762015 0.851252 0.378088 856.7765 0 5.77632E-06 3.64759 6.4510E-01 0.34263 0.0105056
1.00756E+06 4.631104 3.505114 3.716697 0.851274 0.38612 862.9456 0 6.50748E-06 3.64717 6.4404E-01 0.34355 0.0106339
1.02084E+06 4.627316 3.504301 3.665684 0.851297 0.393938 868.3720 0 7.31705E-06 3.64669 6.4297E-01 0.34446 0.0107653
1.03418E+06 4.622152 3.503490 3.607824 0.851322 0.401464 872.1060 0 8.19145E-06 3.64624 6.4189E-01 0.34539 0.0109003
1.04757E+06 4.615547 3.502592 3.542860 0.851350 0.408512 874.9663 0 9.18991E-06 3.64571 6.4080E-01 0.34632 0.0110394
1.06102E+06 4.606885 3.501813 3.467604 0.851381 0.415204 874.4652 0 1.01799E-05 3.64531 6.3970E-01 0.34725 0.0111832
1.07453E+06 4.596411 3.500863 3.383551 0.851418 0.421775 874.3070 0 1.13776E-05 3.64467 6.3859E-01 0.34819 0.0113329
1.08810E+06 4.583861 3.500030 3.289452 0.851465 0.428534 871.1344 0 1.25959E-05 3.64414 6.3747E-01 0.34912 0.0114888
1.10173E+06 4.568909 3.499083 3.183695 0.851525 0.436421 866.3883 0 1.40550E-05 3.64356 6.3635E-01 0.35005 0.0116523
1.11541E+06 4.551071 3.497965 3.063746 0.851604 0.447968 860.1273 0 1.59203E-05 3.6429 6.3523E-01 0.35098 0.0118247
1.12915E+06 4.529587 3.496760 2.925444 0.851714 0.470202 851.8933 0 1.83129E-05 3.6422 6.3411E-01 0.35189 0.0120072
1.14292E+06 4.503267 3.495357 2.761860 0.851870 0.52628 844.2388 0 2.18196E-05 3.64115 6.3299E-01 0.35278 0.0122017
1.15670E+06 4.470140 3.493528 2.561092 0.852059 0.670612 838.2613 0 2.80932E-05 3.63967 6.3188E-01 0.35366 0.0124089
1.17043E+06 4.423349 3.490790 2.276882 0.852406 0.870255 798.1623 0 4.48651E-05 3.6168 6.3080E-01 0.3545 0.0126175
1.18405E+06 4.312881 3.485573 1.462709 0.853018 1.09061 786.2821 0 1.48758E-04 3.5213 6.2964E-01 0.35539 0.0128461
1.19744E+06 4.288942 3.468470 1.043846 0.855177 1.18199 811.5982 0 3.24740E-05 3.54575 6.2842E-01 0.35631 0.0131058
1.20891E+06 4.290094 3.572825 0.898509 0.857953 1.18199 480.1941 0 1.53118E-09 3.61989 6.2798E-01 0.35662 0.0132175
1.21988E+06 4.294034 3.578643 0.898495 0.860669 1.18199 465.2680 0 1.20308E-09 3.62441 6.2798E-01 0.35662 0.0132175
1.23071E+06 4.297958 3.584848 0.898484 0.863376 1.18199 449.5987 0 9.19262E-10 3.62923 6.2798E-01 0.35662 0.0132175
1.24133E+06 4.301841 3.591511 0.898475 0.866058 1.18199 433.2391 0 6.78624E-10 3.63435 6.2798E-01 0.35662 0.0132175
1.25171E+06 4.305670 3.598666 0.898470 0.868706 1.18199 416.0746 0 4.81010E-10 3.63983 6.2798E-01 0.35662 0.0132175
1.26184E+06 4.309441 3.606537 0.898466 0.871316 1.18199 398.5128 0 3.21698E-10 3.6456 6.2798E-01 0.35662 0.0132175
1.27173E+06 4.313151 3.615264 0.898463 0.873886 1.18199 380.3133 0 1.99430E-10 3.65176 6.2798E-01 0.35662 0.0132175
1.28137E+06 4.316802 3.624801 0.898462 0.876417 1.18199 361.5682 0 1.13273E-10 3.65833 6.2798E-01 0.35662 0.0132175
1.29078E+06 4.320395 3.635079 0.898461 0.878909 1.18199 342.2037 0 5.81454E-11 3.66539 6.2798E-01 0.35662 0.0132175
1.29997E+06 4.323894 3.646233 0.881362 0.881362 1.18199 330.7874 0 2.60929E-11 3.672 6.2798E-01 0.35662 0.0132175
0.00000E+00 4.257000 3.584805 4.500000 0.883400 0.352092 94.2420 1 1.60004E-13 3.58507 6.7999E-01 0.316077 0.00284908
4.35705E+03 4.280045 3.582704 4.500000 0.884196 0.356337 99.5035 1 3.04582E-13 3.58297 6.7999E-01 0.316077 0.00284908
9.30893E+03 4.302418 3.580606 4.500000 0.884704 0.363934 104.9225 1 5.75651E-13 3.58088 6.7991E-01 0.316147 0.00285416
1.48523E+04 4.324262 3.578500 4.500000 0.885144 0.375274 110.5002 1 1.08553E-12 3.57885 6.7979E-01 0.316257 0.00286329
2.09690E+04 4.345083 3.576434 4.500000 0.885524 0.390646 116.1169 1 2.01377E-12 3.57687 6.7963E-01 0.316407 0.00287731
2.75832E+04 4.364354 3.574444 4.500000 0.885843 0.410007 121.5878 1 3.61761E-12 3.57503 6.7944E-01 0.316577 0.00289647
3.45988E+04 4.381751 3.572573 4.500000 0.886103 0.432315 126.7436 1 6.21373E-12 3.57336 6.7921E-01 0.316777 0.00292068
4.19235E+04 4.397177 3.570831 4.500000 0.886311 0.455384 131.4959 1 1.01549E-11 3.57189 6.7896E-01 0.316994 0.00294993
4.94795E+04 4.410707 3.569211 4.500000 0.886477 0.470379 135.8133 1 1.57964E-11 3.5706 6.7868E-01 0.317236 0.00298439
5.72058E+04 4.422521 3.567718 4.500000 0.886610 0.463916 139.7175 1 2.34519E-11 3.56945 6.7839E-01 0.317486 0.00302532
6.50570E+04 4.432839 3.566387 4.500000 0.886717 0.429268 143.2160 1 3.32650E-11 3.56845 6.7808E-01 0.317745 0.00307391
7.30002E+04 4.441890 3.565250 4.499999 0.886806 0.369456 146.3537 1 4.51925E-11 3.56757 6.7775E-01 0.318016 0.00312947
8.10118E+04 4.449887 3.564331 4.499999 0.886881 0.294035 149.1752 1 5.89753E-11 3.56681 6.7740E-01 0.318299 0.00319076
8.90755E+04 4.457018 3.563620 4.499999 0.886947 0.216245 151.7214 1 7.42851E-11 3.56614 6.7705E-01 0.318584 0.00325576
9.71797E+04 4.463447 3.563064 4.499999 0.887005 0.150467 154.0506 1 9.10211E-11 3.56554 6.7668E-01 0.31888 0.00332233
1.05316E+05 4.469308 3.562557 4.499998 0.887058 0.107624 156.2058 1 1.09649E-10 3.565 6.7631E-01 0.319177 0.00338785
1.13480E+05 4.474715 3.561972 4.499998 0.887107 0.0878512 158.2114 1 1.31315E-10 3.5645 6.7594E-01 0.319495 0.00345044
1.21666E+05 4.479760 3.561312 4.499997 0.887154 0.0816198 160.1118 1 1.56730E-10 3.56403 6.7555E-01 0.319813 0.00350986
1.29873E+05 4.484518 3.560586 4.499996 0.887199 0.0806831 161.9224 1 1.86630E-10 3.5636 6.7516E-01 0.320142 0.00356781
1.38097E+05 4.489052 3.559837 4.499995 0.887242 0.081443 163.6648 1 2.21371E-10 3.56318 6.7477E-01 0.320471 0.00362552
1.46338E+05 4.493410 3.559088 4.499994 0.887284 0.0828278 165.3568 1 2.61502E-10 3.56278 6.7437E-01 0.320811 0.00368379
1.54595E+05 4.497634 3.558343 4.499993 0.887325 0.084471 167.0086 1 3.07834E-10 3.5624 6.7396E-01 0.321161 0.0037424
1.62867E+05 4.501754 3.557607 4.499992 0.887366 0.0863062 168.6344 1 3.61346E-10 3.56202 6.7355E-01 0.3215 0.00380169
1.71154E+05 4.505796 3.556879 4.499990 0.887407 0.0882945 170.2422 1 4.23202E-10 3.56166 6.7314E-01 0.32186 0.00386152
1.79454E+05 4.509782 3.556154 4.499988 0.887447 0.0904186 171.8412 1 4.95040E-10 3.5613 6.7272E-01 0.32221 0.00392194
1.87768E+05 4.513727 3.555432 4.499986 0.887488 0.0926594 173.4377 1 5.78595E-10 3.56095 6.7229E-01 0.32257 0.00398281
1.96096E+05 4.517644 3.554711 4.499983 0.887528 0.0950048 175.0388 1 6.76075E-10 3.5606 6.7186E-01 0.32294 0.00404406
2.04436E+05 4.521544 3.553989 4.499980 0.887568 0.0974648 176.6521 1 7.90134E-10 3.56025 6.7142E-01 0.32331 0.00410606
2.12789E+05 4.525435 3.553269 4.499976 0.887608 0.100029 178.2732 1 9.23519E-10 3.5599 6.7098E-01 0.32368 0.00416836
2.21156E+05 4.529323 3.552546 4.499972 0.887648 0.102731 179.9094 1 1.08021E-09 3.55955 6.7054E-01 0.32406 0.00423132
2.29535E+05 4.533214 3.551824 4.499967 0.887688 0.105535 181.5589 1 1.26405E-09 3.5592 6.7009E-01 0.32444 0.00429472
2.37926E+05 4.537111 3.551114 4.499961 0.887728 0.108455 183.2284 1 1.47922E-09 3.55885 6.6963E-01 0.32483 0.00435859
2.46330E+05 4.541017 3.550403 4.499954 0.887768 0.111464 184.9193 1 1.64109E-09 3.5585 6.6917E-01 0.32522 0.00442285
2.54746E+05 4.544935 3.549691 4.499946 0.887808 0.114605 186.6214 1 1.67575E-09 3.55815 6.6870E-01 0.32562 0.00448776
2.63174E+05 4.548865 3.548975 4.499938 0.887849 0.117872 188.3461 1 1.70928E-09 3.5578 6.6823E-01 0.32602 0.00455304
2.71614E+05 4.552811 3.548253 4.499928 0.887889 0.121243 190.0969 1 1.74134E-09 3.55745 6.6775E-01 0.32643 0.00461888
2.80065E+05 4.556772 3.547529 4.499918 0.887930 0.124748 191.8716 1 1.77161E-09 3.55709 6.6727E-01 0.32684 0.00468513
2.88529E+05 4.560749 3.546800 4.499908 0.887970 0.128369 193.6649 1 1.80082E-09 3.55674 6.6678E-01 0.32726 0.00475204
2.97004E+05 4.564742 3.546069 4.499897 0.888011 0.13213 195.4938 1 1.82681E-09 3.55638 6.6629E-01 0.32768 0.00481935
3.05491E+05 4.568752 3.545336 4.499885 0.888052 0.136024 197.3472 1 1.85058E-09 3.55601 6.6579E-01 0.3281 0.00488721
3.13989E+05 4.572779 3.544601 4.499872 0.888093 0.140032 199.2186 1 1.87261E-09 3.55566 6.6528E-01 0.32854 0.00495541
3.22499E+05 4.576823 3.543863 4.499859 0.888134 0.144211 201.1224 1 1.89149E-09 3.55529 6.6477E-01 0.32897 0.00502433
3.31019E+05 4.580884 3.543124 4.499846 0.888175 0.148518 203.0466 1 1.90807E-09 3.55493 6.6426E-01 0.32942 0.00509372
3.39551E+05 4.584961 3.542383 4.499832 0.888216 0.152964 204.9825 1 1.92344E-09 3.55457 6.6373E-01 0.32986 0.00516354
3.48094E+05 4.589054 3.541642 4.499817 0.888258 0.157577 206.9487 1 1.93513E-09 3.55421 6.6320E-01 0.33032 0.00523401
3.56647E+05 4.593164 3.540896 4.499802 0.888299 0.162323 208.9385 1 1.94445E-09 3.55386 6.6267E-01 0.33078 0.00530484
3.65212E+05 4.597289 3.540152 4.499786 0.888340 0.167234 210.9517 1 1.95047E-09 3.5535 6.6212E-01 0.33124 0.00537642
3.73787E+05 4.601429 3.539403 4.499770 0.888382 0.172319 212.9936 1 1.95328E-09 3.55314 6.6158E-01 0.33171 0.00544847
3.82372E+05 4.605584 3.538651 4.499753 0.888424 0.17757 215.0680 1 1.95216E-09 3.55278 6.6102E-01 0.33219 0.00552091
3.90968E+05 4.609754 3.537904 4.499736 0.888466 0.182996 217.1674 1 1.94706E-09 3.55241 6.6046E-01 0.33267 0.00559405
3.99575E+05 4.613938 3.537153 4.499718 0.888508 0.188589 219.2821 1 1.94011E-09 3.55206 6.5989E-01 0.33315 0.00566768
4.08191E+05 4.618137 3.536409 4.499701 0.888550 0.194377 221.4261 1 1.92817E-09 3.5517 6.5932E-01 0.33365 0.00574193
4.16818E+05 4.622348 3.535669 4.499683 0.888592 0.200334 223.6075 1 1.91086E-09 3.55133 6.5874E-01 0.33415 0.00581669
4.25454E+05 4.626573 3.534928 4.499664 0.888634 0.206487 225.8117 1 1.89068E-09 3.55097 6.5815E-01 0.33465 0.00589207
4.34101E+05 4.630811 3.534185 4.499645 0.888677 0.212838 228.0457 1 1.86668E-09 3.5506 6.5755E-01 0.33516 0.00596789
4.42757E+05 4.635061 3.533439 4.499626 0.888719 0.219408 230.3062 1 1.83977E-09 3.55024 6.5695E-01 0.33568 0.00604447
4.51423E+05 4.639323 3.532695 4.499607 0.888762 0.226182 232.5927 1 1.80940E-09 3.54987 6.5634E-01 0.33621 0.00612139
4.60099E+05 4.643597 3.531951 4.499586 0.888805 0.23318 234.9065 1 1.77573E-09 3.54951 6.5573E-01 0.33674 0.00619911
4.68784E+05 4.647881 3.531205 4.499566 0.888848 0.240395 237.2617 1 1.73768E-09 3.54914 6.5511E-01 0.33727 0.0062774
4.77478E+05 4.652177 3.530462 4.499544 0.888891 0.247847 239.6448 1 1.69639E-09 3.54876 6.5448E-01 0.33782 0.00635627
4.86182E+05 4.656483 3.529711 4.499522 0.888934 0.255527 242.0532 1 1.65349E-09 3.54839 6.5384E-01 0.33837 0.00643564
4.94894E+05 4.660800 3.528961 4.499499 0.888977 0.263451 244.4883 1 1.60814E-09 3.54802 6.5320E-01 0.33892 0.00651572
5.03616E+05 4.665126 3.528210 4.499475 0.889020 0.271618 246.9463 1 1.56094E-09 3.54766 6.5254E-01 0.33948 0.00659641
5.12347E+05 4.669461 3.527460 4.499450 0.889064 0.280058 249.4252 1 1.51234E-09 3.5473 6.5188E-01 0.34005 0.00667763
5.21086E+05 4.673806 3.526708 4.499425 0.889107 0.288791 251.9234 1 1.46287E-09 3.54694 6.5122E-01 0.34063 0.00675959
5.29835E+05 4.678159 3.525952 4.499399 0.889151 0.297777 254.4460 1 1.41244E-09 3.54659 6.5054E-01 0.34121 0.00684199
5.38591E+05 4.682521 3.525196 4.499373 0.889195 0.307072 256.9998 1 1.36019E-09 3.54623 6.4986E-01 0.3418 0.00692515
5.47357E+05 4.686891 3.524440 4.499348 0.889239 0.316652 259.5678 1 1.30786E-09 3.54588 6.4917E-01 0.3424 0.00700887
5.56130E+05 4.691269 3.523686 4.499322 0.889283 0.326537 262.1744 1 1.25355E-09 3.54553 6.4848E-01 0.343 0.00709328
5.64913E+05 4.695654 3.522935 4.499297 0.889327 0.336761 264.8112 1 1.19804E-09 3.54518 6.4777E-01 0.34361 0.00717827
5.73703E+05 4.700047 3.522210 4.499271 0.889371 0.347301 267.4739 1 1.14597E-09 3.54483 6.4706E-01 0.34423 0.00726396
5.82501E+05 4.704446 3.521493 4.499246 0.889416 0.358263 270.1632 1 1.29612E-09 3.54448 6.4634E-01 0.34486 0.00735024
5.91307E+05 4.708852 3.520782 4.499220 0.889460 0.369525 272.8779 1 1.46544E-09 3.54414 6.4561E-01 0.34549 0.00743719
6.00122E+05 4.713265 3.520091 4.499194 0.889505 0.381159 275.6180 1 1.65481E-09 3.54379 6.4487E-01 0.34613 0.00752469
6.08944E+05 4.717683 3.519401 4.499167 0.889550 0.393216 278.4016 1 1.86886E-09 3.54345 6.4413E-01 0.34677 0.00761293
6.17773E+05 4.722107 3.518730 4.499140 0.889595 0.405688 281.2130 1 2.10797E-09 3.5431 6.4337E-01 0.34743 0.00770182
6.26610E+05 4.726537 3.518057 4.499111 0.889640 0.418604 284.0255 1 2.37818E-09 3.54276 6.4261E-01 0.34809 0.00779138
6.35455E+05 4.730971 3.517386 4.499082 0.889685 0.431928 286.8621 1 2.68305E-09 3.54243 6.4184E-01 0.34876 0.00788156
6.44307E+05 4.735410 3.516728 4.499051 0.889730 0.44568 289.7222 1 3.02448E-09 3.54211 6.4107E-01 0.34943 0.0079724
6.53166E+05 4.739854 3.516072 4.499018 0.889775 0.460044 292.6094 1 3.40917E-09 3.54178 6.4028E-01 0.35012 0.00806384
6.62033E+05 4.743193 3.515445 4.491423 0.889821 0.474197 969.0308 0 3.82244E-06 3.6506 6.3949E-01 0.35081 0.00815597
6.70912E+05 4.745319 3.514776 4.475655 0.889868 0.488473 979.9605 0 4.28150E-06 3.65025 6.3868E-01 0.3515 0.00824914
6.79813E+05 4.747137 3.514122 4.457952 0.889916 0.502736 990.6768 0 4.78573E-06 3.64992 6.3787E-01 0.35221 0.00834355
6.88737E+05 4.748071 3.513469 4.434517 0.889963 0.517199 1000.4261 0 5.33227E-06 3.64958 6.3706E-01 0.35292 0.00843942
6.97690E+05 4.748549 3.512812 4.408303 0.890011 0.531711 1009.6858 0 5.93304E-06 3.64923 6.3623E-01 0.35364 0.00853702
7.06675E+05 4.748514 3.512150 4.379011 0.890058 0.546213 1018.3357 0 6.59136E-06 3.64887 6.3539E-01 0.35436 0.00863647
7.15693E+05 4.747906 3.511484 4.346323 0.890103 0.560481 1026.2280 0 7.30855E-06 3.64853 6.3455E-01 0.35509 0.00873797
7.24748E+05 4.746092 3.510802 4.306231 0.890147 0.574442 1032.4551 0 8.07845E-06 3.64819 6.3369E-01 0.35583 0.00884169
7.33845E+05 4.743499 3.510108 4.261656 0.890190 0.588026 1037.6382 0 8.91190E-06 3.64785 6.3283E-01 0.35657 0.00894797
7.42988E+05 4.740057 3.509408 4.212281 0.890232 0.601236 1041.8032 0 9.80606E-06 3.6475 6.3196E-01 0.35732 0.00905712
7.52179E+05 4.735620 3.508725 4.157579 0.890271 0.613693 1044.4930 0 1.07356E-05 3.64717 6.3108E-01 0.35808 0.00916928
7.61423E+05 4.730159 3.508018 4.097480 0.890309 0.625414 1046.2138 0 1.17289E-05 3.64677 6.3018E-01 0.35884 0.00928509
7.70722E+05 4.723417 3.507280 4.030729 0.890344 0.63631 1046.4482 0 1.27816E-05 3.64636 6.2928E-01 0.35961 0.00940467
7.80079E+05 4.715519 3.506649 3.958046 0.890377 0.646045 1043.5894 0 1.37811E-05 3.64609 6.2837E-01 0.36038 0.00952849
7.89497E+05 4.705873 3.505857 3.876074 0.890408 0.654826 1040.4539 0 1.49520E-05 3.64564 6.2746E-01 0.36115 0.00965708
7.98980E+05 4.694734 3.505160 3.786624 0.890438 0.662553 1034.1022 0 1.60686E-05 3.64531 6.2653E-01 0.36193 0.00979105
8.08528E+05 4.681957 3.504292 3.689018 0.890467 0.66947 1027.8130 0 1.74259E-05 3.6448 6.2559E-01 0.36271 0.00993098
8.18144E+05 4.667350 3.503515 3.582368 0.890497 0.675618 1018.4441 0 1.87525E-05 3.64439 6.2465E-01 0.36349 0.0100776
8.27824E+05 4.650702 3.502715 3.465636 0.890528 0.681592 1007.8311 0 2.02140E-05 3.6439 6.2370E-01 0.36426 0.010232
8.37568E+05 4.631699 3.501808 3.337166 0.890566 0.688591 995.9562 0 2.20054E-05 3.64334 6.2274E-01 0.36504 0.0103948
8.47369E+05 4.609815 3.500740 3.194006 0.890614 0.69979 982.9668 0 2.43809E-05 3.64268 6.2178E-01 0.36581 0.0105677
8.57217E+05 4.584138 3.499560 3.030789 0.890681 0.724596 968.1975 0 2.76125E-05 3.64197 6.2082E-01 0.36657 0.0107517
8.67099E+05 4.552941 3.498028 2.836808 0.890781 0.800315 955.2934 0 3.30593E-05 3.64082 6.1986E-01 0.36731 0.0109486
8.76988E+05 4.511754 3.495888 2.583454 0.890908 0.977802 944.0496 0 4.47368E-05 3.63925 6.1891E-01 0.36802 0.0111584
8.86838E+05 4.338030 3.383797 0.891180 0.891180 0.977802 1217.2523 0 9.06330E-05 3.52858 6.1797E-01 0.36872 0.0113779
0.00000E+00 4.286800 3.589600 5.000000 0.934100 0.364105 90.4783 1 5.10586E-14 3.59079 6.6497E-01 0.331037 0.00283523
2.53557E+03 4.322074 3.586388 5.000000 0.934678 0.366643 98.2792 1 1.36250E-13 3.58764 6.6497E-01 0.331037 0.00283523
5.35045E+03 4.355397 3.583309 5.000000 0.935035 0.370838 106.3111 1 3.52605E-13 3.5846 6.6492E-01 0.331077 0.00283803
8.45696E+03 4.387197 3.580320 5.000000 0.935339 0.376948 114.6107 1 8.95072E-13 3.58167 6.6485E-01 0.331147 0.00284289
1.18500E+04 4.417098 3.577483 5.000000 0.935601 0.384184 123.0328 1 2.19832E-12 3.57888 6.6476E-01 0.331227 0.00285001
1.54941E+04 4.444641 3.574823 5.000000 0.935820 0.384763 131.3840 1 5.14947E-12 3.57625 6.6464E-01 0.331333 0.00285994
1.93432E+04 4.469550 3.572383 5.000000 0.936002 0.357598 139.4235 1 1.13424E-11 3.57388 6.6451E-01 0.331443 0.00287508
2.33527E+04 4.491776 3.570250 5.000000 0.936152 0.291485 147.0505 1 2.32460E-11 3.57173 6.6436E-01 0.331572 0.00289829
2.74847E+04 4.511433 3.568508 5.000000 0.936276 0.198918 154.1478 1 4.39827E-11 3.56982 6.6419E-01 0.331712 0.00292926
3.17092E+04 4.528733 3.567150 5.000000 0.936380 0.113544 160.6719 1 7.69731E-11 3.56815 6.6400E-01 0.331864 0.0029652
3.60036E+04 4.543932 3.566051 4.999999 0.936469 0.0697946 166.6359 1 1.26174E-10 3.56667 6.6380E-01 0.332028 0.00300082
4.03515E+04 4.557288 3.564923 4.999999 0.936547 0.0612165 172.0472 1 1.98352E-10 3.56538 6.6359E-01 0.332205 0.00303053
4.47409E+04 4.569051 3.563715 4.999998 0.936617 0.0615112 176.9702 1 3.01676E-10 3.56424 6.6336E-01 0.332402 0.00305572
4.91634E+04 4.579445 3.562577 4.999998 0.936682 0.0628843 181.4414 1 4.41171E-10 3.56322 6.6313E-01 0.332621 0.00308015
5.36130E+04 4.588669 3.561541 4.999996 0.936742 0.0644772 185.4954 1 4.70006E-10 3.56233 6.6288E-01 0.332841 0.00310513
5.80856E+04 4.596898 3.560603 4.999995 0.936800 0.0662248 189.1854 1 4.63679E-10 3.56154 6.6262E-01 0.33306 0.00313049
6.25783E+04 4.604282 3.559744 4.999993 0.936855 0.0681063 192.5513 1 4.56573E-10 3.56083 6.6236E-01 0.3333 0.00315639
6.70889E+04 4.610950 3.558950 4.999992 0.936909 0.0701248 195.6391 1 4.49031E-10 3.56019 6.6209E-01 0.33354 0.0031827
7.16158E+04 4.617010 3.558211 4.999990 0.936962 0.0722866 198.4844 1 4.41402E-10 3.55962 6.6182E-01 0.33379 0.00320928
7.61582E+04 4.622556 3.557518 4.999988 0.937014 0.0745893 201.1202 1 4.33914E-10 3.5591 6.6153E-01 0.33404 0.00323608
8.07151E+04 4.627669 3.556862 4.999987 0.937066 0.0770289 203.5760 1 4.26730E-10 3.55862 6.6125E-01 0.3343 0.00326319
8.52859E+04 4.632415 3.556240 4.999985 0.937117 0.0796146 205.8748 1 4.19831E-10 3.55818 6.6096E-01 0.33456 0.00329066
8.98703E+04 4.636853 3.555644 4.999983 0.937168 0.0823315 208.0648 1 4.12721E-10 3.55776 6.6066E-01 0.33483 0.00331825
9.44678E+04 4.641030 3.555069 4.999981 0.937219 0.0851944 210.1479 1 4.05820E-10 3.55736 6.6036E-01 0.3351 0.00334618
9.90781E+04 4.644989 3.554519 4.999979 0.937270 0.0882016 212.1309 1 3.99200E-10 3.55699 6.6005E-01 0.33537 0.00337447
1.03701E+05 4.648764 3.553984 4.999977 0.937321 0.0913509 214.0389 1 3.92771E-10 3.55664 6.5974E-01 0.33565 0.00340294
1.08336E+05 4.652387 3.553461 4.999976 0.937372 0.0946456 215.8752 1 3.86701E-10 3.5563 6.5943E-01 0.33593 0.00343177
1.12984E+05 4.655881 3.552951 4.999974 0.937423 0.0980827 217.6597 1 3.80676E-10 3.55599 6.5911E-01 0.33622 0.00346091
1.17643E+05 4.659269 3.552447 4.999972 0.937474 0.101671 219.4028 1 3.74776E-10 3.55568 6.5879E-01 0.33651 0.00349042
1.22315E+05 4.662570 3.551950 4.999970 0.937525 0.105395 221.1051 1 3.69100E-10 3.55539 6.5847E-01 0.3368 0.00352025
1.26998E+05 4.665797 3.551460 4.999968 0.937576 0.109284 222.7810 1 3.63381E-10 3.5551 6.5814E-01 0.33709 0.00355046
1.31693E+05 4.668965 3.550971 4.999966 0.937627 0.113324 224.4233 1 3.58031E-10 3.55483 6.5781E-01 0.33739 0.00358093
1.36399E+05 4.672085 3.550487 4.999964 0.937679 0.117508 226.0558 1 3.52487E-10 3.55456 6.5747E-01 0.33769 0.00361189
1.41116E+05 4.675166 3.550004 4.999961 0.937730 0.121858 227.6730 1 3.47036E-10 3.5543 6.5713E-01 0.338 0.00364332
1.45845E+05 4.678215 3.549521 4.999959 0.937782 0.126364 229.2919 1 3.41359E-10 3.55403 6.5679E-01 0.33831 0.00367504
1.50585E+05 4.681240 3.549041 4.999957 0.937834 0.13104 230.9066 1 3.35589E-10 3.55377 6.5644E-01 0.33862 0.00370713
1.55335E+05 4.684246 3.548559 4.999955 0.937886 0.135867 232.5251 1 3.29696E-10 3.55351 6.5609E-01 0.33893 0.0037396
1.60097E+05 4.687238 3.548078 4.999952 0.937938 0.140863 234.1407 1 3.23778E-10 3.55326 6.5574E-01 0.33925 0.00377261
1.64869E+05 4.690220 3.547593 4.999950 0.937990 0.146035 235.7665 1 3.17693E-10 3.553 6.5538E-01 0.33957 0.00380605
1.69651E+05 4.693194 3.547108 4.999948 0.938043 0.151381 237.3934 1 3.11611E-10 3.55275 6.5502E-01 0.3399 0.00383997
1.74444E+05 4.696165 3.546623 4.999945 0.938095 0.156893 239.0314 1 3.05314E-10 3.5525 6.5466E-01 0.34022 0.00387429
1.79247E+05 4.699133 3.546135 4.999943 0.938148 0.162601 240.6716 1 2.99095E-10 3.55225 6.5429E-01 0.34055 0.00390904
1.84060E+05 4.702102 3.545646 4.999941 0.938201 0.168495 242.3246 1 2.92684E-10 3.552 6.5392E-01 0.34088 0.00394424
1.88884E+05 4.705072 3.545154 4.999939 0.938254 0.17458 243.9885 1 2.86221E-10 3.55175 6.5354E-01 0.34122 0.00398002
1.93717E+05 4.708045 3.544659 4.999936 0.938307 0.180865 245.6742 1 2.79478E-10 3.5515 6.5317E-01 0.34156 0.00401618
1.98560E+05 4.711022 3.544166 4.999934 0.938360 0.187361 247.3676 1 2.72664E-10 3.55125 6.5279E-01 0.3419 0.00405282
2.03413E+05 4.714003 3.543663 4.999932 0.938414 0.194051 249.0783 1 2.65846E-10 3.551 6.5240E-01 0.34224 0.00408989
2.08275E+05 4.716990 3.543159 4.999930 0.938467 0.200967 250.7980 1 2.59018E-10 3.55075 6.5201E-01 0.34259 0.00412746
2.13147E+05 4.719983 3.542655 4.999927 0.938521 0.208111 252.5386 1 2.51981E-10 3.5505 6.5162E-01 0.34294 0.00416556
2.18028E+05 4.722982 3.542146 4.999925 0.938575 0.215466 254.2941 1 2.44925E-10 3.55024 6.5122E-01 0.34329 0.00420411
2.22918E+05 4.725989 3.541634 4.999923 0.938629 0.223027 256.0553 1 2.37978E-10 3.55 6.5082E-01 0.34365 0.00424317
2.27817E+05 4.729002 3.541122 4.999921 0.938683 0.230853 257.8403 1 2.30818E-10 3.54974 6.5042E-01 0.34401 0.00428268
2.32725E+05 4.732022 3.540606 4.999918 0.938737 0.238915 259.6328 1 2.23797E-10 3.5495 6.5001E-01 0.34437 0.00432275
2.37641E+05 4.735050 3.540088 4.999916 0.938792 0.247235 261.4463 1 2.35513E-10 3.54924 6.4960E-01 0.34474 0.00436327
2.42567E+05 4.738085 3.539569 4.999914 0.938847 0.255804 263.2692 1 2.56788E-10 3.549 6.4919E-01 0.34511 0.00440437
2.47501E+05 4.741127 3.539047 4.999912 0.938901 0.26464 265.1126 1 2.80105E-10 3.54875 6.4877E-01 0.34548 0.00444581
2.52443E+05 4.744177 3.538522 4.999909 0.938956 0.273776 266.9713 1 3.05629E-10 3.5485 6.4835E-01 0.34586 0.00448795
2.57394E+05 4.747234 3.537993 4.999907 0.939011 0.283165 268.8420 1 3.33597E-10 3.54825 6.4793E-01 0.34623 0.00453044
2.62353E+05 4.750299 3.537467 4.999905 0.939067 0.292841 270.7322 1 3.64115E-10 3.548 6.4750E-01 0.34662 0.00457348
2.67320E+05 4.753370 3.536935 4.999902 0.939122 0.302794 272.6359 1 3.97610E-10 3.54776 6.4707E-01 0.347 0.00461699
2.72294E+05 4.756449 3.536402 4.999900 0.939178 0.313064 274.5687 1 4.34287E-10 3.54751 6.4663E-01 0.34739 0.00466108
2.77277E+05 4.759535 3.535866 4.999897 0.939233 0.318531 276.5143 1 4.74488E-10 3.54725 6.4619E-01 0.34778 0.00470565
2.80892E+05 4.764192 3.535465 4.999895 0.940338 0.330926 279.5445 1 5.27544E-10 3.54684 6.4603E-01 0.34794 0.00470559
2.86008E+05 4.768401 3.534867 4.999892 0.940839 0.343526 282.2713 1 5.89945E-10 3.54649 6.4564E-01 0.34829 0.00474317
2.91165E+05 4.771670 3.534248 4.999889 0.940908 0.356177 284.3781 1 6.50217E-10 3.54623 6.4517E-01 0.3487 0.00480075
2.96328E+05 4.774919 3.533630 4.999886 0.940966 0.369172 286.4612 1 7.16324E-10 3.54598 6.4469E-01 0.34911 0.0048594
3.01495E+05 4.778171 3.533010 4.999883 0.941024 0.382531 288.5607 1 7.89343E-10 3.54574 6.4421E-01 0.34953 0.00491849
3.06665E+05 4.781428 3.532389 4.999879 0.941082 0.396259 290.6809 1 8.69973E-10 3.5455 6.4373E-01 0.34995 0.00497807
3.11840E+05 4.784689 3.531767 4.999875 0.941141 0.410399 292.8156 1 9.58913E-10 3.54525 6.4324E-01 0.35037 0.0050381
3.17019E+05 4.787953 3.531142 4.999871 0.941199 0.42496 294.9651 1 1.05717E-09 3.54501 6.4275E-01 0.35079 0.00509876
3.22201E+05 4.791222 3.530518 4.999866 0.941257 0.439957 297.1441 1 1.16560E-09 3.54476 6.4226E-01 0.35122 0.00515985
3.27388E+05 4.794493 3.529892 4.999861 0.941316 0.455444 299.3373 1 1.28533E-09 3.54451 6.4176E-01 0.35165 0.00522144
3.32577E+05 4.797768 3.529265 4.999856 0.941375 0.471338 301.5416 1 1.41757E-09 3.54427 6.4126E-01 0.35209 0.00528355
3.37771E+05 4.801047 3.528637 4.999850 0.941433 0.487739 303.7651 1 1.56360E-09 3.54403 6.4075E-01 0.35253 0.00534614
3.42968E+05 4.804328 3.528007 4.999844 0.941492 0.504587 305.9999 1 1.72493E-09 3.54379 6.4024E-01 0.35297 0.00540924
3.48168E+05 4.807612 3.527375 4.999837 0.941551 0.522005 308.2577 1 1.90336E-09 3.54354 6.3973E-01 0.35342 0.00547293
3.53371E+05 4.810899 3.526738 4.999830 0.941611 0.540048 310.5122 1 2.10099E-09 3.54331 6.3921E-01 0.35386 0.00553701
3.58577E+05 4.814189 3.526123 4.999822 0.941670 0.558568 312.7917 1 2.31594E-09 3.54307 6.3869E-01 0.35432 0.00560153
3.63787E+05 4.817481 3.525514 4.999813 0.941729 0.577697 315.0797 1 2.55177E-09 3.54284 6.3816E-01 0.35477 0.00566668
3.68999E+05 4.820776 3.524900 4.999804 0.941789 0.597475 317.3921 1 2.81288E-09 3.54261 6.3763E-01 0.35523 0.00573225
3.74215E+05 4.824072 3.524287 4.999793 0.941848 0.617946 319.7178 1 3.10032E-09 3.54237 6.3710E-01 0.35569 0.00579833
3.79433E+05 4.827371 3.523681 4.999782 0.941908 0.63915 322.0499 1 3.41595E-09 3.54215 6.3656E-01 0.35616 0.00586478
3.84654E+05 4.830671 3.523067 4.999770 0.941968 0.660989 324.3968 1 3.76571E-09 3.54192 6.3602E-01 0.35662 0.00593185
3.89878E+05 4.833973 3.522446 4.999756 0.942028 0.683722 326.7553 1 4.15334E-09 3.5417 6.3547E-01 0.3571 0.00599939
3.95104E+05 4.837277 3.521814 4.999741 0.942088 0.707327 329.1185 1 4.58432E-09 3.54148 6.3492E-01 0.35757 0.00606735
4.00333E+05 4.840582 3.521178 4.999725 0.942148 0.731791 331.5015 1 5.06193E-09 3.54126 6.3437E-01 0.35805 0.00613585
4.05564E+05 4.843888 3.520537 4.999707 0.942208 0.757226 333.8965 1 5.59092E-09 3.54105 6.3381E-01 0.35853 0.00620475
4.10797E+05 4.847195 3.519881 4.999687 0.942268 0.783801 336.3033 1 6.18158E-09 3.54083 6.3325E-01 0.35902 0.00627418
4.16033E+05 4.850503 3.519197 4.999665 0.942329 0.804771 338.7312 1 6.84799E-09 3.54062 6.3269E-01 0.3595 0.00634409
4.21271E+05 4.843101 3.500615 4.922435 0.942390 0.82513 1196.1998 0 2.45162E-05 3.64943 6.3212E-01 0.35999 0.0064148
4.26554E+05 4.846344 3.517842 4.921914 0.942460 0.852268 1208.0017 0 8.07319E-06 3.64924 6.3155E-01 0.36049 0.00648785
4.31850E+05 4.847481 3.517076 4.906317 0.942520 0.87723 1216.8861 0 8.92305E-06 3.64901 6.3097E-01 0.36099 0.00656168
4.37157E+05 4.847671 3.516283 4.884067 0.942579 0.900834 1224.3808 0 9.84672E-06 3.64878 6.3039E-01 0.36149 0.00663672
4.42480E+05 4.846822 3.515432 4.854565 0.942638 0.922423 1230.2815 0 1.08674E-05 3.64853 6.2980E-01 0.36199 0.00671289
4.47824E+05 4.844675 3.514508 4.816099 0.942698 0.944813 1234.2772 0 1.19971E-05 3.64827 6.2921E-01 0.3625 0.00679073
4.53194E+05 4.843114 3.513425 4.782083 0.942757 0.968639 1238.9044 0 1.34146E-05 3.64804 6.2861E-01 0.36301 0.00687023
4.58589E+05 4.845806 3.511829 4.778049 0.942813 0.995571 1251.2288 0 1.57646E-05 3.64775 6.2800E-01 0.36353 0.00695146
4.63992E+05 4.846376 3.506803 4.759341 0.942865 1.01978 1258.6832 0 2.31876E-05 3.64757 6.2739E-01 0.36405 0.00703341
4.69406E+05 4.844599 3.494892 4.724552 0.942916 1.04046 1262.8563 0 1.09908E-05 3.64735 6.2678E-01 0.36457 0.00711661
4.74843E+05 4.841832 3.488387 4.683248 0.942970 1.05887 1265.5187 0 1.24662E-05 3.64711 6.2616E-01 0.36509 0.00720157
4.80307E+05 4.837849 3.483887 4.634033 0.943022 1.07469 1266.0280 0 1.36435E-05 3.64689 6.2554E-01 0.36562 0.00728854
4.85802E+05 4.832649 3.480616 4.577089 0.943074 1.0878 1264.8252 0 1.45894E-05 3.64664 6.2491E-01 0.36615 0.00737802
4.91334E+05 4.826769 3.478057 4.516189 0.943124 1.09929 1262.6244 0 1.53811E-05 3.64638 6.2428E-01 0.36668 0.00747024
4.96904E+05 4.820323 3.475932 4.452191 0.943171 1.10926 1259.5918 0 1.60731E-05 3.64612 6.2364E-01 0.36722 0.00756543
5.02513E+05 4.813115 3.473988 4.383994 0.943216 1.11738 1255.6372 0 1.67134E-05 3.64583 6.2299E-01 0.36776 0.00766375
5.08162E+05 4.805265 3.472352 4.312471 0.943257 1.12421 1250.9833 0 1.72617E-05 3.64552 6.2234E-01 0.36831 0.00776567
5.13854E+05 4.796776 3.470790 4.237730 0.943295 1.12964 1245.4787 0 1.77766E-05 3.6452 6.2168E-01 0.36885 0.00787117
5.19587E+05 4.787639 3.469379 4.159791 0.943330 1.13381 1239.2556 0 1.82350E-05 3.64486 6.2101E-01 0.3694 0.00798062
5.25363E+05 4.777862 3.468147 4.078808 0.943362 1.1369 1230.6866 0 1.86013E-05 3.64464 6.2033E-01 0.36995 0.00809432
5.31182E+05 4.767437 3.466907 3.994765 0.943390 1.13898 1223.0941 0 1.89794E-05 3.64428 6.1965E-01 0.37051 0.00821252
5.37042E+05 4.756338 3.465669 3.907576 0.943415 1.14052 1214.9469 0 1.93469E-05 3.6439 6.1896E-01 0.37106 0.00833549
5.42944E+05 4.744554 3.464411 3.817219 0.943438 1.14143 1206.3267 0 1.97167E-05 3.64349 6.1826E-01 0.37162 0.00846358
5.48886E+05 4.732045 3.463271 3.723475 0.943460 1.14194 1195.5846 0 2.00205E-05 3.64321 6.1756E-01 0.37218 0.00859719
5.54866E+05 4.718784 3.461964 3.626226 0.943480 1.14272 1185.8314 0 2.04039E-05 3.64278 6.1684E-01 0.37274 0.00873663
5.60882E+05 4.704712 3.460563 3.525117 0.943501 1.14415 1175.8225 0 2.08399E-05 3.64233 6.1612E-01 0.37331 0.00888231
5.66931E+05 4.689308 3.459156 3.416955 0.943523 1.1475 1163.7330 0 2.12780E-05 3.64197 6.1540E-01 0.37387 0.00903484
5.73010E+05 4.672833 3.457247 3.303284 0.943551 1.15482 1153.4257 0 2.19887E-05 3.6414 6.1466E-01 0.37443 0.00919482
5.79114E+05 4.655104 3.455140 3.182826 0.943586 1.16946 1141.9588 0 2.28723E-05 3.6409 6.1392E-01 0.37499 0.00936286
5.85236E+05 4.635805 3.452073 3.053400 0.943633 1.19854 1133.2751 0 2.43912E-05 3.64013 6.1318E-01 0.37554 0.00953966
5.91367E+05 4.614460 3.448038 2.911544 0.943699 1.26046 1124.5687 0 2.67527E-05 3.63934 6.1243E-01 0.37609 0.00972598
5.97494E+05 4.590491 3.442421 2.752924 0.943768 1.38311 1116.9128 0 3.08726E-05 3.63849 6.1168E-01 0.37662 0.00992212
6.03598E+05 4.562261 3.434731 2.564158 0.943904 1.65978 1115.9763 0 3.86793E-05 3.63721 6.1093E-01 0.37714 0.0101251
6.09655E+05 4.527035 3.424483 2.320393 0.944109 2.0848 1071.6847 0 5.32389E-05 3.61905 6.1020E-01 0.37765 0.0103334
6.15620E+05 4.482217 3.414020 1.976872 0.944452 2.53935 1013.6763 0 8.14527E-05 3.58208 6.0945E-01 0.37817 0.0105502
6.21406E+05 4.431142 3.419961 1.429345 0.945097 3.0132 975.6857 0 1.30175E-04 3.52903 6.0862E-01 0.37873 0.0107935
6.26847E+05 4.417132 3.557386 1.012431 0.946351 3.14339 611.6508 0 1.99145E-05 3.61254 6.0773E-01 0.37932 0.0110636
6.31682E+05 4.419309 3.594413 0.990411 0.948011 3.14339 499.4454 0 3.42844E-09 3.63798 6.0749E-01 0.37948 0.0111414
6.36284E+05 4.421592 3.598178 0.990397 0.949626 3.14339 490.5954 0 3.00141E-09 3.64056 6.0749E-01 0.37948 0.0111414
6.40836E+05 4.423864 3.602047 0.990386 0.951232 3.14339 481.7160 0 2.60832E-09 3.64317 6.0749E-01 0.37948 0.0111414
6.45331E+05 4.426119 3.606071 0.990375 0.952827 3.14339 472.7387 0 2.24488E-09 3.64584 6.0749E-01 0.37948 0.0111414
6.49765E+05 4.428357 3.610221 0.990367 0.954410 3.14339 463.4784 0 1.91434E-09 3.64861 6.0749E-01 0.37948 0.0111414
6.54137E+05 4.430574 3.614494 0.990359 0.955979 3.14339 454.1906 0 1.61662E-09 3.65143 6.0749E-01 0.37948 0.0111414
6.58446E+05 4.432772 3.618844 0.990353 0.957533 3.14339 444.8125 0 1.35360E-09 3.65432 6.0749E-01 0.37948 0.0111414
6.62692E+05 4.434949 3.623326 0.990349 0.959074 3.14339 435.3802 0 1.12045E-09 3.65726 6.0749E-01 0.37948 0.0111414
6.66876E+05 4.437105 3.627923 0.990344 0.960600 3.14339 425.6413 0 9.16784E-10 3.66034 6.0749E-01 0.37948 0.0111414
6.71000E+05 4.439241 3.632549 0.990341 0.962112 3.14339 415.8620 0 7.43740E-10 3.66347 6.0749E-01 0.37948 0.0111414
6.75063E+05 4.441356 3.637278 0.990339 0.963609 3.14339 405.9958 0 5.95819E-10 3.66669 6.0749E-01 0.37948 0.0111414
6.79068E+05 4.443452 3.642151 0.990337 0.965093 3.14339 395.9118 0 4.69919E-10 3.67003 6.0749E-01 0.37948 0.0111414
6.83016E+05 4.445528 3.647075 0.990335 0.966563 3.14339 385.6929 0 3.66116E-10 3.67347 6.0749E-01 0.37948 0.0111414
6.86907E+05 4.447584 3.652162 0.990334 0.968019 3.14339 375.3253 0 2.79846E-10 3.67704 6.0749E-01 0.37948 0.0111414
6.90744E+05 4.449622 3.657355 0.990333 0.969462 3.14339 364.7862 0 2.10129E-10 3.68074 6.0749E-01 0.37948 0.0111414
6.94526E+05 4.451607 3.662723 0.970891 0.970891 3.14339 360.4545 0 1.54120E-10 3.68457 6.0749E-01 0.37948 0.0111414
