0.000 3.1367 3.5826 0.55000 0.49920 0.4773 7.145127E+01 0 5.79429e-08 3.5826 7.479972E-01 2.459801E-01 0.00284367
0.000 2.2251 3.6478 0.55000 0.49920 0.4773 4.619106E+00 1 9.31108e-10 3.6478 7.479972E-01 2.459801E-01 0.00284367
113670.223 3.2117 3.5781 0.54536 0.50017 0.4773 8.774004E+01 0 8.85116e-08 3.5781 7.479972E-01 2.459801E-01 0.00284367
141164.035 2.2235 3.6499 0.54292 0.50069 0.4773 4.565225E+00 1 9.44061e-10 3.6499 7.479972E-01 2.459801E-01 0.00284367
248666.317 3.2326 3.5801 0.53810 0.50165 0.4773 9.104951E+01 0 1.00462e-07 3.5801 7.479972E-01 2.459801E-01 0.00284367
282620.322 2.2141 3.6537 0.53462 0.50236 0.4773 4.398117E+00 1 9.33254e-10 3.6537 7.479972E-01 2.459801E-01 0.00284367
379788.583 3.2388 3.5848 0.53065 0.50313 0.4773 8.960959E+01 0 1.04472e-07 3.5848 7.479972E-01 2.459801E-01 0.00284367
434502.187 2.1848 3.6610 0.52423 0.50433 0.4773 3.992605E+00 1 8.66962e-10 3.6610 7.479972E-01 2.459801E-01 0.00284367
595011.627 3.2863 3.6205 0.51165 0.50661 0.4773 7.500403E+01 0 1.25314e-07 3.6205 7.479972E-01 2.459801E-01 0.00284367
0.000 3.1157 3.5790 0.60000 0.50560 0.4773 6.611232E+01 0 4.51856e-08 3.5790 7.479972E-01 2.459801E-01 0.00284367
0.000 2.3763 3.6342 0.60000 0.50560 0.4773 6.438059E+00 1 1.48252e-09 3.6342 7.479972E-01 2.459801E-01 0.00284367
120736.908 3.2063 3.5713 0.59524 0.50678 0.4773 8.625341E+01 0 7.55092e-08 3.5713 7.479972E-01 2.459801E-01 0.00284367
132389.841 2.3889 3.6339 0.59438 0.50700 0.4773 6.633927E+00 1 1.57761e-09 3.6339 7.479972E-01 2.459801E-01 0.00284367
253399.265 3.2335 3.5699 0.58871 0.50833 0.4773 9.325167E+01 0 8.93305e-08 3.5699 7.479972E-01 2.459801E-01 0.00284367
264731.852 2.4009 3.6341 0.58773 0.50857 0.4773 6.812593E+00 1 1.6788e-09 3.6341 7.479972E-01 2.459801E-01 0.00284367
390457.888 3.2608 3.5691 0.58099 0.51004 0.4773 1.005143E+02 0 1.0617e-07 3.5691 7.479972E-01 2.459801E-01 0.00284367
409939.907 2.4120 3.6348 0.57895 0.51048 0.4773 6.969732E+00 1 1.79061e-09 3.6348 7.479972E-01 2.459801E-01 0.00284367
534962.023 3.2885 3.5694 0.57136 0.51200 0.4773 1.076778E+02 0 1.26765e-07 3.5694 7.479972E-01 2.459801E-01 0.00284367
566317.729 2.4184 3.6367 0.56732 0.51278 0.4773 7.026487E+00 1 1.88799e-09 3.6367 7.479972E-01 2.459801E-01 0.00284367
680404.865 3.3105 3.5720 0.55995 0.51411 0.4773 1.120202E+02 0 1.46218e-07 3.5720 7.479972E-01 2.459801E-01 0.00284367
729178.047 2.4113 3.6416 0.55223 0.51543 0.4773 6.781139E+00 1 1.90985e-09 3.6416 7.479972E-01 2.459801E-01 0.00284367
826776.118 3.3190 3.5799 0.54601 0.51644 0.4773 1.086061E+02 0 1.55239e-07 3.5799 7.479972E-01 2.459801E-01 0.00284367
898955.252 2.3574 3.6571 0.53254 0.51851 0.4773 5.588941E+00 1 1.64437e-09 3.6571 7.479972E-01 2.459801E-01 0.00284367
998034.430 3.3566 3.6202 0.52477 0.51969 0.4773 8.581403E+01 0 1.7338e-07 3.6202 7.479972E-01 2.459801E-01 0.00284367
0.000 3.2441 3.5657 0.65000 0.51090 0.4771 9.197860E+01 0 8.03526e-08 3.5657 7.454182E-01 2.484849E-01 0.00284396
0.000 2.4760 3.6266 0.65000 0.51090 0.4771 7.840112E+00 1 1.98609e-09 3.6266 7.454182E-01 2.484849E-01 0.00284396
109922.171 3.3413 3.5561 0.64232 0.51241 0.4771 1.241080E+02 0 1.43549e-07 3.5561 7.454182E-01 2.484849E-01 0.00284396
125533.189 2.4968 3.6257 0.64015 0.51282 0.4771 8.266008E+00 1 2.208e-09 3.6257 7.454182E-01 2.484849E-01 0.00284396
243430.867 3.3698 3.5543 0.62993 0.51469 0.4771 1.359107E+02 0 1.74985e-07 3.5543 7.454182E-01 2.484849E-01 0.00284396
255877.878 2.5171 3.6251 0.62780 0.51505 0.4771 8.700801E+00 1 2.46037e-09 3.6251 7.454182E-01 2.484849E-01 0.00284396
383554.423 3.3988 3.5534 0.61449 0.51727 0.4771 1.483274E+02 0 2.15278e-07 3.5534 7.454182E-01 2.484849E-01 0.00284396
399966.661 2.5354 3.6253 0.61102 0.51779 0.4771 9.107422E+00 1 2.74789e-09 3.6253 7.454182E-01 2.484849E-01 0.00284396
518152.836 3.4208 3.5547 0.59782 0.51980 0.4771 1.568268E+02 0 2.54097e-07 3.5547 7.454182E-01 2.484849E-01 0.00284396
555435.100 2.5438 3.6276 0.58789 0.52109 0.4771 9.274113E+00 1 2.99916e-09 3.6276 7.454182E-01 2.484849E-01 0.00284396
653745.473 3.4277 3.5608 0.57739 0.52255 0.4771 1.549680E+02 0 2.74157e-07 3.5608 7.454182E-01 2.484849E-01 0.00284396
717331.766 2.5182 3.6378 0.55679 0.52490 0.4771 8.446648E+00 1 2.91072e-09 3.6378 7.454182E-01 2.484849E-01 0.00284396
746722.526 3.0642 3.5997 0.55529 0.52494 0.4771 3.037348E+01 1 3.7325e-08 3.5997 7.454182E-01 2.484849E-01 0.00284396
0.000 3.1972 3.5753 0.70000 0.51360 0.4771 4.116171E+01 1 5.33335e-08 3.5753 7.430191E-01 2.510152E-01 0.00284453
0.000 2.5377 3.6266 0.70000 0.51360 0.4771 8.452242E+00 1 2.32809e-09 3.6266 7.430191E-01 2.510152E-01 0.00284453
110773.536 3.2909 3.5662 0.69468 0.51501 0.4771 9.647891E+01 0 9.12011e-08 3.5662 7.430191E-01 2.510152E-01 0.00284453
120941.129 2.5603 3.6252 0.69379 0.51525 0.4771 8.945133E+00 1 2.58226e-09 3.6252 7.430191E-01 2.510152E-01 0.00284453
232718.327 3.3182 3.5637 0.68753 0.51681 0.4771 1.053340E+02 0 1.08643e-07 3.5637 7.430191E-01 2.510152E-01 0.00284453
245813.204 2.5843 3.6238 0.68613 0.51715 0.4771 9.494035E+00 1 2.89068e-09 3.6238 7.430191E-01 2.510152E-01 0.00284453
373089.666 3.3513 3.5606 0.67719 0.51919 0.4771 1.173317E+02 0 1.34896e-07 3.5606 7.430191E-01 2.510152E-01 0.00284453
385703.803 2.6113 3.6224 0.67555 0.51955 0.4771 1.015615E+01 1 3.3037e-09 3.6224 7.430191E-01 2.510152E-01 0.00284453
521136.557 3.3866 3.5577 0.66375 0.52195 0.4771 1.316536E+02 0 1.71396e-07 3.5577 7.430191E-01 2.510152E-01 0.00284453
535970.322 2.6385 3.6210 0.66125 0.52241 0.4771 1.090334E+01 1 3.81944e-09 3.6210 7.430191E-01 2.510152E-01 0.00284453
678890.377 3.4241 3.5553 0.64507 0.52524 0.4771 1.486678E+02 0 2.23872e-07 3.5553 7.430191E-01 2.510152E-01 0.00284453
696589.618 2.6633 3.6204 0.64122 0.52585 0.4771 1.164516E+01 1 4.43609e-09 3.6204 7.430191E-01 2.510152E-01 0.00284453
828655.757 3.4562 3.5552 0.62313 0.52856 0.4771 1.634404E+02 0 2.84446e-07 3.5552 7.430191E-01 2.510152E-01 0.00284453
859522.580 2.6777 3.6218 0.61414 0.52973 0.4771 1.209654E+01 1 5.01187e-09 3.6218 7.430191E-01 2.510152E-01 0.00284453
963031.522 3.4705 3.5596 0.59980 0.53160 0.4771 1.669072E+02 0 3.2434e-07 3.5596 7.430191E-01 2.510152E-01 0.00284453
1020147.912 2.6640 3.6292 0.57865 0.53393 0.4771 1.151726E+01 1 5.11682e-09 3.6292 7.430191E-01 2.510152E-01 0.00284453
1094787.874 3.4480 3.5753 0.56971 0.53493 0.4771 1.443292E+02 0 2.93765e-07 3.5753 7.430191E-01 2.510152E-01 0.00284453
1171309.708 3.5354 3.7002 0.53930 0.53818 0.4771 3.499249E+01 1 3.155e-07 3.7002 7.430191E-01 2.510152E-01 0.00284453
0.000 2.6226 3.6228 0.80000 0.51730 0.4681 9.487499E+00 1 2.77332e-09 3.6228 7.399460E-01 2.539803E-01 0.00284609
114242.731 2.6462 3.6212 0.79585 0.51880 0.4681 1.004974E+01 1 3.0761e-09 3.6212 7.399460E-01 2.539803E-01 0.00284609
225268.986 3.2961 3.5689 0.79129 0.52034 0.4681 4.856628E+01 1 7.34514e-08 3.5689 7.399460E-01 2.539803E-01 0.00284609
235150.663 2.6725 3.6194 0.79059 0.52058 0.4681 1.072242E+01 1 3.46737e-09 3.6194 7.399460E-01 2.539803E-01 0.00284609
354620.780 3.3304 3.5654 0.78475 0.52241 0.4681 9.672407E+01 0 9.05733e-08 3.5654 7.399460E-01 2.539803E-01 0.00284609
367673.935 2.7023 3.6173 0.78360 0.52277 0.4681 1.154475E+01 1 3.98107e-09 3.6173 7.399460E-01 2.539803E-01 0.00284609
494135.765 3.3660 3.5616 0.77604 0.52491 0.4681 1.087037E+02 0 1.13501e-07 3.5616 7.399460E-01 2.539803E-01 0.00284609
510972.562 2.7351 3.6151 0.77416 0.52541 0.4681 1.253919E+01 1 4.66659e-09 3.6151 7.399460E-01 2.539803E-01 0.00284609
649653.986 3.4070 3.5573 0.76322 0.52811 0.4681 1.246689E+02 0 1.48252e-07 3.5573 7.399460E-01 2.539803E-01 0.00284609
664573.984 2.7703 3.6126 0.76108 0.52861 0.4681 1.373923E+01 1 5.5847e-09 3.6126 7.399460E-01 2.539803E-01 0.00284609
806137.396 3.4479 3.5528 0.74652 0.53168 0.4681 1.437427E+02 0 1.96336e-07 3.5528 7.399460E-01 2.539803E-01 0.00284609
821528.147 2.8047 3.6104 0.74355 0.53224 0.4681 1.505028E+01 1 6.72977e-09 3.6104 7.399460E-01 2.539803E-01 0.00284609
966023.512 3.4881 3.5487 0.72360 0.53576 0.4681 1.659967E+02 0 2.64241e-07 3.5487 7.399460E-01 2.539803E-01 0.00284609
981266.844 2.8365 3.6081 0.71968 0.53637 0.4681 1.649046E+01 1 8.16582e-09 3.6081 7.399460E-01 2.539803E-01 0.00284609
1121386.700 3.5271 3.5456 0.69393 0.54010 0.4681 1.910635E+02 0 3.58922e-07 3.5456 7.399460E-01 2.539803E-01 0.00284609
1135058.073 2.8600 3.6070 0.68907 0.54070 0.4681 1.775298E+01 1 9.7051e-09 3.6070 7.399460E-01 2.539803E-01 0.00284609
1248569.352 3.5510 3.5457 0.66551 0.54362 0.4681 2.070739E+02 0 4.43609e-07 3.5457 7.399460E-01 2.539803E-01 0.00284609
1285608.225 2.8690 3.6085 0.64718 0.54541 0.4681 1.842423E+01 1 1.11173e-08 3.6085 7.399460E-01 2.539803E-01 0.00284609
1370085.820 3.5571 3.5518 0.62954 0.54730 0.4681 2.073172E+02 0 4.94311e-07 3.5518 7.399460E-01 2.539803E-01 0.00284609
1430087.987 2.8235 3.6230 0.58572 0.55038 0.4681 1.603548E+01 1 1.02802e-08 3.6230 7.399460E-01 2.539803E-01 0.00284609
1479332.037 3.4705 3.5819 0.57821 0.55102 0.4681 1.416450E+02 0 3.13329e-07 3.5819 7.399460E-01 2.539803E-01 0.00284609
1527681.338 3.6136 3.7087 0.55438 0.55335 0.4681 3.741351E+01 1 4.37522e-07 3.7087 7.399460E-01 2.539803E-01 0.00284609
0.000 2.6940 3.6209 0.90000 0.52180 0.4485 1.032256E+01 1 3.1989e-09 3.6209 7.389244E-01 2.559764E-01 0.00285062
112874.431 2.7199 3.6190 0.89644 0.52333 0.4485 1.099387E+01 1 3.58096e-09 3.6190 7.389244E-01 2.559764E-01 0.00285062
233748.959 2.7493 3.6171 0.89185 0.52520 0.4485 1.179931E+01 1 4.08319e-09 3.6171 7.389244E-01 2.559764E-01 0.00285062
365984.552 2.7826 3.6147 0.88574 0.52749 0.4485 1.281081E+01 1 4.76431e-09 3.6147 7.389244E-01 2.559764E-01 0.00285062
513237.248 2.8211 3.6119 0.87707 0.53039 0.4485 1.410100E+01 1 5.71479e-09 3.6119 7.389244E-01 2.559764E-01 0.00285062
665224.799 2.8608 3.6089 0.86559 0.53372 0.4485 1.559516E+01 1 6.95024e-09 3.6089 7.389244E-01 2.559764E-01 0.00285062
806939.162 3.4702 3.5545 0.85261 0.53699 0.4485 1.348032E+02 0 1.71791e-07 3.5545 7.389244E-01 2.559764E-01 0.00285062
822393.261 2.9013 3.6057 0.84999 0.53760 0.4485 1.735868E+01 1 8.59014e-09 3.6057 7.389244E-01 2.559764E-01 0.00285062
966147.955 3.5118 3.5494 0.83241 0.54131 0.4485 1.566826E+02 0 2.30144e-07 3.5494 7.389244E-01 2.559764E-01 0.00285062
981588.606 2.9407 3.6026 0.82893 0.54197 0.4485 1.933153E+01 1 1.07399e-08 3.6026 7.389244E-01 2.559764E-01 0.00285062
1118688.878 3.5513 3.5444 0.80696 0.54586 0.4485 1.820368E+02 0 3.10456e-07 3.5444 7.389244E-01 2.559764E-01 0.00285062
1133828.473 2.9754 3.5996 0.80227 0.54657 0.4485 2.141449E+01 1 1.33352e-08 3.5996 7.389244E-01 2.559764E-01 0.00285062
1271050.803 3.5891 3.5399 0.77176 0.55098 0.4485 2.119334E+02 0 4.2462e-07 3.5399 7.389244E-01 2.559764E-01 0.00285062
1281989.961 3.0043 3.5973 0.76717 0.55154 0.4485 2.348760E+01 1 1.64816e-08 3.5973 7.389244E-01 2.559764E-01 0.00285062
1401693.649 3.6195 3.5376 0.72809 0.55554 0.4485 2.407111E+02 0 9.01571e-07 3.5376 7.389244E-01 2.559764E-01 0.00285062
1424482.087 3.0134 3.5971 0.70581 0.55681 0.4485 2.494750E+01 1 1.96789e-08 3.5971 7.389244E-01 2.559764E-01 0.00285062
1502784.237 3.6167 3.5419 0.68159 0.55891 0.4485 2.419031E+02 0 1.0666e-06 3.5419 7.389244E-01 2.559764E-01 0.00285062
1560297.761 2.9332 3.6176 0.59524 0.56231 0.4485 2.023217E+01 1 1.68655e-08 3.6176 7.389244E-01 2.559764E-01 0.00285062
1599978.271 3.4922 3.5847 0.58740 0.56280 0.4485 1.432372E+02 0 3.38065e-07 3.5847 7.389244E-01 2.559764E-01 0.00285062
1638876.965 3.6557 3.7125 0.56584 0.56483 0.4485 3.888881E+01 1 5.17607e-07 3.7125 7.389244E-01 2.559764E-01 0.00285062
0.000 2.7489 3.6163 1.00000 0.52540 0.4284 1.118677E+01 1 3.4914e-09 3.6163 7.380742E-01 2.569804E-01 0.00285651
108985.547 2.7776 3.6144 0.99655 0.52704 0.4284 1.197427E+01 1 3.96278e-09 3.6144 7.380742E-01 2.569804E-01 0.00285651
227913.481 2.8106 3.6120 0.99201 0.52907 0.4284 1.297595E+01 1 4.59198e-09 3.6120 7.380742E-01 2.569804E-01 0.00285651
358458.842 2.8477 3.6094 0.98593 0.53156 0.4284 1.420603E+01 1 5.44503e-09 3.6094 7.380742E-01 2.569804E-01 0.00285651
503102.606 2.8902 3.6063 0.97733 0.53470 0.4284 1.577247E+01 1 6.66807e-09 3.6063 7.380742E-01 2.569804E-01 0.00285651
652460.297 2.9337 3.6029 0.96592 0.53832 0.4284 1.762174E+01 1 8.26038e-09 3.6029 7.380742E-01 2.569804E-01 0.00285651
806531.423 2.9778 3.5994 0.95053 0.54247 0.4284 1.975332E+01 1 1.03992e-08 3.5994 7.380742E-01 2.569804E-01 0.00285651
943925.161 3.5468 3.5453 0.93389 0.54635 0.4284 1.608842E+02 0 2.29087e-07 3.5453 7.380742E-01 2.569804E-01 0.00285651
958902.634 3.0203 3.5957 0.93050 0.54705 0.4284 2.218098E+01 1 1.31826e-08 3.5957 7.380742E-01 2.569804E-01 0.00285651
1090126.443 3.5844 3.5399 0.90983 0.55113 0.4284 1.859950E+02 0 3.02691e-07 3.5399 7.380742E-01 2.569804E-01 0.00285651
1105886.767 3.0591 3.5922 0.90506 0.55193 0.4284 2.477397E+01 1 1.66725e-08 3.5922 7.380742E-01 2.569804E-01 0.00285651
1237390.888 3.6215 3.5344 0.87661 0.55655 0.4284 2.170066E+02 0 4.09261e-07 3.5344 7.380742E-01 2.569804E-01 0.00285651
1251494.095 3.0948 3.5885 0.87094 0.55733 0.4284 2.770864E+01 1 2.12324e-08 3.5885 7.380742E-01 2.569804E-01 0.00285651
1376482.623 3.6562 3.5291 0.82837 0.56215 0.4284 2.548444E+02 0 8.97429e-07 3.5291 7.380742E-01 2.569804E-01 0.00285651
1389007.637 3.1191 3.5856 0.81750 0.56290 0.4284 3.055659E+01 1 2.67301e-08 3.5856 7.380742E-01 2.569804E-01 0.00285651
1487655.641 3.6774 3.5270 0.76197 0.56660 0.4284 2.885821E+02 0 1.94984e-06 3.5270 7.380742E-01 2.569804E-01 0.00285651
1518169.647 3.0875 3.5894 0.68382 0.56856 0.4284 3.073237E+01 1 3.04089e-08 3.5894 7.380742E-01 2.569804E-01 0.00285651
1571895.259 3.6264 3.5426 0.66296 0.56983 0.4284 2.505590E+02 0 1.30317e-06 3.5426 7.380742E-01 2.569804E-01 0.00285651
1622522.003 3.7125 3.6449 0.57818 0.57314 0.4284 1.386693E+02 0 8.81049e-07 3.6449 7.380742E-01 2.569804E-01 0.00285651
0.000 2.7891 3.6207 1.10000 0.52770 0.4125 1.110294E+01 1 3.65595e-09 3.6207 7.370552E-01 2.579883E-01 0.00286089
105640.788 2.8172 3.6187 1.09729 0.52927 0.4125 1.187694E+01 1 4.13048e-09 3.6187 7.370552E-01 2.579883E-01 0.00286089
221298.905 2.8497 3.6166 1.09374 0.53121 0.4125 1.282052E+01 1 4.75335e-09 3.6166 7.370552E-01 2.579883E-01 0.00286089
351598.558 2.8879 3.6138 1.08883 0.53370 0.4125 1.407271E+01 1 5.64937e-09 3.6138 7.370552E-01 2.579883E-01 0.00286089
489989.221 2.9292 3.6109 1.08231 0.53665 0.4125 1.554524E+01 1 6.83912e-09 3.6109 7.370552E-01 2.579883E-01 0.00286089
639770.076 2.9749 3.6074 1.07315 0.54030 0.4125 1.741763E+01 1 8.51138e-09 3.6074 7.370552E-01 2.579883E-01 0.00286089
789447.132 3.0195 3.6041 1.06140 0.54432 0.4125 1.947978E+01 1 1.0617e-08 3.6041 7.370552E-01 2.579883E-01 0.00286089
941457.823 3.0648 3.6002 1.04576 0.54892 0.4125 2.193727E+01 1 1.34896e-08 3.6002 7.370552E-01 2.579883E-01 0.00286089
1086152.017 3.1066 3.5967 1.02649 0.55376 0.4125 2.453141E+01 1 1.69824e-08 3.5967 7.370552E-01 2.579883E-01 0.00286089
1224766.802 3.1451 3.5930 1.00262 0.55885 0.4125 2.737194E+01 1 2.13796e-08 3.5930 7.370552E-01 2.579883E-01 0.00286089
1360724.497 3.1810 3.5894 0.97179 0.56438 0.4125 3.049227E+01 1 2.70396e-08 3.5894 7.370552E-01 2.579883E-01 0.00286089
1491097.356 3.2123 3.5857 0.93273 0.57016 0.4125 3.386852E+01 1 3.41193e-08 3.5857 7.370552E-01 2.579883E-01 0.00286089
1602927.430 3.7176 3.5305 0.87885 0.57528 0.4125 2.750718E+02 0 1.33352e-06 3.5305 7.370552E-01 2.579883E-01 0.00286089
1612230.661 3.2302 3.5826 0.86651 0.57593 0.4125 3.717716E+01 1 4.2658e-08 3.5826 7.370552E-01 2.579883E-01 0.00286089
1698243.236 3.7339 3.5283 0.79692 0.57969 0.4125 3.116447E+02 0 2.91743e-06 3.5283 7.370552E-01 2.579883E-01 0.00286089
1727719.945 3.1689 3.5901 0.67510 0.58185 0.4125 3.572848E+01 1 4.67735e-08 3.5901 7.370552E-01 2.579883E-01 0.00286089
1768388.044 3.6480 3.5536 0.65471 0.58281 0.4125 2.410073E+02 0 1.2218e-06 3.5536 7.370552E-01 2.579883E-01 0.00286089
1810500.378 3.7601 3.7169 0.58692 0.58586 0.4125 4.473674E+01 1 8.24138e-07 3.7169 7.370552E-01 2.579883E-01 0.00286089
0.000 2.8323 3.6208 1.20000 0.53130 0.4018 1.149059E+01 1 3.90841e-09 3.6208 7.389244E-01 2.559764E-01 0.00286215
101159.679 2.8695 3.6182 1.19595 0.53334 0.4018 1.256177E+01 1 4.59198e-09 3.6182 7.389244E-01 2.559764E-01 0.00286215
216162.518 2.9130 3.6151 1.19043 0.53597 0.4018 1.394089E+01 1 5.55904e-09 3.6151 7.389244E-01 2.559764E-01 0.00286215
344699.082 2.9615 3.6116 1.18291 0.53926 0.4018 1.568347E+01 1 6.95024e-09 3.6116 7.389244E-01 2.559764E-01 0.00286215
482530.776 3.0127 3.6078 1.17281 0.54319 0.4018 1.778957E+01 1 8.85116e-09 3.6078 7.389244E-01 2.559764E-01 0.00286215
628559.441 3.0655 3.6038 1.15908 0.54783 0.4018 2.030100E+01 1 1.1508e-08 3.6038 7.389244E-01 2.559764E-01 0.00286215
774498.122 3.1164 3.5994 1.14146 0.55297 0.4018 2.318896E+01 1 1.50314e-08 3.5994 7.389244E-01 2.559764E-01 0.00286215
913509.009 3.1624 3.5955 1.12013 0.55832 0.4018 2.621852E+01 1 1.93642e-08 3.5955 7.389244E-01 2.559764E-01 0.00286215
1047379.496 3.2046 3.5913 1.09388 0.56396 0.4018 2.954816E+01 1 2.48886e-08 3.5913 7.389244E-01 2.559764E-01 0.00286215
1175613.058 3.2424 3.5874 1.06169 0.56984 0.4018 3.307548E+01 1 3.1842e-08 3.5874 7.389244E-01 2.559764E-01 0.00286215
1298758.840 3.2757 3.5834 1.02178 0.57595 0.4018 3.692993E+01 1 4.05509e-08 3.5834 7.389244E-01 2.559764E-01 0.00286215
1405591.181 3.7580 3.5295 0.96910 0.58140 0.4018 2.815885E+02 0 1.30017e-06 3.5295 7.389244E-01 2.559764E-01 0.00286215
1414866.531 3.2987 3.5796 0.95729 0.58211 0.4018 4.094750E+01 1 5.15229e-08 3.5796 7.389244E-01 2.559764E-01 0.00286215
1513211.668 3.7815 3.5238 0.83632 0.58741 0.4018 3.462653E+02 0 4.46684e-06 3.5238 7.389244E-01 2.559764E-01 0.00286215
1523938.157 3.2753 3.5781 0.78298 0.58827 0.4018 4.394214E+01 1 6.5013e-08 3.5781 7.389244E-01 2.559764E-01 0.00286215
1570592.396 3.7327 3.5331 0.74215 0.58981 0.4018 3.142597E+02 0 3.53183e-06 3.5331 7.389244E-01 2.559764E-01 0.00286215
1610114.413 3.8002 3.7298 0.59414 0.59305 0.4018 4.354776E+01 1 9.48418e-07 3.7298 7.389244E-01 2.559764E-01 0.00286215
0.000 2.8566 3.6221 1.30000 0.53220 0.3964 1.142121E+01 1 3.89045e-09 3.6221 7.399460E-01 2.549764E-01 0.00285067
100588.481 2.8937 3.6194 1.29656 0.53422 0.3964 1.248574E+01 1 4.56037e-09 3.6194 7.399460E-01 2.549764E-01 0.00285067
215066.878 2.9371 3.6164 1.29189 0.53682 0.3964 1.384333E+01 1 5.52077e-09 3.6164 7.399460E-01 2.549764E-01 0.00285067
343933.817 2.9863 3.6129 1.28546 0.54012 0.3964 1.557890E+01 1 6.88652e-09 3.6129 7.399460E-01 2.549764E-01 0.00285067
482082.282 3.0383 3.6092 1.27683 0.54407 0.3964 1.766848E+01 1 8.77001e-09 3.6092 7.399460E-01 2.549764E-01 0.00285067
626014.639 3.0907 3.6051 1.26549 0.54862 0.3964 2.012548E+01 1 1.1324e-08 3.6051 7.399460E-01 2.549764E-01 0.00285067
770750.644 3.1419 3.6010 1.25093 0.55370 0.3964 2.291438E+01 1 1.46893e-08 3.6010 7.399460E-01 2.549764E-01 0.00285067
909662.625 3.1892 3.5971 1.23328 0.55906 0.3964 2.589466E+01 1 1.88799e-08 3.5971 7.399460E-01 2.549764E-01 0.00285067
1042379.769 3.2325 3.5931 1.21207 0.56466 0.3964 2.912665E+01 1 2.40991e-08 3.5931 7.399460E-01 2.549764E-01 0.00285067
1170408.568 3.2725 3.5893 1.18623 0.57053 0.3964 3.257860E+01 1 3.06196e-08 3.5893 7.399460E-01 2.549764E-01 0.00285067
1293320.397 3.3088 3.5853 1.15489 0.57664 0.3964 3.634863E+01 1 3.87258e-08 3.5853 7.399460E-01 2.549764E-01 0.00285067
1410719.402 3.3412 3.5814 1.11702 0.58293 0.3964 4.036361E+01 1 4.87528e-08 3.5814 7.399460E-01 2.549764E-01 0.00285067
1520536.285 3.3676 3.5776 1.06834 0.58918 0.3964 4.457757E+01 1 6.10942e-08 3.5776 7.399460E-01 2.549764E-01 0.00285067
1623596.483 3.3802 3.5735 0.97765 0.59539 0.3964 4.918676E+01 1 7.72681e-08 3.5735 7.399460E-01 2.549764E-01 0.00285067
1696926.523 3.8179 3.5218 0.86558 0.59945 0.3964 3.714609E+02 0 5.97035e-06 3.5218 7.399460E-01 2.549764E-01 0.00285067
1720860.176 3.2544 3.5929 0.65062 0.60157 0.3964 7.445067E+01 0 7.67361e-08 3.5929 7.399460E-01 2.549764E-01 0.00285067
1742590.603 3.6187 3.5767 0.63481 0.60189 0.3964 1.900013E+02 0 6.06736e-07 3.5767 7.399460E-01 2.549764E-01 0.00285067
1770638.536 3.8086 3.7328 0.60502 0.60397 0.3964 4.285528E+01 1 9.48418e-07 3.7328 7.399460E-01 2.549764E-01 0.00285067
0.000 2.8869 3.6230 1.40000 0.53460 0.3605 1.154809E+01 1 4.00867e-09 3.6230 7.370552E-01 2.579883E-01 0.00286076
98512.457 2.9214 3.6207 1.39746 0.53644 0.3605 1.252332E+01 1 4.64515e-09 3.6207 7.370552E-01 2.579883E-01 0.00286076
208663.592 2.9612 3.6180 1.39407 0.53876 0.3605 1.376049E+01 1 5.52077e-09 3.6180 7.370552E-01 2.579883E-01 0.00286076
330545.707 3.0058 3.6149 1.38954 0.54163 0.3605 1.529429E+01 1 6.71429e-09 3.6149 7.370552E-01 2.579883E-01 0.00286076
465465.598 3.0557 3.6114 1.38322 0.54525 0.3605 1.722804E+01 1 8.43335e-09 3.6114 7.370552E-01 2.579883E-01 0.00286076
607292.974 3.1071 3.6075 1.37482 0.54949 0.3605 1.953739E+01 1 1.07647e-08 3.6075 7.370552E-01 2.579883E-01 0.00286076
749798.456 3.1578 3.6037 1.36407 0.55424 0.3605 2.212657E+01 1 1.38038e-08 3.6037 7.370552E-01 2.579883E-01 0.00286076
886474.326 3.2048 3.5998 1.35114 0.55925 0.3605 2.494266E+01 1 1.75388e-08 3.5998 7.370552E-01 2.579883E-01 0.00286076
1020426.727 3.2498 3.5961 1.33509 0.56469 0.3605 2.799276E+01 1 2.22844e-08 3.5961 7.370552E-01 2.579883E-01 0.00286076
1151032.544 3.2925 3.5921 1.31528 0.57053 0.3605 3.140645E+01 1 2.83139e-08 3.5921 7.370552E-01 2.579883E-01 0.00286076
1274729.942 3.3313 3.5885 1.29186 0.57653 0.3605 3.493748E+01 1 3.56451e-08 3.5885 7.370552E-01 2.579883E-01 0.00286076
1389511.883 3.3654 3.5848 1.26519 0.58247 0.3605 3.862111E+01 1 4.42588e-08 3.5848 7.370552E-01 2.579883E-01 0.00286076
1498710.073 3.3963 3.5814 1.23392 0.58853 0.3605 4.244752E+01 1 5.44503e-08 3.5814 7.370552E-01 2.579883E-01 0.00286076
1603829.396 3.4242 3.5777 1.19654 0.59476 0.3605 4.662599E+01 1 6.71429e-08 3.5777 7.370552E-01 2.579883E-01 0.00286076
1704735.081 3.4484 3.5739 1.14908 0.60113 0.3605 5.113062E+01 1 8.26038e-08 3.5739 7.370552E-01 2.579883E-01 0.00286076
1799319.321 3.4626 3.5698 1.06882 0.60729 0.3781 5.612919E+01 1 1.02802e-07 3.5698 7.368851E-01 2.581341E-01 0.00288557
1887464.261 3.4251 3.5669 0.83131 0.61306 0.4359 1.121104E+02 0 1.34276e-07 3.5669 7.363360E-01 2.586035E-01 0.00296679
1878758.729 3.8560 3.5201 0.90867 0.61223 0.4359 3.945653E+02 0 7.55092e-06 3.5201 7.363360E-01 2.586035E-01 0.00296679
1948873.269 3.8656 3.7338 0.61799 0.61698 0.4359 4.671397E+01 1 1.22744e-06 3.7338 7.363360E-01 2.586035E-01 0.00296679
0.000 2.8853 3.6258 1.50000 0.53160 0.3438 1.089344E+01 1 3.64754e-09 3.6258 7.370552E-01 2.579883E-01 0.00286507
100241.704 2.9247 3.6231 1.49695 0.53376 0.3438 1.195689E+01 1 4.30527e-09 3.6231 7.370552E-01 2.579883E-01 0.00286507
216070.535 2.9713 3.6199 1.49279 0.53659 0.3438 1.334187E+01 1 5.24807e-09 3.6199 7.370552E-01 2.579883E-01 0.00286507
347779.267 3.0243 3.6163 1.48704 0.54022 0.3438 1.512810E+01 1 6.62217e-09 3.6163 7.370552E-01 2.579883E-01 0.00286507
488560.812 3.0796 3.6124 1.47944 0.54453 0.3438 1.727472E+01 1 8.531e-09 3.6124 7.370552E-01 2.579883E-01 0.00286507
635231.638 3.1350 3.6083 1.46953 0.54948 0.3438 1.976582E+01 1 1.10662e-08 3.6083 7.370552E-01 2.579883E-01 0.00286507
776300.943 3.1861 3.6045 1.45779 0.55470 0.3438 2.240663E+01 1 1.42233e-08 3.6045 7.370552E-01 2.579883E-01 0.00286507
916416.061 3.2356 3.6003 1.44314 0.56044 0.3438 2.542026E+01 1 1.83231e-08 3.6003 7.370552E-01 2.579883E-01 0.00286507
1046296.196 3.2793 3.5968 1.42665 0.56617 0.3438 2.842725E+01 1 2.31206e-08 3.5968 7.370552E-01 2.579883E-01 0.00286507
1170972.552 3.3198 3.5930 1.40727 0.57213 0.3438 3.168844E+01 1 2.89734e-08 3.5930 7.370552E-01 2.579883E-01 0.00286507
1290892.808 3.3574 3.5896 1.38446 0.57831 0.3438 3.511378E+01 1 3.60579e-08 3.5896 7.370552E-01 2.579883E-01 0.00286507
1405624.032 3.3921 3.5859 1.35787 0.58466 0.3438 3.880795E+01 1 4.47713e-08 3.5859 7.370552E-01 2.579883E-01 0.00286507
1515669.285 3.4238 3.5823 1.32674 0.59118 0.3438 4.272724E+01 1 5.52077e-08 3.5823 7.370552E-01 2.579883E-01 0.00286507
1616932.408 3.4513 3.5789 1.29244 0.59746 0.3438 4.667287E+01 1 6.71429e-08 3.5789 7.370552E-01 2.579883E-01 0.00286507
1714584.974 3.4762 3.5754 1.25207 0.60389 0.3438 5.095688E+01 1 8.18465e-08 3.5754 7.370552E-01 2.579883E-01 0.00286507
1807960.368 3.4965 3.5716 1.19875 0.61016 0.3690 5.557335E+01 1 9.95405e-08 3.5716 7.368134E-01 2.581953E-01 0.00290056
1894700.092 3.5065 3.5672 1.10765 0.61612 0.4089 6.086198E+01 1 1.23027e-07 3.5672 7.364370E-01 2.585167E-01 0.00295661
1976141.636 3.4471 3.5657 0.80048 0.62173 0.4911 1.220651E+02 0 1.62555e-07 3.5657 7.356723E-01 2.591681E-01 0.00307202
1967064.646 3.8848 3.5184 0.91989 0.62080 0.4911 4.220329E+02 0 1.02802e-05 3.5184 7.356723E-01 2.591681E-01 0.00307202
2026142.333 3.8864 3.7353 0.62603 0.62499 0.4911 4.769276E+01 1 1.33045e-06 3.7353 7.356723E-01 2.591681E-01 0.00307202
0.00000E+00 3.254900 3.608376 1.600000 0.524900 0.337116 20.0492 1 2.27222E-15 3.63344 7.3892E-01 0.25748 0.00287215
1.67027E+05 3.295450 3.604974 1.600000 0.526720 0.337116 22.0595 1 2.31381E-15 3.62975 7.3892E-01 0.25748 0.00287215
3.60525E+05 3.344756 3.600771 1.600000 0.529234 0.337116 24.7890 1 2.37275E-15 3.62519 7.3892E-01 0.25748 0.00287215
5.79674E+05 3.401716 3.595868 1.600000 0.532666 0.378762 28.3807 1 4.24869E-15 3.61984 7.3892E-01 0.25748 0.00287215
8.17157E+05 3.460883 3.590207 1.600000 0.536693 0.499396 32.7063 1 1.77160E-14 3.61409 7.3862E-01 0.25772 0.00293677
1.06204E+06 3.518222 3.583482 1.600000 0.541198 0.72504 37.5850 1 7.75149E-14 3.6083 7.3793E-01 0.258209 0.00312737
1.30652E+06 3.571250 3.575570 1.600000 0.546079 1.05573 42.7874 1 3.43396E-13 3.60279 7.3682E-01 0.258949 0.0034926
1.54559E+06 3.618795 3.554433 1.599612 0.551246 1.4611 48.1525 1 2.78886E-09 3.59759 7.3529E-01 0.259908 0.0040464
1.77652E+06 3.660638 3.524454 1.598296 0.556629 1.91021 53.5037 1 9.67246E-09 3.59286 7.3337E-01 0.261106 0.00475503
1.99795E+06 3.697109 3.507534 1.595658 0.562174 2.38337 126.0457 0 1.94383E-08 3.57681 7.3110E-01 0.262525 0.00558023
2.20925E+06 3.728725 3.494333 1.591211 0.567816 2.86237 139.6503 0 3.31193E-08 3.57296 7.2854E-01 0.264143 0.00649794
2.41023E+06 3.756101 3.483090 1.584479 0.573494 3.33223 152.9855 0 5.12099E-08 3.56913 7.2574E-01 0.265921 0.0074818
2.60099E+06 3.780016 3.473269 1.575058 0.579199 3.78343 166.1116 0 7.36262E-08 3.56521 7.2277E-01 0.267809 0.00850425
2.78173E+06 3.801156 3.464445 1.562659 0.584926 4.2102 179.3003 0 1.00163E-07 3.56104 7.1970E-01 0.269777 0.00954382
2.95273E+06 3.820102 3.456249 1.547096 0.590677 4.60926 192.8272 0 1.30648E-07 3.55648 7.1658E-01 0.271795 0.0105829
3.11428E+06 3.837352 3.448599 1.528293 0.596462 4.97966 206.7955 0 1.64508E-07 3.55155 7.1344E-01 0.273833 0.011607
3.26671E+06 3.853298 3.441260 1.506249 0.602293 5.32143 221.6622 0 2.01542E-07 3.54607 7.1031E-01 0.275871 0.0126052
3.41034E+06 3.868247 3.433969 1.481061 0.608178 5.63428 237.7331 0 2.41878E-07 3.54277 7.0724E-01 0.277889 0.0135687
3.54551E+06 3.882441 3.426986 1.452868 0.614129 5.92046 255.2098 0 2.84271E-07 3.54032 7.0424E-01 0.279867 0.0144891
3.67256E+06 3.896067 3.420077 1.421886 0.620153 6.1798 274.5495 0 3.28889E-07 3.53772 7.0133E-01 0.281805 0.0153619
3.79184E+06 3.909268 3.413023 1.382660 0.626258 6.41259 297.4409 0 2.04931E-06 3.53487 6.9854E-01 0.283663 0.0161811
3.90371E+06 3.922128 3.382513 0.940828 0.632509 6.41259 508.0701 0 3.38987E-05 3.51694 6.9590E-01 0.285441 0.0169379
3.94786E+06 3.871356 3.395664 0.634292 0.634292 6.41259 556.8475 0 5.42619E-05 3.53371 6.9590E-01 0.285441 0.0169379
0.00000E+00 3.183200 3.616722 1.700000 0.513800 0.332997 16.1223 1 1.92067E-15 3.64269 7.3892E-01 0.25742 0.00287256
1.85628E+05 3.218683 3.613827 1.700000 0.515304 0.332997 17.5092 1 1.94365E-15 3.63961 7.3892E-01 0.25742 0.00287256
3.95880E+05 3.261440 3.610296 1.700000 0.517310 0.332997 19.3470 1 1.97493E-15 3.63585 7.3892E-01 0.25742 0.00287256
6.31154E+05 3.311252 3.606134 1.700000 0.519988 0.332997 21.7452 1 2.01788E-15 3.63139 7.3892E-01 0.25742 0.00287256
8.87466E+05 3.366861 3.601415 1.700000 0.523492 0.332997 24.7934 1 2.07595E-15 3.6263 7.3892E-01 0.25742 0.00287256
1.15589E+06 3.425531 3.596436 1.700000 0.527911 0.332997 28.4950 1 2.89992E-15 3.62082 7.3892E-01 0.25742 0.00287256
1.42539E+06 3.484006 3.591432 1.700000 0.533233 0.447283 32.7695 1 1.14343E-14 3.61521 7.3892E-01 0.25742 0.00287256
1.68695E+06 3.536423 3.585280 1.700000 0.538543 0.679147 37.1939 1 4.41058E-14 3.60998 7.3842E-01 0.257739 0.00305179
1.93920E+06 3.582930 3.577962 1.700000 0.543817 1.00308 41.6403 1 1.66813E-13 3.60526 7.3742E-01 0.258369 0.00342303
2.18312E+06 3.624244 3.565143 1.699736 0.549099 1.39898 46.0908 1 1.77983E-09 3.6009 7.3595E-01 0.259288 0.00395805
2.41871E+06 3.660839 3.531277 1.698674 0.554395 1.84536 50.4776 1 7.63355E-09 3.59693 7.3406E-01 0.260477 0.00463892
2.64563E+06 3.693171 3.514772 1.696498 0.559703 2.32171 54.7651 1 1.56939E-08 3.5933 7.3179E-01 0.261925 0.00544454
2.86353E+06 3.721693 3.502159 1.692760 0.565011 2.80952 124.8014 0 2.71334E-08 3.59085 7.2919E-01 0.263584 0.00635152
3.07218E+06 3.746810 3.491536 1.686993 0.570285 3.29325 135.4477 0 4.24976E-08 3.58759 7.2632E-01 0.265422 0.00733522
3.27156E+06 3.769032 3.482234 1.678768 0.575524 3.7614 146.0007 0 6.19461E-08 3.58419 7.2326E-01 0.2674 0.00836919
3.46173E+06 3.788883 3.473913 1.667732 0.580747 4.2076 156.5978 0 8.53297E-08 3.58056 7.2006E-01 0.269488 0.00943066
3.64282E+06 3.806815 3.466200 1.653635 0.585968 4.62812 167.3685 0 1.12575E-07 3.57663 7.1677E-01 0.271626 0.0105015
3.81500E+06 3.823226 3.459025 1.636316 0.591208 5.02124 178.5966 0 1.43198E-07 3.57226 7.1344E-01 0.273814 0.0115673
3.97846E+06 3.838446 3.452126 1.615710 0.596487 5.38661 190.4277 0 1.77110E-07 3.56743 7.1009E-01 0.276012 0.0126165
4.13339E+06 3.852743 3.445346 1.591818 0.601821 5.72437 203.2243 0 2.14197E-07 3.56202 7.0677E-01 0.27821 0.0136402
4.28002E+06 3.866333 3.438534 1.564714 0.607225 6.03562 216.9550 0 2.54487E-07 3.55613 7.0349E-01 0.280388 0.0146303
4.41858E+06 3.879393 3.431909 1.534515 0.612714 6.32175 232.1419 0 2.96964E-07 3.54958 7.0028E-01 0.282537 0.0155816
4.54930E+06 3.892059 3.425334 1.501419 0.618300 6.58293 248.6820 0 3.41621E-07 3.54252 6.9715E-01 0.284635 0.0164885
4.67245E+06 3.904443 3.418794 1.465663 0.623993 6.82104 267.2016 0 3.88155E-07 3.53979 6.9413E-01 0.286683 0.0173449
4.78829E+06 3.916628 3.412219 1.426257 0.629799 7.03612 288.3103 0 1.10562E-06 3.53708 6.9123E-01 0.288651 0.0181485
4.89712E+06 3.928475 3.386683 1.143517 0.635673 7.14721 409.5166 0 1.80518E-05 3.52301 6.8848E-01 0.29053 0.0188944
4.95968E+06 3.920221 3.453925 0.638375 0.638375 7.14721 565.2688 0 2.59304E-05 3.5436 6.8700E-01 0.291539 0.0192844
0.00000E+00 3.092200 3.627265 1.800000 0.497500 0.332446 12.4568 1 1.64905E-15 3.65314 7.3807E-01 0.258385 0.00287005
2.17013E+05 3.114914 3.625444 1.800000 0.498453 0.332446 13.1250 1 1.65810E-15 3.65125 7.3807E-01 0.258385 0.00287005
4.52698E+05 3.141791 3.623296 1.800000 0.499639 0.332446 13.9660 1 1.66925E-15 3.64898 7.3807E-01 0.258385 0.00287005
7.08358E+05 3.172983 3.620818 1.800000 0.501127 0.332446 15.0121 1 1.68353E-15 3.64632 7.3807E-01 0.258385 0.00287005
9.84098E+05 3.208856 3.617924 1.800000 0.503004 0.332446 16.3144 1 1.70194E-15 3.64325 7.3807E-01 0.258385 0.00287005
1.27803E+06 3.249400 3.614600 1.800000 0.505362 0.332446 17.9249 1 1.72568E-15 3.63976 7.3807E-01 0.258385 0.00287005
1.58572E+06 3.294052 3.610958 1.800000 0.508290 0.332446 19.8917 1 1.75607E-15 3.63585 7.3807E-01 0.258385 0.00287005
1.90053E+06 3.341689 3.607025 1.800000 0.511858 0.332446 22.2409 1 1.79437E-15 3.6316 7.3807E-01 0.258385 0.00287005
2.21495E+06 3.390867 3.602928 1.800000 0.516103 0.332446 24.9701 1 1.84160E-15 3.62713 7.3807E-01 0.258385 0.00287005
2.52236E+06 3.440157 3.598751 1.800000 0.521032 0.332446 28.0558 1 1.89853E-15 3.62259 7.3807E-01 0.258385 0.00287005
2.81801E+06 3.488402 3.594671 1.800000 0.526628 0.332446 31.4609 1 4.84884E-15 3.61807 7.3807E-01 0.258385 0.00287005
3.09900E+06 3.534776 3.590741 1.800000 0.532856 0.479936 35.1645 1 1.44285E-14 3.61355 7.3807E-01 0.258385 0.00287005
3.36376E+06 3.574677 3.585217 1.800000 0.538526 0.743401 38.7125 1 4.28167E-14 3.60961 7.3744E-01 0.258785 0.00309923
3.61703E+06 3.609795 3.578284 1.800000 0.543827 1.09489 42.1387 1 1.28780E-13 3.60611 7.3626E-01 0.259534 0.00351795
3.86245E+06 3.641341 3.555532 1.799600 0.548927 1.51137 45.5031 1 2.76470E-09 3.6029 7.3461E-01 0.260594 0.00409564
4.10081E+06 3.669847 3.531893 1.798450 0.553893 1.97103 48.8052 1 8.06141E-09 3.59993 7.3254E-01 0.261932 0.00480992
4.33190E+06 3.695664 3.517916 1.796233 0.558764 2.45421 52.0448 1 1.55402E-08 3.59717 7.3010E-01 0.263521 0.00563813
4.55532E+06 3.719093 3.506905 1.792541 0.563571 2.9451 55.2155 1 2.60401E-08 3.59461 7.2735E-01 0.26531 0.00655762
4.77069E+06 3.740367 3.497605 1.786944 0.568320 3.43042 121.6924 0 3.99385E-08 3.60445 7.2434E-01 0.267288 0.00754612
4.97778E+06 3.759677 3.489312 1.779021 0.573006 3.89998 129.7090 0 5.75265E-08 3.60161 7.2114E-01 0.269396 0.00858236
5.17653E+06 3.777354 3.481819 1.768431 0.577668 4.34816 137.9072 0 7.86779E-08 3.59846 7.1781E-01 0.271605 0.00964453
5.36692E+06 3.793661 3.474835 1.754894 0.582326 4.77189 146.4177 0 1.03343E-07 3.59495 7.1438E-01 0.273873 0.0107175
5.54900E+06 3.808835 3.468294 1.738227 0.587003 5.16955 155.3444 0 1.31169E-07 3.59103 7.1090E-01 0.276191 0.0117886
5.72284E+06 3.823093 3.461902 1.718318 0.591721 5.54109 164.8422 0 1.62256E-07 3.58665 7.0740E-01 0.278539 0.0128474
5.88853E+06 3.836627 3.455711 1.695118 0.596502 5.88736 175.0401 0 1.96117E-07 3.58178 7.0391E-01 0.280887 0.0138853
6.04618E+06 3.849595 3.449513 1.668646 0.601365 6.20819 186.1992 0 2.32912E-07 3.57633 7.0044E-01 0.283215 0.0148976
6.19592E+06 3.862128 3.443269 1.638995 0.606326 6.50537 198.3209 0 2.72499E-07 3.57038 6.9702E-01 0.285533 0.0158764
6.33790E+06 3.874169 3.411762 1.322842 0.611421 6.72168 283.2217 0 8.23554E-07 3.53604 6.9366E-01 0.287822 0.0168184
6.41232E+06 3.849375 3.385202 0.874287 0.612370 6.72168 436.0739 0 6.55319E-05 3.52325 6.9109E-01 0.28957 0.0175252
6.47319E+06 3.890997 3.553588 0.635590 0.619014 6.72168 295.9708 0 6.63305E-08 3.60915 6.9109E-01 0.28957 0.0175252
6.59324E+06 3.909801 3.688891 0.628026 0.628026 6.72168 225.3185 0 1.89966E-09 3.64559 6.9109E-01 0.28957 0.0175252
0.00000E+00 3.117500 3.627832 1.900000 0.502300 0.330149 12.5936 1 1.47071E-15 3.65397 7.3807E-01 0.258344 0.00287057
2.06423E+05 3.144316 3.625663 1.900000 0.503419 0.330149 13.3951 1 1.48054E-15 3.65174 7.3807E-01 0.258344 0.00287057
4.33553E+05 3.176232 3.623149 1.900000 0.504842 0.330149 14.4205 1 1.49294E-15 3.64904 7.3807E-01 0.258344 0.00287057
6.82578E+05 3.213416 3.620165 1.900000 0.506665 0.330149 15.7184 1 1.50923E-15 3.64586 7.3807E-01 0.258344 0.00287057
9.52724E+05 3.255996 3.616692 1.900000 0.509001 0.330149 17.3509 1 1.53065E-15 3.6422 7.3807E-01 0.258344 0.00287057
1.24023E+06 3.303388 3.612816 1.900000 0.511959 0.330149 19.3736 1 1.55860E-15 3.63809 7.3807E-01 0.258344 0.00287057
1.53823E+06 3.354207 3.608639 1.900000 0.515621 0.330149 21.8178 1 1.59442E-15 3.63359 7.3807E-01 0.258344 0.00287057
1.83823E+06 3.406571 3.604279 1.900000 0.520025 0.330149 24.6774 1 1.63916E-15 3.62885 7.3807E-01 0.258344 0.00287057
2.13243E+06 3.458642 3.599881 1.900000 0.525165 0.330149 27.9072 1 1.69337E-15 3.62407 7.3807E-01 0.258344 0.00287057
2.41531E+06 3.509014 3.595638 1.900000 0.531008 0.330149 31.4503 1 3.32702E-15 3.61936 7.3807E-01 0.258344 0.00287057
2.68366E+06 3.556790 3.591593 1.900000 0.537497 0.497481 35.2576 1 1.02398E-14 3.61476 7.3807E-01 0.258344 0.00287057
2.93591E+06 3.596759 3.585781 1.900000 0.543183 0.790795 38.8135 1 3.10506E-14 3.61084 7.3736E-01 0.258794 0.00312864
3.17806E+06 3.631267 3.578344 1.900000 0.548356 1.17638 42.1847 1 9.56563E-14 3.60741 7.3605E-01 0.259623 0.00359244
3.41447E+06 3.661865 3.550781 1.899514 0.553247 1.62867 45.4282 1 3.48827E-09 3.60435 7.3425E-01 0.260782 0.00422535
3.64578E+06 3.689157 3.530762 1.898258 0.557936 2.12311 48.5706 1 8.97520E-09 3.60154 7.3199E-01 0.262241 0.00500342
3.87150E+06 3.713544 3.517737 1.895866 0.562473 2.6383 51.5904 1 1.69753E-08 3.599 7.2935E-01 0.26395 0.0059014
4.09099E+06 3.735339 3.507421 1.891897 0.566886 3.15632 54.5046 1 2.81631E-08 3.59664 7.2639E-01 0.265878 0.00689353
4.30369E+06 3.754803 3.498571 1.885889 0.571182 3.66326 57.3097 1 4.29806E-08 3.59448 7.2318E-01 0.267977 0.00795457
4.50928E+06 3.772302 3.490886 1.877421 0.575401 4.15026 124.5893 0 6.13479E-08 3.61544 7.1979E-01 0.270205 0.00905937
4.70756E+06 3.788184 3.483879 1.866141 0.579583 4.6128 131.6309 0 8.33238E-08 3.61251 7.1626E-01 0.272534 0.0101888
4.89841E+06 3.802739 3.477453 1.851773 0.583755 5.04847 138.8601 0 1.08570E-07 3.60923 7.1265E-01 0.274912 0.0113274
5.08177E+06 3.816233 3.471385 1.834124 0.587946 5.45624 146.4829 0 1.36924E-07 3.6055 7.0900E-01 0.27733 0.0124635
5.25762E+06 3.828898 3.465401 1.813082 0.592184 5.8371 154.5962 0 1.68497E-07 3.60131 7.0532E-01 0.279768 0.0135876
5.42597E+06 3.840926 3.459614 1.788591 0.596492 6.19113 163.3474 0 2.02691E-07 3.5966 7.0165E-01 0.282217 0.0146924
5.58684E+06 3.852476 3.453903 1.760687 0.600889 6.52031 172.8834 0 2.39415E-07 3.59137 6.9800E-01 0.284655 0.0157712
5.74026E+06 3.863684 3.448053 1.729432 0.605394 6.8256 183.3447 0 2.79020E-07 3.58558 6.9440E-01 0.287073 0.0168195
5.88631E+06 3.874501 3.424036 1.479825 0.610047 7.08073 239.1767 0 7.71907E-06 3.54374 6.9085E-01 0.289451 0.0178333
5.98324E+06 3.871415 3.380307 0.889131 0.611929 7.08073 459.6517 0 8.07831E-05 3.52117 6.8771E-01 0.29157 0.0187116
6.02580E+06 3.889073 3.547705 0.633874 0.616661 7.08073 300.9215 0 8.39342E-08 3.60709 6.8771E-01 0.29157 0.0187116
6.15191E+06 3.908394 3.699578 0.626054 0.626054 7.08073 219.2744 0 1.70041E-09 3.6486 6.8771E-01 0.29157 0.0187116
0.00000E+00 3.211800 3.622914 2.000000 0.511400 0.334025 14.9398 1 1.34334E-15 3.6491 7.3604E-01 0.260339 0.00286043
1.88252E+05 3.241409 3.620517 2.000000 0.512818 0.334025 16.0026 1 1.35622E-15 3.64655 7.3604E-01 0.260339 0.00286043
4.00149E+05 3.277405 3.617573 2.000000 0.514691 0.334025 17.3972 1 1.37303E-15 3.64346 7.3604E-01 0.260339 0.00286043
6.36318E+05 3.319834 3.614110 2.000000 0.517169 0.334025 19.2017 1 1.39583E-15 3.63978 7.3604E-01 0.260339 0.00286043
8.93633E+05 3.368086 3.610149 2.000000 0.520401 0.334025 21.4941 1 1.42648E-15 3.63551 7.3604E-01 0.260339 0.00286043
1.16440E+06 3.420264 3.605792 2.000000 0.524486 0.334025 24.2950 1 1.46648E-15 3.63083 7.3604E-01 0.260339 0.00286043
1.43832E+06 3.473701 3.601286 2.000000 0.529442 0.334025 27.5603 1 1.51667E-15 3.62593 7.3604E-01 0.260339 0.00286043
1.70619E+06 3.525958 3.596889 2.000000 0.535215 0.334025 31.1987 1 2.17267E-15 3.62104 7.3604E-01 0.260339 0.00286043
1.96212E+06 3.575427 3.592687 2.000000 0.541717 0.334025 35.1091 1 6.97159E-15 3.61632 7.3604E-01 0.260339 0.00286043
2.20320E+06 3.621307 3.588756 2.000000 0.548843 0.536283 39.2073 1 2.07483E-14 3.6118 7.3604E-01 0.260339 0.00286043
2.42831E+06 3.658026 3.582720 2.000000 0.554735 0.878249 42.8448 1 6.06510E-14 3.60814 7.3519E-01 0.260879 0.00316723
2.64502E+06 3.688803 3.574492 2.000000 0.559883 1.31588 46.1571 1 1.85232E-13 3.60505 7.3368E-01 0.261838 0.00370149
2.85824E+06 3.715531 3.541196 1.999313 0.564624 1.81861 49.2578 1 5.31722E-09 3.60235 7.3163E-01 0.263157 0.00441544
3.06840E+06 3.738882 3.524382 1.997733 0.569061 2.35782 52.1684 1 1.20275E-08 3.59993 7.2911E-01 0.264776 0.00528021
3.27476E+06 3.759261 3.512726 1.994847 0.573240 2.90846 54.8783 1 2.16992E-08 3.5978 7.2621E-01 0.266665 0.00626537
3.47651E+06 3.777041 3.503397 1.990196 0.577199 3.45146 57.4119 1 3.48743E-08 3.59588 7.2300E-01 0.268754 0.00733859
3.67306E+06 3.792709 3.495526 1.983354 0.581012 3.97501 59.8086 1 5.16774E-08 3.59413 7.1957E-01 0.271002 0.00846903
3.86397E+06 3.806671 3.488614 1.973894 0.584732 4.47297 129.0303 0 7.20606E-08 3.62641 7.1599E-01 0.27334 0.00963414
4.04895E+06 3.819267 3.482342 1.961523 0.588399 4.94192 134.8627 0 9.58554E-08 3.62374 7.1230E-01 0.275769 0.0108165
4.22783E+06 3.830795 3.476639 1.946006 0.592050 5.38086 140.8530 0 1.22573E-07 3.62071 7.0855E-01 0.278227 0.012002
4.40050E+06 3.841517 3.471196 1.927201 0.595721 5.79004 147.1657 0 1.52174E-07 3.61727 7.0477E-01 0.280716 0.0131805
4.56687E+06 3.851639 3.465906 1.905021 0.599439 6.17134 153.9822 0 1.84452E-07 3.61333 7.0099E-01 0.283214 0.0143436
4.72690E+06 3.861330 3.460706 1.879465 0.603227 6.52547 161.3094 0 2.19181E-07 3.60896 6.9722E-01 0.285712 0.0154869
4.88054E+06 3.870728 3.455552 1.850555 0.607104 6.85479 169.3580 0 2.56148E-07 3.60405 6.9347E-01 0.288201 0.0166043
5.02776E+06 3.879948 3.450243 1.818366 0.611091 7.16004 178.2928 0 2.95722E-07 3.59859 6.8977E-01 0.290659 0.0176923
5.16857E+06 3.889058 3.425385 1.542314 0.615254 7.42279 234.0942 0 7.40236E-06 3.55161 6.8612E-01 0.293088 0.018747
5.26543E+06 3.886773 3.378202 0.905462 0.616959 7.42279 468.4809 0 8.94443E-05 3.52105 6.8281E-01 0.295306 0.0196894
5.30378E+06 3.901900 3.543062 0.639714 0.621394 7.42279 340.4090 0 1.02056E-07 3.59557 6.8281E-01 0.295306 0.0196894
5.42569E+06 3.920695 3.697763 0.630893 0.630893 7.42279 225.0584 0 2.43383E-09 3.64798 6.8281E-01 0.295306 0.0196894
0.00000E+00 3.354200 3.616374 2.200000 0.535100 0.331977 19.0372 1 1.13804E-15 3.64272 7.3299E-01 0.263291 0.00285805
1.48327E+05 3.392156 3.613260 2.200000 0.537137 0.331977 20.8011 1 1.15863E-15 3.63938 7.3299E-01 0.263291 0.00285805
3.22777E+05 3.439069 3.609314 2.200000 0.540008 0.331977 23.2167 1 1.18760E-15 3.6352 7.3299E-01 0.263291 0.00285805
5.21499E+05 3.493296 3.604776 2.200000 0.543956 0.331977 26.3800 1 1.22846E-15 3.63027 7.3299E-01 0.263291 0.00285805
7.35262E+05 3.550762 3.599914 2.200000 0.549073 0.331977 30.2300 1 1.28275E-15 3.62491 7.3299E-01 0.263291 0.00285805
9.51067E+05 3.606566 3.595165 2.200000 0.555241 0.331977 34.5254 1 3.11200E-15 3.61963 7.3299E-01 0.263291 0.00285805
1.15913E+06 3.657581 3.590765 2.200000 0.562231 0.331977 39.0197 1 1.05110E-14 3.61467 7.3299E-01 0.263291 0.00285805
1.35490E+06 3.702820 3.586851 2.200000 0.569824 0.331977 43.5337 1 3.12321E-14 3.61013 7.3299E-01 0.263291 0.00285805
1.53703E+06 3.742487 3.583407 2.200000 0.577832 0.605086 47.9536 1 8.18701E-14 3.60605 7.3299E-01 0.263291 0.00285805
1.70553E+06 3.770770 3.577154 2.200000 0.583476 1.02758 51.3697 1 2.10820E-13 3.60316 7.3185E-01 0.264021 0.00326683
1.87067E+06 3.792996 3.560481 2.199766 0.587977 1.53835 54.2306 1 2.17698E-09 3.60088 7.2997E-01 0.26522 0.00392392
2.03747E+06 3.811468 3.529371 2.198812 0.591902 2.1019 56.7362 1 8.82447E-09 3.59899 7.2755E-01 0.266779 0.00476074
2.20521E+06 3.826789 3.516038 2.196856 0.595356 2.68398 58.9168 1 1.75024E-08 3.59742 7.2468E-01 0.268648 0.00574267
2.37235E+06 3.839547 3.506453 2.193503 0.598457 3.25979 60.8185 1 2.94071E-08 3.59612 7.2146E-01 0.270737 0.00682751
2.53767E+06 3.850306 3.498875 2.188365 0.601315 3.81419 62.5021 1 4.46799E-08 3.59503 7.1801E-01 0.272976 0.00797824
2.70033E+06 3.859539 3.492566 2.181097 0.604013 4.33919 64.0531 1 6.31735E-08 3.59403 7.1441E-01 0.275325 0.00916725
2.85981E+06 3.867636 3.487075 2.171425 0.606614 4.83176 136.8776 0 8.46419E-08 3.64772 7.1072E-01 0.277723 0.010374
3.01581E+06 3.874925 3.482183 2.159136 0.609177 5.29181 140.3230 0 1.08690E-07 3.64573 7.0698E-01 0.280162 0.0115843
3.16811E+06 3.881644 3.477712 2.144080 0.611737 5.72071 143.9176 0 1.34988E-07 3.64345 7.0321E-01 0.282621 0.0127896
3.31657E+06 3.887973 3.473461 2.126168 0.614318 6.12004 147.7725 0 1.63410E-07 3.64082 6.9944E-01 0.285079 0.0139848
3.46110E+06 3.894050 3.469350 2.105365 0.616943 6.49229 151.9314 0 1.93743E-07 3.63786 6.9567E-01 0.287538 0.0151644
3.60159E+06 3.899984 3.465391 2.081657 0.619629 6.83925 156.5271 0 2.25617E-07 3.63451 6.9192E-01 0.289987 0.0163265
3.73798E+06 3.905859 3.461344 2.055054 0.622391 7.16326 161.6513 0 2.59431E-07 3.63073 6.8819E-01 0.292415 0.0174681
3.87017E+06 3.911742 3.457306 2.025594 0.625243 7.4657 167.4327 0 2.94741E-07 3.62648 6.8450E-01 0.294834 0.0185881
3.99810E+06 3.917583 3.444175 1.864008 0.628161 7.74701 192.1060 0 3.52143E-06 3.60287 6.8083E-01 0.297223 0.0196831
4.12222E+06 3.925295 3.408864 1.454865 0.632114 7.97916 283.3792 0 2.50463E-06 3.53917 6.7724E-01 0.299581 0.0207469
4.18459E+06 3.899736 3.377891 0.922478 0.631951 7.97916 464.9614 0 9.44527E-05 3.52325 6.7411E-01 0.30163 0.021657
4.23844E+06 3.937803 3.570221 0.653505 0.638691 7.97916 282.2865 0 8.00801E-08 3.62335 6.7411E-01 0.30163 0.021657
4.33962E+06 3.953027 3.739522 0.646904 0.646904 7.97916 231.2206 0 7.12473E-10 3.65052 6.7411E-01 0.30163 0.021657
0.00000E+00 3.619800 3.596263 2.500000 0.590300 0.343335 31.5402 1 9.98747E-16 3.62678 7.3198E-01 0.26324 0.00285432
8.55552E+04 3.656386 3.593032 2.500000 0.592944 0.343335 34.4166 1 1.75550E-15 3.62329 7.3198E-01 0.26324 0.00285432
1.90601E+05 3.701074 3.589075 2.500000 0.596821 0.343335 38.3020 1 5.14773E-15 3.61898 7.3198E-01 0.26324 0.00285432
3.10976E+05 3.749023 3.584809 2.500000 0.602078 0.343335 43.0049 1 1.65125E-14 3.6142 7.3198E-01 0.26324 0.00285432
4.36486E+05 3.793875 3.580813 2.500000 0.608440 0.343335 47.9650 1 4.96724E-14 3.60961 7.3198E-01 0.26324 0.00285432
5.58554E+05 3.832274 3.577387 2.500000 0.615442 0.343335 52.6899 1 1.28785E-13 3.60561 7.3198E-01 0.26324 0.00285432
6.73649E+05 3.864185 3.574542 2.500000 0.622732 0.343335 57.0038 1 2.86460E-13 3.60219 7.3198E-01 0.26324 0.00285432
7.81082E+05 3.890856 3.572158 2.500000 0.630118 0.343335 60.9110 1 5.62516E-13 3.59926 7.3198E-01 0.26324 0.00285432
8.81094E+05 3.913539 3.570145 2.500000 0.637484 0.343335 64.4559 1 1.00234E-12 3.59674 7.3198E-01 0.26324 0.00285432
9.74180E+05 3.933224 3.568414 2.500000 0.644756 0.343335 67.7023 1 1.65908E-12 3.59455 7.3198E-01 0.26324 0.00285432
1.06089E+06 3.950639 3.566874 2.500000 0.651888 0.663832 70.7247 1 2.60099E-12 3.59258 7.3198E-01 0.26324 0.00285432
1.14177E+06 3.959681 3.562493 2.500000 0.655244 1.08669 72.3073 1 4.16264E-12 3.59164 7.3058E-01 0.264149 0.00332681
1.22698E+06 3.966583 3.539019 2.499701 0.657776 1.5738 73.5137 1 4.85023E-09 3.59098 7.2865E-01 0.265429 0.00397565
1.31797E+06 3.972201 3.515594 2.498827 0.659880 2.09587 74.4960 1 1.31736E-08 3.59049 7.2628E-01 0.266988 0.00476175
1.41167E+06 3.976471 3.505214 2.497264 0.661501 2.61713 75.2396 1 2.26144E-08 3.59016 7.2357E-01 0.268787 0.00565386
1.50612E+06 3.979849 3.498160 2.494861 0.662839 3.11947 75.8364 1 3.40418E-08 3.58993 7.2068E-01 0.270697 0.00660029
1.60033E+06 3.982681 3.492696 2.491485 0.664035 3.59536 76.3564 1 4.74633E-08 3.58975 7.1770E-01 0.272666 0.00756966
1.69388E+06 3.985185 3.488223 2.487024 0.665165 4.04381 76.8476 1 6.26630E-08 3.58958 7.1468E-01 0.274655 0.00854569
1.78656E+06 3.987497 3.484353 2.481386 0.666274 4.46556 171.2310 0 7.95066E-08 3.67394 7.1166E-01 0.276644 0.00952032
1.87829E+06 3.989695 3.481050 2.474483 0.667378 4.86258 171.8066 0 9.75941E-08 3.6732 7.0863E-01 0.278643 0.0104901
1.96901E+06 3.991826 3.477953 2.466261 0.668490 5.23639 172.5683 0 1.17104E-07 3.67231 7.0560E-01 0.280632 0.0114536
2.05870E+06 3.993924 3.475167 2.456659 0.669614 5.58937 173.5331 0 1.37594E-07 3.67126 7.0258E-01 0.282611 0.0124103
2.14733E+06 3.996013 3.472488 2.445640 0.670756 5.92299 174.7024 0 1.59213E-07 3.67005 6.9956E-01 0.284591 0.0133601
2.23489E+06 3.998109 3.470047 2.433183 0.671920 6.23856 176.0244 0 1.81484E-07 3.66872 6.9656E-01 0.28656 0.014302
2.32134E+06 4.000228 3.467624 2.419264 0.673108 6.53775 177.5869 0 2.04731E-07 3.6672 6.9355E-01 0.288519 0.0152363
2.40666E+06 4.002380 3.465251 2.403869 0.674326 6.82182 179.4039 0 2.28768E-07 3.66551 6.9056E-01 0.290478 0.016163
2.49083E+06 4.004575 3.462911 2.386990 0.675577 7.09145 181.4891 0 2.53536E-07 3.66362 6.8757E-01 0.292427 0.0170822
2.57380E+06 4.006824 3.460497 2.368630 0.676864 7.34844 183.8551 0 2.79283E-07 3.66153 6.8459E-01 0.294366 0.0179928
2.65556E+06 4.009033 3.455963 2.307786 0.678134 7.59415 191.1852 0 2.59243E-06 3.65428 6.8162E-01 0.296305 0.0188956
2.73622E+06 4.011693 3.446433 2.167145 0.679669 7.83452 209.9353 0 3.86893E-06 3.63657 6.7865E-01 0.298235 0.019793
2.81517E+06 4.015047 3.428465 1.913239 0.681613 8.06746 252.4831 0 8.17869E-06 3.60134 6.7561E-01 0.300214 0.0207051
2.88799E+06 4.018979 3.374335 1.055434 0.683984 8.06746 556.0700 0 1.40209E-04 3.51947 6.7252E-01 0.302223 0.0216235
2.89107E+06 4.019953 3.536650 0.709727 0.684468 8.06746 374.0908 0 1.38791E-07 3.60406 6.7252E-01 0.302223 0.0216235
2.96266E+06 4.033892 3.614094 0.692679 0.692679 8.06746 280.7024 0 3.66892E-08 3.64214 6.7252E-01 0.302223 0.0216235
0.00000E+00 3.935300 3.585511 3.000000 0.717900 0.342719 67.1616 1 1.25841E-12 3.58303 7.3299E-01 0.263182 0.00285958
2.41057E+04 3.984816 3.581033 3.000000 0.719856 0.342719 74.8399 1 4.14668E-12 3.57974 7.3299E-01 0.263182 0.00285958
2.41057E+04 3.989865 3.580570 3.000000 0.719856 0.379927 76.4485 1 5.10892E-12 3.57793 7.3299E-01 0.263182 0.00285958
5.87454E+04 4.045895 3.574938 3.000000 0.721103 0.379927 86.4963 1 2.11055E-11 3.57406 7.3242E-01 0.263692 0.00290968
5.87454E+04 4.051375 3.574428 3.000000 0.721103 0.458635 88.6005 1 2.67854E-11 3.57195 7.3242E-01 0.263692 0.00290968
1.00030E+05 4.103833 3.568523 2.999998 0.722103 0.578237 100.5797 1 1.19801E-10 3.5667 7.3150E-01 0.264512 0.00301849
1.44389E+05 4.138768 3.563643 2.999993 0.722812 0.578237 108.5580 1 3.30899E-10 3.56439 7.3030E-01 0.265532 0.00318701
1.44389E+05 4.142050 3.563331 2.999993 0.722812 0.728196 110.3433 1 3.89562E-10 3.56285 7.3030E-01 0.265532 0.00318701
1.90158E+05 4.165868 3.558952 2.999977 0.723349 0.728196 116.1048 1 8.41101E-10 3.56143 7.2892E-01 0.266681 0.00340187
1.90158E+05 4.168075 3.558744 2.999977 0.723349 0.899997 117.5101 1 9.47770E-10 3.56024 7.2892E-01 0.266681 0.00340187
2.36711E+05 4.185312 3.554003 2.999943 0.723798 1.08829 122.1945 1 1.87654E-09 3.5589 7.2742E-01 0.267921 0.00365212
2.83792E+05 4.195677 3.529217 2.999698 0.724189 1.08829 124.9438 1 1.25974E-08 3.55827 7.2584E-01 0.269201 0.00393158
2.83792E+05 4.196602 3.529090 2.999698 0.724189 1.28915 125.8229 1 1.35289E-08 3.55749 7.2584E-01 0.269201 0.00393158
3.31271E+05 4.203385 3.513173 2.999297 0.724545 1.28915 127.2996 1 1.18574E-08 3.5575 7.2419E-01 0.27053 0.00423569
3.31271E+05 4.203975 3.513083 2.999297 0.724545 1.49977 128.0272 1 1.19267E-08 3.55683 7.2419E-01 0.27053 0.00423569
3.79066E+05 4.208806 3.504471 2.998723 0.724875 1.71788 129.4519 1 1.68051E-08 3.55645 7.2249E-01 0.27189 0.00456135
4.27122E+05 4.211993 3.498455 2.997967 0.725186 1.94162 311.4805 0 2.18200E-08 3.66235 7.2075E-01 0.27327 0.00490628
4.75396E+05 4.213980 3.493699 2.997012 0.725483 1.94162 312.6020 0 2.71301E-08 3.6621 7.1897E-01 0.274659 0.00526857
4.75396E+05 4.214123 3.493673 2.997012 0.725483 2.16959 314.4083 0 2.72255E-08 3.66157 7.1897E-01 0.274659 0.00526857
5.23857E+05 4.215481 3.489825 2.995840 0.725772 2.16959 314.2624 0 3.29186E-08 3.66159 7.1717E-01 0.276069 0.00564663
5.23857E+05 4.215564 3.489809 2.995840 0.725772 2.40064 315.9760 0 3.30053E-08 3.66108 7.1717E-01 0.276069 0.00564663
5.72478E+05 4.216511 3.486406 2.994431 0.726055 2.40064 315.4080 0 3.92496E-08 3.66113 7.1534E-01 0.277478 0.00603958
5.72478E+05 4.216555 3.486394 2.994431 0.726055 2.63395 317.0617 0 3.93544E-08 3.66063 7.1534E-01 0.277478 0.00603958
6.21238E+05 4.217228 3.483384 2.992762 0.726334 2.63395 316.2295 0 4.61565E-08 3.66072 7.1349E-01 0.278898 0.00644659
6.21238E+05 4.217246 3.483378 2.992762 0.726334 2.86858 317.8455 0 4.62554E-08 3.66023 7.1349E-01 0.278898 0.00644659
6.70118E+05 4.217732 3.480657 2.990808 0.726612 3.104 318.4457 0 5.37457E-08 3.65984 7.1162E-01 0.280318 0.0068673
7.19103E+05 4.218073 3.478235 2.988548 0.726889 3.33969 318.3848 0 6.17775E-08 3.65964 7.0973E-01 0.281737 0.00730119
7.68177E+05 4.218307 3.475964 2.985951 0.727167 3.57512 318.7911 0 7.04720E-08 3.65929 7.0782E-01 0.283167 0.00774807
8.17326E+05 4.218457 3.473770 2.982991 0.727446 3.81007 319.7038 0 7.99125E-08 3.65879 7.0590E-01 0.284596 0.00820763
8.66538E+05 4.218578 3.471837 2.979644 0.727726 3.81007 318.4722 0 8.96648E-08 3.65896 7.0396E-01 0.286016 0.00867968
8.66538E+05 4.218538 3.471836 2.979644 0.727726 4.04401 320.0428 0 8.98313E-08 3.65846 7.0396E-01 0.286016 0.00867968
9.15800E+05 4.218558 3.469925 2.975881 0.728009 4.27659 319.8436 0 1.00530E-07 3.65831 7.0201E-01 0.287446 0.0091642
9.65100E+05 4.218574 3.468124 2.971676 0.728295 4.27659 319.1667 0 1.11668E-07 3.65832 7.0004E-01 0.288865 0.00966113
9.65100E+05 4.218521 3.468124 2.971676 0.728295 4.5077 320.7338 0 1.11872E-07 3.65782 7.0004E-01 0.288865 0.00966113
1.01443E+06 4.218430 3.466404 2.967003 0.728583 4.73696 320.4415 0 1.23875E-07 3.65772 6.9806E-01 0.290295 0.0101702
1.06377E+06 4.218352 3.464825 2.961838 0.728876 4.73696 319.6884 0 1.36129E-07 3.65778 6.9607E-01 0.291714 0.0106917
1.06377E+06 4.218286 3.464824 2.961838 0.728876 4.96425 321.2547 0 1.36400E-07 3.65728 6.9607E-01 0.291714 0.0106917
1.11312E+06 4.218089 3.463285 2.956155 0.729172 5.18944 321.0044 0 1.49606E-07 3.65717 6.9406E-01 0.293134 0.0112253
1.16246E+06 4.217839 3.461824 2.949929 0.729473 5.41214 321.3243 0 1.63387E-07 3.65689 6.9204E-01 0.294544 0.0117711
1.21178E+06 4.217534 3.460381 2.943136 0.729779 5.63216 321.6824 0 1.77854E-07 3.65663 6.9001E-01 0.295963 0.0123291
1.26108E+06 4.217174 3.458993 2.935754 0.730091 5.84972 322.5982 0 1.92894E-07 3.65619 6.8796E-01 0.297373 0.0128995
1.31034E+06 4.216859 3.457665 2.927758 0.730410 5.84972 321.4628 0 2.08082E-07 3.65642 6.8590E-01 0.298782 0.0134822
1.31034E+06 4.216758 3.457662 2.927758 0.730410 6.06395 323.0215 0 2.08472E-07 3.65592 6.8590E-01 0.298782 0.0134822
1.35956E+06 4.216287 3.456342 2.919129 0.730735 6.27548 322.9619 0 2.24676E-07 3.6558 6.8383E-01 0.300182 0.0140765
1.40872E+06 4.215873 3.455139 2.909845 0.731068 6.27548 322.4420 0 2.40727E-07 3.65587 6.8175E-01 0.301581 0.0146839
1.40872E+06 4.215758 3.455137 2.909845 0.731068 6.48392 324.0038 0 2.41186E-07 3.65536 6.8175E-01 0.301581 0.0146839
1.45780E+06 4.215296 3.453947 2.899888 0.731409 6.48392 323.0117 0 2.57792E-07 3.65558 6.7965E-01 0.302981 0.0153031
1.45780E+06 4.215174 3.453944 2.899888 0.731409 6.68947 324.5752 0 2.58249E-07 3.65508 6.7965E-01 0.302981 0.0153031
1.50681E+06 4.214532 3.452720 2.889240 0.731759 6.892 324.6817 0 2.75977E-07 3.65495 6.7755E-01 0.304371 0.0159352
1.55573E+06 4.213973 3.451489 2.877884 0.732119 6.892 324.3101 0 2.93849E-07 3.65501 6.7543E-01 0.30576 0.0165804
1.55573E+06 4.213835 3.451485 2.877884 0.732119 7.09044 325.8774 0 2.94295E-07 3.6545 6.7543E-01 0.30576 0.0165804
1.60454E+06 4.213030 3.450308 2.865309 0.732489 7.28625 326.1432 0 3.47630E-07 3.65435 6.7329E-01 0.30715 0.0172366
1.65325E+06 4.212025 3.449096 2.850595 0.732873 7.47884 327.0659 0 4.27710E-07 3.65402 6.7115E-01 0.308529 0.0179067
1.70182E+06 4.210769 3.447789 2.833191 0.733271 7.66818 328.1887 0 5.24040E-07 3.65364 6.6899E-01 0.309899 0.0185899
1.75026E+06 4.209495 3.446578 2.812496 0.733686 7.66818 328.3942 0 6.31201E-07 3.65365 6.6681E-01 0.311278 0.019286
1.75026E+06 4.209211 3.446563 2.812496 0.733686 7.85412 329.9577 0 6.36129E-07 3.65311 6.6681E-01 0.311278 0.019286
1.79853E+06 4.207647 3.445107 2.787926 0.734124 7.85412 330.0268 0 7.66910E-07 3.6532 6.6462E-01 0.312648 0.0199963
1.79853E+06 4.207307 3.445086 2.787926 0.734124 8.03783 331.5995 0 7.74241E-07 3.65265 6.6462E-01 0.312648 0.0199963
1.84663E+06 4.205399 3.443645 2.758679 0.734588 8.03783 332.0583 0 9.28149E-07 3.65269 6.6241E-01 0.314017 0.0207227
1.84663E+06 4.204994 3.443617 2.758679 0.734588 8.21817 333.6341 0 9.37297E-07 3.65212 6.6241E-01 0.314017 0.0207227
1.89451E+06 4.202686 3.441888 2.723763 0.735085 8.21817 334.5877 0 1.12922E-06 3.6521 6.6018E-01 0.315377 0.0214644
1.89451E+06 4.202203 3.441848 2.723763 0.735085 8.39643 336.1893 0 1.14243E-06 3.6515 6.6018E-01 0.315377 0.0214644
1.94214E+06 4.198737 3.439957 2.682913 0.735479 8.56811 338.9931 0 1.39306E-06 3.65085 6.5792E-01 0.316746 0.0222244
1.98954E+06 4.194828 3.437711 2.633786 0.736063 8.73804 343.2456 0 1.71648E-06 3.64996 6.5568E-01 0.318096 0.0229845
2.03659E+06 4.190726 3.435375 2.580490 0.736706 8.90593 348.3865 0 1.43111E-06 3.64895 6.5341E-01 0.319446 0.0237652
2.08322E+06 4.185466 3.432312 2.511842 0.737422 9.0719 355.5475 0 3.14368E-06 3.64764 6.5111E-01 0.320805 0.0245675
2.12936E+06 4.174820 3.426754 2.376196 0.738251 9.23884 362.3421 0 1.50977E-05 3.63525 6.4877E-01 0.322165 0.0253914
2.17495E+06 4.146918 3.408930 1.990213 0.739353 9.41265 392.0529 0 2.82935E-05 3.59331 6.4635E-01 0.323554 0.0262529
2.20647E+06 4.111211 3.374367 1.183917 0.738694 9.41265 601.2777 0 1.85096E-04 3.52221 6.4377E-01 0.325024 0.0271863
2.21966E+06 4.113614 3.560479 0.765858 0.741361 9.41265 367.0891 0 1.50339E-07 3.62192 6.4377E-01 0.325024 0.0271863
2.26131E+06 4.123891 3.614625 0.747874 0.747874 9.41265 282.1257 0 6.39798E-08 3.65635 6.4377E-01 0.325024 0.0271863
0.00000E+00 4.191200 3.566819 3.500000 0.837700 0.347766 105.7592 1 1.05208E-10 3.57012 7.2895E-01 0.266122 0.00284813
7.30534E+03 4.279058 3.558471 3.499997 0.838895 0.361014 130.3681 1 1.29973E-09 3.5618 7.2895E-01 0.266122 0.00284813
1.63844E+04 4.332401 3.553221 3.499977 0.839512 0.383709 148.5195 1 6.83484E-09 3.55627 7.2871E-01 0.266352 0.00286525
2.70412E+04 4.382307 3.548596 3.499860 0.839997 0.372123 167.9395 1 3.44572E-08 3.55095 7.2834E-01 0.266678 0.00289699
3.88622E+04 4.421577 3.544002 3.499284 0.840341 0.372123 184.3464 1 1.12118E-07 3.54729 7.2787E-01 0.267089 0.00295656
3.88622E+04 4.425464 3.543603 3.499284 0.840341 0.157816 187.6087 1 1.06777E-07 3.54572 7.2787E-01 0.267089 0.00295656
5.14082E+04 4.460689 3.539981 3.498401 0.840563 0.0535754 203.9476 1 8.87417E-08 3.54246 7.2728E-01 0.267576 0.00306672
6.43674E+04 4.486040 3.537345 3.497494 0.840701 0.0535754 216.5618 1 7.31618E-08 3.54013 7.2659E-01 0.268164 0.00316344
6.43674E+04 4.488558 3.537096 3.497494 0.840701 0.0567011 219.1854 1 6.80274E-08 3.53901 7.2659E-01 0.268164 0.00316344
7.75542E+04 4.506791 3.534474 3.477120 0.840788 0.0615859 705.4204 0 4.85870E-06 3.64386 7.2581E-01 0.268851 0.00324697
9.08821E+04 4.515780 3.532473 3.433818 0.840850 0.0670586 742.5734 0 7.31861E-06 3.64198 7.2498E-01 0.26959 0.00333356
1.04314E+05 4.516160 3.530695 3.366769 0.840903 0.072165 766.8485 0 9.93923E-06 3.64041 7.2411E-01 0.27036 0.00342269
1.17837E+05 4.509503 3.529121 3.278880 0.840956 0.0769656 780.5097 0 1.26258E-05 3.63909 7.2322E-01 0.27116 0.00351565
1.31448E+05 4.496780 3.527765 3.170086 0.841017 0.081091 784.7489 0 1.51569E-05 3.63803 7.2231E-01 0.27196 0.00361364
1.45143E+05 4.477509 3.526305 3.033273 0.841094 0.0852737 783.5195 0 1.80638E-05 3.63688 7.2139E-01 0.27277 0.00371812
1.58921E+05 4.452058 3.524528 2.866447 0.841201 0.103996 781.4217 0 2.23761E-05 3.63532 7.2047E-01 0.27358 0.0038315
1.72769E+05 4.417945 3.522273 2.651315 0.841358 0.197249 778.6563 0 2.99080E-05 3.63339 7.1954E-01 0.27437 0.00395414
1.86663E+05 4.365103 3.518554 2.322910 0.841579 0.309394 747.5364 0 5.22296E-05 3.61457 7.1859E-01 0.27519 0.00407774
2.00534E+05 4.272398 3.507397 1.329227 0.842058 0.428351 846.8790 0 1.35182E-04 3.51251 7.1754E-01 0.27609 0.00421794
2.06874E+05 4.257933 3.827323 0.842287 0.842287 0.428351 106.1736 1 5.38680E-09 3.69063 7.1650E-01 0.27698 0.00436855
0.00000E+00 4.211300 3.580823 4.000000 0.846000 0.356275 95.9096 1 9.93694E-12 3.57963 6.9904E-01 0.297116 0.00285085
6.52398E+03 4.256946 3.576634 4.000000 0.847066 0.363974 106.5472 1 3.41291E-11 3.57582 6.9904E-01 0.297116 0.00285085
1.41929E+04 4.304214 3.572173 4.000000 0.847721 0.378189 119.8082 1 1.41762E-10 3.57065 6.9890E-01 0.297246 0.00286037
2.29438E+04 4.350927 3.567638 3.999998 0.848268 0.397991 133.6016 1 5.57134E-10 3.56655 6.9869E-01 0.297436 0.00287834
3.26843E+04 4.394949 3.563231 3.999990 0.848713 0.370358 149.2509 1 2.38750E-09 3.56153 6.9842E-01 0.297674 0.00290705
4.32251E+04 4.434387 3.559175 3.999959 0.849055 0.194219 163.7125 1 8.48023E-09 3.558 6.9807E-01 0.297959 0.00296007
5.43614E+04 4.465213 3.556311 3.999852 0.849306 0.194219 175.9895 1 2.37390E-08 3.55524 6.9765E-01 0.298296 0.00304755
5.43614E+04 4.468350 3.555972 3.999852 0.849306 0.0603464 178.5257 1 2.84821E-08 3.55395 6.9765E-01 0.298296 0.00304755
6.59186E+04 4.496675 3.553506 3.999617 0.849485 0.0580897 190.7581 1 3.27123E-08 3.55144 6.9715E-01 0.298705 0.00313295
7.77639E+04 4.519812 3.550851 3.999341 0.849611 0.0624753 201.9132 1 2.93065E-08 3.549 6.9659E-01 0.299201 0.00320115
8.98033E+04 4.536731 3.548749 3.999055 0.849699 0.0624753 209.9365 1 2.70379E-08 3.5476 6.9597E-01 0.29974 0.00327181
8.98033E+04 4.538444 3.548586 3.999055 0.849699 0.0676625 211.7556 1 2.57529E-08 3.54678 6.9597E-01 0.29974 0.00327181
1.01972E+05 4.553279 3.546672 3.998758 0.849762 0.0734278 219.1913 1 2.29773E-08 3.54549 6.9530E-01 0.30033 0.00334418
1.14228E+05 4.565021 3.545054 3.998469 0.849808 0.0798762 225.5175 1 2.07189E-08 3.54432 6.9461E-01 0.30094 0.00341723
1.26543E+05 4.574271 3.543685 3.998189 0.849843 0.086894 230.5848 1 1.90225E-08 3.54342 6.9389E-01 0.30159 0.00349042
1.38899E+05 4.581537 3.542520 3.997914 0.849871 0.0945682 234.8546 1 1.76737E-08 3.54258 6.9314E-01 0.30225 0.00356382
1.51284E+05 4.587226 3.541506 3.997640 0.849895 0.10269 238.0115 1 1.68095E-08 3.54208 6.9238E-01 0.30293 0.00363717
1.63690E+05 4.589494 3.540690 3.985190 0.849916 0.10269 753.0079 0 3.75149E-06 3.64981 6.9161E-01 0.30363 0.00371081
1.63690E+05 4.588985 3.540761 3.985190 0.849916 0.110896 752.9175 0 3.71892E-06 3.64969 6.9161E-01 0.30363 0.00371081
1.76124E+05 4.588548 3.539962 3.967391 0.849936 0.119211 757.3946 0 4.06063E-06 3.64927 6.9083E-01 0.30433 0.00378512
1.88590E+05 4.586159 3.539456 3.944304 0.849956 0.127614 756.3440 0 4.25025E-06 3.64918 6.9004E-01 0.30503 0.00386074
2.01092E+05 4.583846 3.538787 3.920084 0.849976 0.127614 756.2497 0 4.51798E-06 3.64903 6.8925E-01 0.30574 0.00393777
2.01092E+05 4.582923 3.538903 3.920084 0.849976 0.136067 754.3628 0 4.41734E-06 3.64905 6.8925E-01 0.30574 0.00393777
2.13628E+05 4.579047 3.538390 3.894995 0.849994 0.14447 750.9674 0 4.54088E-06 3.64895 6.8846E-01 0.30644 0.00401629
2.26200E+05 4.575745 3.537779 3.869241 0.850012 0.14447 748.9411 0 4.75377E-06 3.64884 6.8767E-01 0.30714 0.00409658
2.26200E+05 4.574695 3.537903 3.869241 0.850012 0.152716 746.5579 0 4.63146E-06 3.64889 6.8767E-01 0.30714 0.00409658
2.38807E+05 4.570239 3.537323 3.839094 0.850029 0.152716 742.8989 0 4.79738E-06 3.64882 6.8688E-01 0.30785 0.00417844
2.38807E+05 4.569162 3.537447 3.839094 0.850029 0.16087 740.4577 0 4.67176E-06 3.64888 6.8688E-01 0.30785 0.00417844
2.51450E+05 4.564502 3.536871 3.808612 0.850046 0.16087 736.4726 0 4.82769E-06 3.64879 6.8609E-01 0.30854 0.00426236
2.51450E+05 4.563407 3.536993 3.808612 0.850046 0.168819 734.0183 0 4.70075E-06 3.64884 6.8609E-01 0.30854 0.00426236
2.64130E+05 4.557498 3.536431 3.777853 0.850062 0.176738 728.7395 0 4.77947E-06 3.64865 6.8530E-01 0.30924 0.00434803
2.76846E+05 4.551486 3.536094 3.746840 0.850078 0.184444 720.6442 0 4.74138E-06 3.64884 6.8452E-01 0.30993 0.00443558
2.89596E+05 4.545404 3.535529 3.715571 0.850094 0.192054 715.3057 0 4.82013E-06 3.64863 6.8374E-01 0.31061 0.00452511
3.02381E+05 4.539274 3.535180 3.684016 0.850109 0.199511 707.3201 0 4.78777E-06 3.64881 6.8295E-01 0.3113 0.00461651
3.15198E+05 4.533108 3.534604 3.652128 0.850125 0.20687 702.1613 0 4.87785E-06 3.64861 6.8217E-01 0.31198 0.00470986
3.28048E+05 4.526910 3.534125 3.619843 0.850140 0.214188 695.8229 0 4.92058E-06 3.64857 6.8139E-01 0.31265 0.00480509
3.40930E+05 4.520678 3.533738 3.587071 0.850157 0.221489 688.3747 0 4.91697E-06 3.64873 6.8062E-01 0.31332 0.00490222
3.53844E+05 4.514405 3.533221 3.553709 0.850174 0.228806 682.4890 0 4.98712E-06 3.64867 6.7984E-01 0.31399 0.00500137
3.66788E+05 4.508083 3.532581 3.519649 0.850193 0.236258 678.0958 0 5.13367E-06 3.64842 6.7907E-01 0.31466 0.00510258
3.79763E+05 4.501070 3.532027 3.481331 0.850213 0.244093 672.1398 0 5.23105E-06 3.64833 6.7829E-01 0.31532 0.00520591
3.92771E+05 4.493990 3.531448 3.441958 0.850236 0.252579 666.4948 0 5.35431E-06 3.64822 6.7752E-01 0.31598 0.00531152
4.05812E+05 4.486813 3.530845 3.401299 0.850262 0.262085 661.1737 0 5.50603E-06 3.64809 6.7675E-01 0.31663 0.0054196
4.18885E+05 4.479510 3.530220 3.359081 0.850291 0.273216 656.1652 0 5.69000E-06 3.64792 6.7597E-01 0.31728 0.00553008
4.31992E+05 4.472038 3.529541 3.314941 0.850325 0.286808 651.5049 0 5.92415E-06 3.64773 6.7520E-01 0.31793 0.00564334
4.45131E+05 4.464344 3.528794 3.268423 0.850363 0.304413 647.2717 0 6.22469E-06 3.64751 6.7443E-01 0.31858 0.00575932
4.58304E+05 4.456357 3.527964 3.218902 0.850408 0.32798 643.5045 0 6.61330E-06 3.64723 6.7365E-01 0.31923 0.0058782
4.71512E+05 4.449315 3.527069 3.165532 0.850462 0.32798 640.5226 0 7.17385E-06 3.64718 6.7287E-01 0.31987 0.00600016
4.71512E+05 4.447985 3.527157 3.165532 0.850462 0.361691 638.7260 0 7.01646E-06 3.64713 6.7287E-01 0.31987 0.00600016
4.84754E+05 4.438649 3.526067 3.104146 0.850525 0.411919 635.9372 0 7.70763E-06 3.64673 6.7209E-01 0.32052 0.00612511
4.98033E+05 4.428550 3.524731 3.035266 0.850602 0.488445 634.2884 0 8.73089E-06 3.64619 6.7130E-01 0.32117 0.00625299
5.11348E+05 4.417354 3.523085 2.955579 0.850696 0.60161 635.0974 0 1.03481E-05 3.64533 6.7051E-01 0.32182 0.00638326
5.24698E+05 4.404469 3.521128 2.859010 0.850814 0.750976 637.7918 0 1.28911E-05 3.6443 6.6970E-01 0.32248 0.00651555
5.38081E+05 4.388564 3.518622 2.731463 0.850968 0.919704 644.1730 0 1.76378E-05 3.64297 6.6887E-01 0.32316 0.0066511
5.51490E+05 4.364155 3.513700 2.513855 0.851145 1.10204 669.2220 0 3.49660E-05 3.63979 6.6800E-01 0.32388 0.00679517
5.59728E+05 4.289488 3.444240 1.496665 0.850188 1.10204 748.5788 0 1.53221E-04 3.51864 6.6707E-01 0.32463 0.00695326
5.64905E+05 4.280574 3.603639 0.881914 0.851505 1.10204 431.9033 0 8.96906E-05 3.63125 6.6707E-01 0.32463 0.00695326
5.66788E+05 4.223890 3.591172 0.851533 0.851533 1.10204 428.6107 0 8.66009E-05 3.62147 6.6707E-01 0.32463 0.00695326
0.00000E+00 4.257000 3.584805 4.500000 0.883400 0.352092 94.2416 1 3.97636E-12 3.58507 6.7999E-01 0.316077 0.00284908
4.35705E+03 4.302988 3.580602 4.500000 0.884216 0.352092 104.2583 1 1.34116E-11 3.58195 6.7999E-01 0.316077 0.00284908
4.35705E+03 4.307792 3.580160 4.500000 0.884216 0.356482 106.2818 1 1.66014E-11 3.58036 6.7999E-01 0.316077 0.00284908
9.31898E+03 4.355506 3.575699 4.500000 0.884729 0.356482 118.0909 1 6.16214E-11 3.57704 6.7990E-01 0.316157 0.00285433
9.31898E+03 4.360523 3.575234 4.500000 0.884729 0.364008 120.5286 1 7.78675E-11 3.57534 6.7990E-01 0.316157 0.00285433
1.48749E+04 4.408760 3.570664 4.499999 0.885164 0.364008 134.1356 1 3.11137E-10 3.57191 6.7978E-01 0.316264 0.00286415
1.48749E+04 4.413823 3.570191 4.499999 0.885164 0.346484 136.9688 1 3.99304E-10 3.57015 6.7978E-01 0.316264 0.00286415
2.10014E+04 4.466042 3.565195 4.499995 0.885530 0.204756 154.6690 1 2.02579E-09 3.56561 6.7962E-01 0.3164 0.00288763
2.76185E+04 4.515502 3.560776 4.499973 0.885828 0.0598248 175.1402 1 1.13993E-08 3.55998 6.7939E-01 0.316578 0.0029382
3.46272E+04 4.556586 3.557474 4.499898 0.886062 0.0598248 192.0100 1 1.72690E-08 3.55694 6.7910E-01 0.316815 0.00299205
3.46272E+04 4.560865 3.557062 4.499898 0.886062 0.0578474 195.5914 1 1.62092E-08 3.55534 6.7910E-01 0.316815 0.00299205
4.19342E+04 4.601396 3.553049 4.499812 0.886244 0.0624749 215.0249 1 1.20915E-08 3.55176 6.7873E-01 0.317151 0.00302644
4.94614E+04 4.633607 3.549788 4.499733 0.886384 0.0624749 231.7905 1 8.65760E-09 3.54894 6.7830E-01 0.31755 0.0030622
4.94614E+04 4.636950 3.549478 4.499733 0.886384 0.0687052 235.2483 1 7.77199E-09 3.54763 6.7830E-01 0.31755 0.0030622
5.71487E+04 4.667677 3.546393 4.499664 0.886492 0.0768453 253.3773 1 4.70197E-09 3.54457 6.7780E-01 0.318 0.00309851
6.49519E+04 4.690267 3.543955 4.483428 0.886579 0.0868178 886.3532 0 5.67227E-06 3.65103 6.7726E-01 0.31851 0.00313418
7.28507E+04 4.705015 3.541906 4.452487 0.886651 0.0978467 942.3091 0 8.79302E-06 3.6492 6.7667E-01 0.31906 0.00316927
8.08367E+04 4.711053 3.540549 4.403105 0.886713 0.109418 978.9613 0 1.18917E-05 3.64782 6.7605E-01 0.31964 0.00320439
8.89105E+04 4.710153 3.539457 4.339573 0.886769 0.120795 997.9282 0 1.44190E-05 3.64685 6.7541E-01 0.32024 0.00324114
9.70742E+04 4.703003 3.538738 4.262461 0.886819 0.131797 999.9142 0 1.58263E-05 3.64628 6.7475E-01 0.32085 0.00328057
1.05331E+05 4.692186 3.538367 4.179785 0.886864 0.142249 989.0899 0 1.60702E-05 3.6462 6.7409E-01 0.32146 0.00332339
1.13679E+05 4.679230 3.537934 4.095289 0.886905 0.152216 974.9216 0 1.60377E-05 3.64601 6.7342E-01 0.32208 0.0033697
1.22113E+05 4.665166 3.537589 4.011280 0.886939 0.161718 957.2081 0 1.56357E-05 3.64593 6.7275E-01 0.32269 0.00341981
1.30628E+05 4.650651 3.537276 3.929005 0.886969 0.170722 938.0155 0 1.50812E-05 3.64594 6.7209E-01 0.3233 0.00347347
1.39215E+05 4.636045 3.536790 3.848845 0.886995 0.179603 921.9472 0 1.48467E-05 3.6456 6.7142E-01 0.3239 0.00353058
1.47868E+05 4.621700 3.536520 3.771464 0.887017 0.187784 903.4028 0 1.42804E-05 3.64564 6.7076E-01 0.32451 0.00359091
1.56580E+05 4.607501 3.536151 3.695641 0.887037 0.195446 885.8383 0 1.38678E-05 3.64561 6.7010E-01 0.3251 0.00365451
1.65345E+05 4.593540 3.535747 3.621190 0.887056 0.202688 869.2753 0 1.35574E-05 3.64555 6.6944E-01 0.32568 0.00372126
1.74157E+05 4.579808 3.535314 3.547570 0.887074 0.209561 853.8440 0 1.33539E-05 3.64549 6.6879E-01 0.32626 0.0037912
1.83013E+05 4.566261 3.534836 3.474131 0.887093 0.216179 839.6486 0 1.32794E-05 3.64537 6.6813E-01 0.32684 0.00386412
1.91907E+05 4.552809 3.534291 3.400008 0.887115 0.22278 826.7557 0 1.33658E-05 3.64521 6.6749E-01 0.3274 0.00394012
2.00837E+05 4.539357 3.533687 3.324273 0.887140 0.229881 815.1055 0 1.36243E-05 3.64499 6.6684E-01 0.32796 0.00401936
2.09799E+05 4.525778 3.533008 3.245750 0.887170 0.23851 804.8417 0 1.41043E-05 3.64472 6.6620E-01 0.32852 0.00410192
2.18792E+05 4.511881 3.532325 3.162761 0.887208 0.250727 794.0710 0 1.46713E-05 3.64458 6.6555E-01 0.32907 0.00418797
2.27812E+05 4.497412 3.531321 3.072934 0.887257 0.271249 788.2246 0 1.60601E-05 3.64395 6.6491E-01 0.32962 0.00427771
2.36857E+05 4.481978 3.530194 2.972485 0.887321 0.31234 783.1661 0 1.80342E-05 3.64334 6.6427E-01 0.33016 0.00437129
2.45924E+05 4.464296 3.528504 2.850336 0.887405 0.400221 783.7934 0 2.20898E-05 3.64215 6.6362E-01 0.3307 0.00446839
2.55010E+05 4.443284 3.526069 2.693032 0.887496 0.540555 791.3540 0 3.06802E-05 3.64049 6.6297E-01 0.33125 0.00456757
2.64096E+05 4.412972 3.521877 2.433350 0.887661 0.70234 808.4189 0 6.17032E-05 3.63121 6.6230E-01 0.3318 0.00466766
2.73174E+05 4.347492 3.510884 1.548792 0.887958 0.89852 844.6622 0 1.57512E-04 3.52488 6.6157E-01 0.33241 0.00477979
2.75054E+05 4.308195 3.510474 1.414582 0.887205 0.89852 753.4226 0 1.48801E-04 3.52828 6.6071E-01 0.33313 0.00491846
2.79652E+05 4.333591 3.699967 0.888473 0.888473 0.89852 322.9076 0 3.33645E-06 3.67631 6.6071E-01 0.33313 0.00491846
0.00000E+00 4.286800 3.589600 5.000000 0.934100 0.364105 90.4788 1 1.26892E-12 3.59079 6.6497E-01 0.331037 0.00283523
2.53557E+03 4.339954 3.584752 5.000000 0.934623 0.36635 102.0505 1 5.32397E-12 3.58666 6.6497E-01 0.331037 0.00283523
5.33257E+03 4.394421 3.579708 5.000000 0.934939 0.369874 116.0620 1 2.59123E-11 3.58165 6.6492E-01 0.331077 0.00283769
8.40833E+03 4.449930 3.574520 5.000000 0.935206 0.353987 132.4496 1 1.40173E-10 3.57641 6.6486E-01 0.331134 0.00284222
1.17583E+04 4.505602 3.569310 4.999999 0.935431 0.262694 151.3547 1 8.34362E-10 3.57101 6.6477E-01 0.331209 0.00285518
1.53476E+04 4.560248 3.564404 4.999994 0.935616 0.109008 173.4277 1 5.64648E-09 3.56496 6.6465E-01 0.331302 0.00288315
1.91312E+04 4.612764 3.560138 4.999971 0.935767 0.0594587 196.8781 1 9.39276E-09 3.55973 6.6450E-01 0.33142 0.00292122
2.30658E+04 4.662353 3.555700 4.999941 0.935888 0.0626388 221.0662 1 6.15513E-09 3.55536 6.6429E-01 0.331593 0.00294354
2.71146E+04 4.708586 3.551348 4.999911 0.935986 0.0678629 247.1360 1 3.21866E-09 3.55078 6.6404E-01 0.331831 0.00295863
3.12488E+04 4.746656 3.547788 4.995793 0.936066 0.0678629 893.4767 0 4.04984E-06 3.6564 6.6375E-01 0.3321 0.00297319
3.12488E+04 4.750449 3.547468 4.995793 0.936066 0.0755554 915.4220 0 4.62955E-06 3.65495 6.6375E-01 0.3321 0.00297319
3.54486E+04 4.782377 3.544377 4.976851 0.936134 0.0755554 1017.5626 0 9.72198E-06 3.6528 6.6343E-01 0.33241 0.00298612
3.54486E+04 4.785285 3.544168 4.976851 0.936134 0.0876262 1038.0506 0 1.07598E-05 3.65156 6.6343E-01 0.33241 0.00298612
3.97058E+04 4.809800 3.541487 4.933547 0.936195 0.101478 1142.1959 0 2.08138E-05 3.64897 6.6308E-01 0.33275 0.00299559
4.40226E+04 4.821199 3.539705 4.855329 0.936251 0.114903 1214.7232 0 3.30569E-05 3.64705 6.6270E-01 0.33312 0.00300356
4.84101E+04 4.818670 3.538478 4.741338 0.936305 0.124621 1247.5861 0 4.28908E-05 3.64574 6.6228E-01 0.33353 0.00301151
5.28823E+04 4.805502 3.537781 4.601402 0.936357 0.131751 1246.1863 0 4.73167E-05 3.645 6.6185E-01 0.33394 0.00302207
5.74491E+04 4.786542 3.537380 4.451237 0.936405 0.137682 1226.0761 0 4.76824E-05 3.64457 6.6141E-01 0.33436 0.00303594
6.21117E+04 4.764826 3.537041 4.299822 0.936448 0.143053 1198.3486 0 4.64035E-05 3.64424 6.6098E-01 0.33478 0.00305321
6.68653E+04 4.742060 3.536632 4.151526 0.936485 0.148172 1171.0774 0 4.51697E-05 3.64366 6.6053E-01 0.3352 0.00307358
7.17020E+04 4.719048 3.536433 4.007629 0.936515 0.152971 1137.9618 0 4.26036E-05 3.6436 6.6009E-01 0.33561 0.00309701
7.66131E+04 4.696160 3.536195 3.868017 0.936540 0.157289 1106.5376 0 4.04400E-05 3.64353 6.5965E-01 0.33603 0.00312328
8.15897E+04 4.673477 3.535743 3.731590 0.936560 0.16126 1081.9245 0 3.98366E-05 3.64297 6.5920E-01 0.33644 0.00315239
8.66233E+04 4.650958 3.535369 3.596752 0.936578 0.164825 1055.8995 0 3.89960E-05 3.64273 6.5876E-01 0.33685 0.00318438
9.17060E+04 4.628413 3.534896 3.461179 0.936595 0.167889 1033.3270 0 3.90860E-05 3.64233 6.5832E-01 0.33725 0.00321903
9.68306E+04 4.605523 3.534373 3.321572 0.936613 0.170542 1011.4205 0 3.97838E-05 3.64204 6.5788E-01 0.33765 0.00325663
1.01990E+05 4.581804 3.533509 3.173127 0.936636 0.173614 997.9092 0 4.32706E-05 3.64112 6.5744E-01 0.33804 0.00329735
1.07178E+05 4.556361 3.532532 3.007106 0.936668 0.180644 985.5218 0 4.88325E-05 3.64033 6.5700E-01 0.33843 0.00334135
1.12387E+05 4.527266 3.530933 2.804051 0.936717 0.214129 986.1449 0 6.32384E-05 3.63866 6.5657E-01 0.33881 0.00338916
1.17607E+05 4.488735 3.527879 2.499823 0.936782 0.289257 1014.7046 0 1.15862E-04 3.63553 6.5614E-01 0.33919 0.00343949
1.22819E+05 4.426735 3.520373 1.800168 0.936938 0.384566 973.8999 0 1.83077E-04 3.55704 6.5569E-01 0.33958 0.00349195
1.27987E+05 4.402566 3.546488 1.129938 0.937490 0.475172 916.2522 0 1.14915E-04 3.5526 6.5514E-01 0.34006 0.00355849
1.30944E+05 4.401864 3.872920 0.938018 0.938018 0.475172 121.9678 1 3.02716E-10 3.69745 6.5467E-01 0.34046 0.00362275
