0.00000E+00 3.053800 3.613696 0.500000 0.489500 0.479565 26.3836 1 1.24944E-10 3.62761 7.3198E-01 0.26 0.00566933
2.08391E+05 3.056885 3.610747 0.489662 0.489662 0.479565 57.1635 0 2.03662E-10 3.61096 7.3198E-01 0.26 0.00566933
0.00000E+00 3.119500 3.570190 0.550000 0.499800 0.479565 89.0677 0 1.86597E-09 3.56527 7.3198E-01 0.26 0.00566933
1.88582E+05 3.143478 3.568468 0.549823 0.500851 0.479565 95.6288 0 3.16063E-09 3.56334 7.3198E-01 0.26 0.00566933
3.90246E+05 3.171191 3.566568 0.549494 0.502134 0.479565 103.7186 0 5.79432E-09 3.56124 7.3198E-01 0.26 0.00566933
6.05915E+05 3.202608 3.564692 0.548817 0.503708 0.479565 113.4935 0 1.13898E-08 3.55913 7.3198E-01 0.26 0.00566933
8.35890E+05 3.237942 3.563213 0.547329 0.505649 0.479565 124.8779 0 2.37678E-08 3.55754 7.3198E-01 0.26 0.00566933
1.07940E+06 3.277146 3.563163 0.543938 0.508036 0.479565 136.8732 0 5.04290E-08 3.5577 7.3198E-01 0.26 0.00566933
1.33419E+06 3.319804 3.567936 0.536635 0.510950 0.479565 144.5991 0 9.04436E-08 3.56358 7.3198E-01 0.26 0.00566933
1.59645E+06 3.365112 3.587653 0.526410 0.514460 0.479565 133.9830 0 6.66897E-08 3.58538 7.3198E-01 0.26 0.00566933
1.86117E+06 3.411957 3.637681 0.522992 0.518610 0.479565 95.1259 0 5.44276E-09 3.63609 7.3198E-01 0.26 0.00566933
2.12311E+06 3.416194 3.783833 0.519056 0.519056 0.479565 41.9011 1 3.22459E-13 3.64854 7.3198E-01 0.26 0.00566933
0.00000E+00 3.161900 3.558923 0.600000 0.506400 0.479565 102.2729 0 2.49148E-09 3.55163 7.3198E-01 0.26 0.00566933
1.76846E+05 3.190354 3.556388 0.599742 0.507669 0.479565 112.0048 0 4.81719E-09 3.54861 7.3198E-01 0.26 0.00566933
3.68452E+05 3.223422 3.553490 0.599204 0.509255 0.479565 124.4515 0 1.03876E-08 3.54517 7.3198E-01 0.26 0.00566933
5.75695E+05 3.261035 3.550411 0.597856 0.511246 0.479565 140.1351 0 2.49487E-08 3.54152 7.3198E-01 0.26 0.00566933
7.98305E+05 3.303146 3.547532 0.594099 0.513743 0.479565 159.5904 0 6.74296E-08 3.53813 7.3198E-01 0.26 0.00566933
1.03422E+06 3.349179 3.546565 0.582454 0.516844 0.479565 181.3108 0 2.05849E-07 3.53735 7.3198E-01 0.26 0.00566933
1.27930E+06 3.397997 3.563914 0.546216 0.520627 0.479565 176.1474 0 3.50221E-07 3.55926 7.3198E-01 0.26 0.00566933
1.52791E+06 3.448072 3.654389 0.528934 0.525135 0.479565 89.3909 0 2.77187E-09 3.65094 7.3198E-01 0.26 0.00566933
1.77394E+06 3.452863 3.903834 0.525651 0.525651 0.479565 39.9376 1 6.42925E-15 3.66374 7.3198E-01 0.26 0.00566933
0.00000E+00 3.166100 3.555524 0.650000 0.510600 0.47832 98.4801 0 1.12509E-09 3.54884 7.2996E-01 0.261636 0.00566689
1.69716E+05 3.199405 3.552300 0.649861 0.512010 0.47832 109.8083 0 2.46687E-09 3.545 7.2996E-01 0.261636 0.00566689
3.55131E+05 3.238008 3.548594 0.649506 0.513799 0.47832 124.6616 0 6.14146E-09 3.54051 7.2996E-01 0.261636 0.00566689
5.57027E+05 3.281699 3.544435 0.648623 0.516073 0.47832 143.9672 0 1.73745E-08 3.53545 7.2996E-01 0.261636 0.00566689
7.74617E+05 3.330063 3.539968 0.645676 0.518949 0.47832 169.0964 0 5.67558E-08 3.52999 7.2996E-01 0.261636 0.00566689
1.00482E+06 3.381960 3.536045 0.634490 0.522529 0.47832 201.1183 0 2.26438E-07 3.52532 7.2996E-01 0.261636 0.00566689
1.24228E+06 3.435161 3.544893 0.576604 0.526876 0.47832 221.1116 0 1.13497E-06 3.53765 7.2996E-01 0.261636 0.00566689
1.48055E+06 3.484474 3.769732 0.531987 0.531987 0.47832 20.2429 1 4.67288E-12 3.76915 7.2996E-01 0.261636 0.00566689
0.00000E+00 3.259700 3.544806 0.700000 0.513900 0.478325 125.9262 0 4.10959E-09 3.53726 7.2795E-01 0.263281 0.0056681
1.64290E+05 3.288090 3.541927 0.699609 0.515419 0.478325 138.5049 0 8.13894E-09 3.53376 7.2795E-01 0.263281 0.0056681
3.44915E+05 3.321731 3.538515 0.698678 0.517366 0.478325 155.1548 0 1.84583E-08 3.52959 7.2795E-01 0.263281 0.0056681
5.42550E+05 3.360487 3.534627 0.696150 0.519865 0.478325 177.2622 0 4.86488E-08 3.52474 7.2795E-01 0.263281 0.0056681
7.55944E+05 3.403958 3.530380 0.688070 0.523041 0.478325 206.7922 0 1.58884E-07 3.51954 7.2795E-01 0.263281 0.0056681
9.81192E+05 3.450941 3.527236 0.654282 0.526995 0.478325 248.2951 0 8.68025E-07 3.51588 7.2795E-01 0.263281 0.0056681
1.21211E+06 3.499736 3.600189 0.531794 0.531794 0.478325 157.7012 0 2.42488E-07 3.59977 7.2795E-01 0.263281 0.0056681
0.00000E+00 3.227700 3.556578 0.800000 0.518800 0.471955 45.6796 1 1.48924E-08 3.55761 7.2594E-01 0.266712 0.00567995
1.56486E+05 3.264023 3.552945 0.799289 0.520435 0.471955 108.8477 0 4.14155E-10 3.54129 7.2594E-01 0.266712 0.00567995
3.29712E+05 3.306406 3.548693 0.798843 0.522555 0.471955 125.5120 0 1.14077E-09 3.536 7.2594E-01 0.266712 0.00567995
5.20190E+05 3.354363 3.543842 0.798390 0.525298 0.471955 147.6556 0 3.59640E-09 3.52986 7.2594E-01 0.266712 0.00567995
7.26109E+05 3.406830 3.538474 0.797663 0.528798 0.471955 176.5896 0 1.27336E-08 3.52304 7.2594E-01 0.266712 0.00567995
9.42683E+05 3.461778 3.532785 0.794813 0.533141 0.471955 213.9106 0 4.98411E-08 3.51567 7.2594E-01 0.266712 0.00567995
1.16295E+06 3.516699 3.526972 0.784171 0.538338 0.471955 261.9706 0 2.25201E-07 3.50808 7.2594E-01 0.266712 0.00567995
1.37993E+06 3.568825 3.521624 0.720703 0.544320 0.471955 337.1755 0 2.48439E-06 3.50136 7.2594E-01 0.266712 0.00567995
1.52369E+06 3.579644 3.525078 0.547638 0.547638 0.471955 392.4467 0 5.56948E-05 3.51474 7.2594E-01 0.266712 0.00567995
0.00000E+00 3.244900 3.558298 0.900000 0.522500 0.452356 40.9354 1 3.23515E-09 3.56926 7.2394E-01 0.268429 0.00568594
1.50776E+05 3.283610 3.554451 0.899685 0.524241 0.452356 45.4807 1 7.21273E-09 3.56372 7.2394E-01 0.268429 0.00568594
3.18698E+05 3.328762 3.549871 0.898820 0.526520 0.452356 115.4911 0 3.05825E-10 3.53902 7.2394E-01 0.268429 0.00568594
5.04109E+05 3.379641 3.544658 0.898116 0.529490 0.452356 137.1889 0 1.04129E-09 3.53255 7.2394E-01 0.268429 0.00568594
7.04650E+05 3.434748 3.538941 0.897688 0.533288 0.452356 165.5412 0 3.92426E-09 3.52535 7.2394E-01 0.268429 0.00568594
9.14740E+05 3.491563 3.532997 0.896809 0.537984 0.452356 201.2639 0 1.55649E-08 3.51778 7.2394E-01 0.268429 0.00568594
1.12689E+06 3.547286 3.527036 0.893242 0.543554 0.452356 245.1610 0 6.32262E-08 3.51003 7.2394E-01 0.268429 0.00568594
1.33421E+06 3.599732 3.521047 0.880369 0.549896 0.452356 299.5516 0 2.81221E-07 3.50217 7.2394E-01 0.268429 0.00568594
1.53213E+06 3.646013 3.514202 0.805652 0.556864 0.452356 390.1349 0 3.29796E-06 3.4931 7.2394E-01 0.268429 0.00568594
1.65777E+06 3.655518 3.522208 0.560512 0.560512 0.452356 496.9587 0 5.70041E-05 3.50494 7.2394E-01 0.268429 0.00568594
0.00000E+00 3.292300 3.557343 1.000000 0.525500 0.435012 42.1954 1 2.31949E-10 3.56909 7.2294E-01 0.269171 0.00569474
1.46247E+05 3.328751 3.553698 0.999978 0.527321 0.435012 46.5770 1 5.26882E-10 3.5639 7.2294E-01 0.269171 0.00569474
3.09870E+05 3.371704 3.549377 0.999918 0.529721 0.435012 52.4259 1 1.37862E-09 3.55752 7.2294E-01 0.269171 0.00569474
4.91062E+05 3.420421 3.544420 0.999771 0.532864 0.435012 135.1385 0 4.85914E-10 3.53363 7.2294E-01 0.269171 0.00569474
6.87033E+05 3.473281 3.538920 0.999633 0.536885 0.435012 161.6527 0 1.72906E-09 3.52681 7.2294E-01 0.269171 0.00569474
8.91643E+05 3.527624 3.533204 0.999263 0.541838 0.435012 194.7098 0 6.42265E-09 3.5196 7.2294E-01 0.269171 0.00569474
1.09713E+06 3.580621 3.527550 0.998045 0.547670 0.435012 233.9742 0 2.34937E-08 3.51241 7.2294E-01 0.269171 0.00569474
1.29683E+06 3.630200 3.522115 0.993776 0.554252 0.435012 279.4129 0 8.33407E-08 3.50537 7.2294E-01 0.269171 0.00569474
1.48661E+06 3.675360 3.516719 0.979593 0.561428 0.435012 333.4792 0 3.14144E-07 3.49831 7.2294E-01 0.269171 0.00569474
1.66464E+06 3.715690 3.509993 0.917650 0.569044 0.435012 419.4433 0 2.39929E-06 3.4893 7.2294E-01 0.269171 0.00569474
1.79030E+06 3.732538 3.644642 0.574024 0.574024 0.435012 260.2203 0 2.15998E-07 3.59421 7.2294E-01 0.269171 0.00569474
0.00000E+00 3.289900 3.561541 1.100000 0.527200 0.418155 38.2662 1 7.81635E-12 3.57574 7.2294E-01 0.268978 0.00570143
1.43630E+05 3.328380 3.557785 1.099999 0.529062 0.418155 42.3979 1 1.95082E-11 3.57052 7.2294E-01 0.268978 0.00570143
3.04704E+05 3.373549 3.553301 1.099997 0.531524 0.418155 47.9116 1 5.74636E-11 3.56411 7.2294E-01 0.268978 0.00570143
4.83330E+05 3.424499 3.548202 1.099988 0.534755 0.418155 55.1284 1 1.95416E-10 3.55654 7.2294E-01 0.268978 0.00570143
6.76495E+05 3.479343 3.542580 1.099955 0.538888 0.418155 64.3178 1 7.39259E-10 3.54793 7.2294E-01 0.268978 0.00570143
8.77805E+05 3.535173 3.536769 1.099866 0.543966 0.418155 172.7523 0 1.54084E-09 3.52522 7.2294E-01 0.268978 0.00570143
1.07942E+06 3.589058 3.531052 1.099575 0.549920 0.418155 207.6903 0 5.67118E-09 3.5181 7.2294E-01 0.268978 0.00570143
1.27483E+06 3.638994 3.525717 1.098596 0.556609 0.418155 246.8863 0 1.91900E-08 3.51132 7.2294E-01 0.268978 0.00570143
1.46018E+06 3.684125 3.520812 1.095601 0.563868 0.418155 289.4985 0 5.96243E-08 3.50506 7.2294E-01 0.268978 0.00570143
1.63378E+06 3.724414 3.516178 1.087144 0.571541 0.418155 336.7805 0 1.79493E-07 3.49898 7.2294E-01 0.268978 0.00570143
1.79529E+06 3.760241 3.511337 1.062587 0.579491 0.418155 394.1697 0 6.24847E-07 3.49262 7.2294E-01 0.268978 0.00570143
1.94504E+06 3.790877 3.502618 0.917425 0.587585 0.418155 534.7812 0 1.41676E-05 3.48093 7.2294E-01 0.268978 0.00570143
2.02407E+06 3.778839 3.547283 0.590576 0.590576 0.418155 543.1962 0 6.00616E-05 3.52055 7.2294E-01 0.268978 0.00570143
0.00000E+00 3.358700 3.558607 1.200000 0.531200 0.411253 42.3068 1 3.86262E-12 3.57211 7.2594E-01 0.265821 0.0057051
1.37960E+05 3.392636 3.555279 1.200000 0.533144 0.411253 46.3623 1 8.85674E-12 3.56734 7.2594E-01 0.265821 0.0057051
2.93414E+05 3.433087 3.551279 1.199999 0.535731 0.411253 51.7657 1 2.39855E-11 3.5615 7.2594E-01 0.265821 0.0057051
4.66284E+05 3.479210 3.546667 1.199995 0.539137 0.411253 58.8064 1 7.55105E-11 3.55457 7.2594E-01 0.265821 0.0057051
6.53116E+05 3.529142 3.541513 1.199983 0.543488 0.411253 67.7128 1 2.67113E-10 3.54664 7.2594E-01 0.265821 0.0057051
8.47069E+05 3.580016 3.536211 1.199932 0.548799 0.411253 176.4702 0 1.14151E-09 3.52527 7.2594E-01 0.265821 0.0057051
1.04026E+06 3.629034 3.531034 1.199747 0.554972 0.411253 208.6641 0 3.72197E-09 3.51879 7.2594E-01 0.265821 0.0057051
1.22661E+06 3.674383 3.526230 1.199179 0.561838 0.411253 243.6823 0 1.11536E-08 3.51281 7.2594E-01 0.265821 0.0057051
1.40276E+06 3.715353 3.521852 1.197637 0.569220 0.411253 281.1348 0 3.03753E-08 3.50718 7.2594E-01 0.265821 0.0057051
1.56743E+06 3.751968 3.517817 1.193873 0.576961 0.411253 320.4096 0 7.63686E-08 3.50201 7.2594E-01 0.265821 0.0057051
1.72048E+06 3.784605 3.514061 1.185337 0.584926 0.411253 362.2638 0 1.82743E-07 3.49715 7.2594E-01 0.265821 0.0057051
1.86230E+06 3.813730 3.510196 1.166258 0.592992 0.411253 410.4883 0 4.66496E-07 3.49208 7.2594E-01 0.265821 0.0057051
1.99358E+06 3.839824 3.505192 1.112755 0.601063 0.411253 482.2296 0 1.93763E-06 3.4853 7.2594E-01 0.265821 0.0057051
2.10789E+06 3.860412 4.000000 0.608377 0.608377 0.411253 83.4521 1 8.62042E-15 3.64837 7.2594E-01 0.265821 0.0057051
0.00000E+00 3.417000 3.556781 1.300000 0.531800 0.399887 45.7292 1 3.41344E-12 3.56963 7.2694E-01 0.264745 0.00571254
1.36913E+05 3.444914 3.554056 1.300000 0.533751 0.399887 49.3036 1 6.80531E-12 3.56572 7.2694E-01 0.264745 0.00571254
2.91256E+05 3.478787 3.550724 1.299999 0.536349 0.399887 54.0952 1 1.58205E-11 3.56076 7.2694E-01 0.264745 0.00571254
4.62929E+05 3.518061 3.546792 1.299997 0.539767 0.399887 60.2991 1 4.25617E-11 3.55486 7.2694E-01 0.264745 0.00571254
6.48454E+05 3.561304 3.542369 1.299991 0.544132 0.399887 68.1157 1 1.28651E-10 3.54802 7.2694E-01 0.264745 0.00571254
8.40983E+05 3.606083 3.537743 1.299971 0.549455 0.399887 77.4801 1 4.11133E-10 3.54057 7.2694E-01 0.264745 0.00571254
1.03269E+06 3.649884 3.533157 1.299869 0.555633 0.399887 197.6639 0 2.20573E-09 3.52199 7.2694E-01 0.264745 0.00571254
1.21755E+06 3.690963 3.528869 1.299572 0.562497 0.399887 227.3342 0 5.92403E-09 3.51663 7.2694E-01 0.264745 0.00571254
1.39228E+06 3.728533 3.524905 1.298816 0.569869 0.399887 258.6223 0 1.47147E-08 3.51164 7.2694E-01 0.264745 0.00571254
1.55563E+06 3.762479 3.521289 1.297103 0.577593 0.399887 290.9476 0 3.38040E-08 3.50708 7.2694E-01 0.264745 0.00571254
1.70746E+06 3.793032 3.517969 1.293553 0.585533 0.399887 324.1008 0 7.27993E-08 3.50292 7.2694E-01 0.264745 0.00571254
1.84818E+06 3.820558 3.514856 1.286586 0.593580 0.399887 359.2954 0 1.50497E-07 3.4988 7.2694E-01 0.264745 0.00571254
1.97844E+06 3.845430 3.511745 1.273251 0.601635 0.399887 397.4504 0 3.11353E-07 3.49477 7.2694E-01 0.264745 0.00571254
2.09902E+06 3.868003 3.508314 1.246928 0.609623 0.476713 443.4805 0 6.96716E-07 3.49026 7.2694E-01 0.264745 0.00571254
2.21073E+06 3.887222 3.502948 1.184267 0.616826 0.570051 512.4995 0 2.22245E-06 3.48406 7.2619E-01 0.265244 0.00595237
2.31531E+06 3.904480 4.000000 0.623873 0.623873 0.570051 78.7905 1 1.34787E-14 3.66588 7.2525E-01 0.265883 0.00624549
0.00000E+00 3.336900 3.568384 1.400000 0.530800 0.380788 34.3241 1 4.37353E-14 3.58577 7.2594E-01 0.265652 0.00571291
1.37971E+05 3.373089 3.565004 1.400000 0.532679 0.380788 37.7110 1 1.04686E-13 3.5812 7.2594E-01 0.265652 0.00571291
2.92910E+05 3.415718 3.560958 1.400000 0.535168 0.380788 42.1693 1 2.95487E-13 3.57568 7.2594E-01 0.265652 0.00571291
4.64873E+05 3.463871 3.556309 1.400000 0.538435 0.380788 47.9551 1 9.66895E-13 3.56911 7.2594E-01 0.265652 0.00571291
6.50819E+05 3.515659 3.551222 1.400000 0.542608 0.380788 55.2024 1 3.51994E-12 3.56168 7.2594E-01 0.265652 0.00571291
8.44428E+05 3.568221 3.545944 1.399999 0.547717 0.380788 63.8598 1 1.33542E-11 3.55373 7.2594E-01 0.265652 0.00571291
1.03810E+06 3.618739 3.540781 1.399997 0.553680 0.380788 73.6620 1 4.91879E-11 3.54569 7.2594E-01 0.265652 0.00571291
1.22566E+06 3.665356 3.535964 1.399989 0.560343 0.380788 84.2933 1 1.67246E-10 3.53782 7.2594E-01 0.265652 0.00571291
1.40352E+06 3.707342 3.531607 1.399944 0.567537 0.380788 212.6341 0 1.10372E-09 3.52071 7.2594E-01 0.265652 0.00571291
1.57019E+06 3.744737 3.527696 1.399818 0.575105 0.380788 241.4234 0 2.71143E-09 3.51585 7.2594E-01 0.265652 0.00571291
1.72538E+06 3.777953 3.524254 1.399527 0.582911 0.380788 270.1358 0 6.01870E-09 3.5116 7.2594E-01 0.265652 0.00571291
1.86940E+06 3.807484 3.521161 1.398950 0.590831 0.380788 298.6355 0 1.22817E-08 3.5078 7.2594E-01 0.265652 0.00571291
2.00288E+06 3.833858 3.518449 1.397877 0.598767 0.466521 326.8550 0 2.32265E-08 3.50436 7.2594E-01 0.265652 0.00571291
2.12654E+06 3.855573 3.515280 1.396012 0.605730 0.597416 352.3649 0 4.20876E-08 3.50151 7.2512E-01 0.266192 0.00598071
2.24271E+06 3.874324 3.511973 1.392861 0.612155 0.750807 376.3313 0 7.38392E-08 3.49906 7.2384E-01 0.26704 0.00639318
2.35263E+06 3.891056 3.508800 1.387670 0.618278 0.913677 399.8177 0 1.25730E-07 3.49685 7.2229E-01 0.268079 0.00688246
2.45678E+06 3.906288 3.505625 1.379228 0.624207 1.07774 424.2639 0 2.13328E-07 3.49463 7.2059E-01 0.269237 0.00740866
2.55546E+06 3.920187 3.447806 1.301267 0.630015 1.2229 487.5304 0 6.17576E-06 3.48841 7.1881E-01 0.270446 0.00794598
2.64901E+06 3.934072 3.535600 0.663851 0.636106 1.2229 458.5351 0 5.94992E-09 3.56654 7.1719E-01 0.271554 0.00842738
2.73755E+06 3.950104 3.564298 0.663451 0.643619 1.2229 398.1846 0 2.21593E-09 3.5864 7.1719E-01 0.271554 0.00842738
2.81879E+06 3.964867 3.601493 0.650814 0.650814 1.2229 306.4552 0 4.36890E-10 3.62134 7.1719E-01 0.271554 0.00842738
0.00000E+00 3.332200 3.572504 1.500000 0.532500 0.347443 31.6523 1 1.22699E-14 3.59134 7.2394E-01 0.267571 0.00573653
1.35457E+05 3.370629 3.568951 1.500000 0.534418 0.347443 34.9203 1 3.08299E-14 3.58672 7.2394E-01 0.267571 0.00573653
2.87912E+05 3.415685 3.564753 1.500000 0.536966 0.347443 39.2526 1 9.14899E-14 3.58105 7.2394E-01 0.267571 0.00573653
4.57340E+05 3.466258 3.559933 1.500000 0.540318 0.347443 44.8386 1 3.14975E-13 3.57444 7.2394E-01 0.267571 0.00573653
6.40500E+05 3.520176 3.554700 1.500000 0.544597 0.347443 51.8178 1 1.19765E-12 3.56697 7.2394E-01 0.267571 0.00573653
8.30857E+05 3.574330 3.549349 1.500000 0.549824 0.347443 60.0954 1 4.67543E-12 3.55906 7.2394E-01 0.267571 0.00573653
1.02078E+06 3.625824 3.544136 1.499999 0.555900 0.347443 69.3634 1 1.74838E-11 3.55117 7.2394E-01 0.267571 0.00573653
1.20426E+06 3.672892 3.539317 1.499996 0.562661 0.347443 79.3357 1 5.95584E-11 3.54349 7.2394E-01 0.267571 0.00573653
1.37796E+06 3.714958 3.535001 1.499988 0.569931 0.347443 89.6105 1 1.80886E-10 3.53638 7.2394E-01 0.267571 0.00573653
1.54055E+06 3.752202 3.531134 1.499950 0.577551 0.347443 220.5902 0 1.29652E-09 3.52086 7.2394E-01 0.267571 0.00573653
1.69184E+06 3.785102 3.527716 1.499824 0.585378 0.347443 246.2447 0 2.85462E-09 3.51678 7.2394E-01 0.267571 0.00573653
1.83221E+06 3.814254 3.524706 1.499560 0.593295 0.431264 271.8339 0 5.74298E-09 3.51302 7.2394E-01 0.267571 0.00573653
1.96230E+06 3.837984 3.521318 1.499079 0.600211 0.564408 294.2689 0 1.08277E-08 3.51011 7.2316E-01 0.26808 0.00599821
2.08466E+06 3.858133 3.517814 1.498220 0.606522 0.725757 314.8947 0 1.94096E-08 3.50762 7.2189E-01 0.268909 0.00641748
2.20081E+06 3.875795 3.514313 1.496775 0.612466 0.902181 334.2276 0 3.34737E-08 3.50546 7.2030E-01 0.269968 0.00693194
2.31134E+06 3.891596 3.510897 1.494416 0.618161 1.08495 352.7344 0 5.59261E-08 3.50354 7.1850E-01 0.271166 0.00750294
2.41656E+06 3.905964 3.458710 1.491518 0.623678 1.26835 370.6386 0 3.84290E-08 3.50179 7.1657E-01 0.272465 0.00810327
2.51672E+06 3.919201 3.436431 1.474085 0.629062 1.44689 394.0900 0 4.36776E-06 3.49941 7.1456E-01 0.273823 0.00871511
2.61206E+06 3.931410 3.399623 1.126472 0.634420 1.5312 623.8337 0 2.29584E-05 3.47815 7.1255E-01 0.275192 0.00931972
2.70312E+06 3.946792 3.561011 0.660181 0.641565 1.5312 384.5238 0 3.20120E-09 3.58998 7.1156E-01 0.275871 0.00960826
2.78621E+06 3.961892 3.605823 0.648933 0.648933 1.5312 303.2866 0 4.93103E-10 3.62205 7.1156E-01 0.275871 0.00960826
0.00000E+00 3.391100 3.570248 1.600000 0.529900 0.344731 33.0639 1 1.77358E-14 3.59507 7.2494E-01 0.266526 0.00573232
1.38596E+05 3.420309 3.567562 1.600000 0.531755 0.344731 35.5790 1 3.57800E-14 3.59176 7.2494E-01 0.266526 0.00573232
2.94024E+05 3.455373 3.564299 1.600000 0.534206 0.344731 38.8950 1 8.36186E-14 3.58763 7.2494E-01 0.266526 0.00573232
4.66382E+05 3.495746 3.560474 1.600000 0.537418 0.344731 43.1172 1 2.24390E-13 3.5828 7.2494E-01 0.266526 0.00573232
6.52775E+05 3.540097 3.556198 1.600000 0.541519 0.344731 48.3632 1 6.72300E-13 3.57727 7.2494E-01 0.266526 0.00573232
8.47070E+05 3.586111 3.551713 1.600000 0.546545 0.344731 54.5679 1 2.12715E-12 3.5713 7.2494E-01 0.266526 0.00573232
1.04176E+06 3.631287 3.547240 1.600000 0.552424 0.344731 61.5150 1 6.69873E-12 3.56525 7.2494E-01 0.266526 0.00573232
1.23064E+06 3.673785 3.542950 1.599999 0.559009 0.344731 68.9520 1 2.00639E-11 3.55935 7.2494E-01 0.266526 0.00573232
1.40998E+06 3.712706 3.539025 1.599996 0.566136 0.344731 76.6638 1 5.54682E-11 3.55373 7.2494E-01 0.266526 0.00573232
1.57820E+06 3.747864 3.535456 1.599989 0.573648 0.344731 84.4291 1 1.40779E-10 3.54855 7.2494E-01 0.266526 0.00573232
1.73493E+06 3.779468 3.532234 1.599974 0.581414 0.344731 92.1114 1 3.28806E-10 3.54385 7.2494E-01 0.266526 0.00573232
1.88045E+06 3.807888 3.529329 1.599917 0.589318 0.424356 241.8332 0 2.08569E-09 3.53271 7.2494E-01 0.266526 0.00573232
2.01533E+06 3.831133 3.526063 1.599755 0.596210 0.554635 261.5991 0 3.86056E-09 3.52982 7.2420E-01 0.267006 0.00597996
2.14230E+06 3.850820 3.522622 1.599452 0.602434 0.716272 279.3485 0 6.81341E-09 3.52743 7.2297E-01 0.267815 0.00638864
2.26314E+06 3.868017 3.519129 1.598949 0.608233 0.896688 295.6537 0 1.15820E-08 3.52539 7.2138E-01 0.268864 0.00690205
2.37857E+06 3.883349 3.515430 1.598099 0.613734 1.08698 311.0306 0 1.93837E-08 3.52351 7.1956E-01 0.270083 0.00748376
2.48894E+06 3.897234 3.466048 1.595511 0.619016 1.2808 326.0936 0 3.30183E-08 3.52149 7.1756E-01 0.271421 0.00810705
2.59447E+06 3.909981 3.445416 1.591405 0.624136 1.47375 340.8859 0 5.41723E-08 3.51939 7.1546E-01 0.27284 0.00875248
2.69533E+06 3.921827 3.434900 1.586232 0.629135 1.66294 355.5090 0 7.06510E-08 3.51724 7.1330E-01 0.274308 0.00940534
2.79170E+06 3.932833 3.424633 1.547791 0.634040 1.84344 381.4763 0 5.23466E-06 3.50886 7.1110E-01 0.275807 0.0100561
2.88382E+06 3.943530 3.391276 1.203533 0.639040 1.95178 586.8149 0 2.26430E-05 3.48136 7.0893E-01 0.277295 0.0106859
2.97178E+06 3.957377 3.567614 0.662325 0.645810 1.95178 363.8056 0 3.50910E-09 3.5985 7.0759E-01 0.278214 0.0110685
3.05186E+06 3.971651 3.622639 0.653088 0.653088 1.95178 312.4585 0 3.35176E-10 3.62051 7.0759E-01 0.278214 0.0110685
0.00000E+00 3.274300 3.583840 1.700000 0.522000 0.339788 23.4546 1 2.04471E-15 3.61119 7.2494E-01 0.266466 0.0057371
1.49212E+05 3.308899 3.580795 1.700000 0.523665 0.339788 25.4985 1 2.08396E-15 3.60775 7.2494E-01 0.266466 0.0057371
3.14709E+05 3.349401 3.577177 1.700000 0.525827 0.339788 28.1491 1 2.46622E-15 3.60356 7.2494E-01 0.266466 0.0057371
4.96927E+05 3.395281 3.573039 1.700000 0.528629 0.339788 31.5265 1 7.33745E-15 3.59862 7.2494E-01 0.266466 0.0057371
6.93953E+05 3.445410 3.568462 1.700000 0.532199 0.339788 35.7364 1 2.43969E-14 3.59301 7.2494E-01 0.266466 0.0057371
9.00949E+05 3.497712 3.563619 1.700000 0.536615 0.339788 40.8041 1 8.66016E-14 3.58689 7.2494E-01 0.266466 0.0057371
1.11107E+06 3.549705 3.558684 1.700000 0.541870 0.339788 46.6188 1 3.10820E-13 3.5806 7.2494E-01 0.266466 0.0057371
1.31765E+06 3.599274 3.553908 1.700000 0.547884 0.339788 53.0259 1 1.06860E-12 3.57435 7.2494E-01 0.266466 0.0057371
1.51590E+06 3.645140 3.549458 1.700000 0.554530 0.339788 59.8297 1 3.39798E-12 3.56834 7.2494E-01 0.266466 0.0057371
1.70322E+06 3.686820 3.545314 1.699999 0.561674 0.339788 66.8445 1 9.90549E-12 3.56271 7.2494E-01 0.266466 0.0057371
1.87858E+06 3.724357 3.541537 1.699998 0.569186 0.339788 73.9489 1 2.63360E-11 3.55747 7.2494E-01 0.266466 0.0057371
2.04188E+06 3.758064 3.538211 1.699995 0.576947 0.339788 81.0589 1 6.37660E-11 3.55261 7.2494E-01 0.266466 0.0057371
2.19348E+06 3.788334 3.535158 1.699988 0.584847 0.414183 88.0666 1 1.43029E-10 3.54818 7.2494E-01 0.266466 0.0057371
2.33399E+06 3.813017 3.531810 1.699975 0.591696 0.538239 94.2312 1 2.94789E-10 3.54455 7.2425E-01 0.266916 0.0059669
2.46637E+06 3.833823 3.528318 1.699951 0.597830 0.694919 99.7260 1 5.69884E-10 3.54155 7.2307E-01 0.267695 0.00635318
2.59265E+06 3.851898 3.524729 1.699837 0.603495 0.872814 255.3747 0 3.44920E-09 3.54556 7.2153E-01 0.268714 0.00684695
2.71368E+06 3.867897 3.520831 1.699605 0.608821 1.06346 269.1954 0 5.89593E-09 3.54372 7.1973E-01 0.269923 0.00741565
2.82988E+06 3.882267 3.478814 1.697594 0.613892 1.26028 282.5335 0 2.46579E-08 3.54179 7.1773E-01 0.271271 0.00803469
2.94146E+06 3.895357 3.455467 1.694085 0.618776 1.45872 295.4518 0 4.42951E-08 3.53983 7.1559E-01 0.27272 0.00868454
3.04858E+06 3.907422 3.444864 1.689560 0.623518 1.65554 308.2919 0 5.88154E-08 3.53777 7.1337E-01 0.274239 0.00935076
3.15135E+06 3.918659 3.437055 1.684128 0.628152 1.84847 320.8523 0 7.29251E-08 3.53571 7.1108E-01 0.275797 0.0100223
3.24991E+06 3.929222 3.430657 1.677842 0.632703 2.03613 333.4633 0 8.71804E-08 3.53357 7.0877E-01 0.277396 0.0106913
3.34441E+06 3.939229 3.425045 1.669420 0.637186 2.2175 346.6620 0 4.20533E-07 3.53109 7.0644E-01 0.279004 0.011352
3.43499E+06 3.948692 3.414316 1.588171 0.641623 2.38674 384.1940 0 6.23327E-06 3.5154 7.0412E-01 0.280613 0.0119999
3.52191E+06 3.958468 3.400147 0.778773 0.646397 2.38674 774.7853 0 6.33719E-05 3.49784 7.0188E-01 0.282172 0.0126127
3.60502E+06 3.974240 3.569985 0.670439 0.654489 2.38674 357.7668 0 4.47428E-09 3.60336 7.0188E-01 0.282172 0.0126127
3.67819E+06 3.987572 3.625781 0.661514 0.661514 2.38674 305.6235 0 4.64722E-10 3.62568 7.0188E-01 0.282172 0.0126127
0.00000E+00 3.187300 3.596577 1.800000 0.511900 0.337799 18.1265 1 1.72437E-15 3.62261 7.2494E-01 0.267401 0.00573657
1.64057E+05 3.219331 3.593903 1.800000 0.513271 0.337799 19.5467 1 1.74604E-15 3.6197 7.2494E-01 0.267401 0.00573657
3.42921E+05 3.256382 3.590771 1.800000 0.515001 0.337799 21.3445 1 1.77426E-15 3.61623 7.2494E-01 0.267401 0.00573657
5.37361E+05 3.298239 3.587211 1.800000 0.517193 0.337799 23.5966 1 1.81135E-15 3.61217 7.2494E-01 0.267401 0.00573657
7.46755E+05 3.344537 3.583240 1.800000 0.519955 0.337799 26.3844 1 1.85993E-15 3.60758 7.2494E-01 0.267401 0.00573657
9.68414E+05 3.394237 3.578907 1.800000 0.523385 0.337799 29.7936 1 2.36243E-15 3.60241 7.2494E-01 0.267401 0.00573657
1.19750E+06 3.445707 3.574343 1.800000 0.527545 0.337799 33.8394 1 8.01670E-15 3.59684 7.2494E-01 0.267401 0.00573657
1.42796E+06 3.497078 3.569710 1.800000 0.532444 0.337799 38.4852 1 2.75015E-14 3.59106 7.2494E-01 0.267401 0.00573657
1.65404E+06 3.546705 3.565163 1.800000 0.538041 0.337799 43.6629 1 9.17742E-14 3.5852 7.2494E-01 0.267401 0.00573657
1.87147E+06 3.593461 3.560852 1.800000 0.544258 0.337799 49.2403 1 2.88963E-13 3.57948 7.2494E-01 0.267401 0.00573657
2.07770E+06 3.636765 3.556781 1.800000 0.551001 0.337799 55.0880 1 8.48658E-13 3.57406 7.2494E-01 0.267401 0.00573657
2.27154E+06 3.676453 3.552988 1.800000 0.558168 0.337799 61.1252 1 2.31058E-12 3.56893 7.2494E-01 0.267401 0.00573657
2.45267E+06 3.712623 3.549510 1.800000 0.565657 0.337799 67.2679 1 5.81954E-12 3.56411 7.2494E-01 0.267401 0.00573657
2.62127E+06 3.745510 3.546358 1.799999 0.573370 0.337799 73.4524 1 1.35919E-11 3.5596 7.2494E-01 0.267401 0.00573657
2.77783E+06 3.775419 3.543465 1.799997 0.581219 0.406564 79.6280 1 2.96969E-11 3.55539 7.2494E-01 0.267401 0.00573657
2.92302E+06 3.799961 3.540151 1.799995 0.587999 0.522953 85.1001 1 6.04457E-11 3.55191 7.2430E-01 0.267831 0.00594691
3.05992E+06 3.820716 3.536598 1.799989 0.594028 0.672016 89.9646 1 1.16384E-10 3.54905 7.2318E-01 0.26857 0.00630539
3.19081E+06 3.838787 3.532877 1.799980 0.599551 0.843637 94.4591 1 2.15572E-10 3.54651 7.2170E-01 0.269559 0.00676975
3.31667E+06 3.854807 3.528753 1.799963 0.604704 1.02995 98.6142 1 3.94675E-10 3.54428 7.1995E-01 0.270738 0.00731161
3.43796E+06 3.869201 3.498155 1.798679 0.609574 1.22484 248.2171 0 1.51974E-08 3.56063 7.1799E-01 0.272067 0.00790877
3.55493E+06 3.882288 3.467283 1.795866 0.614228 1.42357 259.4776 0 3.42881E-08 3.55878 7.1586E-01 0.273526 0.00854348
3.66770E+06 3.894320 3.456132 1.792113 0.618719 1.62272 270.3352 0 4.68919E-08 3.55695 7.1362E-01 0.275055 0.00920143
3.77637E+06 3.905490 3.448380 1.787521 0.623084 1.81981 281.0936 0 5.89021E-08 3.55506 7.1130E-01 0.276653 0.00987157
3.88103E+06 3.915952 3.441931 1.782118 0.627351 2.01304 291.6509 0 7.13382E-08 3.55318 7.0893E-01 0.278302 0.0105455
3.98178E+06 3.925828 3.436387 1.775927 0.631544 2.20137 302.2990 0 8.41887E-08 3.5512 7.0653E-01 0.279971 0.0112168
4.07872E+06 3.935214 3.431475 1.768970 0.635676 2.38389 312.9162 0 9.74695E-08 3.54918 7.0411E-01 0.281659 0.0118807
4.17199E+06 3.944191 3.426945 1.761269 0.639762 2.56027 323.7683 0 1.11313E-07 3.54706 7.0170E-01 0.283348 0.0125336
4.26169E+06 3.952819 3.422752 1.752741 0.643809 2.73023 334.6844 0 2.28948E-07 3.54489 6.9929E-01 0.285037 0.0131732
4.34796E+06 3.961125 3.417580 1.726376 0.647823 2.89295 350.8906 0 4.82170E-06 3.5397 6.9690E-01 0.286725 0.0137972
4.43093E+06 3.969282 3.401689 1.560861 0.651902 3.03991 416.7269 0 9.14016E-06 3.50919 6.9455E-01 0.288394 0.0144017
4.51064E+06 3.978699 3.537419 0.678631 0.656727 3.03991 414.6696 0 1.71543E-08 3.58673 6.9236E-01 0.289953 0.0149532
4.58573E+06 3.992707 3.585094 0.677718 0.664206 3.03991 327.7480 0 4.35931E-09 3.6167 6.9236E-01 0.289953 0.0149532
4.65235E+06 4.001179 3.550888 0.668831 0.668831 3.03991 332.2843 0 1.21171E-08 3.61861 6.9236E-01 0.289953 0.0149532
0.00000E+00 3.212600 3.595737 1.850000 0.509200 0.338533 18.7768 1 1.63548E-15 3.62185 7.2394E-01 0.268365 0.00573236
1.68170E+05 3.239539 3.593476 1.850000 0.510492 0.338533 20.0097 1 1.65361E-15 3.61938 7.2394E-01 0.268365 0.00573236
3.50662E+05 3.270852 3.590845 1.850000 0.512110 0.338533 21.5522 1 1.67679E-15 3.61646 7.2394E-01 0.268365 0.00573236
5.48297E+05 3.306575 3.587810 1.850000 0.514145 0.338533 23.4765 1 1.70693E-15 3.61301 7.2394E-01 0.268365 0.00573236
7.60728E+05 3.346632 3.584386 1.850000 0.516697 0.338533 25.8527 1 1.74603E-15 3.60906 7.2394E-01 0.268365 0.00573236
9.85805E+05 3.390410 3.580594 1.850000 0.519864 0.338533 28.7528 1 4.16598E-15 3.60462 7.2394E-01 0.268365 0.00573236
1.21934E+06 3.436730 3.576530 1.850000 0.523716 0.338533 32.2246 1 1.24513E-14 3.5997 7.2394E-01 0.268365 0.00573236
1.45573E+06 3.484052 3.572305 1.850000 0.528283 0.338533 36.2586 1 3.85393E-14 3.59445 7.2394E-01 0.268365 0.00573236
1.68920E+06 3.530826 3.568058 1.850000 0.533547 0.338533 40.7730 1 1.19166E-13 3.58916 7.2394E-01 0.268365 0.00573236
1.91514E+06 3.575820 3.563958 1.850000 0.539451 0.338533 45.7200 1 3.56319E-13 3.58383 7.2394E-01 0.268365 0.00573236
2.13049E+06 3.618242 3.560041 1.850000 0.545915 0.338533 51.0097 1 1.01333E-12 3.57858 7.2394E-01 0.268365 0.00573236
2.33366E+06 3.657701 3.556330 1.850000 0.552848 0.338533 56.5102 1 2.71436E-12 3.57362 7.2394E-01 0.268365 0.00573236
2.52402E+06 3.694095 3.552867 1.849999 0.560153 0.338533 62.1573 1 6.81262E-12 3.56893 7.2394E-01 0.268365 0.00573236
2.70156E+06 3.727505 3.549669 1.849999 0.567735 0.338533 67.8947 1 1.60097E-11 3.56451 7.2394E-01 0.268365 0.00573236
2.86665E+06 3.758114 3.546757 1.849997 0.575503 0.338533 73.6759 1 3.52644E-11 3.56033 7.2394E-01 0.268365 0.00573236
3.01986E+06 3.786156 3.544065 1.849993 0.583374 0.405179 79.4428 1 7.33625E-11 3.55643 7.2394E-01 0.268365 0.00573236
3.16189E+06 3.809225 3.540941 1.849986 0.590147 0.518435 84.5152 1 1.43202E-10 3.55324 7.2331E-01 0.268774 0.00593459
3.29586E+06 3.828796 3.537562 1.849975 0.596148 0.664274 89.0922 1 2.66334E-10 3.5505 7.2222E-01 0.269504 0.00628079
3.42405E+06 3.845867 3.533973 1.849953 0.601617 0.832866 93.2425 1 4.78943E-10 3.54817 7.2077E-01 0.270483 0.00673125
3.54748E+06 3.861013 3.530026 1.849917 0.606688 1.01661 97.1020 1 8.50994E-10 3.54609 7.1904E-01 0.271662 0.00725899
3.66665E+06 3.874633 3.506281 1.841809 0.611453 1.20925 244.0653 0 3.86989E-07 3.5671 7.1709E-01 0.272991 0.00784262
3.78183E+06 3.887092 3.470024 1.839874 0.616013 1.40653 254.2982 0 2.42442E-08 3.56551 7.1498E-01 0.27444 0.00846408
3.89299E+06 3.898528 3.458809 1.837335 0.620380 1.60469 264.1203 0 3.26283E-08 3.56397 7.1275E-01 0.275979 0.00911086
4.00032E+06 3.909154 3.451230 1.834299 0.624608 1.80142 273.7645 0 4.00106E-08 3.56242 7.1043E-01 0.277587 0.00977101
4.10393E+06 3.919105 3.445037 1.830813 0.628723 1.99498 282.9801 0 4.72739E-08 3.56096 7.0806E-01 0.279236 0.0104369
4.20389E+06 3.928493 3.439769 1.826908 0.632749 2.18409 292.3610 0 5.44846E-08 3.5594 7.0565E-01 0.280925 0.0111021
4.30032E+06 3.937410 3.435072 1.822610 0.636703 2.36804 301.3704 0 6.17784E-08 3.55793 7.0321E-01 0.282634 0.011762
4.39332E+06 3.945928 3.430936 1.817945 0.640598 2.54633 310.4391 0 6.90072E-08 3.55643 7.0078E-01 0.284342 0.0124129
4.48299E+06 3.954105 3.427113 1.812939 0.644442 2.71876 319.5536 0 7.63400E-08 3.55489 6.9834E-01 0.286061 0.0130527
4.56946E+06 3.961985 3.423675 1.807615 0.648243 2.88513 328.3076 0 8.35900E-08 3.55346 6.9592E-01 0.28778 0.013679
4.65284E+06 3.969607 3.420185 1.799734 0.652004 3.04538 338.0568 0 6.33205E-07 3.55154 6.9351E-01 0.289498 0.0142906
4.73325E+06 3.976994 3.413256 1.740649 0.655741 3.19797 362.7533 0 8.34780E-06 3.5411 6.9113E-01 0.291197 0.0148866
4.81084E+06 3.984593 3.370416 1.183399 0.659695 3.2785 661.4409 0 6.84045E-05 3.47992 6.8880E-01 0.292866 0.0154598
4.84128E+06 3.940045 3.378177 0.660207 0.660207 3.2785 911.7022 0 2.32251E-04 3.49166 6.8754E-01 0.293775 0.015764
0.00000E+00 3.096900 3.606245 1.900000 0.493400 0.338708 14.0191 1 1.48470E-15 3.6333 7.2394E-01 0.268347 0.00574154
1.95534E+05 3.114568 3.604817 1.900000 0.494184 0.338708 14.6076 1 1.49187E-15 3.63176 7.2394E-01 0.268347 0.00574154
4.01248E+05 3.134842 3.603176 1.900000 0.495111 0.338708 15.3143 1 1.50047E-15 3.62999 7.2394E-01 0.268347 0.00574154
6.17929E+05 3.157607 3.601316 1.900000 0.496212 0.338708 16.1494 1 1.51087E-15 3.62799 7.2394E-01 0.268347 0.00574154
8.46162E+05 3.183129 3.599230 1.900000 0.497529 0.338708 17.1448 1 1.52360E-15 3.62572 7.2394E-01 0.268347 0.00574154
1.08614E+06 3.211616 3.596893 1.900000 0.499112 0.338708 18.3288 1 1.53923E-15 3.62317 7.2394E-01 0.268347 0.00574154
1.33743E+06 3.243166 3.594269 1.900000 0.501014 0.338708 19.7417 1 1.55854E-15 3.62031 7.2394E-01 0.268347 0.00574154
1.59873E+06 3.277704 3.591387 1.900000 0.503297 0.338708 21.4210 1 1.58243E-15 3.61712 7.2394E-01 0.268347 0.00574154
1.86772E+06 3.314941 3.588248 1.900000 0.506017 0.338708 23.4122 1 1.61207E-15 3.61357 7.2394E-01 0.268347 0.00574154
2.14111E+06 3.354360 3.584901 1.900000 0.509227 0.338708 25.7366 1 1.64847E-15 3.60972 7.2394E-01 0.268347 0.00574154
2.41500E+06 3.395267 3.581391 1.900000 0.512966 0.338708 28.4114 1 1.69276E-15 3.60563 7.2394E-01 0.268347 0.00574154
2.68540E+06 3.436879 3.577781 1.900000 0.517255 0.338708 31.4633 1 2.75457E-15 3.60126 7.2394E-01 0.268347 0.00574154
2.94877E+06 3.478429 3.574117 1.900000 0.522096 0.338708 34.8671 1 7.39495E-15 3.59678 7.2394E-01 0.268347 0.00574154
3.20238E+06 3.519247 3.570466 1.900000 0.527473 0.338708 38.6063 1 1.96868E-14 3.59224 7.2394E-01 0.268347 0.00574154
3.44432E+06 3.558805 3.566911 1.900000 0.533355 0.338708 42.6556 1 5.12130E-14 3.58769 7.2394E-01 0.268347 0.00574154
3.67348E+06 3.596723 3.563469 1.900000 0.539696 0.338708 46.9616 1 1.29139E-13 3.58324 7.2394E-01 0.268347 0.00574154
3.88930E+06 3.632750 3.560183 1.900000 0.546439 0.338708 51.5374 1 3.13499E-13 3.57879 7.2394E-01 0.268347 0.00574154
4.09165E+06 3.666750 3.557011 1.900000 0.553517 0.338708 56.2578 1 7.31970E-13 3.5746 7.2394E-01 0.268347 0.00574154
4.28071E+06 3.698674 3.554018 1.900000 0.560861 0.338708 61.1366 1 1.63562E-12 3.57055 7.2394E-01 0.268347 0.00574154
4.45688E+06 3.728542 3.551186 1.900000 0.568399 0.338708 66.1385 1 3.50164E-12 3.56663 7.2394E-01 0.268347 0.00574154
4.62073E+06 3.756425 3.548551 1.899999 0.576063 0.338708 71.1967 1 7.16665E-12 3.56293 7.2394E-01 0.268347 0.00574154
4.77294E+06 3.782427 3.546110 1.899999 0.583789 0.399582 76.3034 1 1.40477E-11 3.5594 7.2394E-01 0.268347 0.00574154
4.91424E+06 3.803998 3.543236 1.899997 0.590401 0.503286 80.8127 1 2.61044E-11 3.55648 7.2334E-01 0.268747 0.00592518
5.04774E+06 3.822419 3.540106 1.899995 0.596213 0.636982 84.8926 1 4.65284E-11 3.55396 7.2229E-01 0.269466 0.00624008
5.17578E+06 3.838624 3.536742 1.899992 0.601480 0.792166 88.6129 1 8.07686E-11 3.5518 7.2090E-01 0.270426 0.00664975
5.29942E+06 3.853146 3.533167 1.899986 0.606347 0.962202 92.0979 1 1.37805E-10 3.54985 7.1924E-01 0.271575 0.0071307
5.41915E+06 3.866332 3.528009 1.899975 0.610907 1.14194 95.3214 1 2.54975E-10 3.54817 7.1736E-01 0.272894 0.00766453
5.53518E+06 3.878431 3.480015 1.897963 0.615230 1.32715 235.7241 0 2.49514E-08 3.57581 7.1532E-01 0.274323 0.00823654
5.64766E+06 3.889649 3.466803 1.895090 0.619373 1.51472 244.6152 0 3.62924E-08 3.57431 7.1315E-01 0.275862 0.00883444
5.75663E+06 3.900123 3.458720 1.891497 0.623371 1.7021 253.5202 0 4.63582E-08 3.5727 7.1087E-01 0.277471 0.00944863
5.86212E+06 3.909980 3.452361 1.887221 0.627259 1.88758 262.2902 0 5.65295E-08 3.57109 7.0854E-01 0.279129 0.0100711
5.96420E+06 3.919317 3.446963 1.882273 0.631062 2.06982 270.8604 0 6.70526E-08 3.5695 7.0615E-01 0.280828 0.0106956
6.06293E+06 3.928213 3.442197 1.876666 0.634799 2.24791 279.7806 0 7.80004E-08 3.56773 7.0374E-01 0.282557 0.0113175
6.15838E+06 3.936734 3.437864 1.870405 0.638485 2.42134 288.4383 0 8.94186E-08 3.56604 7.0131E-01 0.284306 0.0119334
6.25062E+06 3.944933 3.433909 1.863508 0.642131 2.58975 297.2372 0 1.01218E-07 3.56426 6.9888E-01 0.286055 0.0125404
6.33974E+06 3.952853 3.430225 1.855992 0.645745 2.7528 306.3376 0 1.13424E-07 3.56237 6.9645E-01 0.287813 0.0131365
6.42583E+06 3.960530 3.426782 1.847875 0.649335 2.91053 315.1884 0 1.25969E-07 3.56055 6.9403E-01 0.289572 0.0137201
6.50896E+06 3.967992 3.423502 1.839182 0.652903 3.06277 324.5913 0 1.38898E-07 3.55853 6.9163E-01 0.291311 0.0142902
6.58923E+06 3.975265 3.420283 1.828640 0.656455 3.20979 334.3729 0 4.87964E-07 3.5563 6.8925E-01 0.29305 0.0148458
6.66674E+06 3.982340 3.415446 1.793990 0.659999 3.35054 351.1733 0 4.99126E-06 3.55009 6.8690E-01 0.294778 0.0153864
6.74158E+06 3.989449 3.400693 1.629493 0.663648 3.4806 412.5249 0 9.08097E-06 3.52111 6.8459E-01 0.296477 0.0159085
6.81363E+06 3.997725 3.551737 0.687277 0.667985 3.4806 388.3313 0 1.52601E-08 3.59756 6.8240E-01 0.298096 0.0163937
6.88178E+06 4.010986 3.602721 0.675226 0.675226 3.4806 303.2422 0 3.32084E-09 3.63034 6.8240E-01 0.298096 0.0163937
0.00000E+00 3.191000 3.599042 2.000000 0.501800 0.342512 16.6570 1 1.35879E-15 3.62815 7.2194E-01 0.26936 0.00572835
1.79890E+05 3.212139 3.597290 2.000000 0.502874 0.342512 17.5028 1 1.36869E-15 3.62626 7.2194E-01 0.26936 0.00572835
3.72547E+05 3.236805 3.595225 2.000000 0.504187 0.342512 18.5461 1 1.38125E-15 3.62405 7.2194E-01 0.26936 0.00572835
5.78854E+05 3.264973 3.592862 2.000000 0.505803 0.342512 19.8161 1 1.39703E-15 3.6215 7.2194E-01 0.26936 0.00572835
7.99045E+05 3.296866 3.590167 2.000000 0.507795 0.342512 21.3664 1 1.41705E-15 3.61857 7.2194E-01 0.26936 0.00572835
1.03226E+06 3.332451 3.587135 2.000000 0.510247 0.342512 23.2507 1 1.44247E-15 3.61523 7.2194E-01 0.26936 0.00572835
1.27613E+06 3.371336 3.583778 2.000000 0.513237 0.342512 25.5248 1 1.47474E-15 3.61145 7.2194E-01 0.26936 0.00572835
1.52680E+06 3.412745 3.580171 2.000000 0.516827 0.342512 28.2062 1 1.51506E-15 3.60734 7.2194E-01 0.26936 0.00572835
1.77932E+06 3.455617 3.576394 2.000000 0.521055 0.342512 31.3172 1 2.21359E-15 3.60291 7.2194E-01 0.26936 0.00572835
2.02869E+06 3.498803 3.572555 2.000000 0.525923 0.342512 34.8324 1 6.19480E-15 3.5983 7.2194E-01 0.26936 0.00572835
2.27067E+06 3.541273 3.568728 2.000000 0.531406 0.342512 38.7269 1 1.72081E-14 3.59358 7.2194E-01 0.26936 0.00572835
2.50227E+06 3.582240 3.565011 2.000000 0.537455 0.342512 42.9150 1 4.64780E-14 3.58896 7.2194E-01 0.26936 0.00572835
2.72172E+06 3.621185 3.561401 2.000000 0.544004 0.342512 47.3851 1 1.21031E-13 3.58435 7.2194E-01 0.26936 0.00572835
2.92815E+06 3.657819 3.557986 2.000000 0.550978 0.342512 52.0517 1 3.00289E-13 3.57991 7.2194E-01 0.26936 0.00572835
3.12133E+06 3.692028 3.554779 2.000000 0.558293 0.342512 56.8419 1 7.07216E-13 3.57572 7.2194E-01 0.26936 0.00572835
3.30144E+06 3.723819 3.551795 2.000000 0.565865 0.342512 61.7670 1 1.57999E-12 3.57163 7.2194E-01 0.26936 0.00572835
3.46891E+06 3.753283 3.548988 2.000000 0.573613 0.342512 66.7193 1 3.35900E-12 3.56784 7.2194E-01 0.26936 0.00572835
3.62435E+06 3.780559 3.546356 1.999999 0.581461 0.40397 71.6963 1 6.81119E-12 3.56424 7.2194E-01 0.26936 0.00572835
3.76849E+06 3.803023 3.543469 1.999999 0.588169 0.509754 76.0719 1 1.28536E-11 3.56128 7.2136E-01 0.26974 0.00591198
3.90461E+06 3.822028 3.540396 1.999998 0.594041 0.64738 79.9978 1 2.30267E-11 3.55875 7.2034E-01 0.27043 0.00623049
4.03522E+06 3.838560 3.537177 1.999996 0.599326 0.808321 83.5399 1 3.97449E-11 3.55661 7.1898E-01 0.271359 0.00664876
4.16153E+06 3.853207 3.533586 1.999993 0.604173 0.985892 86.8406 1 6.79229E-11 3.55466 7.1733E-01 0.272488 0.00714401
4.28410E+06 3.866354 3.527371 1.999987 0.608679 1.1747 89.8589 1 1.34647E-10 3.553 7.1546E-01 0.273777 0.00769803
4.40320E+06 3.878281 3.481113 1.997936 0.612915 1.37036 217.2268 0 2.47373E-08 3.59118 7.1340E-01 0.275196 0.00829604
4.51897E+06 3.889207 3.469549 1.995088 0.616938 1.56939 225.4470 0 3.49597E-08 3.58962 7.1120E-01 0.276725 0.00892574
4.63145E+06 3.899307 3.462122 1.991535 0.620793 1.76905 233.1372 0 4.44034E-08 3.5882 7.0889E-01 0.278344 0.00957642
4.74067E+06 3.908725 3.456210 1.987298 0.624518 1.96731 240.7239 0 5.40840E-08 3.58672 7.0651E-01 0.280013 0.0102398
4.84668E+06 3.917576 3.451138 1.982378 0.628140 2.16275 248.4379 0 6.42298E-08 3.58511 7.0406E-01 0.281732 0.0109092
4.94950E+06 3.925953 3.446632 1.976790 0.631682 2.35431 255.7466 0 7.48860E-08 3.58361 7.0158E-01 0.283481 0.0115792
5.04919E+06 3.933934 3.442612 1.970506 0.635163 2.54121 263.1235 0 8.59544E-08 3.58203 6.9907E-01 0.28526 0.0122457
5.14580E+06 3.941582 3.438923 1.963549 0.638596 2.72299 270.7037 0 9.74777E-08 3.58032 6.9654E-01 0.287049 0.0129055
5.23939E+06 3.948945 3.435410 1.955933 0.641990 2.89929 278.1427 0 1.09575E-07 3.57865 6.9402E-01 0.288848 0.0135561
5.33003E+06 3.956066 3.432194 1.947666 0.645356 3.07005 285.6572 0 1.21939E-07 3.57692 6.9150E-01 0.290636 0.0141956
5.41779E+06 3.962984 3.429094 1.938769 0.648701 3.2351 293.5505 0 1.34786E-07 3.57503 6.8900E-01 0.292435 0.0148223
5.50273E+06 3.969725 3.426112 1.929255 0.652030 3.39443 301.6134 0 1.48047E-07 3.57308 6.8651E-01 0.294214 0.0154352
5.58494E+06 3.976313 3.423299 1.919151 0.655346 3.54845 309.6642 0 1.61538E-07 3.57113 6.8405E-01 0.295993 0.0160333
5.66448E+06 3.982770 3.420488 1.908475 0.658653 3.69661 318.2465 0 1.75564E-07 3.569 6.8160E-01 0.297752 0.0166174
5.74144E+06 3.989011 3.417763 1.896236 0.661900 3.8386 327.1437 0 5.08380E-07 3.56667 6.7919E-01 0.299501 0.0171843
5.81591E+06 3.995212 3.413920 1.867101 0.665183 3.9754 340.8277 0 4.80997E-06 3.56165 6.7682E-01 0.30122 0.017732
5.88796E+06 4.001446 3.402714 1.737476 0.668543 4.1045 385.8279 0 7.59689E-06 3.53993 6.7449E-01 0.302909 0.0182637
5.95754E+06 4.008476 3.363582 1.167712 0.672397 4.16974 702.5007 0 5.54719E-05 3.4805 6.7223E-01 0.304558 0.0187689
6.02366E+06 4.020238 3.584484 0.692858 0.678992 4.16974 328.2390 0 9.50160E-09 3.62119 6.7107E-01 0.305417 0.0190249
6.08169E+06 4.029443 3.726603 0.684249 0.684249 4.16974 320.5835 0 7.72863E-12 3.62739 6.7107E-01 0.305417 0.0190249
0.00000E+00 3.242100 3.602805 2.200000 0.516600 0.339129 17.1529 1 1.11341E-15 3.62978 7.1796E-01 0.2743 0.00572063
1.55165E+05 3.273864 3.600212 2.200000 0.518125 0.339129 18.4791 1 1.12712E-15 3.62694 7.1796E-01 0.2743 0.00572063
3.25867E+05 3.311041 3.597140 2.200000 0.520079 0.339129 20.1668 1 1.14505E-15 3.62358 7.1796E-01 0.2743 0.00572063
5.12715E+05 3.353348 3.593602 2.200000 0.522582 0.339129 22.2817 1 1.16877E-15 3.61972 7.1796E-01 0.2743 0.00572063
7.14461E+05 3.400155 3.589649 2.200000 0.525755 0.339129 24.9063 1 1.20015E-15 3.6153 7.1796E-01 0.2743 0.00572063
9.27344E+05 3.450010 3.585385 2.200000 0.529691 0.339129 28.0792 1 1.24096E-15 3.61041 7.1796E-01 0.2743 0.00572063
1.14544E+06 3.500890 3.580993 2.200000 0.534422 0.339129 31.7665 1 3.26879E-15 3.60527 7.1796E-01 0.2743 0.00572063
1.36223E+06 3.550757 3.576631 2.200000 0.539914 0.339129 35.9110 1 1.07170E-14 3.59998 7.1796E-01 0.2743 0.00572063
1.57237E+06 3.598075 3.572431 2.200000 0.546081 0.339129 40.4075 1 3.34992E-14 3.59473 7.1796E-01 0.2743 0.00572063
1.77247E+06 3.641980 3.568502 2.200000 0.552814 0.339129 45.1040 1 9.74843E-14 3.58979 7.1796E-01 0.2743 0.00572063
1.96084E+06 3.682168 3.564860 2.200000 0.559999 0.339129 49.9661 1 2.62380E-13 3.58502 7.1796E-01 0.2743 0.00572063
2.13694E+06 3.718690 3.561541 2.200000 0.567522 0.339129 54.8461 1 6.50805E-13 3.58066 7.1796E-01 0.2743 0.00572063
2.30083E+06 3.751786 3.558484 2.200000 0.575280 0.339129 59.7443 1 1.49971E-12 3.57655 7.1796E-01 0.2743 0.00572063
2.45298E+06 3.781782 3.555706 2.200000 0.583175 0.339129 64.5883 1 3.22095E-12 3.57276 7.1796E-01 0.2743 0.00572063
2.59401E+06 3.808988 3.553169 2.199999 0.591115 0.400731 69.3607 1 6.49511E-12 3.56924 7.1796E-01 0.2743 0.00572063
2.72467E+06 3.830849 3.550286 2.199999 0.597756 0.50668 73.4388 1 1.21270E-11 3.56644 7.1741E-01 0.27467 0.00590026
2.84828E+06 3.848959 3.547154 2.199998 0.603459 0.645059 77.0111 1 2.14481E-11 3.56409 7.1643E-01 0.275309 0.00621127
2.96743E+06 3.864414 3.543808 2.199996 0.608503 0.807771 80.1635 1 3.65628E-11 3.56214 7.1512E-01 0.276189 0.00662166
3.08335E+06 3.877852 3.540070 2.199994 0.613047 0.988475 82.9981 1 6.15541E-11 3.56047 7.1354E-01 0.277268 0.00711042
3.19662E+06 3.889689 3.533003 2.199992 0.617197 1.1819 85.5881 1 1.25886E-10 3.55898 7.1172E-01 0.278497 0.00766105
3.30750E+06 3.900232 3.488285 2.198801 0.621030 1.38369 204.3792 0 1.54947E-08 3.61736 7.0972E-01 0.279867 0.00825998
3.41609E+06 3.909723 3.477465 2.197178 0.624609 1.5903 210.5184 0 2.13612E-08 3.61629 7.0756E-01 0.281346 0.00889539
3.52241E+06 3.918349 3.470588 2.195194 0.627984 1.79891 216.2594 0 2.64110E-08 3.61527 7.0528E-01 0.282915 0.00955758
3.62644E+06 3.926264 3.465157 2.192875 0.631195 2.00734 221.6889 0 3.13478E-08 3.61427 7.0291E-01 0.284544 0.0102379
3.72819E+06 3.933593 3.460651 2.190231 0.634273 2.21389 226.9348 0 3.62468E-08 3.61327 7.0047E-01 0.286233 0.0109297
3.82763E+06 3.940437 3.456666 2.187277 0.637244 2.41735 231.7180 0 4.12459E-08 3.6124 6.9798E-01 0.287962 0.0116272
3.92478E+06 3.946883 3.453173 2.184021 0.640130 2.61675 236.3370 0 4.62644E-08 3.61154 6.9545E-01 0.289721 0.012326
4.01965E+06 3.953001 3.450027 2.180471 0.642949 2.81164 240.8346 0 5.13370E-08 3.61069 6.9290E-01 0.2915 0.0130228
4.11226E+06 3.958846 3.447145 2.176639 0.645715 3.00153 245.2603 0 5.64784E-08 3.60982 6.9033E-01 0.293289 0.0137145
4.20263E+06 3.964465 3.444433 2.172535 0.648437 3.18624 249.7065 0 6.17337E-08 3.60892 6.8776E-01 0.295088 0.0143992
4.29080E+06 3.969891 3.442031 2.168169 0.651124 3.36574 254.1563 0 6.69022E-08 3.608 6.8519E-01 0.296887 0.0150755
4.37681E+06 3.975156 3.439701 2.163551 0.653782 3.5397 258.6413 0 7.22108E-08 3.60705 6.8263E-01 0.298686 0.0157418
4.46070E+06 3.980284 3.437514 2.158691 0.656417 3.70861 263.0233 0 7.75506E-08 3.60614 6.8008E-01 0.300476 0.0163967
4.54251E+06 3.985295 3.435351 2.153599 0.659032 3.87207 267.4575 0 8.30518E-08 3.60519 6.7754E-01 0.302265 0.0170409
4.62228E+06 3.990101 3.433453 2.148324 0.661574 4.02923 271.8439 0 8.83590E-08 3.60424 6.7503E-01 0.304034 0.0176721
4.70011E+06 3.994900 3.431584 2.142839 0.664147 4.18202 276.3757 0 9.37556E-08 3.60325 6.7255E-01 0.305793 0.0182864
4.77601E+06 3.999622 3.429759 2.137157 0.666707 4.32969 280.9806 0 9.92280E-08 3.60224 6.7008E-01 0.307532 0.0188897
4.85003E+06 4.004278 3.427962 2.131287 0.669258 4.47303 285.6435 0 1.04789E-07 3.60121 6.6764E-01 0.309261 0.0194791
4.92220E+06 4.008878 3.426291 2.125240 0.671802 4.61162 290.5306 0 1.10267E-07 3.60011 6.6522E-01 0.31098 0.0200567
4.99257E+06 4.013427 3.424669 2.119024 0.674340 4.74622 295.4358 0 1.15771E-07 3.59901 6.6283E-01 0.312689 0.0206205
5.06119E+06 4.017930 3.423061 2.112649 0.676872 4.87687 300.3532 0 1.21353E-07 3.59792 6.6046E-01 0.314378 0.0211724
5.12809E+06 4.022391 3.421440 2.106124 0.679400 5.00323 305.3507 0 1.27059E-07 3.59681 6.5811E-01 0.316057 0.0217125
5.19333E+06 4.026814 3.419952 2.099458 0.681923 5.12632 310.4382 0 1.32608E-07 3.59569 6.5579E-01 0.317716 0.0222388
5.25693E+06 4.031202 3.418488 2.092661 0.684442 5.24527 315.6485 0 1.38192E-07 3.59453 6.5349E-01 0.319366 0.0227542
5.31895E+06 4.035558 3.416985 2.084989 0.686958 5.36108 321.1926 0 3.95682E-07 3.59323 6.5121E-01 0.321005 0.0232559
5.37942E+06 4.039888 3.415069 2.070601 0.689472 5.47327 328.4922 0 1.95461E-06 3.59093 6.4896E-01 0.322624 0.0237468
5.43838E+06 4.044231 3.408102 1.980046 0.692009 5.58253 354.7515 0 1.28601E-05 3.57754 6.4673E-01 0.324233 0.0242249
5.49588E+06 4.049056 3.359396 1.030325 0.694844 5.59778 836.6702 0 2.47335E-04 3.48369 6.4453E-01 0.325822 0.0246923
5.50781E+06 3.907884 3.396203 0.694983 0.694983 5.59778 569.2383 0 1.26320E-04 3.53117 6.4422E-01 0.326052 0.0247574
0.00000E+00 3.451600 3.592733 2.500000 0.547200 0.340269 24.9111 1 9.17095E-16 3.61888 7.1499E-01 0.27722 0.00571907
1.14559E+05 3.485992 3.589815 2.500000 0.549361 0.340269 27.0443 1 9.39571E-16 3.61559 7.1499E-01 0.27722 0.00571907
2.45362E+05 3.526954 3.586303 2.500000 0.552282 0.340269 29.8495 1 9.70602E-16 3.61154 7.1499E-01 0.27722 0.00571907
3.91806E+05 3.573009 3.582332 2.500000 0.556143 0.340269 33.3704 1 2.17038E-15 3.60691 7.1499E-01 0.27722 0.00571907
5.49588E+05 3.621402 3.578094 2.500000 0.561026 0.340269 37.5789 1 6.92093E-15 3.60182 7.1499E-01 0.27722 0.00571907
7.11532E+05 3.668760 3.573892 2.500000 0.566851 0.340269 42.2659 1 2.18258E-14 3.59664 7.1499E-01 0.27722 0.00571907
8.70707E+05 3.712554 3.569974 2.500000 0.573424 0.340269 47.1803 1 6.39452E-14 3.59167 7.1499E-01 0.27722 0.00571907
1.02271E+06 3.751709 3.566434 2.500000 0.580525 0.340269 52.0907 1 1.69264E-13 3.58712 7.1499E-01 0.27722 0.00571907
1.16562E+06 3.786216 3.563309 2.500000 0.587964 0.340269 56.9065 1 4.03072E-13 3.58295 7.1499E-01 0.27722 0.00571907
1.29896E+06 3.816546 3.560558 2.500000 0.595591 0.340269 61.5016 1 8.70887E-13 3.57929 7.1499E-01 0.27722 0.00571907
1.42296E+06 3.843308 3.558102 2.500000 0.603284 0.340269 65.9357 1 1.73506E-12 3.5759 7.1499E-01 0.27722 0.00571907
1.53816E+06 3.867115 3.555919 2.500000 0.610961 0.340269 70.1265 1 3.22030E-12 3.57293 7.1499E-01 0.27722 0.00571907
1.64516E+06 3.888476 3.553941 2.500000 0.618556 0.340269 74.1631 1 5.64859E-12 3.57017 7.1499E-01 0.27722 0.00571907
1.74463E+06 3.907824 3.552155 2.499999 0.626028 0.340269 78.0164 1 9.43433E-12 3.56767 7.1499E-01 0.27722 0.00571907
1.83721E+06 3.925505 3.550524 2.499999 0.633347 0.399529 81.7324 1 1.51387E-11 3.56536 7.1499E-01 0.27722 0.00571907
1.92350E+06 3.939026 3.548473 2.499998 0.639055 0.498606 84.6874 1 2.29700E-11 3.5636 7.1445E-01 0.27758 0.00588856
2.00622E+06 3.949847 3.546136 2.499997 0.643706 0.625993 87.1066 1 3.36076E-11 3.56223 7.1353E-01 0.278209 0.00617398
2.08747E+06 3.958898 3.543554 2.499995 0.647670 0.775099 89.1464 1 4.81724E-11 3.56114 7.1232E-01 0.279029 0.00654427
2.16807E+06 3.966630 3.540601 2.499993 0.651121 0.940625 90.9085 1 6.88749E-11 3.56024 7.1086E-01 0.280029 0.00698285
2.24829E+06 3.973332 3.536311 2.499990 0.654173 1.11798 92.4449 1 1.05498E-10 3.55949 7.0920E-01 0.281168 0.00747611
2.32817E+06 3.979212 3.495256 2.499251 0.656906 1.30345 93.8323 1 1.26856E-08 3.55882 7.0737E-01 0.282418 0.00801245
2.40763E+06 3.984436 3.482964 2.498183 0.659386 1.49383 95.0671 1 1.83129E-08 3.55827 7.0541E-01 0.283777 0.00858208
2.48653E+06 3.989135 3.476333 2.496867 0.661665 1.68672 232.4471 0 2.25901E-08 3.64575 7.0335E-01 0.285196 0.0091764
2.56477E+06 3.993417 3.471475 2.495327 0.663786 1.88005 234.9936 0 2.65371E-08 3.6453 7.0121E-01 0.286686 0.00978821
2.64224E+06 3.997367 3.467551 2.493574 0.665783 2.07242 237.2989 0 3.03695E-08 3.64487 6.9900E-01 0.288215 0.0104117
2.71886E+06 4.001057 3.464188 2.491616 0.667685 2.26267 239.3806 0 3.41923E-08 3.64448 6.9675E-01 0.289775 0.0110425
2.79456E+06 4.004539 3.461308 2.489461 0.669511 2.45016 241.3370 0 3.79694E-08 3.6441 6.9447E-01 0.291354 0.0116769
2.86929E+06 4.007857 3.458768 2.487113 0.671278 2.63421 243.2223 0 4.17379E-08 3.64372 6.9217E-01 0.292953 0.0123119
2.94302E+06 4.011046 3.456393 2.484576 0.673002 2.81452 245.0755 0 4.55951E-08 3.64334 6.8985E-01 0.294563 0.0129453
3.01574E+06 4.014134 3.454304 2.481856 0.674692 2.99081 246.9165 0 4.93987E-08 3.64295 6.8753E-01 0.296182 0.0135757
3.08742E+06 4.017142 3.452377 2.478957 0.676356 3.1631 248.7597 0 5.32247E-08 3.64254 6.8521E-01 0.297801 0.0142016
3.15806E+06 4.020087 3.450583 2.475885 0.678001 3.33128 250.6252 0 5.70750E-08 3.64213 6.8289E-01 0.29942 0.0148221
3.22765E+06 4.022979 3.448901 2.472643 0.679631 3.49523 252.5165 0 6.09500E-08 3.64169 6.8057E-01 0.30103 0.0154366
3.29620E+06 4.025831 3.447303 2.469237 0.681249 3.65524 254.4362 0 6.48621E-08 3.64124 6.7826E-01 0.302639 0.016044
3.36372E+06 4.028648 3.445829 2.465671 0.682858 3.81116 256.3930 0 6.87485E-08 3.64077 6.7596E-01 0.304248 0.016645
3.43021E+06 4.031438 3.444423 2.461948 0.684461 3.96321 258.3994 0 7.26590E-08 3.64029 6.7367E-01 0.305838 0.0172385
3.49568E+06 4.034116 3.443081 2.458099 0.686007 4.11037 260.3614 0 7.65857E-08 3.6398 6.7140E-01 0.307427 0.0178244
3.56017E+06 4.036854 3.441796 2.454103 0.687595 4.25396 262.4602 0 8.05123E-08 3.63929 6.6915E-01 0.309006 0.0183987
3.62368E+06 4.039573 3.440543 2.449966 0.689179 4.39403 264.6046 0 8.44782E-08 3.63876 6.6691E-01 0.310566 0.0189654
3.68620E+06 4.042281 3.439294 2.445692 0.690763 4.53047 266.7912 0 8.85188E-08 3.63821 6.6468E-01 0.312115 0.0195247
3.74775E+06 4.044979 3.438209 2.441285 0.692346 4.66392 269.0356 0 9.23947E-08 3.63765 6.6247E-01 0.313664 0.0200753
3.80835E+06 4.047669 3.437003 2.436748 0.693930 4.79398 271.3365 0 9.65157E-08 3.63707 6.6027E-01 0.315204 0.0206195
3.86799E+06 4.050352 3.435991 2.432087 0.695515 4.92095 273.6962 0 1.00402E-07 3.63647 6.5809E-01 0.316733 0.0211551
3.92671E+06 4.053030 3.434888 2.427306 0.697102 5.04492 276.1383 0 1.04490E-07 3.63585 6.5592E-01 0.318253 0.0216832
3.98450E+06 4.055702 3.433828 2.422407 0.698690 5.16581 278.6417 0 1.08564E-07 3.63521 6.5376E-01 0.319762 0.0222038
4.04139E+06 4.058370 3.432858 2.417394 0.700280 5.2842 281.2280 0 1.12537E-07 3.63454 6.5162E-01 0.321271 0.0227158
4.09737E+06 4.061035 3.431875 2.412272 0.701872 5.39986 283.8856 0 1.16581E-07 3.63386 6.4949E-01 0.322761 0.0232214
4.15247E+06 4.063697 3.430899 2.407047 0.703466 5.51258 286.5432 0 1.20658E-07 3.63318 6.4738E-01 0.32425 0.0237196
4.20669E+06 4.066357 3.429937 2.401721 0.705063 5.62315 289.2313 0 1.24753E-07 3.63249 6.4527E-01 0.325729 0.0242093
4.26005E+06 4.069014 3.428996 2.396296 0.706663 5.73123 291.9762 0 1.28849E-07 3.6318 6.4319E-01 0.327199 0.0246923
4.31256E+06 4.071670 3.428070 2.390778 0.708266 5.83677 294.7749 0 1.32956E-07 3.63109 6.4111E-01 0.328658 0.0251679
4.36422E+06 4.074325 3.427150 2.385170 0.709872 5.94008 297.6524 0 1.37091E-07 3.63036 6.3906E-01 0.330108 0.0256361
4.41506E+06 4.076978 3.426231 2.379475 0.711481 6.0411 300.6009 0 1.41258E-07 3.6296 6.3701E-01 0.331547 0.0260968
4.46507E+06 4.079630 3.425303 2.373696 0.713092 6.14005 303.6089 0 1.45478E-07 3.62884 6.3498E-01 0.332976 0.02655
4.51428E+06 4.082282 3.424398 2.367839 0.714708 6.23697 306.6821 0 1.49687E-07 3.62807 6.3296E-01 0.334406 0.0269967
4.56269E+06 4.084933 3.423583 2.361905 0.716326 6.33193 309.8112 0 1.53736E-07 3.62728 6.3096E-01 0.335815 0.0274359
4.61031E+06 4.087584 3.422732 2.355899 0.717948 6.42468 312.9905 0 1.57889E-07 3.62648 6.2897E-01 0.337225 0.0278688
4.65715E+06 4.090234 3.421802 2.349822 0.719573 6.51585 316.2365 0 1.62245E-07 3.62567 6.2700E-01 0.338624 0.0282931
4.70323E+06 4.092885 3.421018 2.343683 0.721202 6.60465 319.5464 0 1.66304E-07 3.62485 6.2504E-01 0.340013 0.028712
4.74855E+06 4.095535 3.420175 2.337271 0.722834 6.69225 322.9625 0 2.91469E-07 3.62398 6.2309E-01 0.341393 0.0291226
4.79313E+06 4.098186 3.419188 2.329250 0.724470 6.77784 326.7779 0 6.63733E-07 3.62291 6.2116E-01 0.342772 0.0295275
4.83697E+06 4.100844 3.418047 2.316299 0.726114 6.86174 331.6438 0 1.83107E-06 3.6212 6.1924E-01 0.344132 0.029925
4.88008E+06 4.103526 3.415368 2.279957 0.727776 6.94471 341.5526 0 1.19479E-05 3.61648 6.1733E-01 0.345491 0.0303163
4.92245E+06 4.106325 3.403350 2.088265 0.729514 7.02758 390.0788 0 1.99964E-05 3.59045 6.1542E-01 0.346851 0.030703
4.96405E+06 4.109946 3.551107 0.755115 0.731766 7.02758 414.3707 0 1.70627E-08 3.60887 6.1349E-01 0.34823 0.0310905
5.00429E+06 4.120264 3.587666 0.754641 0.738226 7.02758 346.6634 0 6.18658E-09 3.63148 6.1349E-01 0.34823 0.0310905
5.03691E+06 4.128556 3.636526 0.743464 0.743464 7.02758 326.3348 0 1.02783E-09 3.64182 6.1349E-01 0.34823 0.0310905
0.00000E+00 3.852300 3.550860 3.000000 0.644400 0.349322 76.1661 1 8.58570E-12 3.54407 7.1400E-01 0.27812 0.00571874
4.42184E+04 3.871840 3.548964 3.000000 0.646801 0.349322 79.7234 1 1.30957E-11 3.54235 7.1400E-01 0.27812 0.00571874
9.60254E+04 3.894632 3.546748 2.999999 0.650031 0.349322 84.5925 1 2.26597E-11 3.53946 7.1400E-01 0.27812 0.00571874
1.54533E+05 3.918985 3.544382 2.999998 0.654157 0.349322 89.7688 1 3.92481E-11 3.53695 7.1400E-01 0.27812 0.00571874
2.17033E+05 3.942752 3.542024 2.999997 0.659049 0.349322 95.4429 1 6.91848E-11 3.53402 7.1400E-01 0.27812 0.00571874
2.80289E+05 3.964368 3.539854 2.999994 0.664449 0.349322 101.0087 1 1.16863E-10 3.53122 7.1400E-01 0.27812 0.00571874
3.42021E+05 3.983353 3.537954 2.999989 0.670107 0.349322 105.8207 1 1.79730E-10 3.52923 7.1400E-01 0.27812 0.00571874
4.01157E+05 3.999927 3.536081 2.999983 0.675857 0.349322 110.5515 1 2.69338E-10 3.52704 7.1400E-01 0.27812 0.00571874
4.57363E+05 4.014529 3.534463 2.999973 0.681598 0.349322 114.6067 1 3.75846E-10 3.52548 7.1400E-01 0.27812 0.00571874
5.10642E+05 4.027582 3.533227 2.999961 0.687273 0.349322 118.6558 1 5.18182E-10 3.52372 7.1400E-01 0.27812 0.00571874
5.61126E+05 4.039427 3.532094 2.999946 0.692848 0.349322 122.1608 1 6.78304E-10 3.52246 7.1400E-01 0.27812 0.00571874
6.08988E+05 4.050777 3.531006 2.999926 0.698309 0.349322 125.9483 1 8.99669E-10 3.52088 7.1400E-01 0.27812 0.00571874
6.54409E+05 4.062561 3.529841 2.999901 0.703646 0.416119 129.6045 1 1.17232E-09 3.51969 7.1400E-01 0.27812 0.00571874
6.97560E+05 4.071255 3.528191 2.999872 0.707053 0.5201 132.7650 1 1.46501E-09 3.51837 7.1345E-01 0.27848 0.00590809
7.40955E+05 4.078635 3.526218 2.999837 0.709539 0.649893 135.0685 1 1.71774E-09 3.51773 7.1258E-01 0.27904 0.00620522
7.86107E+05 4.085603 3.524164 2.999795 0.711551 0.800644 137.3207 1 2.00175E-09 3.51708 7.1146E-01 0.279759 0.00658013
8.32938E+05 4.092323 3.521701 2.999745 0.713178 0.966287 139.9640 1 2.38795E-09 3.516 7.1014E-01 0.280619 0.00702142
8.80994E+05 4.098938 3.517743 2.999686 0.714501 1.14112 142.0647 1 2.74096E-09 3.5155 7.0866E-01 0.281579 0.0075137
9.29822E+05 4.105570 3.472529 2.998842 0.715602 1.32074 144.3216 1 2.24753E-08 3.51489 7.0707E-01 0.282619 0.00804166
9.79067E+05 4.112335 3.462315 2.997711 0.716549 1.50212 345.8944 0 2.96263E-08 3.62296 7.0540E-01 0.283708 0.00859362
1.02847E+06 4.119309 3.456173 2.996353 0.717392 1.68316 353.2270 0 3.52924E-08 3.62231 7.0367E-01 0.284838 0.00916068
1.07787E+06 4.126543 3.450907 2.994789 0.718167 1.8625 361.1513 0 4.10038E-08 3.62162 7.0191E-01 0.285977 0.00973674
1.12716E+06 4.134062 3.446647 2.993024 0.718899 2.03936 371.4614 0 4.64437E-08 3.62044 7.0012E-01 0.287137 0.0103178
1.17625E+06 4.141873 3.443079 2.991057 0.719604 2.21336 380.3965 0 5.16923E-08 3.61979 6.9833E-01 0.288307 0.0109011
1.22510E+06 4.149972 3.439412 2.988886 0.720292 2.38415 391.9112 0 5.74337E-08 3.61863 6.9653E-01 0.289476 0.0114849
1.27370E+06 4.158341 3.435970 2.986370 0.720970 2.55174 402.6694 0 1.36237E-07 3.61783 6.9472E-01 0.290646 0.0120681
1.32201E+06 4.166610 3.432731 2.977621 0.721643 2.71622 416.8972 0 1.56751E-06 3.61645 6.9291E-01 0.291826 0.0126502
1.37004E+06 4.171424 3.428237 2.920213 0.722321 2.87995 437.7230 0 5.18063E-06 3.61418 6.9110E-01 0.292995 0.0132314
1.41784E+06 4.171706 3.421491 2.799647 0.723067 3.0458 468.5773 0 6.98356E-06 3.61072 6.8925E-01 0.294185 0.0138197
1.46525E+06 4.164706 3.411015 2.581595 0.723938 3.217 522.0692 0 1.09306E-05 3.6047 6.8735E-01 0.295414 0.0144257
1.51202E+06 4.143083 3.390457 2.140723 0.725019 3.39431 620.9498 0 2.51051E-05 3.55768 6.8534E-01 0.296714 0.0150621
1.54699E+06 4.097934 3.608938 0.725111 0.725111 3.39431 498.1605 0 5.44097E-10 3.58934 6.8322E-01 0.298094 0.0157333
0.00000E+00 4.098400 3.537129 3.500000 0.776300 0.353747 120.1293 1 2.93785E-10 3.52848 7.1598E-01 0.276106 0.00570579
1.21969E+04 4.112288 3.535584 3.499997 0.777697 0.360179 124.5624 1 4.10763E-10 3.5267 7.1598E-01 0.276106 0.00570579
2.65741E+04 4.125845 3.534062 3.499993 0.778581 0.372537 128.7232 1 5.56644E-10 3.52533 7.1575E-01 0.276316 0.00572168
4.30258E+04 4.139264 3.532581 3.499986 0.779371 0.391969 133.4718 1 7.78199E-10 3.52345 7.1541E-01 0.276626 0.00575361
6.13121E+04 4.151919 3.531066 3.499977 0.780066 0.418961 137.6321 1 1.03368E-09 3.52217 7.1496E-01 0.277016 0.00580498
8.10281E+04 4.163297 3.529608 3.499963 0.780657 0.45312 141.9901 1 1.37915E-09 3.5205 7.1439E-01 0.277506 0.00587726
1.01780E+05 4.173196 3.528201 3.499945 0.781150 0.49357 145.4085 1 1.71862E-09 3.51953 7.1374E-01 0.278046 0.00596961
1.23257E+05 4.181677 3.526855 3.499922 0.781564 0.53925 148.8916 1 2.13931E-09 3.51822 7.1303E-01 0.278645 0.00607985
1.45241E+05 4.188937 3.525586 3.499894 0.781917 0.58927 151.5509 1 2.51999E-09 3.51748 7.1225E-01 0.279285 0.00620539
1.67584E+05 4.195225 3.524351 3.499861 0.782229 0.642864 153.8368 1 2.89436E-09 3.51688 7.1144E-01 0.279945 0.00634352
1.90191E+05 4.200780 3.523200 3.499823 0.782512 0.69942 155.9450 1 3.28282E-09 3.5163 7.1059E-01 0.280625 0.00649265
2.13000E+05 4.205811 3.522209 3.499779 0.782774 0.758576 158.3326 1 3.77835E-09 3.51536 7.0973E-01 0.281325 0.00665068
2.35971E+05 4.210489 3.521103 3.499731 0.783024 0.819972 160.0341 1 4.17124E-09 3.51498 7.0884E-01 0.282035 0.00681721
2.59075E+05 4.214950 3.519814 3.499677 0.783266 0.883406 161.7014 1 4.59119E-09 3.5146 7.0794E-01 0.282745 0.00699104
2.82296E+05 4.219297 3.518297 3.499618 0.783502 0.948603 163.3733 1 5.04982E-09 3.5142 7.0702E-01 0.283464 0.00717166
3.05619E+05 4.223607 3.516631 3.499552 0.783734 1.01557 165.3494 1 5.64427E-09 3.51354 7.0609E-01 0.284194 0.00735869
3.29033E+05 4.227937 3.497010 3.499404 0.783964 1.08406 167.2913 1 1.17300E-08 3.51293 7.0516E-01 0.284914 0.00755191
3.52532E+05 4.232323 3.476539 3.499030 0.784193 1.15406 420.5389 0 2.01346E-08 3.62167 7.0421E-01 0.285644 0.00775093
3.76108E+05 4.236800 3.469113 3.498571 0.784421 1.22545 426.4958 0 2.44006E-08 3.62128 7.0326E-01 0.286374 0.00795566
3.99755E+05 4.241387 3.464004 3.498044 0.784649 1.29817 432.9454 0 2.78746E-08 3.62083 7.0230E-01 0.287104 0.00816598
4.23467E+05 4.246100 3.460074 3.497460 0.784877 1.37215 441.2460 0 3.09274E-08 3.62001 7.0133E-01 0.287834 0.0083818
4.47241E+05 4.250946 3.456850 3.496820 0.785105 1.44737 448.3639 0 3.37295E-08 3.61953 7.0036E-01 0.288563 0.00860302
4.71070E+05 4.255930 3.453931 3.496080 0.785334 1.52371 455.5180 0 7.02814E-08 3.61909 6.9938E-01 0.289293 0.00882954
4.94952E+05 4.261013 3.450890 3.494355 0.785563 1.6012 463.4540 0 3.75303E-07 3.61858 6.9840E-01 0.290033 0.00906136
5.18881E+05 4.265961 3.448585 3.487070 0.785794 1.67985 474.1207 0 2.04239E-06 3.6176 6.9741E-01 0.290763 0.00929858
5.42860E+05 4.270174 3.445496 3.463528 0.786027 1.76008 485.1289 0 3.17847E-06 3.61681 6.9641E-01 0.291493 0.0095412
5.66898E+05 4.273704 3.442445 3.427027 0.786270 1.84226 500.1109 0 3.66821E-06 3.61542 6.9540E-01 0.292223 0.00979082
5.90990E+05 4.276496 3.439082 3.378484 0.786523 1.92675 517.1692 0 4.28483E-06 3.61385 6.9438E-01 0.292972 0.0100488
6.15131E+05 4.278191 3.435449 3.314834 0.786793 2.01404 536.7566 0 5.07975E-06 3.61202 6.9333E-01 0.293722 0.0103164
6.39317E+05 4.278752 3.431407 3.236848 0.787085 2.10458 558.0932 0 6.09444E-06 3.61012 6.9225E-01 0.294492 0.0105954
6.63532E+05 4.277462 3.426629 3.134051 0.787408 2.19924 586.3337 0 7.54616E-06 3.60742 6.9115E-01 0.295272 0.0108877
6.87765E+05 4.274145 3.421137 3.004619 0.787778 2.29906 620.2274 0 9.64227E-06 3.60435 6.9000E-01 0.296082 0.0111965
7.11973E+05 4.267104 3.413217 2.821512 0.788215 2.40581 670.9059 0 1.34643E-05 3.59984 6.8880E-01 0.296921 0.0115256
7.36105E+05 4.254365 3.402150 2.546260 0.788784 2.5229 757.0050 0 2.18819E-05 3.59297 6.8753E-01 0.297791 0.0118824
7.60022E+05 4.228415 3.378704 1.995435 0.789546 2.65205 921.6461 0 5.90768E-05 3.52695 6.8616E-01 0.298721 0.0122788
7.75999E+05 4.198051 3.611031 0.789591 0.789591 2.65205 567.3537 0 3.18806E-10 3.59123 6.8468E-01 0.299721 0.0127232
0.00000E+00 4.174700 3.540063 4.000000 0.823900 0.349263 124.5988 1 2.28222E-10 3.5326 6.9406E-01 0.298077 0.00569339
7.52857E+03 4.191133 3.538133 3.999999 0.824999 0.352646 129.7795 1 3.32653E-10 3.53081 6.9406E-01 0.298077 0.00569339
1.60800E+04 4.207017 3.536511 3.999996 0.825743 0.359089 135.1220 1 4.83098E-10 3.52894 6.9394E-01 0.298187 0.00570144
2.56364E+04 4.222592 3.534795 3.999993 0.826409 0.369185 140.8051 1 7.07169E-10 3.52687 6.9376E-01 0.298357 0.00571727
3.61723E+04 4.237471 3.533178 3.999987 0.827003 0.383363 146.0768 1 9.93500E-10 3.52527 6.9351E-01 0.298577 0.00574268
4.75702E+04 4.251247 3.531600 3.999979 0.827520 0.401688 151.5489 1 1.39602E-09 3.52339 6.9320E-01 0.298847 0.0057788
5.96761E+04 4.263667 3.530101 3.999967 0.827960 0.423928 156.2735 1 1.85443E-09 3.52205 6.9283E-01 0.299157 0.00582613
7.23378E+04 4.274665 3.528689 3.999951 0.828328 0.44965 161.0136 1 2.44480E-09 3.52047 6.9242E-01 0.299507 0.00588377
8.54242E+04 4.284316 3.527384 3.999930 0.828635 0.478304 164.8707 1 3.04327E-09 3.51946 6.9197E-01 0.299887 0.00595114
9.88307E+04 4.292777 3.526173 3.999904 0.828893 0.509483 168.3559 1 3.69299E-09 3.51855 6.9148E-01 0.300287 0.00602649
1.12477E+05 4.300240 3.525040 3.999872 0.829111 0.542692 171.9637 1 4.49328E-09 3.51734 6.9097E-01 0.300707 0.00610895
1.26306E+05 4.306897 3.523968 3.999834 0.829301 0.577611 174.6996 1 5.19979E-09 3.51672 6.9044E-01 0.301147 0.00619691
1.40273E+05 4.312924 3.522944 3.999790 0.829469 0.613948 177.2904 1 5.95851E-09 3.5161 6.8989E-01 0.301587 0.00628996
1.54348E+05 4.318470 3.521930 3.999739 0.829620 0.651438 180.1694 1 6.91617E-09 3.51516 6.8934E-01 0.302037 0.00638712
1.68510E+05 4.323660 3.520939 3.999682 0.829760 0.689953 182.4627 1 7.77496E-09 3.51462 6.8877E-01 0.302497 0.00648777
1.82742E+05 4.328594 3.519904 3.999617 0.829892 0.729371 184.5950 1 8.65764E-09 3.51418 6.8819E-01 0.302957 0.00659153
1.97034E+05 4.333350 3.518947 3.999545 0.830018 0.769574 186.7296 1 9.62977E-09 3.5137 6.8761E-01 0.303426 0.00669821
2.11379E+05 4.337990 3.518048 3.999465 0.830140 0.810535 189.3411 1 1.09507E-08 3.51285 6.8703E-01 0.303896 0.00680731
2.25769E+05 4.342561 3.517219 3.999375 0.830259 0.852144 191.4516 1 1.21342E-08 3.51239 6.8643E-01 0.304366 0.00691879
2.40201E+05 4.347099 3.516134 3.999275 0.830376 0.894359 193.5068 1 1.33951E-08 3.51198 6.8584E-01 0.304836 0.00703253
2.54671E+05 4.351631 3.514820 3.999165 0.830492 0.937201 195.6026 1 1.48003E-08 3.51156 6.8524E-01 0.305306 0.00714854
2.69178E+05 4.356177 3.513289 3.999043 0.830607 0.980548 198.3002 1 1.68015E-08 3.51071 6.8464E-01 0.305785 0.00726655
2.83718E+05 4.360753 3.511280 3.998906 0.830721 1.02435 200.4988 1 1.86081E-08 3.51026 6.8403E-01 0.306255 0.00738685
2.98291E+05 4.365371 3.486182 3.998781 0.830835 1.06859 549.9639 0 1.56157E-08 3.61895 6.8342E-01 0.306734 0.00750934
3.12894E+05 4.370029 3.472801 3.998526 0.830949 1.11306 558.5176 0 2.19055E-08 3.61851 6.8281E-01 0.307202 0.00763424
3.27528E+05 4.374739 3.466388 3.998225 0.831063 1.15752 569.6232 0 2.56838E-08 3.61766 6.8219E-01 0.307679 0.00776178
3.42190E+05 4.379503 3.461429 3.997887 0.831177 1.20142 578.8261 0 2.90017E-08 3.6172 6.8158E-01 0.308156 0.00789217
3.56879E+05 4.382798 3.457534 3.974840 0.831291 1.2446 589.9416 0 2.87936E-06 3.61653 6.8095E-01 0.308632 0.00802582
3.71615E+05 4.385836 3.454327 3.948304 0.831411 1.28677 604.2485 0 3.25365E-06 3.61539 6.8032E-01 0.309107 0.00816376
3.86396E+05 4.388416 3.451019 3.915855 0.831532 1.32765 616.4169 0 3.66821E-06 3.61465 6.7968E-01 0.309592 0.00830612
4.01225E+05 4.390592 3.447927 3.878661 0.831657 1.36733 631.9252 0 4.14093E-06 3.61344 6.7903E-01 0.310088 0.00845322
4.16105E+05 4.392330 3.444663 3.836605 0.831785 1.40626 647.8983 0 4.68763E-06 3.61221 6.7837E-01 0.310584 0.00860545
4.31036E+05 4.393560 3.441739 3.789089 0.831918 1.4453 661.9512 0 5.26177E-06 3.61133 6.7769E-01 0.31109 0.00876256
4.46019E+05 4.394153 3.438649 3.734812 0.832055 1.48605 679.5228 0 5.95713E-06 3.60998 6.7701E-01 0.311597 0.00892473
4.61057E+05 4.393736 3.435376 3.669457 0.832200 1.53023 698.3013 0 6.79253E-06 3.60853 6.7630E-01 0.312115 0.00909149
4.76153E+05 4.392314 3.432042 3.594401 0.832353 1.57954 718.3145 0 7.79567E-06 3.60699 6.7558E-01 0.312653 0.00926288
4.91305E+05 4.389702 3.428348 3.507619 0.832519 1.63506 739.8358 0 9.04159E-06 3.60533 6.7484E-01 0.313201 0.00943927
5.06511E+05 4.385609 3.424563 3.405842 0.832700 1.69635 763.4029 0 1.05999E-05 3.60352 6.7408E-01 0.313761 0.00962129
5.21768E+05 4.379662 3.420196 3.284508 0.832903 1.76281 794.4210 0 1.27523E-05 3.60097 6.7328E-01 0.31434 0.00981089
5.37067E+05 4.371253 3.415175 3.135889 0.833138 1.83388 831.6676 0 1.57929E-05 3.59804 6.7246E-01 0.31495 0.010011
5.52391E+05 4.359361 3.408974 2.945574 0.833422 1.9106 879.5774 0 2.05526E-05 3.59455 6.7159E-01 0.31558 0.0102255
5.67708E+05 4.341350 3.399946 2.673608 0.833788 1.99536 965.0770 0 3.04377E-05 3.58871 6.7066E-01 0.31625 0.0104588
5.82955E+05 4.311959 3.383666 2.213503 0.834273 2.09071 1093.2967 0 6.03186E-05 3.55056 6.6965E-01 0.31697 0.0107191
5.97970E+05 4.267820 3.577341 0.835311 0.835311 2.09071 606.4493 0 9.79296E-06 3.59554 6.6854E-01 0.31776 0.0110155
0.00000E+00 4.242500 3.542083 4.500000 0.858200 0.35834 128.5769 1 1.81314E-10 3.53647 6.7406E-01 0.31805 0.00569119
5.24969E+03 4.261178 3.540231 4.499999 0.859110 0.360488 134.8342 1 2.81386E-10 3.53426 6.7406E-01 0.31805 0.00569119
1.11000E+04 4.279109 3.538304 4.499998 0.859740 0.364471 140.9146 1 4.23133E-10 3.53236 6.7398E-01 0.31812 0.00569612
1.75499E+04 4.296578 3.536504 4.499996 0.860303 0.370617 147.5251 1 6.46584E-10 3.53009 6.7387E-01 0.31823 0.00570537
2.46030E+04 4.313303 3.534729 4.499992 0.860809 0.379188 153.7984 1 9.50391E-10 3.52824 6.7371E-01 0.31837 0.0057202
3.22099E+04 4.328951 3.533040 4.499986 0.861254 0.390268 160.2778 1 1.39207E-09 3.52618 6.7352E-01 0.31854 0.00574105
4.02942E+04 4.343285 3.531396 4.499978 0.861640 0.403782 166.1075 1 1.93718E-09 3.52459 6.7329E-01 0.31874 0.00576847
4.87729E+04 4.356202 3.529879 4.499966 0.861969 0.419574 172.0364 1 2.67946E-09 3.52275 6.7302E-01 0.31896 0.00580218
5.75684E+04 4.367720 3.528478 4.499950 0.862247 0.437432 176.9507 1 3.47686E-09 3.52155 6.7274E-01 0.31921 0.00584172
6.66135E+04 4.377943 3.527189 4.499929 0.862483 0.456887 181.9581 1 4.50075E-09 3.52006 6.7242E-01 0.31947 0.00588643
7.58539E+04 4.387018 3.525914 4.499902 0.862684 0.477502 186.0649 1 5.53284E-09 3.5191 6.7209E-01 0.319749 0.00593595
8.52462E+04 4.395113 3.524819 4.499869 0.862858 0.498828 190.0008 1 6.71497E-09 3.5181 6.7175E-01 0.320027 0.00599001
9.47574E+04 4.402390 3.523681 4.499829 0.863009 0.519745 193.8298 1 8.07617E-09 3.51703 6.7139E-01 0.320323 0.00604809
1.04362E+05 4.409001 3.522706 4.499782 0.863144 0.538151 196.9116 1 9.34516E-09 3.5164 6.7102E-01 0.320628 0.00611051
1.14042E+05 4.415077 3.521772 4.499727 0.863266 0.551562 199.8947 1 1.07401E-08 3.51574 6.7064E-01 0.320932 0.00617726
1.23783E+05 4.420730 3.520873 4.499663 0.863378 0.557849 203.1887 1 1.24935E-08 3.51479 6.7025E-01 0.321245 0.00624932
1.33575E+05 4.426054 3.519822 4.499591 0.863483 0.555807 205.8581 1 1.40975E-08 3.51423 6.6985E-01 0.321559 0.00632637
1.43409E+05 4.431125 3.519024 4.499509 0.863584 0.54507 208.3763 1 1.57767E-08 3.51374 6.6945E-01 0.321873 0.00640834
1.53281E+05 4.436004 3.518178 4.499417 0.863680 0.52572 210.8938 1 1.76317E-08 3.51322 6.6904E-01 0.322198 0.00649491
1.63185E+05 4.440740 3.517440 4.499315 0.863773 0.498322 213.8555 1 2.00611E-08 3.51239 6.6862E-01 0.322514 0.00658582
1.73119E+05 4.445374 3.516654 4.499200 0.863865 0.46391 216.2858 1 2.22738E-08 3.51192 6.6819E-01 0.322841 0.00668056
1.83080E+05 4.449937 3.515583 4.499072 0.863955 0.423526 218.6538 1 2.46369E-08 3.51148 6.6776E-01 0.323168 0.00677891
1.93066E+05 4.454451 3.514947 4.498930 0.864044 0.378675 221.0850 1 2.72938E-08 3.51101 6.6732E-01 0.323495 0.00688052
2.03076E+05 4.458938 3.513854 4.498771 0.864133 0.331067 224.0456 1 3.08719E-08 3.51021 6.6688E-01 0.323823 0.00698473
2.13109E+05 4.463410 3.513368 4.498596 0.864221 0.282761 226.4980 1 3.41482E-08 3.50976 6.6643E-01 0.324161 0.00709119
2.23164E+05 4.467880 3.512573 4.498400 0.864308 0.236668 228.9160 1 3.76795E-08 3.50934 6.6598E-01 0.324499 0.00719911
2.33239E+05 4.472355 3.511956 4.498184 0.864396 0.195538 231.4462 1 4.17207E-08 3.50887 6.6552E-01 0.324837 0.0073076
2.43335E+05 4.476843 3.511434 4.497942 0.864483 0.161876 234.5164 1 4.71399E-08 3.50809 6.6506E-01 0.325176 0.00741537
2.53450E+05 4.481347 3.510532 4.497674 0.864571 0.13712 237.1035 1 5.21880E-08 3.50763 6.6460E-01 0.325535 0.00752191
2.63584E+05 4.485871 3.510041 4.497377 0.864658 0.121012 239.6819 1 5.76957E-08 3.5072 6.6413E-01 0.325884 0.00762645
2.73737E+05 4.490417 3.509139 4.497044 0.864746 0.111796 242.9918 1 6.55201E-08 3.50636 6.6365E-01 0.326253 0.0077294
2.83909E+05 4.494986 3.508366 4.496675 0.864834 0.107142 245.6840 1 7.25759E-08 3.50591 6.6317E-01 0.326622 0.00783096
2.94098E+05 4.499579 3.507653 4.496263 0.864922 0.105137 248.3524 1 8.02343E-08 3.5055 6.6269E-01 0.327002 0.00793223
3.04304E+05 4.503622 3.506919 4.489129 0.865010 0.104822 750.4423 0 3.61872E-06 3.61408 6.6220E-01 0.327381 0.00803374
3.14532E+05 4.507000 3.506041 4.474233 0.865099 0.105443 765.5641 0 4.28468E-06 3.61316 6.6170E-01 0.327761 0.00813607
3.24788E+05 4.509901 3.504777 4.454081 0.865190 0.106694 777.7491 0 4.92879E-06 3.61264 6.6119E-01 0.328161 0.00823993
3.35074E+05 4.512461 3.503862 4.430401 0.865282 0.108359 793.3552 0 5.87154E-06 3.61169 6.6068E-01 0.328551 0.00834537
3.45395E+05 4.514356 3.502966 4.399833 0.865375 0.110344 806.1826 0 6.82259E-06 3.61109 6.6016E-01 0.32896 0.00845279
3.55754E+05 4.515695 3.501992 4.363839 0.865469 0.112715 822.3411 0 8.20544E-06 3.61007 6.5963E-01 0.32937 0.00856267
3.66155E+05 4.516286 3.500513 4.320601 0.865564 0.115529 835.5453 0 9.62406E-06 3.6094 6.5909E-01 0.32978 0.00867493
3.76601E+05 4.515716 3.499601 4.266790 0.865660 0.118866 851.9344 0 1.17053E-05 3.6083 6.5855E-01 0.3302 0.00879012
3.87100E+05 4.513836 3.498369 4.201191 0.865758 0.123017 868.7574 0 1.43940E-05 3.60711 6.5799E-01 0.33063 0.00890865
3.97657E+05 4.510205 3.497105 4.119737 0.865860 0.128506 881.7761 0 1.72935E-05 3.60627 6.5743E-01 0.33106 0.00903127
4.08281E+05 4.504254 3.495321 4.016897 0.865965 0.136454 898.6315 0 2.18706E-05 3.60491 6.5685E-01 0.3315 0.00915828
4.18980E+05 4.494907 3.493550 3.881933 0.866076 0.149905 917.9193 0 2.90237E-05 3.6032 6.5626E-01 0.33194 0.00929096
4.29768E+05 4.479566 3.491020 3.688379 0.866198 0.178387 944.8904 0 4.33485E-05 3.60062 6.5566E-01 0.33239 0.00942975
4.40662E+05 4.450359 3.486991 3.351542 0.866342 0.236306 991.7524 0 8.77420E-05 3.59631 6.5504E-01 0.33285 0.00957489
4.50664E+05 4.312662 3.596330 0.866234 0.866234 0.236306 650.2565 0 8.80960E-04 3.59528 6.5438E-01 0.33334 0.00972856
0.00000E+00 4.277300 3.546946 5.000000 0.901200 0.368171 124.0246 1 8.15310E-11 3.54276 6.5705E-01 0.335028 0.00567767
3.34306E+03 4.303252 3.544250 5.000000 0.901905 0.368171 131.5159 1 1.40248E-10 3.54076 6.5705E-01 0.335028 0.00567767
3.34470E+03 4.305953 3.543978 5.000000 0.901905 0.369531 133.1182 1 1.56870E-10 3.53968 6.5705E-01 0.335028 0.00567767
7.00939E+03 4.330290 3.541507 4.999999 0.902382 0.369531 140.9894 1 2.66866E-10 3.53745 6.5700E-01 0.335068 0.0056807
7.01122E+03 4.332922 3.541238 4.999999 0.902382 0.371927 142.6690 1 2.97756E-10 3.5364 6.5700E-01 0.335068 0.0056807
1.10110E+04 4.358660 3.538523 4.999998 0.902803 0.375497 152.4630 1 5.50245E-10 3.53322 6.5693E-01 0.335138 0.005686
1.53513E+04 4.382951 3.535999 4.999996 0.903177 0.380398 162.0111 1 9.65046E-10 3.5305 6.5683E-01 0.335228 0.00569423
2.00080E+04 4.405492 3.533619 4.999992 0.903504 0.386481 171.7554 1 1.65636E-09 3.52768 6.5671E-01 0.335338 0.00570557
2.49411E+04 4.426063 3.531254 4.999985 0.903788 0.392768 181.2434 1 2.72357E-09 3.52504 6.5656E-01 0.335457 0.00572034
3.01061E+04 4.444582 3.528942 4.999975 0.904032 0.393838 190.2255 1 4.26022E-09 3.52266 6.5640E-01 0.335602 0.00573979
3.54602E+04 4.461088 3.527175 4.999958 0.904240 0.381731 198.1846 1 6.22416E-09 3.52086 6.5622E-01 0.335754 0.00576627
4.09659E+04 4.475708 3.525534 4.999933 0.904419 0.353159 206.0358 1 8.91549E-09 3.51889 6.5602E-01 0.335916 0.00580155
4.65924E+04 4.488620 3.524089 4.999898 0.904574 0.309197 213.2922 1 1.22798E-08 3.51711 6.5580E-01 0.336088 0.00584466
5.23146E+04 4.500025 3.522495 4.999852 0.904709 0.254309 219.3236 1 1.58935E-08 3.51592 6.5556E-01 0.336272 0.00589424
5.81131E+04 4.510123 3.521486 4.999791 0.904830 0.195401 225.4539 1 2.05105E-08 3.51446 6.5531E-01 0.336467 0.00594861
6.39729E+04 4.519102 3.520260 4.999715 0.904938 0.141154 230.4567 1 2.51282E-08 3.51353 6.5505E-01 0.336662 0.00600531
6.98827E+04 4.527134 3.519568 4.999622 0.905038 0.10044 235.7246 1 3.09730E-08 3.51226 6.5478E-01 0.336869 0.00606156
7.58339E+04 4.534370 3.518489 4.999508 0.905131 0.0772247 239.8914 1 3.64257E-08 3.51154 6.5451E-01 0.337096 0.00611466
8.18200E+04 4.540942 3.517875 4.999375 0.905219 0.0676903 243.7486 1 4.22213E-08 3.51087 6.5422E-01 0.337324 0.00616297
8.78363E+04 4.546962 3.517188 4.999221 0.905303 0.0650003 248.0136 1 4.95755E-08 3.50987 6.5393E-01 0.337563 0.00620781
9.38790E+04 4.552526 3.516477 4.999042 0.905384 0.0647789 251.3877 1 5.61841E-08 3.50931 6.5363E-01 0.337822 0.00625145
9.99454E+04 4.557714 3.515784 4.998840 0.905463 0.0653552 254.5497 1 6.30812E-08 3.5088 6.5333E-01 0.338071 0.00629507
1.06034E+05 4.562594 3.514715 4.998612 0.905541 0.0662051 258.3144 1 7.22701E-08 3.50789 6.5302E-01 0.338331 0.00633928
1.12142E+05 4.567222 3.514163 4.998356 0.905617 0.0671755 261.2255 1 8.01809E-08 3.50743 6.5271E-01 0.338601 0.00638438
1.18269E+05 4.571644 3.513604 4.998071 0.905693 0.0682348 263.9728 1 8.83495E-08 3.50703 6.5238E-01 0.338871 0.00643002
1.24414E+05 4.575900 3.512995 4.997755 0.905768 0.0693634 266.7016 1 9.71933E-08 3.50661 6.5206E-01 0.33914 0.00647632
1.30576E+05 4.580021 3.512434 4.997406 0.905843 0.0705584 270.0786 1 1.09222E-07 3.50582 6.5173E-01 0.33942 0.00652336
1.36755E+05 4.583693 3.511886 4.992916 0.905917 6.52402 853.9901 0 7.02857E-06 3.61457 6.5140E-01 0.3397 0.00657113
1.42952E+05 4.580164 3.427810 4.885651 0.906364 6.64377 937.6312 0 3.01973E-05 3.61449 5.0287E-01 0.48802 0.00620175
1.49294E+05 4.580625 3.473169 4.827714 0.906630 6.57899 792.1240 0 1.29671E-05 3.63218 5.0256E-01 0.48826 0.00626402
1.55721E+05 4.580036 3.471211 4.763889 0.906749 6.40189 806.3992 0 1.38580E-05 3.63132 5.0223E-01 0.48852 0.00633671
1.62205E+05 4.578812 3.469171 4.695208 0.906858 6.1914 823.6396 0 1.47075E-05 3.63005 5.0188E-01 0.48878 0.00641396
1.68747E+05 4.577014 3.467067 4.622101 0.906965 5.94925 837.3210 0 1.54923E-05 3.6292 5.0152E-01 0.48905 0.00649495
1.75345E+05 4.574635 3.465357 4.544706 0.907071 5.75928 855.9335 0 1.62425E-05 3.62776 5.0116E-01 0.48932 0.0065798
1.82002E+05 4.571591 3.463068 4.462136 0.907177 5.60164 869.4870 0 1.71733E-05 3.62688 5.0079E-01 0.48959 0.00666858
1.88717E+05 4.567869 3.460812 4.374243 0.907282 5.48673 884.0432 0 1.82361E-05 3.62588 5.0041E-01 0.48987 0.0067614
1.95490E+05 4.563307 3.458765 4.279332 0.907388 4.08134 901.4979 0 1.94764E-05 3.62454 5.0002E-01 0.49016 0.00685851
2.02323E+05 4.557774 3.460528 4.176034 0.907494 4.40003 916.6091 0 1.62571E-05 3.62345 4.9962E-01 0.49045 0.00697722
2.09215E+05 4.553040 3.456598 4.082886 0.907601 4.75066 934.9419 0 1.90874E-05 3.62209 4.9921E-01 0.49075 0.00707891
2.16160E+05 4.546512 3.452542 3.972883 0.907709 5.06837 956.1997 0 2.26168E-05 3.6204 4.9879E-01 0.49105 0.00718699
2.23159E+05 4.537898 3.448767 3.842783 0.907823 5.44715 972.5335 0 2.64352E-05 3.61921 4.9836E-01 0.49135 0.00730145
2.30216E+05 4.526668 3.444011 3.686621 0.907946 5.99515 997.6241 0 3.20484E-05 3.61721 4.9792E-01 0.49166 0.00742203
2.37332E+05 4.511778 3.438475 3.492166 0.908085 3.01708 1027.9471 0 4.06217E-05 3.61489 4.9747E-01 0.49198 0.00754828
2.44506E+05 4.499552 3.444836 3.325458 0.908250 4.01825 1064.1081 0 2.53280E-05 3.6123 4.9678E-01 0.49246 0.00774593
2.51706E+05 4.485056 3.435722 3.133536 0.908434 4.97738 1109.3250 0 3.95468E-05 3.60934 4.9627E-01 0.49281 0.00788927
2.58927E+05 4.461758 3.425246 2.834260 0.908671 5.92225 1190.0850 0 6.50165E-05 3.60471 4.9573E-01 0.49318 0.00804551
2.66161E+05 4.421533 3.407987 2.273142 0.909010 6.89977 1319.0532 0 1.43485E-04 3.57334 4.9512E-01 0.49359 0.00822278
2.73339E+05 4.375057 3.621662 0.909830 0.909830 6.89977 660.3506 0 1.79143E-09 3.60421 4.9441E-01 0.49407 0.00843708
