0.00000E+00 3.053800 3.613696 0.500000 0.489500 0.479565 26.3836 1 1.24944E-10 3.62761 7.3198E-01 0.26 0.00566933
2.08391E+05 3.056885 3.610747 0.489662 0.489662 0.479565 57.1635 0 2.03662E-10 3.61096 7.3198E-01 0.26 0.00566933
0.00000E+00 3.119500 3.570190 0.550000 0.499800 0.479565 89.0677 0 1.86597E-09 3.56527 7.3198E-01 0.26 0.00566933
1.88582E+05 3.143478 3.568468 0.549823 0.500851 0.479565 95.6288 0 3.16063E-09 3.56334 7.3198E-01 0.26 0.00566933
3.90246E+05 3.171191 3.566568 0.549494 0.502134 0.479565 103.7186 0 5.79432E-09 3.56124 7.3198E-01 0.26 0.00566933
6.05915E+05 3.202608 3.564692 0.548817 0.503708 0.479565 113.4935 0 1.13898E-08 3.55913 7.3198E-01 0.26 0.00566933
8.35890E+05 3.237942 3.563213 0.547329 0.505649 0.479565 124.8779 0 2.37678E-08 3.55754 7.3198E-01 0.26 0.00566933
1.07940E+06 3.277146 3.563163 0.543938 0.508036 0.479565 136.8732 0 5.04290E-08 3.5577 7.3198E-01 0.26 0.00566933
1.33419E+06 3.319804 3.567936 0.536635 0.510950 0.479565 144.5991 0 9.04436E-08 3.56358 7.3198E-01 0.26 0.00566933
1.59645E+06 3.365112 3.587653 0.526410 0.514460 0.479565 133.9830 0 6.66897E-08 3.58538 7.3198E-01 0.26 0.00566933
1.86117E+06 3.411957 3.637681 0.522992 0.518610 0.479565 95.1259 0 5.44276E-09 3.63609 7.3198E-01 0.26 0.00566933
2.12311E+06 3.416194 3.783833 0.519056 0.519056 0.479565 41.9011 1 3.22459E-13 3.64854 7.3198E-01 0.26 0.00566933
0.00000E+00 3.161900 3.558923 0.600000 0.506400 0.479565 102.2729 0 2.49148E-09 3.55163 7.3198E-01 0.26 0.00566933
1.76846E+05 3.190354 3.556388 0.599742 0.507669 0.479565 112.0048 0 4.81719E-09 3.54861 7.3198E-01 0.26 0.00566933
3.68452E+05 3.223422 3.553490 0.599204 0.509255 0.479565 124.4515 0 1.03876E-08 3.54517 7.3198E-01 0.26 0.00566933
5.75695E+05 3.261035 3.550411 0.597856 0.511246 0.479565 140.1351 0 2.49487E-08 3.54152 7.3198E-01 0.26 0.00566933
7.98305E+05 3.303146 3.547532 0.594099 0.513743 0.479565 159.5904 0 6.74296E-08 3.53813 7.3198E-01 0.26 0.00566933
1.03422E+06 3.349179 3.546565 0.582454 0.516844 0.479565 181.3108 0 2.05849E-07 3.53735 7.3198E-01 0.26 0.00566933
1.27930E+06 3.397997 3.563914 0.546216 0.520627 0.479565 176.1474 0 3.50221E-07 3.55926 7.3198E-01 0.26 0.00566933
1.52791E+06 3.448072 3.654389 0.528934 0.525135 0.479565 89.3909 0 2.77187E-09 3.65094 7.3198E-01 0.26 0.00566933
1.77394E+06 3.452863 3.903834 0.525651 0.525651 0.479565 39.9376 1 6.42925E-15 3.66374 7.3198E-01 0.26 0.00566933
0.00000E+00 3.166100 3.555524 0.650000 0.510600 0.47832 98.4801 0 1.12509E-09 3.54884 7.2996E-01 0.261636 0.00566689
1.69716E+05 3.199405 3.552300 0.649861 0.512010 0.47832 109.8083 0 2.46687E-09 3.545 7.2996E-01 0.261636 0.00566689
3.55131E+05 3.238008 3.548594 0.649506 0.513799 0.47832 124.6616 0 6.14146E-09 3.54051 7.2996E-01 0.261636 0.00566689
5.57027E+05 3.281699 3.544435 0.648623 0.516073 0.47832 143.9672 0 1.73745E-08 3.53545 7.2996E-01 0.261636 0.00566689
7.74617E+05 3.330063 3.539968 0.645676 0.518949 0.47832 169.0964 0 5.67558E-08 3.52999 7.2996E-01 0.261636 0.00566689
1.00482E+06 3.381960 3.536045 0.634490 0.522529 0.47832 201.1183 0 2.26438E-07 3.52532 7.2996E-01 0.261636 0.00566689
1.24228E+06 3.435161 3.544893 0.576604 0.526876 0.47832 221.1116 0 1.13497E-06 3.53765 7.2996E-01 0.261636 0.00566689
1.48055E+06 3.484474 3.769732 0.531987 0.531987 0.47832 20.2429 1 4.67288E-12 3.76915 7.2996E-01 0.261636 0.00566689
0.00000E+00 3.259700 3.544806 0.700000 0.513900 0.478325 125.9262 0 4.10959E-09 3.53726 7.2795E-01 0.263281 0.0056681
1.64290E+05 3.288090 3.541927 0.699609 0.515419 0.478325 138.5049 0 8.13894E-09 3.53376 7.2795E-01 0.263281 0.0056681
3.44915E+05 3.321731 3.538515 0.698678 0.517366 0.478325 155.1548 0 1.84583E-08 3.52959 7.2795E-01 0.263281 0.0056681
5.42550E+05 3.360487 3.534627 0.696150 0.519865 0.478325 177.2622 0 4.86488E-08 3.52474 7.2795E-01 0.263281 0.0056681
7.55944E+05 3.403958 3.530380 0.688070 0.523041 0.478325 206.7922 0 1.58884E-07 3.51954 7.2795E-01 0.263281 0.0056681
9.81192E+05 3.450941 3.527236 0.654282 0.526995 0.478325 248.2951 0 8.68025E-07 3.51588 7.2795E-01 0.263281 0.0056681
1.21211E+06 3.499736 3.600189 0.531794 0.531794 0.478325 157.7012 0 2.42488E-07 3.59977 7.2795E-01 0.263281 0.0056681
0.00000E+00 3.227700 3.556578 0.800000 0.518800 0.471955 45.6796 1 1.48924E-08 3.55761 7.2594E-01 0.266712 0.00567995
1.56486E+05 3.264023 3.552945 0.799289 0.520435 0.471955 108.8477 0 4.14155E-10 3.54129 7.2594E-01 0.266712 0.00567995
3.29712E+05 3.306406 3.548693 0.798843 0.522555 0.471955 125.5120 0 1.14077E-09 3.536 7.2594E-01 0.266712 0.00567995
5.20190E+05 3.354363 3.543842 0.798390 0.525298 0.471955 147.6556 0 3.59640E-09 3.52986 7.2594E-01 0.266712 0.00567995
7.26109E+05 3.406830 3.538474 0.797663 0.528798 0.471955 176.5896 0 1.27336E-08 3.52304 7.2594E-01 0.266712 0.00567995
9.42683E+05 3.461778 3.532785 0.794813 0.533141 0.471955 213.9106 0 4.98411E-08 3.51567 7.2594E-01 0.266712 0.00567995
1.16295E+06 3.516699 3.526972 0.784171 0.538338 0.471955 261.9706 0 2.25201E-07 3.50808 7.2594E-01 0.266712 0.00567995
1.37993E+06 3.568825 3.521624 0.720703 0.544320 0.471955 337.1755 0 2.48439E-06 3.50136 7.2594E-01 0.266712 0.00567995
1.52369E+06 3.579644 3.525078 0.547638 0.547638 0.471955 392.4467 0 5.56948E-05 3.51474 7.2594E-01 0.266712 0.00567995
0.00000E+00 3.244900 3.558298 0.900000 0.522500 0.452356 40.9354 1 3.23515E-09 3.56926 7.2394E-01 0.268429 0.00568594
1.50776E+05 3.283610 3.554451 0.899685 0.524241 0.452356 45.4807 1 7.21273E-09 3.56372 7.2394E-01 0.268429 0.00568594
3.18698E+05 3.328762 3.549871 0.898820 0.526520 0.452356 115.4911 0 3.05825E-10 3.53902 7.2394E-01 0.268429 0.00568594
5.04109E+05 3.379641 3.544658 0.898116 0.529490 0.452356 137.1889 0 1.04129E-09 3.53255 7.2394E-01 0.268429 0.00568594
7.04650E+05 3.434748 3.538941 0.897688 0.533288 0.452356 165.5412 0 3.92426E-09 3.52535 7.2394E-01 0.268429 0.00568594
9.14740E+05 3.491563 3.532997 0.896809 0.537984 0.452356 201.2639 0 1.55649E-08 3.51778 7.2394E-01 0.268429 0.00568594
1.12689E+06 3.547286 3.527036 0.893242 0.543554 0.452356 245.1610 0 6.32262E-08 3.51003 7.2394E-01 0.268429 0.00568594
1.33421E+06 3.599732 3.521047 0.880369 0.549896 0.452356 299.5516 0 2.81221E-07 3.50217 7.2394E-01 0.268429 0.00568594
1.53213E+06 3.646013 3.514202 0.805652 0.556864 0.452356 390.1349 0 3.29796E-06 3.4931 7.2394E-01 0.268429 0.00568594
1.65777E+06 3.655518 3.522208 0.560512 0.560512 0.452356 496.9587 0 5.70041E-05 3.50494 7.2394E-01 0.268429 0.00568594
0.00000E+00 3.292300 3.557343 1.000000 0.525500 0.435012 42.1954 1 2.31949E-10 3.56909 7.2294E-01 0.269171 0.00569474
1.46247E+05 3.328751 3.553698 0.999978 0.527321 0.435012 46.5770 1 5.26882E-10 3.5639 7.2294E-01 0.269171 0.00569474
3.09870E+05 3.371704 3.549377 0.999918 0.529721 0.435012 52.4259 1 1.37862E-09 3.55752 7.2294E-01 0.269171 0.00569474
4.91062E+05 3.420421 3.544420 0.999771 0.532864 0.435012 135.1385 0 4.85914E-10 3.53363 7.2294E-01 0.269171 0.00569474
6.87033E+05 3.473281 3.538920 0.999633 0.536885 0.435012 161.6527 0 1.72906E-09 3.52681 7.2294E-01 0.269171 0.00569474
8.91643E+05 3.527624 3.533204 0.999263 0.541838 0.435012 194.7098 0 6.42265E-09 3.5196 7.2294E-01 0.269171 0.00569474
1.09713E+06 3.580621 3.527550 0.998045 0.547670 0.435012 233.9742 0 2.34937E-08 3.51241 7.2294E-01 0.269171 0.00569474
1.29683E+06 3.630200 3.522115 0.993776 0.554252 0.435012 279.4129 0 8.33407E-08 3.50537 7.2294E-01 0.269171 0.00569474
1.48661E+06 3.675360 3.516719 0.979593 0.561428 0.435012 333.4792 0 3.14144E-07 3.49831 7.2294E-01 0.269171 0.00569474
1.66464E+06 3.715690 3.509993 0.917650 0.569044 0.435012 419.4433 0 2.39929E-06 3.4893 7.2294E-01 0.269171 0.00569474
1.78129E+06 3.725597 3.507093 0.732394 0.573373 0.435012 497.5208 0 2.72761E-05 3.49539 7.2294E-01 0.269171 0.00569474
1.79030E+06 3.732538 3.644642 0.574024 0.574024 0.435012 260.2203 0 2.15998E-07 3.59421 7.2294E-01 0.269171 0.00569474
0.00000E+00 3.289900 3.561541 1.100000 0.527200 0.418155 38.2662 1 7.81635E-12 3.57574 7.2294E-01 0.268978 0.00570143
1.43630E+05 3.328380 3.557785 1.099999 0.529062 0.418155 42.3979 1 1.95082E-11 3.57052 7.2294E-01 0.268978 0.00570143
3.04704E+05 3.373549 3.553301 1.099997 0.531524 0.418155 47.9116 1 5.74636E-11 3.56411 7.2294E-01 0.268978 0.00570143
4.83330E+05 3.424499 3.548202 1.099988 0.534755 0.418155 55.1284 1 1.95416E-10 3.55654 7.2294E-01 0.268978 0.00570143
6.76495E+05 3.479343 3.542580 1.099955 0.538888 0.418155 64.3178 1 7.39259E-10 3.54793 7.2294E-01 0.268978 0.00570143
8.77805E+05 3.535173 3.536769 1.099866 0.543966 0.418155 172.7523 0 1.54084E-09 3.52522 7.2294E-01 0.268978 0.00570143
1.07942E+06 3.589058 3.531052 1.099575 0.549920 0.418155 207.6903 0 5.67118E-09 3.5181 7.2294E-01 0.268978 0.00570143
1.27483E+06 3.638994 3.525717 1.098596 0.556609 0.418155 246.8863 0 1.91900E-08 3.51132 7.2294E-01 0.268978 0.00570143
1.46018E+06 3.684125 3.520812 1.095601 0.563868 0.418155 289.4985 0 5.96243E-08 3.50506 7.2294E-01 0.268978 0.00570143
1.63378E+06 3.724414 3.516178 1.087144 0.571541 0.418155 336.7805 0 1.79493E-07 3.49898 7.2294E-01 0.268978 0.00570143
1.79529E+06 3.760241 3.511337 1.062587 0.579491 0.418155 394.1697 0 6.24847E-07 3.49262 7.2294E-01 0.268978 0.00570143
1.94504E+06 3.790877 3.502618 0.917425 0.587585 0.418155 534.7812 0 1.41676E-05 3.48093 7.2294E-01 0.268978 0.00570143
2.02407E+06 3.778839 3.547283 0.590576 0.590576 0.418155 543.1962 0 6.00616E-05 3.52055 7.2294E-01 0.268978 0.00570143
0.00000E+00 3.358700 3.558607 1.200000 0.531200 0.411253 42.3068 1 3.86262E-12 3.57211 7.2594E-01 0.265821 0.0057051
1.37960E+05 3.392636 3.555279 1.200000 0.533144 0.411253 46.3623 1 8.85674E-12 3.56734 7.2594E-01 0.265821 0.0057051
2.93414E+05 3.433087 3.551279 1.199999 0.535731 0.411253 51.7657 1 2.39855E-11 3.5615 7.2594E-01 0.265821 0.0057051
4.66284E+05 3.479210 3.546667 1.199995 0.539137 0.411253 58.8064 1 7.55105E-11 3.55457 7.2594E-01 0.265821 0.0057051
6.53116E+05 3.529142 3.541513 1.199983 0.543488 0.411253 67.7128 1 2.67113E-10 3.54664 7.2594E-01 0.265821 0.0057051
8.47069E+05 3.580016 3.536211 1.199932 0.548799 0.411253 176.4702 0 1.14151E-09 3.52527 7.2594E-01 0.265821 0.0057051
1.04026E+06 3.629034 3.531034 1.199747 0.554972 0.411253 208.6641 0 3.72197E-09 3.51879 7.2594E-01 0.265821 0.0057051
1.22661E+06 3.674383 3.526230 1.199179 0.561838 0.411253 243.6823 0 1.11536E-08 3.51281 7.2594E-01 0.265821 0.0057051
1.40276E+06 3.715353 3.521852 1.197637 0.569220 0.411253 281.1348 0 3.03753E-08 3.50718 7.2594E-01 0.265821 0.0057051
1.56743E+06 3.751968 3.517817 1.193873 0.576961 0.411253 320.4096 0 7.63686E-08 3.50201 7.2594E-01 0.265821 0.0057051
1.72048E+06 3.784605 3.514061 1.185337 0.584926 0.411253 362.2638 0 1.82743E-07 3.49715 7.2594E-01 0.265821 0.0057051
1.86230E+06 3.813730 3.510196 1.166258 0.592992 0.411253 410.4883 0 4.66496E-07 3.49208 7.2594E-01 0.265821 0.0057051
1.99358E+06 3.839824 3.505192 1.112755 0.601063 0.411253 482.2296 0 1.93763E-06 3.4853 7.2594E-01 0.265821 0.0057051
2.09053E+06 3.853349 3.497510 0.872504 0.606698 0.411253 659.3945 0 8.30476E-05 3.47816 7.2594E-01 0.265821 0.0057051
2.10789E+06 3.860412 4.000000 0.608377 0.608377 0.411253 83.4521 1 8.62042E-15 3.64837 7.2594E-01 0.265821 0.0057051
0.00000E+00 3.417000 3.556781 1.300000 0.531800 0.399887 45.7292 1 3.41344E-12 3.56963 7.2694E-01 0.264745 0.00571254
1.36913E+05 3.444914 3.554056 1.300000 0.533751 0.399887 49.3036 1 6.80531E-12 3.56572 7.2694E-01 0.264745 0.00571254
2.91256E+05 3.478787 3.550724 1.299999 0.536349 0.399887 54.0952 1 1.58205E-11 3.56076 7.2694E-01 0.264745 0.00571254
4.62929E+05 3.518061 3.546792 1.299997 0.539767 0.399887 60.2991 1 4.25617E-11 3.55486 7.2694E-01 0.264745 0.00571254
6.48454E+05 3.561304 3.542369 1.299991 0.544132 0.399887 68.1157 1 1.28651E-10 3.54802 7.2694E-01 0.264745 0.00571254
8.40983E+05 3.606083 3.537743 1.299971 0.549455 0.399887 77.4801 1 4.11133E-10 3.54057 7.2694E-01 0.264745 0.00571254
1.03269E+06 3.649884 3.533157 1.299869 0.555633 0.399887 197.6639 0 2.20573E-09 3.52199 7.2694E-01 0.264745 0.00571254
1.21755E+06 3.690963 3.528869 1.299572 0.562497 0.399887 227.3342 0 5.92403E-09 3.51663 7.2694E-01 0.264745 0.00571254
1.39228E+06 3.728533 3.524905 1.298816 0.569869 0.399887 258.6223 0 1.47147E-08 3.51164 7.2694E-01 0.264745 0.00571254
1.55563E+06 3.762479 3.521289 1.297103 0.577593 0.399887 290.9476 0 3.38040E-08 3.50708 7.2694E-01 0.264745 0.00571254
1.70746E+06 3.793032 3.517969 1.293553 0.585533 0.399887 324.1008 0 7.27993E-08 3.50292 7.2694E-01 0.264745 0.00571254
1.84818E+06 3.820558 3.514856 1.286586 0.593580 0.399887 359.2954 0 1.50497E-07 3.4988 7.2694E-01 0.264745 0.00571254
1.97844E+06 3.845430 3.511745 1.273251 0.601635 0.399887 397.4504 0 3.11353E-07 3.49477 7.2694E-01 0.264745 0.00571254
2.09902E+06 3.868003 3.508314 1.246928 0.609623 0.476713 443.4805 0 6.96716E-07 3.49026 7.2694E-01 0.264745 0.00571254
2.21073E+06 3.887222 3.502948 1.184267 0.616826 0.570051 512.4995 0 2.22245E-06 3.48406 7.2619E-01 0.265244 0.00595237
2.29561E+06 3.897453 3.493947 0.914624 0.621761 0.570051 716.1222 0 9.45320E-05 3.4752 7.2525E-01 0.265883 0.00624549
2.31531E+06 3.904480 4.000000 0.623873 0.623873 0.570051 78.7905 1 1.34787E-14 3.66588 7.2525E-01 0.265883 0.00624549
0.00000E+00 3.336900 3.568384 1.400000 0.530800 0.380788 34.3241 1 4.37353E-14 3.58577 7.2594E-01 0.265652 0.00571291
1.37971E+05 3.373089 3.565004 1.400000 0.532679 0.380788 37.7110 1 1.04686E-13 3.5812 7.2594E-01 0.265652 0.00571291
2.92910E+05 3.415718 3.560958 1.400000 0.535168 0.380788 42.1693 1 2.95487E-13 3.57568 7.2594E-01 0.265652 0.00571291
4.64873E+05 3.463871 3.556309 1.400000 0.538435 0.380788 47.9551 1 9.66895E-13 3.56911 7.2594E-01 0.265652 0.00571291
6.50819E+05 3.515659 3.551222 1.400000 0.542608 0.380788 55.2024 1 3.51994E-12 3.56168 7.2594E-01 0.265652 0.00571291
8.44428E+05 3.568221 3.545944 1.399999 0.547717 0.380788 63.8598 1 1.33542E-11 3.55373 7.2594E-01 0.265652 0.00571291
1.03810E+06 3.618739 3.540781 1.399997 0.553680 0.380788 73.6620 1 4.91879E-11 3.54569 7.2594E-01 0.265652 0.00571291
1.22566E+06 3.665356 3.535964 1.399989 0.560343 0.380788 84.2933 1 1.67246E-10 3.53782 7.2594E-01 0.265652 0.00571291
1.40352E+06 3.707342 3.531607 1.399944 0.567537 0.380788 212.6341 0 1.10372E-09 3.52071 7.2594E-01 0.265652 0.00571291
1.57019E+06 3.744737 3.527696 1.399818 0.575105 0.380788 241.4234 0 2.71143E-09 3.51585 7.2594E-01 0.265652 0.00571291
1.72538E+06 3.777953 3.524254 1.399527 0.582911 0.380788 270.1358 0 6.01870E-09 3.5116 7.2594E-01 0.265652 0.00571291
1.86940E+06 3.807484 3.521161 1.398950 0.590831 0.380788 298.6355 0 1.22817E-08 3.5078 7.2594E-01 0.265652 0.00571291
2.00288E+06 3.833858 3.518449 1.397877 0.598767 0.466521 326.8550 0 2.32265E-08 3.50436 7.2594E-01 0.265652 0.00571291
2.12654E+06 3.855573 3.515280 1.396012 0.605730 0.597416 352.3649 0 4.20876E-08 3.50151 7.2512E-01 0.266192 0.00598071
2.24271E+06 3.874324 3.511973 1.392861 0.612155 0.750807 376.3313 0 7.38392E-08 3.49906 7.2384E-01 0.26704 0.00639318
2.35263E+06 3.891056 3.508800 1.387670 0.618278 0.913677 399.8177 0 1.25730E-07 3.49685 7.2229E-01 0.268079 0.00688246
2.45678E+06 3.906288 3.505625 1.379228 0.624207 1.07774 424.2639 0 2.13328E-07 3.49463 7.2059E-01 0.269237 0.00740866
2.55546E+06 3.920187 3.447806 1.301267 0.630015 1.2229 487.5304 0 6.17576E-06 3.48841 7.1881E-01 0.270446 0.00794598
2.62814E+06 3.925823 3.410738 0.963793 0.633635 1.2229 730.9631 0 2.92233E-05 3.47472 7.1719E-01 0.271554 0.00842738
2.64901E+06 3.934072 3.535600 0.663851 0.636106 1.2229 458.5351 0 5.94992E-09 3.56654 7.1719E-01 0.271554 0.00842738
2.73755E+06 3.950104 3.564298 0.663451 0.643619 1.2229 398.1846 0 2.21593E-09 3.5864 7.1719E-01 0.271554 0.00842738
2.81879E+06 3.964867 3.601493 0.650814 0.650814 1.2229 306.4552 0 4.36890E-10 3.62134 7.1719E-01 0.271554 0.00842738
0.00000E+00 3.332200 3.572504 1.500000 0.532500 0.347443 31.6523 1 1.22699E-14 3.59134 7.2394E-01 0.267571 0.00573653
1.35457E+05 3.370629 3.568951 1.500000 0.534418 0.347443 34.9203 1 3.08299E-14 3.58672 7.2394E-01 0.267571 0.00573653
2.87912E+05 3.415685 3.564753 1.500000 0.536966 0.347443 39.2526 1 9.14899E-14 3.58105 7.2394E-01 0.267571 0.00573653
4.57340E+05 3.466258 3.559933 1.500000 0.540318 0.347443 44.8386 1 3.14975E-13 3.57444 7.2394E-01 0.267571 0.00573653
6.40500E+05 3.520176 3.554700 1.500000 0.544597 0.347443 51.8178 1 1.19765E-12 3.56697 7.2394E-01 0.267571 0.00573653
8.30857E+05 3.574330 3.549349 1.500000 0.549824 0.347443 60.0954 1 4.67543E-12 3.55906 7.2394E-01 0.267571 0.00573653
1.02078E+06 3.625824 3.544136 1.499999 0.555900 0.347443 69.3634 1 1.74838E-11 3.55117 7.2394E-01 0.267571 0.00573653
1.20426E+06 3.672892 3.539317 1.499996 0.562661 0.347443 79.3357 1 5.95584E-11 3.54349 7.2394E-01 0.267571 0.00573653
1.37796E+06 3.714958 3.535001 1.499988 0.569931 0.347443 89.6105 1 1.80886E-10 3.53638 7.2394E-01 0.267571 0.00573653
1.54055E+06 3.752202 3.531134 1.499950 0.577551 0.347443 220.5902 0 1.29652E-09 3.52086 7.2394E-01 0.267571 0.00573653
1.69184E+06 3.785102 3.527716 1.499824 0.585378 0.347443 246.2447 0 2.85462E-09 3.51678 7.2394E-01 0.267571 0.00573653
1.83221E+06 3.814254 3.524706 1.499560 0.593295 0.431264 271.8339 0 5.74298E-09 3.51302 7.2394E-01 0.267571 0.00573653
1.96230E+06 3.837984 3.521318 1.499079 0.600211 0.564408 294.2689 0 1.08277E-08 3.51011 7.2316E-01 0.26808 0.00599821
2.08466E+06 3.858133 3.517814 1.498220 0.606522 0.725757 314.8947 0 1.94096E-08 3.50762 7.2189E-01 0.268909 0.00641748
2.20081E+06 3.875795 3.514313 1.496775 0.612466 0.902181 334.2276 0 3.34737E-08 3.50546 7.2030E-01 0.269968 0.00693194
2.31134E+06 3.891596 3.510897 1.494416 0.618161 1.08495 352.7344 0 5.59261E-08 3.50354 7.1850E-01 0.271166 0.00750294
2.41656E+06 3.905964 3.458710 1.491518 0.623678 1.26835 370.6386 0 3.84290E-08 3.50179 7.1657E-01 0.272465 0.00810327
2.51672E+06 3.919201 3.436431 1.474085 0.629062 1.44689 394.0900 0 4.36776E-06 3.49941 7.1456E-01 0.273823 0.00871511
2.61206E+06 3.931410 3.399623 1.126472 0.634420 1.5312 623.8337 0 2.29584E-05 3.47815 7.1255E-01 0.275192 0.00931972
2.65379E+06 3.890228 3.396832 0.872842 0.635633 1.5312 610.9828 0 2.76568E-05 3.49588 7.1156E-01 0.275871 0.00960826
2.70312E+06 3.946792 3.561011 0.660181 0.641565 1.5312 384.5238 0 3.20120E-09 3.58998 7.1156E-01 0.275871 0.00960826
2.78621E+06 3.961892 3.605823 0.648933 0.648933 1.5312 303.2866 0 4.93103E-10 3.62205 7.1156E-01 0.275871 0.00960826
0.00000E+00 3.391100 3.570248 1.600000 0.529900 0.344731 33.0639 1 1.77358E-14 3.59507 7.2494E-01 0.266526 0.00573232
1.38596E+05 3.420309 3.567562 1.600000 0.531755 0.344731 35.5790 1 3.57800E-14 3.59176 7.2494E-01 0.266526 0.00573232
2.94024E+05 3.455373 3.564299 1.600000 0.534206 0.344731 38.8950 1 8.36186E-14 3.58763 7.2494E-01 0.266526 0.00573232
4.66382E+05 3.495746 3.560474 1.600000 0.537418 0.344731 43.1172 1 2.24390E-13 3.5828 7.2494E-01 0.266526 0.00573232
6.52775E+05 3.540097 3.556198 1.600000 0.541519 0.344731 48.3632 1 6.72300E-13 3.57727 7.2494E-01 0.266526 0.00573232
8.47070E+05 3.586111 3.551713 1.600000 0.546545 0.344731 54.5679 1 2.12715E-12 3.5713 7.2494E-01 0.266526 0.00573232
1.04176E+06 3.631287 3.547240 1.600000 0.552424 0.344731 61.5150 1 6.69873E-12 3.56525 7.2494E-01 0.266526 0.00573232
1.23064E+06 3.673785 3.542950 1.599999 0.559009 0.344731 68.9520 1 2.00639E-11 3.55935 7.2494E-01 0.266526 0.00573232
1.40998E+06 3.712706 3.539025 1.599996 0.566136 0.344731 76.6638 1 5.54682E-11 3.55373 7.2494E-01 0.266526 0.00573232
1.57820E+06 3.747864 3.535456 1.599989 0.573648 0.344731 84.4291 1 1.40779E-10 3.54855 7.2494E-01 0.266526 0.00573232
1.73493E+06 3.779468 3.532234 1.599974 0.581414 0.344731 92.1114 1 3.28806E-10 3.54385 7.2494E-01 0.266526 0.00573232
1.88045E+06 3.807888 3.529329 1.599917 0.589318 0.424356 241.8332 0 2.08569E-09 3.53271 7.2494E-01 0.266526 0.00573232
2.01533E+06 3.831133 3.526063 1.599755 0.596210 0.554635 261.5991 0 3.86056E-09 3.52982 7.2420E-01 0.267006 0.00597996
2.14230E+06 3.850820 3.522622 1.599452 0.602434 0.716272 279.3485 0 6.81341E-09 3.52743 7.2297E-01 0.267815 0.00638864
2.26314E+06 3.868017 3.519129 1.598949 0.608233 0.896688 295.6537 0 1.15820E-08 3.52539 7.2138E-01 0.268864 0.00690205
2.37857E+06 3.883349 3.515430 1.598099 0.613734 1.08698 311.0306 0 1.93837E-08 3.52351 7.1956E-01 0.270083 0.00748376
2.48894E+06 3.897234 3.466048 1.595511 0.619016 1.2808 326.0936 0 3.30183E-08 3.52149 7.1756E-01 0.271421 0.00810705
2.59447E+06 3.909981 3.445416 1.591405 0.624136 1.47375 340.8859 0 5.41723E-08 3.51939 7.1546E-01 0.27284 0.00875248
2.69533E+06 3.921827 3.434900 1.586232 0.629135 1.66294 355.5090 0 7.06510E-08 3.51724 7.1330E-01 0.274308 0.00940534
2.79170E+06 3.932833 3.424633 1.547791 0.634040 1.84344 381.4763 0 5.23466E-06 3.50886 7.1110E-01 0.275807 0.0100561
2.88382E+06 3.943530 3.391276 1.203533 0.639040 1.95178 586.8149 0 2.26430E-05 3.48136 7.0893E-01 0.277295 0.0106859
2.92550E+06 3.908107 3.384574 0.914234 0.640039 1.95178 648.7585 0 3.74029E-05 3.48897 7.0759E-01 0.278214 0.0110685
2.97178E+06 3.957377 3.567614 0.662325 0.645810 1.95178 363.8056 0 3.50910E-09 3.5985 7.0759E-01 0.278214 0.0110685
3.05186E+06 3.971651 3.622639 0.653088 0.653088 1.95178 312.4585 0 3.35176E-10 3.62051 7.0759E-01 0.278214 0.0110685
0.00000E+00 3.274300 3.583840 1.700000 0.522000 0.339788 23.4546 1 2.04471E-15 3.61119 7.2494E-01 0.266466 0.0057371
1.49212E+05 3.308899 3.580795 1.700000 0.523665 0.339788 25.4985 1 2.08396E-15 3.60775 7.2494E-01 0.266466 0.0057371
3.14709E+05 3.349401 3.577177 1.700000 0.525827 0.339788 28.1491 1 2.46622E-15 3.60356 7.2494E-01 0.266466 0.0057371
4.96927E+05 3.395281 3.573039 1.700000 0.528629 0.339788 31.5265 1 7.33745E-15 3.59862 7.2494E-01 0.266466 0.0057371
6.93953E+05 3.445410 3.568462 1.700000 0.532199 0.339788 35.7364 1 2.43969E-14 3.59301 7.2494E-01 0.266466 0.0057371
9.00949E+05 3.497712 3.563619 1.700000 0.536615 0.339788 40.8041 1 8.66016E-14 3.58689 7.2494E-01 0.266466 0.0057371
1.11107E+06 3.549705 3.558684 1.700000 0.541870 0.339788 46.6188 1 3.10820E-13 3.5806 7.2494E-01 0.266466 0.0057371
1.31765E+06 3.599274 3.553908 1.700000 0.547884 0.339788 53.0259 1 1.06860E-12 3.57435 7.2494E-01 0.266466 0.0057371
1.51590E+06 3.645140 3.549458 1.700000 0.554530 0.339788 59.8297 1 3.39798E-12 3.56834 7.2494E-01 0.266466 0.0057371
1.70322E+06 3.686820 3.545314 1.699999 0.561674 0.339788 66.8445 1 9.90549E-12 3.56271 7.2494E-01 0.266466 0.0057371
1.87858E+06 3.724357 3.541537 1.699998 0.569186 0.339788 73.9489 1 2.63360E-11 3.55747 7.2494E-01 0.266466 0.0057371
2.04188E+06 3.758064 3.538211 1.699995 0.576947 0.339788 81.0589 1 6.37660E-11 3.55261 7.2494E-01 0.266466 0.0057371
2.19348E+06 3.788334 3.535158 1.699988 0.584847 0.414183 88.0666 1 1.43029E-10 3.54818 7.2494E-01 0.266466 0.0057371
2.33399E+06 3.813017 3.531810 1.699975 0.591696 0.538239 94.2312 1 2.94789E-10 3.54455 7.2425E-01 0.266916 0.0059669
2.46637E+06 3.833823 3.528318 1.699951 0.597830 0.694919 99.7260 1 5.69884E-10 3.54155 7.2307E-01 0.267695 0.00635318
2.59265E+06 3.851898 3.524729 1.699837 0.603495 0.872814 255.3747 0 3.44920E-09 3.54556 7.2153E-01 0.268714 0.00684695
2.71368E+06 3.867897 3.520831 1.699605 0.608821 1.06346 269.1954 0 5.89593E-09 3.54372 7.1973E-01 0.269923 0.00741565
2.82988E+06 3.882267 3.478814 1.697594 0.613892 1.26028 282.5335 0 2.46579E-08 3.54179 7.1773E-01 0.271271 0.00803469
2.94146E+06 3.895357 3.455467 1.694085 0.618776 1.45872 295.4518 0 4.42951E-08 3.53983 7.1559E-01 0.27272 0.00868454
3.04858E+06 3.907422 3.444864 1.689560 0.623518 1.65554 308.2919 0 5.88154E-08 3.53777 7.1337E-01 0.274239 0.00935076
3.15135E+06 3.918659 3.437055 1.684128 0.628152 1.84847 320.8523 0 7.29251E-08 3.53571 7.1108E-01 0.275797 0.0100223
3.24991E+06 3.929222 3.430657 1.677842 0.632703 2.03613 333.4633 0 8.71804E-08 3.53357 7.0877E-01 0.277396 0.0106913
3.34441E+06 3.939229 3.425045 1.669420 0.637186 2.2175 346.6620 0 4.20533E-07 3.53109 7.0644E-01 0.279004 0.011352
3.43499E+06 3.948692 3.414316 1.588171 0.641623 2.38674 384.1940 0 6.23327E-06 3.5154 7.0412E-01 0.280613 0.0119999
3.52191E+06 3.958468 3.400147 0.778773 0.646397 2.38674 774.7853 0 6.33719E-05 3.49784 7.0188E-01 0.282172 0.0126127
3.60502E+06 3.974240 3.569985 0.670439 0.654489 2.38674 357.7668 0 4.47428E-09 3.60336 7.0188E-01 0.282172 0.0126127
3.67819E+06 3.987572 3.625781 0.661514 0.661514 2.38674 305.6235 0 4.64722E-10 3.62568 7.0188E-01 0.282172 0.0126127
0.00000E+00 3.187300 3.596577 1.800000 0.511900 0.337799 18.1265 1 1.72437E-15 3.62261 7.2494E-01 0.267401 0.00573657
1.64057E+05 3.219331 3.593903 1.800000 0.513271 0.337799 19.5467 1 1.74604E-15 3.6197 7.2494E-01 0.267401 0.00573657
3.42921E+05 3.256382 3.590771 1.800000 0.515001 0.337799 21.3445 1 1.77426E-15 3.61623 7.2494E-01 0.267401 0.00573657
5.37361E+05 3.298239 3.587211 1.800000 0.517193 0.337799 23.5966 1 1.81135E-15 3.61217 7.2494E-01 0.267401 0.00573657
7.46755E+05 3.344537 3.583240 1.800000 0.519955 0.337799 26.3844 1 1.85993E-15 3.60758 7.2494E-01 0.267401 0.00573657
9.68414E+05 3.394237 3.578907 1.800000 0.523385 0.337799 29.7936 1 2.36243E-15 3.60241 7.2494E-01 0.267401 0.00573657
1.19750E+06 3.445707 3.574343 1.800000 0.527545 0.337799 33.8394 1 8.01670E-15 3.59684 7.2494E-01 0.267401 0.00573657
1.42796E+06 3.497078 3.569710 1.800000 0.532444 0.337799 38.4852 1 2.75015E-14 3.59106 7.2494E-01 0.267401 0.00573657
1.65404E+06 3.546705 3.565163 1.800000 0.538041 0.337799 43.6629 1 9.17742E-14 3.5852 7.2494E-01 0.267401 0.00573657
1.87147E+06 3.593461 3.560852 1.800000 0.544258 0.337799 49.2403 1 2.88963E-13 3.57948 7.2494E-01 0.267401 0.00573657
2.07770E+06 3.636765 3.556781 1.800000 0.551001 0.337799 55.0880 1 8.48658E-13 3.57406 7.2494E-01 0.267401 0.00573657
2.27154E+06 3.676453 3.552988 1.800000 0.558168 0.337799 61.1252 1 2.31058E-12 3.56893 7.2494E-01 0.267401 0.00573657
2.45267E+06 3.712623 3.549510 1.800000 0.565657 0.337799 67.2679 1 5.81954E-12 3.56411 7.2494E-01 0.267401 0.00573657
2.62127E+06 3.745510 3.546358 1.799999 0.573370 0.337799 73.4524 1 1.35919E-11 3.5596 7.2494E-01 0.267401 0.00573657
2.77783E+06 3.775419 3.543465 1.799997 0.581219 0.406564 79.6280 1 2.96969E-11 3.55539 7.2494E-01 0.267401 0.00573657
2.92302E+06 3.799961 3.540151 1.799995 0.587999 0.522953 85.1001 1 6.04457E-11 3.55191 7.2430E-01 0.267831 0.00594691
3.05992E+06 3.820716 3.536598 1.799989 0.594028 0.672016 89.9646 1 1.16384E-10 3.54905 7.2318E-01 0.26857 0.00630539
3.19081E+06 3.838787 3.532877 1.799980 0.599551 0.843637 94.4591 1 2.15572E-10 3.54651 7.2170E-01 0.269559 0.00676975
3.31667E+06 3.854807 3.528753 1.799963 0.604704 1.02995 98.6142 1 3.94675E-10 3.54428 7.1995E-01 0.270738 0.00731161
3.43796E+06 3.869201 3.498155 1.798679 0.609574 1.22484 248.2171 0 1.51974E-08 3.56063 7.1799E-01 0.272067 0.00790877
3.55493E+06 3.882288 3.467283 1.795866 0.614228 1.42357 259.4776 0 3.42881E-08 3.55878 7.1586E-01 0.273526 0.00854348
3.66770E+06 3.894320 3.456132 1.792113 0.618719 1.62272 270.3352 0 4.68919E-08 3.55695 7.1362E-01 0.275055 0.00920143
3.77637E+06 3.905490 3.448380 1.787521 0.623084 1.81981 281.0936 0 5.89021E-08 3.55506 7.1130E-01 0.276653 0.00987157
3.88103E+06 3.915952 3.441931 1.782118 0.627351 2.01304 291.6509 0 7.13382E-08 3.55318 7.0893E-01 0.278302 0.0105455
3.98178E+06 3.925828 3.436387 1.775927 0.631544 2.20137 302.2990 0 8.41887E-08 3.5512 7.0653E-01 0.279971 0.0112168
4.07872E+06 3.935214 3.431475 1.768970 0.635676 2.38389 312.9162 0 9.74695E-08 3.54918 7.0411E-01 0.281659 0.0118807
4.17199E+06 3.944191 3.426945 1.761269 0.639762 2.56027 323.7683 0 1.11313E-07 3.54706 7.0170E-01 0.283348 0.0125336
4.26169E+06 3.952819 3.422752 1.752741 0.643809 2.73023 334.6844 0 2.28948E-07 3.54489 6.9929E-01 0.285037 0.0131732
4.34796E+06 3.961125 3.417580 1.726376 0.647823 2.89295 350.8906 0 4.82170E-06 3.5397 6.9690E-01 0.286725 0.0137972
4.43093E+06 3.969282 3.401689 1.560861 0.651902 3.03991 416.7269 0 9.14016E-06 3.50919 6.9455E-01 0.288394 0.0144017
4.49321E+06 3.971897 3.367809 1.013678 0.654317 3.03991 758.0900 0 6.33803E-05 3.47708 6.9236E-01 0.289953 0.0149532
4.51064E+06 3.978699 3.537419 0.678631 0.656727 3.03991 414.6696 0 1.71543E-08 3.58673 6.9236E-01 0.289953 0.0149532
4.58573E+06 3.992707 3.585094 0.677718 0.664206 3.03991 327.7480 0 4.35931E-09 3.6167 6.9236E-01 0.289953 0.0149532
4.65235E+06 4.001179 3.550888 0.668831 0.668831 3.03991 332.2843 0 1.21171E-08 3.61861 6.9236E-01 0.289953 0.0149532
0.00000E+00 3.212600 3.595737 1.850000 0.509200 0.338533 18.7768 1 1.63548E-15 3.62185 7.2394E-01 0.268365 0.00573236
1.68170E+05 3.239539 3.593476 1.850000 0.510492 0.338533 20.0097 1 1.65361E-15 3.61938 7.2394E-01 0.268365 0.00573236
3.50662E+05 3.270852 3.590845 1.850000 0.512110 0.338533 21.5522 1 1.67679E-15 3.61646 7.2394E-01 0.268365 0.00573236
5.48297E+05 3.306575 3.587810 1.850000 0.514145 0.338533 23.4765 1 1.70693E-15 3.61301 7.2394E-01 0.268365 0.00573236
7.60728E+05 3.346632 3.584386 1.850000 0.516697 0.338533 25.8527 1 1.74603E-15 3.60906 7.2394E-01 0.268365 0.00573236
9.85805E+05 3.390410 3.580594 1.850000 0.519864 0.338533 28.7528 1 4.16598E-15 3.60462 7.2394E-01 0.268365 0.00573236
1.21934E+06 3.436730 3.576530 1.850000 0.523716 0.338533 32.2246 1 1.24513E-14 3.5997 7.2394E-01 0.268365 0.00573236
1.45573E+06 3.484052 3.572305 1.850000 0.528283 0.338533 36.2586 1 3.85393E-14 3.59445 7.2394E-01 0.268365 0.00573236
1.68920E+06 3.530826 3.568058 1.850000 0.533547 0.338533 40.7730 1 1.19166E-13 3.58916 7.2394E-01 0.268365 0.00573236
1.91514E+06 3.575820 3.563958 1.850000 0.539451 0.338533 45.7200 1 3.56319E-13 3.58383 7.2394E-01 0.268365 0.00573236
2.13049E+06 3.618242 3.560041 1.850000 0.545915 0.338533 51.0097 1 1.01333E-12 3.57858 7.2394E-01 0.268365 0.00573236
2.33366E+06 3.657701 3.556330 1.850000 0.552848 0.338533 56.5102 1 2.71436E-12 3.57362 7.2394E-01 0.268365 0.00573236
2.52402E+06 3.694095 3.552867 1.849999 0.560153 0.338533 62.1573 1 6.81262E-12 3.56893 7.2394E-01 0.268365 0.00573236
2.70156E+06 3.727505 3.549669 1.849999 0.567735 0.338533 67.8947 1 1.60097E-11 3.56451 7.2394E-01 0.268365 0.00573236
2.86665E+06 3.758114 3.546757 1.849997 0.575503 0.338533 73.6759 1 3.52644E-11 3.56033 7.2394E-01 0.268365 0.00573236
3.01986E+06 3.786156 3.544065 1.849993 0.583374 0.405179 79.4428 1 7.33625E-11 3.55643 7.2394E-01 0.268365 0.00573236
3.16189E+06 3.809225 3.540941 1.849986 0.590147 0.518435 84.5152 1 1.43202E-10 3.55324 7.2331E-01 0.268774 0.00593459
3.29586E+06 3.828796 3.537562 1.849975 0.596148 0.664274 89.0922 1 2.66334E-10 3.5505 7.2222E-01 0.269504 0.00628079
3.42405E+06 3.845867 3.533973 1.849953 0.601617 0.832866 93.2425 1 4.78943E-10 3.54817 7.2077E-01 0.270483 0.00673125
3.54748E+06 3.861013 3.530026 1.849917 0.606688 1.01661 97.1020 1 8.50994E-10 3.54609 7.1904E-01 0.271662 0.00725899
3.66665E+06 3.874633 3.506281 1.841809 0.611453 1.20925 244.0653 0 3.86989E-07 3.5671 7.1709E-01 0.272991 0.00784262
3.78183E+06 3.887092 3.470024 1.839874 0.616013 1.40653 254.2982 0 2.42442E-08 3.56551 7.1498E-01 0.27444 0.00846408
3.89299E+06 3.898528 3.458809 1.837335 0.620380 1.60469 264.1203 0 3.26283E-08 3.56397 7.1275E-01 0.275979 0.00911086
4.00032E+06 3.909154 3.451230 1.834299 0.624608 1.80142 273.7645 0 4.00106E-08 3.56242 7.1043E-01 0.277587 0.00977101
4.10393E+06 3.919105 3.445037 1.830813 0.628723 1.99498 282.9801 0 4.72739E-08 3.56096 7.0806E-01 0.279236 0.0104369
4.20389E+06 3.928493 3.439769 1.826908 0.632749 2.18409 292.3610 0 5.44846E-08 3.5594 7.0565E-01 0.280925 0.0111021
4.30032E+06 3.937410 3.435072 1.822610 0.636703 2.36804 301.3704 0 6.17784E-08 3.55793 7.0321E-01 0.282634 0.011762
4.39332E+06 3.945928 3.430936 1.817945 0.640598 2.54633 310.4391 0 6.90072E-08 3.55643 7.0078E-01 0.284342 0.0124129
4.48299E+06 3.954105 3.427113 1.812939 0.644442 2.71876 319.5536 0 7.63400E-08 3.55489 6.9834E-01 0.286061 0.0130527
4.56946E+06 3.961985 3.423675 1.807615 0.648243 2.88513 328.3076 0 8.35900E-08 3.55346 6.9592E-01 0.28778 0.013679
4.65284E+06 3.969607 3.420185 1.799734 0.652004 3.04538 338.0568 0 6.33205E-07 3.55154 6.9351E-01 0.289498 0.0142906
4.73325E+06 3.976994 3.413256 1.740649 0.655741 3.19797 362.7533 0 8.34780E-06 3.5411 6.9113E-01 0.291197 0.0148866
4.81084E+06 3.984593 3.370416 1.183399 0.659695 3.2785 661.4409 0 6.84045E-05 3.47992 6.8880E-01 0.292866 0.0154598
4.84128E+06 3.940045 3.378177 0.660207 0.660207 3.2785 911.7022 0 2.32251E-04 3.49166 6.8754E-01 0.293775 0.015764
0.00000E+00 3.096900 3.606245 1.900000 0.493400 0.338708 14.0191 1 1.48470E-15 3.6333 7.2394E-01 0.268347 0.00574154
1.95534E+05 3.114568 3.604817 1.900000 0.494184 0.338708 14.6076 1 1.49187E-15 3.63176 7.2394E-01 0.268347 0.00574154
4.01248E+05 3.134842 3.603176 1.900000 0.495111 0.338708 15.3143 1 1.50047E-15 3.62999 7.2394E-01 0.268347 0.00574154
6.17929E+05 3.157607 3.601316 1.900000 0.496212 0.338708 16.1494 1 1.51087E-15 3.62799 7.2394E-01 0.268347 0.00574154
8.46162E+05 3.183129 3.599230 1.900000 0.497529 0.338708 17.1448 1 1.52360E-15 3.62572 7.2394E-01 0.268347 0.00574154
1.08614E+06 3.211616 3.596893 1.900000 0.499112 0.338708 18.3288 1 1.53923E-15 3.62317 7.2394E-01 0.268347 0.00574154
1.33743E+06 3.243166 3.594269 1.900000 0.501014 0.338708 19.7417 1 1.55854E-15 3.62031 7.2394E-01 0.268347 0.00574154
1.59873E+06 3.277704 3.591387 1.900000 0.503297 0.338708 21.4210 1 1.58243E-15 3.61712 7.2394E-01 0.268347 0.00574154
1.86772E+06 3.314941 3.588248 1.900000 0.506017 0.338708 23.4122 1 1.61207E-15 3.61357 7.2394E-01 0.268347 0.00574154
2.14111E+06 3.354360 3.584901 1.900000 0.509227 0.338708 25.7366 1 1.64847E-15 3.60972 7.2394E-01 0.268347 0.00574154
2.41500E+06 3.395267 3.581391 1.900000 0.512966 0.338708 28.4114 1 1.69276E-15 3.60563 7.2394E-01 0.268347 0.00574154
2.68540E+06 3.436879 3.577781 1.900000 0.517255 0.338708 31.4633 1 2.75457E-15 3.60126 7.2394E-01 0.268347 0.00574154
2.94877E+06 3.478429 3.574117 1.900000 0.522096 0.338708 34.8671 1 7.39495E-15 3.59678 7.2394E-01 0.268347 0.00574154
3.20238E+06 3.519247 3.570466 1.900000 0.527473 0.338708 38.6063 1 1.96868E-14 3.59224 7.2394E-01 0.268347 0.00574154
3.44432E+06 3.558805 3.566911 1.900000 0.533355 0.338708 42.6556 1 5.12130E-14 3.58769 7.2394E-01 0.268347 0.00574154
3.67348E+06 3.596723 3.563469 1.900000 0.539696 0.338708 46.9616 1 1.29139E-13 3.58324 7.2394E-01 0.268347 0.00574154
3.88930E+06 3.632750 3.560183 1.900000 0.546439 0.338708 51.5374 1 3.13499E-13 3.57879 7.2394E-01 0.268347 0.00574154
4.09165E+06 3.666750 3.557011 1.900000 0.553517 0.338708 56.2578 1 7.31970E-13 3.5746 7.2394E-01 0.268347 0.00574154
4.28071E+06 3.698674 3.554018 1.900000 0.560861 0.338708 61.1366 1 1.63562E-12 3.57055 7.2394E-01 0.268347 0.00574154
4.45688E+06 3.728542 3.551186 1.900000 0.568399 0.338708 66.1385 1 3.50164E-12 3.56663 7.2394E-01 0.268347 0.00574154
4.62073E+06 3.756425 3.548551 1.899999 0.576063 0.338708 71.1967 1 7.16665E-12 3.56293 7.2394E-01 0.268347 0.00574154
4.77294E+06 3.782427 3.546110 1.899999 0.583789 0.399582 76.3034 1 1.40477E-11 3.5594 7.2394E-01 0.268347 0.00574154
4.91424E+06 3.803998 3.543236 1.899997 0.590401 0.503286 80.8127 1 2.61044E-11 3.55648 7.2334E-01 0.268747 0.00592518
5.04774E+06 3.822419 3.540106 1.899995 0.596213 0.636982 84.8926 1 4.65284E-11 3.55396 7.2229E-01 0.269466 0.00624008
5.17578E+06 3.838624 3.536742 1.899992 0.601480 0.792166 88.6129 1 8.07686E-11 3.5518 7.2090E-01 0.270426 0.00664975
5.29942E+06 3.853146 3.533167 1.899986 0.606347 0.962202 92.0979 1 1.37805E-10 3.54985 7.1924E-01 0.271575 0.0071307
5.41915E+06 3.866332 3.528009 1.899975 0.610907 1.14194 95.3214 1 2.54975E-10 3.54817 7.1736E-01 0.272894 0.00766453
5.53518E+06 3.878431 3.480015 1.897963 0.615230 1.32715 235.7241 0 2.49514E-08 3.57581 7.1532E-01 0.274323 0.00823654
5.64766E+06 3.889649 3.466803 1.895090 0.619373 1.51472 244.6152 0 3.62924E-08 3.57431 7.1315E-01 0.275862 0.00883444
5.75663E+06 3.900123 3.458720 1.891497 0.623371 1.7021 253.5202 0 4.63582E-08 3.5727 7.1087E-01 0.277471 0.00944863
5.86212E+06 3.909980 3.452361 1.887221 0.627259 1.88758 262.2902 0 5.65295E-08 3.57109 7.0854E-01 0.279129 0.0100711
5.96420E+06 3.919317 3.446963 1.882273 0.631062 2.06982 270.8604 0 6.70526E-08 3.5695 7.0615E-01 0.280828 0.0106956
6.06293E+06 3.928213 3.442197 1.876666 0.634799 2.24791 279.7806 0 7.80004E-08 3.56773 7.0374E-01 0.282557 0.0113175
6.15838E+06 3.936734 3.437864 1.870405 0.638485 2.42134 288.4383 0 8.94186E-08 3.56604 7.0131E-01 0.284306 0.0119334
6.25062E+06 3.944933 3.433909 1.863508 0.642131 2.58975 297.2372 0 1.01218E-07 3.56426 6.9888E-01 0.286055 0.0125404
6.33974E+06 3.952853 3.430225 1.855992 0.645745 2.7528 306.3376 0 1.13424E-07 3.56237 6.9645E-01 0.287813 0.0131365
6.42583E+06 3.960530 3.426782 1.847875 0.649335 2.91053 315.1884 0 1.25969E-07 3.56055 6.9403E-01 0.289572 0.0137201
6.50896E+06 3.967992 3.423502 1.839182 0.652903 3.06277 324.5913 0 1.38898E-07 3.55853 6.9163E-01 0.291311 0.0142902
6.58923E+06 3.975265 3.420283 1.828640 0.656455 3.20979 334.3729 0 4.87964E-07 3.5563 6.8925E-01 0.29305 0.0148458
6.66674E+06 3.982340 3.415446 1.793990 0.659999 3.35054 351.1733 0 4.99126E-06 3.55009 6.8690E-01 0.294778 0.0153864
6.74158E+06 3.989449 3.400693 1.629493 0.663648 3.4806 412.5249 0 9.08097E-06 3.52111 6.8459E-01 0.296477 0.0159085
6.80191E+06 3.993380 3.365454 1.037382 0.666264 3.4806 769.1184 0 6.88314E-05 3.47851 6.8240E-01 0.298096 0.0163937
6.81363E+06 3.997725 3.551737 0.687277 0.667985 3.4806 388.3313 0 1.52601E-08 3.59756 6.8240E-01 0.298096 0.0163937
6.88178E+06 4.010986 3.602721 0.675226 0.675226 3.4806 303.2422 0 3.32084E-09 3.63034 6.8240E-01 0.298096 0.0163937
0.00000E+00 3.191000 3.599042 2.000000 0.501800 0.342512 16.6570 1 1.35879E-15 3.62815 7.2194E-01 0.26936 0.00572835
1.79890E+05 3.212139 3.597290 2.000000 0.502874 0.342512 17.5028 1 1.36869E-15 3.62626 7.2194E-01 0.26936 0.00572835
3.72547E+05 3.236805 3.595225 2.000000 0.504187 0.342512 18.5461 1 1.38125E-15 3.62405 7.2194E-01 0.26936 0.00572835
5.78854E+05 3.264973 3.592862 2.000000 0.505803 0.342512 19.8161 1 1.39703E-15 3.6215 7.2194E-01 0.26936 0.00572835
7.99045E+05 3.296866 3.590167 2.000000 0.507795 0.342512 21.3664 1 1.41705E-15 3.61857 7.2194E-01 0.26936 0.00572835
1.03226E+06 3.332451 3.587135 2.000000 0.510247 0.342512 23.2507 1 1.44247E-15 3.61523 7.2194E-01 0.26936 0.00572835
1.27613E+06 3.371336 3.583778 2.000000 0.513237 0.342512 25.5248 1 1.47474E-15 3.61145 7.2194E-01 0.26936 0.00572835
1.52680E+06 3.412745 3.580171 2.000000 0.516827 0.342512 28.2062 1 1.51506E-15 3.60734 7.2194E-01 0.26936 0.00572835
1.77932E+06 3.455617 3.576394 2.000000 0.521055 0.342512 31.3172 1 2.21359E-15 3.60291 7.2194E-01 0.26936 0.00572835
2.02869E+06 3.498803 3.572555 2.000000 0.525923 0.342512 34.8324 1 6.19480E-15 3.5983 7.2194E-01 0.26936 0.00572835
2.27067E+06 3.541273 3.568728 2.000000 0.531406 0.342512 38.7269 1 1.72081E-14 3.59358 7.2194E-01 0.26936 0.00572835
2.50227E+06 3.582240 3.565011 2.000000 0.537455 0.342512 42.9150 1 4.64780E-14 3.58896 7.2194E-01 0.26936 0.00572835
2.72172E+06 3.621185 3.561401 2.000000 0.544004 0.342512 47.3851 1 1.21031E-13 3.58435 7.2194E-01 0.26936 0.00572835
2.92815E+06 3.657819 3.557986 2.000000 0.550978 0.342512 52.0517 1 3.00289E-13 3.57991 7.2194E-01 0.26936 0.00572835
3.12133E+06 3.692028 3.554779 2.000000 0.558293 0.342512 56.8419 1 7.07216E-13 3.57572 7.2194E-01 0.26936 0.00572835
3.30144E+06 3.723819 3.551795 2.000000 0.565865 0.342512 61.7670 1 1.57999E-12 3.57163 7.2194E-01 0.26936 0.00572835
3.46891E+06 3.753283 3.548988 2.000000 0.573613 0.342512 66.7193 1 3.35900E-12 3.56784 7.2194E-01 0.26936 0.00572835
3.62435E+06 3.780559 3.546356 1.999999 0.581461 0.40397 71.6963 1 6.81119E-12 3.56424 7.2194E-01 0.26936 0.00572835
3.76849E+06 3.803023 3.543469 1.999999 0.588169 0.509754 76.0719 1 1.28536E-11 3.56128 7.2136E-01 0.26974 0.00591198
3.90461E+06 3.822028 3.540396 1.999998 0.594041 0.64738 79.9978 1 2.30267E-11 3.55875 7.2034E-01 0.27043 0.00623049
4.03522E+06 3.838560 3.537177 1.999996 0.599326 0.808321 83.5399 1 3.97449E-11 3.55661 7.1898E-01 0.271359 0.00664876
4.16153E+06 3.853207 3.533586 1.999993 0.604173 0.985892 86.8406 1 6.79229E-11 3.55466 7.1733E-01 0.272488 0.00714401
4.28410E+06 3.866354 3.527371 1.999987 0.608679 1.1747 89.8589 1 1.34647E-10 3.553 7.1546E-01 0.273777 0.00769803
4.40320E+06 3.878281 3.481113 1.997936 0.612915 1.37036 217.2268 0 2.47373E-08 3.59118 7.1340E-01 0.275196 0.00829604
4.51897E+06 3.889207 3.469549 1.995088 0.616938 1.56939 225.4470 0 3.49597E-08 3.58962 7.1120E-01 0.276725 0.00892574
4.63145E+06 3.899307 3.462122 1.991535 0.620793 1.76905 233.1372 0 4.44034E-08 3.5882 7.0889E-01 0.278344 0.00957642
4.74067E+06 3.908725 3.456210 1.987298 0.624518 1.96731 240.7239 0 5.40840E-08 3.58672 7.0651E-01 0.280013 0.0102398
4.84668E+06 3.917576 3.451138 1.982378 0.628140 2.16275 248.4379 0 6.42298E-08 3.58511 7.0406E-01 0.281732 0.0109092
4.94950E+06 3.925953 3.446632 1.976790 0.631682 2.35431 255.7466 0 7.48860E-08 3.58361 7.0158E-01 0.283481 0.0115792
5.04919E+06 3.933934 3.442612 1.970506 0.635163 2.54121 263.1235 0 8.59544E-08 3.58203 6.9907E-01 0.28526 0.0122457
5.14580E+06 3.941582 3.438923 1.963549 0.638596 2.72299 270.7037 0 9.74777E-08 3.58032 6.9654E-01 0.287049 0.0129055
5.23939E+06 3.948945 3.435410 1.955933 0.641990 2.89929 278.1427 0 1.09575E-07 3.57865 6.9402E-01 0.288848 0.0135561
5.33003E+06 3.956066 3.432194 1.947666 0.645356 3.07005 285.6572 0 1.21939E-07 3.57692 6.9150E-01 0.290636 0.0141956
5.41779E+06 3.962984 3.429094 1.938769 0.648701 3.2351 293.5505 0 1.34786E-07 3.57503 6.8900E-01 0.292435 0.0148223
5.50273E+06 3.969725 3.426112 1.929255 0.652030 3.39443 301.6134 0 1.48047E-07 3.57308 6.8651E-01 0.294214 0.0154352
5.58494E+06 3.976313 3.423299 1.919151 0.655346 3.54845 309.6642 0 1.61538E-07 3.57113 6.8405E-01 0.295993 0.0160333
5.66448E+06 3.982770 3.420488 1.908475 0.658653 3.69661 318.2465 0 1.75564E-07 3.569 6.8160E-01 0.297752 0.0166174
5.74144E+06 3.989011 3.417763 1.896236 0.661900 3.8386 327.1437 0 5.08380E-07 3.56667 6.7919E-01 0.299501 0.0171843
5.81591E+06 3.995212 3.413920 1.867101 0.665183 3.9754 340.8277 0 4.80997E-06 3.56165 6.7682E-01 0.30122 0.017732
5.88796E+06 4.001446 3.402714 1.737476 0.668543 4.1045 385.8279 0 7.59689E-06 3.53993 6.7449E-01 0.302909 0.0182637
5.95754E+06 4.008476 3.363582 1.167712 0.672397 4.16974 702.5007 0 5.54719E-05 3.4805 6.7223E-01 0.304558 0.0187689
6.02366E+06 4.020238 3.584484 0.692858 0.678992 4.16974 328.2390 0 9.50160E-09 3.62119 6.7107E-01 0.305417 0.0190249
6.08169E+06 4.029443 3.726603 0.684249 0.684249 4.16974 320.5835 0 7.72863E-12 3.62739 6.7107E-01 0.305417 0.0190249
0.00000E+00 3.242100 3.602805 2.200000 0.516600 0.339129 17.1529 1 1.11341E-15 3.62978 7.1796E-01 0.2743 0.00572063
1.55165E+05 3.273864 3.600212 2.200000 0.518125 0.339129 18.4791 1 1.12712E-15 3.62694 7.1796E-01 0.2743 0.00572063
3.25867E+05 3.311041 3.597140 2.200000 0.520079 0.339129 20.1668 1 1.14505E-15 3.62358 7.1796E-01 0.2743 0.00572063
5.12715E+05 3.353348 3.593602 2.200000 0.522582 0.339129 22.2817 1 1.16877E-15 3.61972 7.1796E-01 0.2743 0.00572063
7.14461E+05 3.400155 3.589649 2.200000 0.525755 0.339129 24.9063 1 1.20015E-15 3.6153 7.1796E-01 0.2743 0.00572063
9.27344E+05 3.450010 3.585385 2.200000 0.529691 0.339129 28.0792 1 1.24096E-15 3.61041 7.1796E-01 0.2743 0.00572063
1.14544E+06 3.500890 3.580993 2.200000 0.534422 0.339129 31.7665 1 3.26879E-15 3.60527 7.1796E-01 0.2743 0.00572063
1.36223E+06 3.550757 3.576631 2.200000 0.539914 0.339129 35.9110 1 1.07170E-14 3.59998 7.1796E-01 0.2743 0.00572063
1.57237E+06 3.598075 3.572431 2.200000 0.546081 0.339129 40.4075 1 3.34992E-14 3.59473 7.1796E-01 0.2743 0.00572063
1.77247E+06 3.641980 3.568502 2.200000 0.552814 0.339129 45.1040 1 9.74843E-14 3.58979 7.1796E-01 0.2743 0.00572063
1.96084E+06 3.682168 3.564860 2.200000 0.559999 0.339129 49.9661 1 2.62380E-13 3.58502 7.1796E-01 0.2743 0.00572063
2.13694E+06 3.718690 3.561541 2.200000 0.567522 0.339129 54.8461 1 6.50805E-13 3.58066 7.1796E-01 0.2743 0.00572063
2.30083E+06 3.751786 3.558484 2.200000 0.575280 0.339129 59.7443 1 1.49971E-12 3.57655 7.1796E-01 0.2743 0.00572063
2.45298E+06 3.781782 3.555706 2.200000 0.583175 0.339129 64.5883 1 3.22095E-12 3.57276 7.1796E-01 0.2743 0.00572063
2.59401E+06 3.808988 3.553169 2.199999 0.591115 0.400731 69.3607 1 6.49511E-12 3.56924 7.1796E-01 0.2743 0.00572063
2.72467E+06 3.830849 3.550286 2.199999 0.597756 0.50668 73.4388 1 1.21270E-11 3.56644 7.1741E-01 0.27467 0.00590026
2.84828E+06 3.848959 3.547154 2.199998 0.603459 0.645059 77.0111 1 2.14481E-11 3.56409 7.1643E-01 0.275309 0.00621127
2.96743E+06 3.864414 3.543808 2.199996 0.608503 0.807771 80.1635 1 3.65628E-11 3.56214 7.1512E-01 0.276189 0.00662166
3.08335E+06 3.877852 3.540070 2.199994 0.613047 0.988475 82.9981 1 6.15541E-11 3.56047 7.1354E-01 0.277268 0.00711042
3.19662E+06 3.889689 3.533003 2.199992 0.617197 1.1819 85.5881 1 1.25886E-10 3.55898 7.1172E-01 0.278497 0.00766105
3.30750E+06 3.900232 3.488285 2.198801 0.621030 1.38369 204.3792 0 1.54947E-08 3.61736 7.0972E-01 0.279867 0.00825998
3.41609E+06 3.909723 3.477465 2.197178 0.624609 1.5903 210.5184 0 2.13612E-08 3.61629 7.0756E-01 0.281346 0.00889539
3.52241E+06 3.918349 3.470588 2.195194 0.627984 1.79891 216.2594 0 2.64110E-08 3.61527 7.0528E-01 0.282915 0.00955758
3.62644E+06 3.926264 3.465157 2.192875 0.631195 2.00734 221.6889 0 3.13478E-08 3.61427 7.0291E-01 0.284544 0.0102379
3.72819E+06 3.933593 3.460651 2.190231 0.634273 2.21389 226.9348 0 3.62468E-08 3.61327 7.0047E-01 0.286233 0.0109297
3.82763E+06 3.940437 3.456666 2.187277 0.637244 2.41735 231.7180 0 4.12459E-08 3.6124 6.9798E-01 0.287962 0.0116272
3.92478E+06 3.946883 3.453173 2.184021 0.640130 2.61675 236.3370 0 4.62644E-08 3.61154 6.9545E-01 0.289721 0.012326
4.01965E+06 3.953001 3.450027 2.180471 0.642949 2.81164 240.8346 0 5.13370E-08 3.61069 6.9290E-01 0.2915 0.0130228
4.11226E+06 3.958846 3.447145 2.176639 0.645715 3.00153 245.2603 0 5.64784E-08 3.60982 6.9033E-01 0.293289 0.0137145
4.20263E+06 3.964465 3.444433 2.172535 0.648437 3.18624 249.7065 0 6.17337E-08 3.60892 6.8776E-01 0.295088 0.0143992
4.29080E+06 3.969891 3.442031 2.168169 0.651124 3.36574 254.1563 0 6.69022E-08 3.608 6.8519E-01 0.296887 0.0150755
4.37681E+06 3.975156 3.439701 2.163551 0.653782 3.5397 258.6413 0 7.22108E-08 3.60705 6.8263E-01 0.298686 0.0157418
4.46070E+06 3.980284 3.437514 2.158691 0.656417 3.70861 263.0233 0 7.75506E-08 3.60614 6.8008E-01 0.300476 0.0163967
4.54251E+06 3.985295 3.435351 2.153599 0.659032 3.87207 267.4575 0 8.30518E-08 3.60519 6.7754E-01 0.302265 0.0170409
4.62228E+06 3.990101 3.433453 2.148324 0.661574 4.02923 271.8439 0 8.83590E-08 3.60424 6.7503E-01 0.304034 0.0176721
4.70011E+06 3.994900 3.431584 2.142839 0.664147 4.18202 276.3757 0 9.37556E-08 3.60325 6.7255E-01 0.305793 0.0182864
4.77601E+06 3.999622 3.429759 2.137157 0.666707 4.32969 280.9806 0 9.92280E-08 3.60224 6.7008E-01 0.307532 0.0188897
4.85003E+06 4.004278 3.427962 2.131287 0.669258 4.47303 285.6435 0 1.04789E-07 3.60121 6.6764E-01 0.309261 0.0194791
4.92220E+06 4.008878 3.426291 2.125240 0.671802 4.61162 290.5306 0 1.10267E-07 3.60011 6.6522E-01 0.31098 0.0200567
4.99257E+06 4.013427 3.424669 2.119024 0.674340 4.74622 295.4358 0 1.15771E-07 3.59901 6.6283E-01 0.312689 0.0206205
5.06119E+06 4.017930 3.423061 2.112649 0.676872 4.87687 300.3532 0 1.21353E-07 3.59792 6.6046E-01 0.314378 0.0211724
5.12809E+06 4.022391 3.421440 2.106124 0.679400 5.00323 305.3507 0 1.27059E-07 3.59681 6.5811E-01 0.316057 0.0217125
5.19333E+06 4.026814 3.419952 2.099458 0.681923 5.12632 310.4382 0 1.32608E-07 3.59569 6.5579E-01 0.317716 0.0222388
5.25693E+06 4.031202 3.418488 2.092661 0.684442 5.24527 315.6485 0 1.38192E-07 3.59453 6.5349E-01 0.319366 0.0227542
5.31895E+06 4.035558 3.416985 2.084989 0.686958 5.36108 321.1926 0 3.95682E-07 3.59323 6.5121E-01 0.321005 0.0232559
5.37942E+06 4.039888 3.415069 2.070601 0.689472 5.47327 328.4922 0 1.95461E-06 3.59093 6.4896E-01 0.322624 0.0237468
5.43838E+06 4.044231 3.408102 1.980046 0.692009 5.58253 354.7515 0 1.28601E-05 3.57754 6.4673E-01 0.324233 0.0242249
5.49588E+06 4.049056 3.359396 1.030325 0.694844 5.59778 836.6702 0 2.47335E-04 3.48369 6.4453E-01 0.325822 0.0246923
5.50781E+06 3.907884 3.396203 0.694983 0.694983 5.59778 569.2383 0 1.26320E-04 3.53117 6.4422E-01 0.326052 0.0247574
0.00000E+00 3.451600 3.592733 2.500000 0.547200 0.340269 24.9111 1 9.17095E-16 3.61888 7.1499E-01 0.27722 0.00571907
1.14559E+05 3.485992 3.589815 2.500000 0.549361 0.340269 27.0443 1 9.39571E-16 3.61559 7.1499E-01 0.27722 0.00571907
2.45362E+05 3.526954 3.586303 2.500000 0.552282 0.340269 29.8495 1 9.70602E-16 3.61154 7.1499E-01 0.27722 0.00571907
3.91806E+05 3.573009 3.582332 2.500000 0.556143 0.340269 33.3704 1 2.17038E-15 3.60691 7.1499E-01 0.27722 0.00571907
5.49588E+05 3.621402 3.578094 2.500000 0.561026 0.340269 37.5789 1 6.92093E-15 3.60182 7.1499E-01 0.27722 0.00571907
7.11532E+05 3.668760 3.573892 2.500000 0.566851 0.340269 42.2659 1 2.18258E-14 3.59664 7.1499E-01 0.27722 0.00571907
8.70707E+05 3.712554 3.569974 2.500000 0.573424 0.340269 47.1803 1 6.39452E-14 3.59167 7.1499E-01 0.27722 0.00571907
1.02271E+06 3.751709 3.566434 2.500000 0.580525 0.340269 52.0907 1 1.69264E-13 3.58712 7.1499E-01 0.27722 0.00571907
1.16562E+06 3.786216 3.563309 2.500000 0.587964 0.340269 56.9065 1 4.03072E-13 3.58295 7.1499E-01 0.27722 0.00571907
1.29896E+06 3.816546 3.560558 2.500000 0.595591 0.340269 61.5016 1 8.70887E-13 3.57929 7.1499E-01 0.27722 0.00571907
1.42296E+06 3.843308 3.558102 2.500000 0.603284 0.340269 65.9357 1 1.73506E-12 3.5759 7.1499E-01 0.27722 0.00571907
1.53816E+06 3.867115 3.555919 2.500000 0.610961 0.340269 70.1265 1 3.22030E-12 3.57293 7.1499E-01 0.27722 0.00571907
1.64516E+06 3.888476 3.553941 2.500000 0.618556 0.340269 74.1631 1 5.64859E-12 3.57017 7.1499E-01 0.27722 0.00571907
1.74463E+06 3.907824 3.552155 2.499999 0.626028 0.340269 78.0164 1 9.43433E-12 3.56767 7.1499E-01 0.27722 0.00571907
1.83721E+06 3.925505 3.550524 2.499999 0.633347 0.399529 81.7324 1 1.51387E-11 3.56536 7.1499E-01 0.27722 0.00571907
1.92350E+06 3.939026 3.548473 2.499998 0.639055 0.498606 84.6874 1 2.29700E-11 3.5636 7.1445E-01 0.27758 0.00588856
2.00622E+06 3.949847 3.546136 2.499997 0.643706 0.625993 87.1066 1 3.36076E-11 3.56223 7.1353E-01 0.278209 0.00617398
2.08747E+06 3.958898 3.543554 2.499995 0.647670 0.775099 89.1464 1 4.81724E-11 3.56114 7.1232E-01 0.279029 0.00654427
2.16807E+06 3.966630 3.540601 2.499993 0.651121 0.940625 90.9085 1 6.88749E-11 3.56024 7.1086E-01 0.280029 0.00698285
2.24829E+06 3.973332 3.536311 2.499990 0.654173 1.11798 92.4449 1 1.05498E-10 3.55949 7.0920E-01 0.281168 0.00747611
2.32817E+06 3.979212 3.495256 2.499251 0.656906 1.30345 93.8323 1 1.26856E-08 3.55882 7.0737E-01 0.282418 0.00801245
2.40763E+06 3.984436 3.482964 2.498183 0.659386 1.49383 95.0671 1 1.83129E-08 3.55827 7.0541E-01 0.283777 0.00858208
2.48653E+06 3.989135 3.476333 2.496867 0.661665 1.68672 232.4471 0 2.25901E-08 3.64575 7.0335E-01 0.285196 0.0091764
2.56477E+06 3.993417 3.471475 2.495327 0.663786 1.88005 234.9936 0 2.65371E-08 3.6453 7.0121E-01 0.286686 0.00978821
2.64224E+06 3.997367 3.467551 2.493574 0.665783 2.07242 237.2989 0 3.03695E-08 3.64487 6.9900E-01 0.288215 0.0104117
2.71886E+06 4.001057 3.464188 2.491616 0.667685 2.26267 239.3806 0 3.41923E-08 3.64448 6.9675E-01 0.289775 0.0110425
2.79456E+06 4.004539 3.461308 2.489461 0.669511 2.45016 241.3370 0 3.79694E-08 3.6441 6.9447E-01 0.291354 0.0116769
2.86929E+06 4.007857 3.458768 2.487113 0.671278 2.63421 243.2223 0 4.17379E-08 3.64372 6.9217E-01 0.292953 0.0123119
2.94302E+06 4.011046 3.456393 2.484576 0.673002 2.81452 245.0755 0 4.55951E-08 3.64334 6.8985E-01 0.294563 0.0129453
3.01574E+06 4.014134 3.454304 2.481856 0.674692 2.99081 246.9165 0 4.93987E-08 3.64295 6.8753E-01 0.296182 0.0135757
3.08742E+06 4.017142 3.452377 2.478957 0.676356 3.1631 248.7597 0 5.32247E-08 3.64254 6.8521E-01 0.297801 0.0142016
3.15806E+06 4.020087 3.450583 2.475885 0.678001 3.33128 250.6252 0 5.70750E-08 3.64213 6.8289E-01 0.29942 0.0148221
3.22765E+06 4.022979 3.448901 2.472643 0.679631 3.49523 252.5165 0 6.09500E-08 3.64169 6.8057E-01 0.30103 0.0154366
3.29620E+06 4.025831 3.447303 2.469237 0.681249 3.65524 254.4362 0 6.48621E-08 3.64124 6.7826E-01 0.302639 0.016044
3.36372E+06 4.028648 3.445829 2.465671 0.682858 3.81116 256.3930 0 6.87485E-08 3.64077 6.7596E-01 0.304248 0.016645
3.43021E+06 4.031438 3.444423 2.461948 0.684461 3.96321 258.3994 0 7.26590E-08 3.64029 6.7367E-01 0.305838 0.0172385
3.49568E+06 4.034116 3.443081 2.458099 0.686007 4.11037 260.3614 0 7.65857E-08 3.6398 6.7140E-01 0.307427 0.0178244
3.56017E+06 4.036854 3.441796 2.454103 0.687595 4.25396 262.4602 0 8.05123E-08 3.63929 6.6915E-01 0.309006 0.0183987
3.62368E+06 4.039573 3.440543 2.449966 0.689179 4.39403 264.6046 0 8.44782E-08 3.63876 6.6691E-01 0.310566 0.0189654
3.68620E+06 4.042281 3.439294 2.445692 0.690763 4.53047 266.7912 0 8.85188E-08 3.63821 6.6468E-01 0.312115 0.0195247
3.74775E+06 4.044979 3.438209 2.441285 0.692346 4.66392 269.0356 0 9.23947E-08 3.63765 6.6247E-01 0.313664 0.0200753
3.80835E+06 4.047669 3.437003 2.436748 0.693930 4.79398 271.3365 0 9.65157E-08 3.63707 6.6027E-01 0.315204 0.0206195
3.86799E+06 4.050352 3.435991 2.432087 0.695515 4.92095 273.6962 0 1.00402E-07 3.63647 6.5809E-01 0.316733 0.0211551
3.92671E+06 4.053030 3.434888 2.427306 0.697102 5.04492 276.1383 0 1.04490E-07 3.63585 6.5592E-01 0.318253 0.0216832
3.98450E+06 4.055702 3.433828 2.422407 0.698690 5.16581 278.6417 0 1.08564E-07 3.63521 6.5376E-01 0.319762 0.0222038
4.04139E+06 4.058370 3.432858 2.417394 0.700280 5.2842 281.2280 0 1.12537E-07 3.63454 6.5162E-01 0.321271 0.0227158
4.09737E+06 4.061035 3.431875 2.412272 0.701872 5.39986 283.8856 0 1.16581E-07 3.63386 6.4949E-01 0.322761 0.0232214
4.15247E+06 4.063697 3.430899 2.407047 0.703466 5.51258 286.5432 0 1.20658E-07 3.63318 6.4738E-01 0.32425 0.0237196
4.20669E+06 4.066357 3.429937 2.401721 0.705063 5.62315 289.2313 0 1.24753E-07 3.63249 6.4527E-01 0.325729 0.0242093
4.26005E+06 4.069014 3.428996 2.396296 0.706663 5.73123 291.9762 0 1.28849E-07 3.6318 6.4319E-01 0.327199 0.0246923
4.31256E+06 4.071670 3.428070 2.390778 0.708266 5.83677 294.7749 0 1.32956E-07 3.63109 6.4111E-01 0.328658 0.0251679
4.36422E+06 4.074325 3.427150 2.385170 0.709872 5.94008 297.6524 0 1.37091E-07 3.63036 6.3906E-01 0.330108 0.0256361
4.41506E+06 4.076978 3.426231 2.379475 0.711481 6.0411 300.6009 0 1.41258E-07 3.6296 6.3701E-01 0.331547 0.0260968
4.46507E+06 4.079630 3.425303 2.373696 0.713092 6.14005 303.6089 0 1.45478E-07 3.62884 6.3498E-01 0.332976 0.02655
4.51428E+06 4.082282 3.424398 2.367839 0.714708 6.23697 306.6821 0 1.49687E-07 3.62807 6.3296E-01 0.334406 0.0269967
4.56269E+06 4.084933 3.423583 2.361905 0.716326 6.33193 309.8112 0 1.53736E-07 3.62728 6.3096E-01 0.335815 0.0274359
4.61031E+06 4.087584 3.422732 2.355899 0.717948 6.42468 312.9905 0 1.57889E-07 3.62648 6.2897E-01 0.337225 0.0278688
4.65715E+06 4.090234 3.421802 2.349822 0.719573 6.51585 316.2365 0 1.62245E-07 3.62567 6.2700E-01 0.338624 0.0282931
4.70323E+06 4.092885 3.421018 2.343683 0.721202 6.60465 319.5464 0 1.66304E-07 3.62485 6.2504E-01 0.340013 0.028712
4.74855E+06 4.095535 3.420175 2.337271 0.722834 6.69225 322.9625 0 2.91469E-07 3.62398 6.2309E-01 0.341393 0.0291226
4.79313E+06 4.098186 3.419188 2.329250 0.724470 6.77784 326.7779 0 6.63733E-07 3.62291 6.2116E-01 0.342772 0.0295275
4.83697E+06 4.100844 3.418047 2.316299 0.726114 6.86174 331.6438 0 1.83107E-06 3.6212 6.1924E-01 0.344132 0.029925
4.88008E+06 4.103526 3.415368 2.279957 0.727776 6.94471 341.5526 0 1.19479E-05 3.61648 6.1733E-01 0.345491 0.0303163
4.92245E+06 4.106325 3.403350 2.088265 0.729514 7.02758 390.0788 0 1.99964E-05 3.59045 6.1542E-01 0.346851 0.030703
4.95657E+06 4.106646 3.357756 1.164569 0.730182 7.02758 812.3625 0 2.66291E-04 3.48905 6.1349E-01 0.34823 0.0310905
4.96405E+06 4.109946 3.551107 0.755115 0.731766 7.02758 414.3707 0 1.70627E-08 3.60887 6.1349E-01 0.34823 0.0310905
5.00429E+06 4.120264 3.587666 0.754641 0.738226 7.02758 346.6634 0 6.18658E-09 3.63148 6.1349E-01 0.34823 0.0310905
5.03691E+06 4.128556 3.636526 0.743464 0.743464 7.02758 326.3348 0 1.02783E-09 3.64182 6.1349E-01 0.34823 0.0310905
0.00000E+00 3.852300 3.568899 3.000000 0.644400 0.349322 66.0161 1 3.07642E-14 3.56478 7.1400E-01 0.27812 0.00571874
4.42184E+04 3.871843 3.567111 3.000000 0.646778 0.349322 69.2274 1 5.06517E-14 3.56278 7.1400E-01 0.27812 0.00571874
9.59647E+04 3.894631 3.565024 3.000000 0.649974 0.349322 73.2062 1 9.09497E-14 3.56039 7.1400E-01 0.27812 0.00571874
1.54386E+05 3.918942 3.562799 3.000000 0.654057 0.349322 77.7232 1 1.70798E-13 3.5578 7.1400E-01 0.27812 0.00571874
2.16834E+05 3.942650 3.560601 3.000000 0.658903 0.349322 82.3501 1 3.18049E-13 3.55536 7.1400E-01 0.27812 0.00571874
2.80106E+05 3.964205 3.558594 3.000000 0.664259 0.349322 86.8559 1 5.63642E-13 3.55303 7.1400E-01 0.27812 0.00571874
3.41914E+05 3.983125 3.556843 3.000000 0.669878 0.349322 91.0035 1 9.35106E-13 3.55101 7.1400E-01 0.27812 0.00571874
4.01163E+05 3.999621 3.555324 3.000000 0.675590 0.349322 94.7610 1 1.45830E-12 3.54928 7.1400E-01 0.27812 0.00571874
4.57506E+05 4.014121 3.553988 3.000000 0.681284 0.349322 98.2017 1 2.16233E-12 3.54774 7.1400E-01 0.27812 0.00571874
5.10943E+05 4.027068 3.552801 3.000000 0.686910 0.349322 101.3800 1 3.08078E-12 3.54637 7.1400E-01 0.27812 0.00571874
5.61602E+05 4.038814 3.551732 3.000000 0.692437 0.349322 104.3609 1 4.25566E-12 3.54511 7.1400E-01 0.27812 0.00571874
6.09653E+05 4.050071 3.550711 3.000000 0.697852 0.349322 107.2949 1 5.80999E-12 3.54391 7.1400E-01 0.27812 0.00571874
6.55273E+05 4.061775 3.549642 2.999999 0.703146 0.415664 110.4301 1 8.05279E-12 3.54266 7.1400E-01 0.27812 0.00571874
6.98632E+05 4.070429 3.547913 2.999999 0.706529 0.518983 112.7815 1 1.09095E-11 3.54178 7.1346E-01 0.27847 0.00590689
7.42245E+05 4.077794 3.545790 2.999999 0.708999 0.648055 114.8074 1 1.47468E-11 3.54104 7.1259E-01 0.27903 0.00620222
7.87633E+05 4.084763 3.543321 2.999998 0.711000 0.79809 116.7652 1 2.02333E-11 3.54034 7.1148E-01 0.279749 0.00657503
8.34712E+05 4.091508 3.540338 2.999998 0.712621 0.963061 118.7003 1 2.86088E-11 3.53964 7.1017E-01 0.280599 0.00701402
8.83027E+05 4.098166 3.535326 2.999997 0.713940 1.13729 120.5957 1 4.62950E-11 3.53901 7.0870E-01 0.281559 0.0075041
9.32118E+05 4.104860 3.493716 2.999315 0.715040 1.31646 122.5473 1 1.80127E-08 3.53838 7.0711E-01 0.282589 0.00803037
9.81631E+05 4.111700 3.482756 2.998337 0.715986 1.49744 124.5958 1 2.55733E-08 3.53771 7.0545E-01 0.283668 0.00858063
1.03131E+06 4.118755 3.476141 2.997096 0.716825 1.6781 126.7687 1 3.22602E-08 3.537 7.0373E-01 0.284788 0.00914629
1.08098E+06 4.126078 3.470884 2.995594 0.717596 1.85702 283.6414 0 3.90864E-08 3.64533 7.0197E-01 0.285927 0.00972114
1.13053E+06 4.133692 3.466453 2.993823 0.718325 2.03356 290.8713 0 4.61552E-08 3.64448 7.0020E-01 0.287087 0.0103008
1.17990E+06 4.141602 3.462414 2.991771 0.719026 2.2072 298.3812 0 5.36781E-08 3.64368 6.9841E-01 0.288247 0.0108826
1.22903E+06 4.149803 3.458709 2.989424 0.719711 2.37772 306.5184 0 6.16225E-08 3.64284 6.9662E-01 0.289406 0.0114652
1.27790E+06 4.158278 3.455218 2.986769 0.720386 2.54496 315.3083 0 7.00467E-08 3.64195 6.9481E-01 0.290576 0.0120471
1.32648E+06 4.167008 3.451775 2.983789 0.721056 2.70893 324.9843 0 7.91166E-08 3.64097 6.9301E-01 0.291746 0.0126279
1.37478E+06 4.175968 3.448552 2.980469 0.721724 2.86964 335.3264 0 8.85793E-08 3.63995 6.9121E-01 0.292905 0.0132071
1.42277E+06 4.185133 3.445329 2.976791 0.722391 3.0272 346.1433 0 9.87165E-08 3.63896 6.8941E-01 0.294075 0.0137841
1.47046E+06 4.194474 3.442241 2.972740 0.723061 3.18167 357.8321 0 1.09306E-07 3.6379 6.8760E-01 0.295244 0.0143592
1.51784E+06 4.203963 3.439083 2.968297 0.723732 3.3329 370.5938 0 1.20679E-07 3.63671 6.8580E-01 0.296404 0.0149319
1.56491E+06 4.213566 3.436012 2.963368 0.724407 3.48133 383.5397 0 1.61652E-07 3.63565 6.8400E-01 0.297564 0.0155022
1.61167E+06 4.223049 3.433346 2.955825 0.725085 3.62695 396.8233 0 4.09464E-07 3.63466 6.8220E-01 0.298723 0.0160704
1.65812E+06 4.228098 3.429139 2.907245 0.725771 3.77172 414.8702 0 4.40564E-06 3.6327 6.8040E-01 0.299883 0.0166366
1.70431E+06 4.227488 3.423753 2.808618 0.726519 3.91739 437.2618 0 5.38103E-06 3.62999 6.7858E-01 0.301053 0.0172078
1.75012E+06 4.221453 3.417300 2.666189 0.727366 4.06516 464.2282 0 6.83159E-06 3.62666 6.7672E-01 0.302252 0.0177916
1.79530E+06 4.210411 3.409508 2.487828 0.728248 4.21191 497.4900 0 9.07900E-06 3.62132 6.7478E-01 0.303502 0.0183934
1.83957E+06 4.188727 3.397277 2.208896 0.729496 4.36118 535.8090 0 1.37894E-05 3.58843 6.7283E-01 0.304761 0.0190003
1.88254E+06 4.144811 3.371223 1.647383 0.731299 4.50158 668.3763 0 3.88876E-05 3.50841 6.7079E-01 0.306061 0.0196271
1.90250E+06 4.102351 3.359358 1.183376 0.730673 4.50158 853.6532 0 9.49209E-05 3.48081 6.6884E-01 0.30732 0.0202251
1.92330E+06 4.114674 3.594536 0.749861 0.734713 4.50158 348.7707 0 8.77753E-09 3.63004 6.6884E-01 0.30732 0.0202251
1.95923E+06 4.121972 3.709760 0.739312 0.739312 4.50158 346.0324 0 5.10870E-11 3.63418 6.6884E-01 0.30732 0.0202251
0.00000E+00 4.098400 3.556752 3.500000 0.776300 0.353747 102.6267 1 1.29336E-12 3.55127 7.1598E-01 0.276106 0.00570579
1.21969E+04 4.112360 3.555415 3.500000 0.777674 0.360031 106.2520 1 1.91966E-12 3.54974 7.1598E-01 0.276106 0.00570579
2.65512E+04 4.126007 3.554013 3.500000 0.778541 0.372051 109.9158 1 2.84806E-12 3.54824 7.1576E-01 0.276316 0.00572129
4.29649E+04 4.139489 3.552553 3.500000 0.779315 0.390929 113.6548 1 4.24014E-12 3.54677 7.1542E-01 0.276616 0.00575233
6.12023E+04 4.152177 3.551078 3.500000 0.779997 0.417125 117.3074 1 6.22968E-12 3.54536 7.1497E-01 0.277006 0.00580221
8.08623E+04 4.163564 3.549625 3.500000 0.780577 0.450277 120.6932 1 8.89947E-12 3.54409 7.1442E-01 0.277476 0.00587226
1.01554E+05 4.173455 3.548222 3.500000 0.781061 0.489472 123.6585 1 1.22577E-11 3.54305 7.1379E-01 0.278016 0.00596181
1.22970E+05 4.181918 3.546871 3.500000 0.781467 0.533794 126.2614 1 1.63070E-11 3.54215 7.1308E-01 0.278605 0.00606846
1.44893E+05 4.189157 3.545565 3.499999 0.781814 0.582332 128.5250 1 2.10453E-11 3.54139 7.1232E-01 0.279235 0.00619009
1.67175E+05 4.195426 3.544300 3.499999 0.782120 0.634308 130.5076 1 2.64951E-11 3.54074 7.1152E-01 0.279885 0.00632393
1.89722E+05 4.200967 3.543048 3.499999 0.782397 0.689207 132.2655 1 3.27692E-11 3.54019 7.1069E-01 0.280555 0.00646816
2.12472E+05 4.205993 3.541784 3.499998 0.782655 0.746591 133.8952 1 4.01059E-11 3.53967 7.0984E-01 0.281245 0.00662149
2.35385E+05 4.210676 3.540479 3.499998 0.782900 0.806183 135.4403 1 4.88545E-11 3.53918 7.0897E-01 0.281935 0.00678272
2.58433E+05 4.215149 3.539067 3.499997 0.783137 0.867738 136.9090 1 5.96411E-11 3.53874 7.0808E-01 0.282645 0.00695095
2.81599E+05 4.219518 3.537448 3.499996 0.783368 0.931068 138.3439 1 7.36500E-11 3.53832 7.0719E-01 0.283344 0.00712598
3.04868E+05 4.223859 3.535370 3.499995 0.783596 0.996087 139.7845 1 9.37960E-11 3.5379 7.0628E-01 0.284064 0.0073072
3.28231E+05 4.228229 3.530063 3.499994 0.783821 1.06264 141.2546 1 1.48830E-10 3.53748 7.0536E-01 0.284774 0.00749443
3.51680E+05 4.232663 3.501776 3.499732 0.784046 1.13065 142.7750 1 1.41031E-08 3.53705 7.0443E-01 0.285494 0.00768705
3.75208E+05 4.237193 3.492236 3.499386 0.784270 1.20002 144.3465 1 1.86096E-08 3.5366 7.0350E-01 0.286214 0.00788548
3.98809E+05 4.241840 3.486481 3.498974 0.784493 1.27072 145.9845 1 2.21379E-08 3.53614 7.0256E-01 0.286934 0.0080892
4.22477E+05 4.246618 3.482174 3.498500 0.784717 1.34268 147.7103 1 2.53312E-08 3.53564 7.0161E-01 0.287654 0.00829842
4.46209E+05 4.251535 3.478608 3.497967 0.784941 1.41587 149.5346 1 2.84126E-08 3.5351 7.0065E-01 0.288373 0.00851285
4.69998E+05 4.256596 3.475373 3.497374 0.785166 1.49014 151.4379 1 3.15630E-08 3.53455 6.9969E-01 0.289093 0.00873237
4.93842E+05 4.261802 3.472590 3.496721 0.785391 1.56554 153.3617 1 3.46576E-08 3.53404 6.9873E-01 0.289813 0.00895709
5.17735E+05 4.267153 3.469932 3.496005 0.785616 1.64195 368.6627 0 3.78962E-08 3.64259 6.9776E-01 0.290533 0.00918681
5.41673E+05 4.272648 3.467354 3.495224 0.785842 1.71938 375.5135 0 4.13070E-08 3.64203 6.9678E-01 0.291253 0.00942153
5.65654E+05 4.278282 3.464952 3.494375 0.786069 1.79774 382.6910 0 4.48057E-08 3.64146 6.9580E-01 0.291973 0.00966125
5.89672E+05 4.284053 3.462602 3.493455 0.786296 1.87701 390.3313 0 4.84897E-08 3.64085 6.9481E-01 0.292692 0.00990578
6.13725E+05 4.289955 3.460326 3.492460 0.786524 1.95706 398.4539 0 5.23387E-08 3.64018 6.9382E-01 0.293402 0.0101553
6.37808E+05 4.295984 3.458065 3.491387 0.786753 2.03788 406.9312 0 5.64111E-08 3.6395 6.9282E-01 0.294122 0.0104095
6.61919E+05 4.302133 3.455897 3.490231 0.786983 2.11949 415.6044 0 6.06270E-08 3.63886 6.9183E-01 0.294832 0.0106685
6.86053E+05 4.308396 3.453725 3.488985 0.787213 2.20183 424.6084 0 6.94494E-08 3.63821 6.9082E-01 0.295552 0.0109321
7.10209E+05 4.314764 3.451558 3.487594 0.787444 2.28479 434.1050 0 8.96651E-08 3.63752 6.8981E-01 0.296261 0.0112004
7.34382E+05 4.321219 3.449399 3.485921 0.787676 2.36833 444.3039 0 1.70293E-07 3.63675 6.8880E-01 0.296971 0.0114733
7.58571E+05 4.326676 3.447202 3.471658 0.787908 2.45268 455.3478 0 3.64186E-06 3.6359 6.8779E-01 0.29768 0.0117512
7.82785E+05 4.330138 3.444393 3.434912 0.788148 2.53844 468.2912 0 4.04081E-06 3.63474 6.8676E-01 0.298388 0.0120351
8.07035E+05 4.333043 3.441478 3.393789 0.788401 2.62592 482.3075 0 4.50067E-06 3.63341 6.8572E-01 0.299106 0.0123273
8.31299E+05 4.334247 3.438324 3.336517 0.788664 2.71534 496.9131 0 5.05180E-06 3.63203 6.8467E-01 0.299824 0.0126285
8.55581E+05 4.334495 3.434956 3.271781 0.788949 2.80723 513.2844 0 5.71299E-06 3.63037 6.8359E-01 0.300562 0.0129397
8.79862E+05 4.332457 3.431231 3.186291 0.789256 2.90231 530.8161 0 6.53878E-06 3.62858 6.8248E-01 0.301311 0.0132621
9.04138E+05 4.328794 3.427109 3.087571 0.789600 3.00088 550.6960 0 7.58401E-06 3.62647 6.8134E-01 0.302071 0.013598
9.28371E+05 4.323128 3.422606 2.972086 0.789989 3.10352 572.6727 0 8.92110E-06 3.62418 6.8017E-01 0.30285 0.0139502
9.52520E+05 4.313668 3.416874 2.821268 0.790445 3.21136 601.5614 0 1.09519E-05 3.62108 6.7895E-01 0.30366 0.0143211
9.76538E+05 4.300145 3.409738 2.630344 0.791004 3.3256 640.3782 0 1.42116E-05 3.61712 6.7768E-01 0.30449 0.0147163
1.00030E+06 4.280695 3.399837 2.374309 0.791664 3.44579 687.4864 0 2.02489E-05 3.59995 6.7633E-01 0.30536 0.0151411
1.02363E+06 4.250769 3.383231 1.966625 0.792650 3.57297 768.2798 0 3.79511E-05 3.5484 6.7493E-01 0.306249 0.0155947
1.03983E+06 4.215554 3.366265 1.362540 0.792896 3.57297 984.8748 0 1.11881E-04 3.47891 6.7347E-01 0.307169 0.0160832
1.04618E+06 4.207179 3.561930 0.823193 0.794431 3.57297 491.1059 0 1.23301E-08 3.60546 6.7347E-01 0.307169 0.0160832
1.06727E+06 4.213078 3.577595 0.822981 0.798358 3.57297 455.4351 0 7.94624E-09 3.6154 6.7347E-01 0.307169 0.0160832
1.08539E+06 4.218207 3.592543 0.822864 0.801780 3.57297 421.5896 0 5.01053E-09 3.62534 6.7347E-01 0.307169 0.0160832
1.10298E+06 4.223243 3.608867 0.822795 0.805149 3.57297 384.9862 0 2.86785E-09 3.63678 6.7347E-01 0.307169 0.0160832
1.12005E+06 4.228149 3.628530 0.808450 0.808450 3.57297 366.0349 0 1.33891E-09 3.64543 6.7347E-01 0.307169 0.0160832
0.00000E+00 4.174700 3.559950 4.000000 0.823900 0.349263 106.1356 1 8.46713E-13 3.55581 6.9406E-01 0.298077 0.00569339
7.52857E+03 4.191240 3.558377 4.000000 0.824982 0.352572 110.5611 1 1.36345E-12 3.55404 6.9406E-01 0.298077 0.00569339
1.60688E+04 4.207246 3.556805 4.000000 0.825713 0.358857 115.0419 1 2.17703E-12 3.55229 6.9394E-01 0.298187 0.00570125
2.56062E+04 4.222911 3.555216 4.000000 0.826366 0.368682 119.6114 1 3.47192E-12 3.55056 6.9376E-01 0.298347 0.00571668
3.61171E+04 4.237850 3.553639 4.000000 0.826950 0.382478 124.1248 1 5.46705E-12 3.54894 6.9352E-01 0.298567 0.00574141
4.74852E+04 4.251658 3.552113 4.000000 0.827457 0.400286 128.4394 1 8.39228E-12 3.54744 6.9321E-01 0.298837 0.00577652
5.95581E+04 4.264091 3.550661 4.000000 0.827889 0.421871 132.4656 1 1.24607E-11 3.54608 6.9285E-01 0.299137 0.0058223
7.21848E+04 4.275087 3.549293 4.000000 0.828250 0.446863 136.1354 1 1.78303E-11 3.54488 6.9245E-01 0.299487 0.00587838
8.52352E+04 4.284726 3.548007 4.000000 0.828552 0.474726 139.4637 1 2.46287E-11 3.54379 6.9200E-01 0.299857 0.00594374
9.86049E+04 4.293172 3.546794 3.999999 0.828805 0.504986 142.3800 1 3.28896E-11 3.5429 6.9153E-01 0.300257 0.0060168
1.12215E+05 4.300622 3.545642 3.999999 0.829020 0.537242 145.0074 1 4.27446E-11 3.54212 6.9103E-01 0.300667 0.00609676
1.26006E+05 4.307270 3.544537 3.999999 0.829206 0.571152 147.3903 1 5.43454E-11 3.54142 6.9051E-01 0.301097 0.00618221
1.39936E+05 4.313294 3.543467 3.999998 0.829370 0.606432 149.5788 1 6.79225E-11 3.54079 6.8997E-01 0.301527 0.00627237
1.53974E+05 4.318844 3.542415 3.999998 0.829519 0.642855 151.6246 1 8.38492E-11 3.54021 6.8942E-01 0.301977 0.00636663
1.68099E+05 4.324045 3.541371 3.999997 0.829656 0.680285 153.5722 1 1.02629E-10 3.53967 6.8886E-01 0.302427 0.00646421
1.82295E+05 4.328997 3.540336 3.999996 0.829786 0.718537 155.4725 1 1.24896E-10 3.53913 6.8830E-01 0.302887 0.00656481
1.96551E+05 4.333779 3.539293 3.999995 0.829909 0.757604 157.3173 1 1.51462E-10 3.53861 6.8773E-01 0.303336 0.00666809
2.10859E+05 4.338451 3.538223 3.999994 0.830029 0.797412 159.1008 1 1.83427E-10 3.53815 6.8715E-01 0.303806 0.00677394
2.25214E+05 4.343060 3.537113 3.999993 0.830145 0.83784 160.8849 1 2.22559E-10 3.53769 6.8657E-01 0.304266 0.00688207
2.39610E+05 4.347641 3.535911 3.999991 0.830260 0.878829 162.6784 1 2.71686E-10 3.53723 6.8599E-01 0.304725 0.00699239
2.54046E+05 4.352222 3.534588 3.999989 0.830374 0.920312 164.4970 1 3.34627E-10 3.53676 6.8540E-01 0.305195 0.00710511
2.68517E+05 4.356822 3.533053 3.999986 0.830486 0.962182 166.3490 1 4.18631E-10 3.53629 6.8481E-01 0.305663 0.00722006
2.83023E+05 4.361456 3.530888 3.999984 0.830598 1.00432 168.2443 1 5.47524E-10 3.53581 6.8421E-01 0.306131 0.00733731
2.97562E+05 4.366131 3.519274 3.999920 0.830710 1.04632 170.2040 1 8.42181E-09 3.5353 6.8361E-01 0.306598 0.00745715
3.12132E+05 4.370854 3.499326 3.999801 0.830822 1.0875 172.2158 1 1.48851E-08 3.53479 6.8301E-01 0.307065 0.00757995
3.26732E+05 4.375627 3.490966 3.999584 0.830934 1.12671 174.2822 1 1.87572E-08 3.53426 6.8240E-01 0.30753 0.0077063
3.41361E+05 4.380457 3.485605 3.999331 0.831046 1.16208 176.3467 1 2.17618E-08 3.53376 6.8179E-01 0.307994 0.0078366
3.56018E+05 4.385347 3.481548 3.999047 0.831158 1.19124 178.4666 1 2.43387E-08 3.53326 6.8118E-01 0.308468 0.00797173
3.70703E+05 4.390297 3.478198 3.998736 0.831270 1.2118 180.6517 1 2.66358E-08 3.53274 6.8056E-01 0.308932 0.00811236
3.85414E+05 4.395308 3.475422 3.998399 0.831383 1.22178 182.8971 1 2.86114E-08 3.53221 6.7993E-01 0.309406 0.00825906
4.00151E+05 4.400380 3.472860 3.998038 0.831496 1.21961 185.2110 1 3.04000E-08 3.53167 6.7929E-01 0.30988 0.0084122
4.14912E+05 4.405492 3.470663 3.997414 0.831609 1.20445 487.7447 0 1.95527E-07 3.64018 6.7865E-01 0.310345 0.00857211
4.29697E+05 4.410572 3.468803 3.995619 0.831723 1.17539 496.7342 0 7.63927E-07 3.63958 6.7799E-01 0.310821 0.00873868
4.44507E+05 4.415382 3.467561 3.989851 0.831837 1.13348 505.9809 0 2.32059E-06 3.63898 6.7734E-01 0.311287 0.00891213
4.59344E+05 4.419717 3.467195 3.977973 0.831953 1.08045 515.7215 0 2.37111E-06 3.63832 6.7667E-01 0.311763 0.00909243
4.74211E+05 4.423816 3.468831 3.963194 0.832070 1.0179 525.9404 0 2.33202E-06 3.6376 6.7599E-01 0.31224 0.00927893
4.89110E+05 4.427970 3.477777 3.949058 0.832189 0.945698 536.6582 0 1.71984E-06 3.63683 6.7530E-01 0.312718 0.00947142
5.04040E+05 4.433285 3.515528 3.947835 0.832309 0.862537 203.5825 1 5.18599E-09 3.52712 6.7461E-01 0.313195 0.00967021
5.18988E+05 4.438752 3.516608 3.947781 0.832428 0.769904 206.3791 1 4.54206E-09 3.52651 6.7390E-01 0.313683 0.00987532
5.33954E+05 4.444269 3.516299 3.947726 0.832546 0.670798 209.1603 1 4.37589E-09 3.52595 6.7319E-01 0.314172 0.0100859
5.48938E+05 4.449837 3.515591 3.947671 0.832665 0.568475 212.0353 1 4.30844E-09 3.52537 6.7246E-01 0.31466 0.010301
5.63940E+05 4.455452 3.514715 3.947614 0.832784 0.46832 214.9832 1 4.27264E-09 3.52478 6.7173E-01 0.315158 0.0105195
5.78959E+05 4.461113 3.513837 3.947554 0.832904 0.375951 218.0620 1 4.20455E-09 3.52413 6.7100E-01 0.315657 0.0107393
5.93993E+05 4.466817 3.512983 3.947491 0.833024 0.298394 221.2252 1 4.10884E-09 3.52348 6.7025E-01 0.316166 0.0109583
6.09042E+05 4.472564 3.512139 3.947427 0.833144 0.240236 224.3294 1 4.02435E-09 3.5229 6.6950E-01 0.316685 0.0111737
6.24105E+05 4.478350 3.511303 3.947363 0.833264 0.202618 227.5218 1 3.91631E-09 3.5223 6.6874E-01 0.317214 0.011384
6.39183E+05 4.484175 3.510464 3.947298 0.833385 0.181909 230.8007 1 3.78892E-09 3.52169 6.6797E-01 0.317763 0.0115884
6.54273E+05 4.490035 3.509542 3.947232 0.833506 0.172205 234.2248 1 3.65075E-09 3.52102 6.6719E-01 0.318322 0.0117885
6.69376E+05 4.495930 3.508489 3.947166 0.833627 0.168641 237.7044 1 3.53422E-09 3.52036 6.6640E-01 0.318892 0.0119864
6.84490E+05 4.501858 3.507509 3.947098 0.833748 0.167865 241.1245 1 3.41427E-09 3.51977 6.6560E-01 0.319471 0.0121839
6.99615E+05 4.507817 3.506493 3.947029 0.833870 0.168429 244.6422 1 3.28429E-09 3.51917 6.6479E-01 0.320061 0.0123827
7.14750E+05 4.513805 3.505398 3.946958 0.833991 0.169682 248.2942 1 3.14744E-09 3.51852 6.6397E-01 0.320671 0.0125828
7.29896E+05 4.519820 3.504325 3.946884 0.834114 0.171365 252.0375 1 2.99217E-09 3.51786 6.6314E-01 0.32128 0.0127847
7.45050E+05 4.525861 3.503307 3.946808 0.834236 0.173336 255.7924 1 2.82931E-09 3.51723 6.6229E-01 0.3219 0.0129883
7.60213E+05 4.531575 3.502259 3.943967 0.834359 0.175651 767.8924 0 7.17617E-07 3.62573 6.6143E-01 0.32253 0.013194
7.75385E+05 4.537062 3.501153 3.939274 0.834482 0.178264 783.9140 0 8.58023E-07 3.62508 6.6056E-01 0.32317 0.0134015
7.90569E+05 4.542267 3.500066 3.932392 0.834607 0.181077 800.4245 0 1.02489E-06 3.6244 6.5968E-01 0.32382 0.0136113
8.05764E+05 4.547292 3.499021 3.924184 0.834732 0.184172 817.0916 0 1.22087E-06 3.62371 6.5878E-01 0.32448 0.0138234
8.20971E+05 4.552092 3.497953 3.914389 0.834859 0.187488 833.3773 0 1.45646E-06 3.62309 6.5787E-01 0.32515 0.014038
8.36191E+05 4.556430 3.496859 3.901351 0.834987 0.191044 850.1367 0 1.74021E-06 3.62241 6.5695E-01 0.32583 0.0142548
8.51424E+05 4.560384 3.495775 3.885760 0.835117 0.194821 867.1228 0 2.07706E-06 3.6217 6.5602E-01 0.32651 0.0144755
8.66672E+05 4.563870 3.494705 3.867128 0.835248 0.198796 883.6932 0 2.47538E-06 3.62103 6.5507E-01 0.32721 0.0146983
8.81936E+05 4.566790 3.493617 3.844891 0.835382 0.20297 899.7856 0 2.95117E-06 3.62038 6.5411E-01 0.32792 0.0149254
8.97218E+05 4.569015 3.492477 3.818304 0.835518 0.207376 916.1609 0 3.52721E-06 3.61965 6.5313E-01 0.32864 0.0151547
9.12518E+05 4.570393 3.491389 3.786495 0.835658 0.212011 932.0367 0 4.19508E-06 3.61891 6.5214E-01 0.32936 0.0153894
9.27839E+05 4.570757 3.490318 3.748541 0.835802 0.216929 946.4322 0 4.97631E-06 3.61824 6.5114E-01 0.3301 0.0156287
9.43183E+05 4.569886 3.489168 3.703223 0.835951 0.222212 960.6866 0 5.92386E-06 3.61747 6.5013E-01 0.33083 0.0158728
9.58551E+05 4.567264 3.487981 3.647434 0.836107 0.228022 973.4136 0 7.05488E-06 3.61669 6.4911E-01 0.33158 0.0161233
9.73946E+05 4.562759 3.486798 3.580922 0.836272 0.234645 984.5288 0 8.37888E-06 3.61587 6.4807E-01 0.33232 0.0163808
9.89368E+05 4.555817 3.485438 3.500993 0.836448 0.24269 995.0419 0 1.00398E-05 3.61487 6.4703E-01 0.33307 0.0166465
1.00481E+06 4.545756 3.484143 3.403840 0.836640 0.25365 1000.6226 0 1.19546E-05 3.61402 6.4598E-01 0.33381 0.0169216
1.02028E+06 4.532195 3.482752 3.287217 0.836855 0.270058 1005.5781 0 1.43584E-05 3.61292 6.4492E-01 0.33454 0.0172079
1.03576E+06 4.514097 3.481029 3.144953 0.837101 0.2984 1009.7670 0 1.77942E-05 3.61152 6.4386E-01 0.33526 0.0175072
1.05123E+06 4.489598 3.479040 2.965391 0.837395 0.35614 1012.9902 0 2.30134E-05 3.6098 6.4281E-01 0.33596 0.0178202
1.06665E+06 4.453911 3.476518 2.716913 0.837766 0.465792 1020.0023 0 3.31943E-05 3.60728 6.4177E-01 0.33664 0.018144
1.08196E+06 4.396178 3.472371 2.317444 0.838216 0.590129 1015.7175 0 7.07406E-05 3.58554 6.4073E-01 0.3373 0.0184739
1.09702E+06 4.277431 3.485368 1.086049 0.839088 0.651114 1092.5277 0 1.10451E-04 3.50561 6.3962E-01 0.33801 0.0188343
1.10777E+06 4.275707 4.000000 0.841157 0.841157 0.651114 143.8881 1 3.94786E-14 3.65879 6.3908E-01 0.33834 0.0190134
0.00000E+00 4.242500 3.562516 4.500000 0.858200 0.35834 109.3677 1 6.04141E-13 3.5599 6.7406E-01 0.31805 0.00569119
5.24969E+03 4.261221 3.560732 4.500000 0.859104 0.360471 114.5450 1 1.04594E-12 3.55788 6.7406E-01 0.31805 0.00569119
1.10970E+04 4.279226 3.558981 4.500000 0.859729 0.36441 119.7065 1 1.78528E-12 3.556 6.7398E-01 0.31812 0.00569608
1.75419E+04 4.296751 3.557248 4.500000 0.860288 0.370487 124.9987 1 3.03445E-12 3.55412 6.7387E-01 0.31823 0.00570522
2.45883E+04 4.313516 3.555553 4.500000 0.860790 0.378956 130.3121 1 5.09233E-12 3.55229 6.7371E-01 0.31837 0.00571988
3.21870E+04 4.329191 3.553925 4.500000 0.861232 0.3899 135.4721 1 8.34007E-12 3.55058 6.7352E-01 0.31854 0.00574048
4.02621E+04 4.343540 3.552384 4.500000 0.861614 0.403269 140.3715 1 1.32224E-11 3.54903 6.7329E-01 0.31873 0.00576757
4.87309E+04 4.356463 3.550938 4.500000 0.861940 0.418898 144.9629 1 2.02177E-11 3.5476 6.7303E-01 0.31896 0.00580076
5.75158E+04 4.367981 3.549592 4.500000 0.862217 0.436464 149.1460 1 2.97309E-11 3.54636 6.7275E-01 0.3192 0.00583985
6.65502E+04 4.378200 3.548346 4.500000 0.862451 0.455427 152.9799 1 4.21710E-11 3.54524 6.7244E-01 0.319459 0.00588415
7.57794E+04 4.387270 3.547181 4.499999 0.862650 0.475232 156.4815 1 5.79192E-11 3.54423 6.7211E-01 0.319737 0.00593346
8.51605E+04 4.395360 3.546086 4.499999 0.862822 0.494686 159.6721 1 7.73249E-11 3.54333 6.7177E-01 0.320013 0.00598756
9.46604E+04 4.402634 3.545049 4.499998 0.862972 0.511509 162.5643 1 1.00720E-10 3.54255 6.7141E-01 0.320308 0.00604642
1.04254E+05 4.409244 3.544057 4.499998 0.863106 0.522628 165.2275 1 1.28643E-10 3.54185 6.7104E-01 0.320611 0.00611033
1.13923E+05 4.415323 3.543107 4.499997 0.863227 0.525873 167.7176 1 1.61708E-10 3.54121 6.7066E-01 0.320914 0.00617984
1.23652E+05 4.420982 3.542196 4.499996 0.863339 0.520183 170.0718 1 2.00638E-10 3.5406 6.7027E-01 0.321217 0.00625495
1.33432E+05 4.426314 3.541327 4.499995 0.863443 0.505524 172.3202 1 2.46266E-10 3.54003 6.6987E-01 0.321532 0.00633534
1.43255E+05 4.431398 3.540502 4.499994 0.863543 0.482212 174.4965 1 2.99579E-10 3.53949 6.6946E-01 0.321847 0.00642034
1.53115E+05 4.436293 3.539716 4.499992 0.863638 0.451076 176.6438 1 3.62103E-10 3.53894 6.6905E-01 0.322173 0.00650971
1.63007E+05 4.441049 3.538938 4.499990 0.863731 0.413342 178.7495 1 4.36016E-10 3.53842 6.6863E-01 0.322489 0.0066029
1.72930E+05 4.445705 3.538241 4.499988 0.863822 0.37037 180.7996 1 5.20568E-10 3.53793 6.6820E-01 0.322816 0.00669974
1.82879E+05 4.450293 3.537637 4.499985 0.863911 0.324045 182.8348 1 6.16740E-10 3.53746 6.6777E-01 0.323143 0.00679957
1.92854E+05 4.454836 3.537074 4.499982 0.864000 0.276585 184.8718 1 7.28303E-10 3.53699 6.6733E-01 0.323471 0.00690169
2.02853E+05 4.459354 3.536474 4.499978 0.864088 0.230469 186.9257 1 8.62388E-10 3.53652 6.6689E-01 0.323799 0.00700551
2.12874E+05 4.463861 3.536006 4.499973 0.864175 0.188819 188.9968 1 1.01250E-09 3.53605 6.6644E-01 0.324138 0.00711009
2.22917E+05 4.468368 3.535533 4.499968 0.864262 0.154512 191.0895 1 1.06549E-09 3.53558 6.6598E-01 0.324476 0.0072144
2.32980E+05 4.472883 3.534947 4.499961 0.864349 0.129278 193.2442 1 1.06475E-09 3.53509 6.6553E-01 0.324825 0.00731733
2.43064E+05 4.477414 3.534413 4.499955 0.864436 0.113184 195.4571 1 1.05634E-09 3.53457 6.6507E-01 0.325174 0.0074183
2.53168E+05 4.481965 3.533808 4.499948 0.864522 0.10415 197.7081 1 1.05028E-09 3.53405 6.6460E-01 0.325533 0.00751731
2.63290E+05 4.486539 3.533128 4.499940 0.864609 0.0997068 199.9168 1 1.05184E-09 3.53359 6.6413E-01 0.325902 0.00761505
2.73431E+05 4.491140 3.532387 4.499933 0.864696 0.0978354 202.1683 1 1.05495E-09 3.53312 6.6365E-01 0.326272 0.00771245
2.83590E+05 4.495768 3.531596 4.499924 0.864783 0.0973224 204.4601 1 1.05908E-09 3.53264 6.6316E-01 0.326651 0.0078101
2.93766E+05 4.500425 3.530802 4.499916 0.864870 0.0975888 206.7853 1 1.06130E-09 3.53217 6.6267E-01 0.327031 0.00790847
3.03960E+05 4.505111 3.530031 4.499907 0.864958 0.0982235 209.1809 1 1.05733E-09 3.53167 6.6218E-01 0.327421 0.00800775
3.14170E+05 4.509827 3.529254 4.499898 0.865045 0.0991117 211.6540 1 1.04894E-09 3.53115 6.6168E-01 0.327821 0.00810815
3.24397E+05 4.514572 3.528469 4.499888 0.865133 0.100194 214.1941 1 1.03695E-09 3.53061 6.6117E-01 0.32821 0.00820949
3.34639E+05 4.519347 3.527667 4.499878 0.865221 0.101429 216.7671 1 1.02400E-09 3.53008 6.6065E-01 0.32862 0.00831211
3.44898E+05 4.524151 3.526853 4.499868 0.865309 0.1028 219.3108 1 1.01362E-09 3.52959 6.6013E-01 0.32902 0.00841574
3.55171E+05 4.528983 3.526030 4.499857 0.865398 0.104291 221.8951 1 1.00137E-09 3.5291 6.5960E-01 0.32944 0.00852058
3.65459E+05 4.533843 3.525187 4.499847 0.865486 0.105912 224.5265 1 9.87553E-10 3.52861 6.5907E-01 0.32986 0.00862645
3.75762E+05 4.538730 3.524353 4.499836 0.865575 0.107659 227.2328 1 9.68718E-10 3.5281 6.5853E-01 0.33028 0.00873352
3.86079E+05 4.543643 3.523531 4.499825 0.865664 0.109485 230.0209 1 9.44413E-10 3.52756 6.5798E-01 0.33071 0.00884163
3.96409E+05 4.548582 3.522710 4.499814 0.865754 0.111395 232.8726 1 9.16722E-10 3.52701 6.5742E-01 0.33115 0.00895085
4.06753E+05 4.553545 3.521876 4.499803 0.865843 0.11343 235.7765 1 8.87381E-10 3.52646 6.5686E-01 0.33159 0.00906123
4.17110E+05 4.558532 3.521034 4.499792 0.865933 0.11557 238.6541 1 8.60474E-10 3.52595 6.5629E-01 0.33204 0.00917255
4.27480E+05 4.563541 3.520184 4.499780 0.866023 0.117825 241.5471 1 8.33679E-10 3.52546 6.5571E-01 0.33249 0.00928511
4.37862E+05 4.568573 3.519329 4.499769 0.866113 0.120193 244.5143 1 8.03825E-10 3.52495 6.5513E-01 0.33295 0.00939871
4.48256E+05 4.573626 3.518488 4.499757 0.866203 0.122672 247.5595 1 7.70106E-10 3.52442 6.5453E-01 0.33342 0.00951329
4.58661E+05 4.578699 3.517644 4.499745 0.866294 0.125271 250.7097 1 7.32667E-10 3.52386 6.5393E-01 0.33389 0.00962913
4.69078E+05 4.583791 3.516791 4.499733 0.866385 0.127978 253.9135 1 6.94600E-10 3.52329 6.5332E-01 0.33438 0.00974589
4.79506E+05 4.588901 3.515937 4.499720 0.866476 0.130801 257.0890 1 6.59269E-10 3.52277 6.5270E-01 0.33486 0.00986373
4.89945E+05 4.594029 3.515080 4.499707 0.866567 0.133747 260.2595 1 6.25662E-10 3.52228 6.5208E-01 0.33536 0.00998274
5.00394E+05 4.599174 3.514216 4.499693 0.866658 0.136806 263.5119 1 5.90440E-10 3.52177 6.5144E-01 0.33586 0.0101027
5.10853E+05 4.604335 3.513348 4.499679 0.866750 0.139996 266.8576 1 5.53590E-10 3.52123 6.5080E-01 0.33637 0.0102238
5.21321E+05 4.609511 3.512488 4.499666 0.866842 0.143312 270.2880 1 5.15439E-10 3.52068 6.5015E-01 0.33689 0.0103459
5.31799E+05 4.614701 3.511663 4.499652 0.866934 0.146761 273.7640 1 4.76940E-10 3.52012 6.4949E-01 0.33741 0.0104691
5.42286E+05 4.619905 3.510806 4.499639 0.867026 0.150342 277.2018 1 5.38124E-10 3.51962 6.4882E-01 0.33794 0.0105934
5.52782E+05 4.625121 3.509953 4.499625 0.867119 0.154051 280.6760 1 6.22781E-10 3.51912 6.4814E-01 0.33848 0.0107186
5.63286E+05 4.630350 3.509097 4.499612 0.867212 0.157906 284.2165 1 7.21053E-10 3.51861 6.4745E-01 0.33903 0.010845
5.73798E+05 4.635590 3.508257 4.499598 0.867304 0.161921 287.8605 1 8.34126E-10 3.51808 6.4676E-01 0.33958 0.0109723
5.84318E+05 4.640840 3.507411 4.499583 0.867398 0.166098 291.5632 1 9.65429E-10 3.51754 6.4605E-01 0.34014 0.0111008
5.94846E+05 4.646100 3.506574 4.499568 0.867491 0.170433 295.3268 1 1.11696E-09 3.517 6.4534E-01 0.34071 0.0112302
6.05381E+05 4.651369 3.505795 4.499553 0.867585 0.174921 299.0184 1 1.28737E-09 3.51652 6.4462E-01 0.34129 0.0113608
6.15922E+05 4.656646 3.505012 4.499536 0.867678 0.179575 302.7654 1 1.48443E-09 3.51604 6.4389E-01 0.34188 0.0114923
6.26471E+05 4.661931 3.504218 4.499519 0.867772 0.184425 306.5833 1 1.71307E-09 3.51554 6.4315E-01 0.34247 0.0116249
6.37026E+05 4.666896 3.503458 4.497032 0.867867 0.189416 1005.6609 0 1.97157E-06 3.62412 6.4239E-01 0.34307 0.0117585
6.47588E+05 4.671168 3.502658 4.489371 0.867962 0.194513 1023.1471 0 2.27262E-06 3.62359 6.4164E-01 0.34368 0.0118934
6.58163E+05 4.674945 3.501839 4.478121 0.868058 0.199717 1040.0392 0 2.62029E-06 3.62308 6.4087E-01 0.3443 0.0120295
6.68751E+05 4.678162 3.501009 4.462894 0.868154 0.205084 1056.2013 0 3.01959E-06 3.62259 6.4009E-01 0.34492 0.0121674
6.79357E+05 4.681031 3.500245 4.445347 0.868252 0.210584 1072.5162 0 3.46038E-06 3.62207 6.3930E-01 0.34555 0.0123069
6.89981E+05 4.683503 3.499489 4.425184 0.868350 0.216208 1088.8917 0 3.95895E-06 3.62152 6.3851E-01 0.34619 0.0124486
7.00626E+05 4.685516 3.498728 4.402046 0.868449 0.221907 1104.9020 0 4.52476E-06 3.62096 6.3770E-01 0.34683 0.0125924
7.11293E+05 4.686662 3.497945 4.373134 0.868549 0.227661 1119.3628 0 5.16656E-06 3.62046 6.3689E-01 0.34748 0.0127387
7.21986E+05 4.687138 3.497124 4.339975 0.868649 0.233465 1132.9377 0 5.90263E-06 3.61997 6.3606E-01 0.34814 0.0128878
7.32707E+05 4.686844 3.496324 4.302007 0.868751 0.239311 1146.4484 0 6.71881E-06 3.61939 6.3523E-01 0.3488 0.0130397
7.43460E+05 4.685665 3.495504 4.258580 0.868853 0.245127 1158.8739 0 7.63851E-06 3.61882 6.3439E-01 0.34947 0.0131952
7.54246E+05 4.683464 3.494713 4.209036 0.868957 0.25093 1169.6169 0 8.64013E-06 3.61827 6.3354E-01 0.35014 0.0133546
7.65069E+05 4.680189 3.493836 4.153555 0.869063 0.256651 1179.3909 0 9.79286E-06 3.61767 6.3268E-01 0.35082 0.0135184
7.75931E+05 4.675435 3.492977 4.089565 0.869170 0.262245 1187.5089 0 1.10366E-05 3.61702 6.3181E-01 0.3515 0.0136861
7.86836E+05 4.669191 3.492193 4.017284 0.869281 0.26772 1192.5139 0 1.23237E-05 3.61646 6.3094E-01 0.35218 0.0138606
7.97786E+05 4.660967 3.491161 3.933674 0.869395 0.273132 1196.3749 0 1.39353E-05 3.61575 6.3005E-01 0.35286 0.0140405
8.08783E+05 4.650797 3.490222 3.839291 0.869514 0.278751 1197.1464 0 1.56069E-05 3.61507 6.2916E-01 0.35354 0.0142281
8.19829E+05 4.638536 3.489273 3.733487 0.869640 0.284788 1195.6914 0 1.74577E-05 3.61435 6.2827E-01 0.35421 0.0144234
8.30921E+05 4.623250 3.488188 3.610702 0.869777 0.292182 1192.5004 0 1.96894E-05 3.61347 6.2737E-01 0.35488 0.0146293
8.42058E+05 4.605329 3.487110 3.473693 0.869927 0.302392 1185.6067 0 2.22683E-05 3.61266 6.2647E-01 0.35554 0.0148453
8.53231E+05 4.583355 3.485728 3.313839 0.870099 0.319469 1178.5163 0 2.59260E-05 3.61155 6.2557E-01 0.35619 0.0150743
8.64427E+05 4.556097 3.484091 3.123354 0.870302 0.3546 1172.3667 0 3.13626E-05 3.61002 6.2467E-01 0.35681 0.0153169
8.75623E+05 4.520329 3.482096 2.880873 0.870558 0.43792 1166.9636 0 4.10033E-05 3.60807 6.2379E-01 0.35741 0.0155735
8.86779E+05 4.467862 3.479072 2.526651 0.870910 0.566954 1179.3368 0 6.86530E-05 3.60456 6.2292E-01 0.35797 0.0158403
8.97818E+05 4.353922 3.472546 1.601704 0.871440 0.710367 1127.3754 0 1.62893E-04 3.49951 6.2202E-01 0.35856 0.0161246
9.08590E+05 4.322905 3.665455 0.873293 0.873293 0.710367 357.3841 0 1.23824E-06 3.66402 6.2102E-01 0.35919 0.0164465
0.00000E+00 4.277300 3.567323 5.000000 0.901200 0.368171 105.4856 1 2.11158E-13 3.5662 6.5705E-01 0.335028 0.00567767
3.34470E+03 4.306036 3.564611 5.000000 0.901901 0.369519 113.1020 1 4.87547E-13 3.56329 6.5705E-01 0.335028 0.00567767
7.00977E+03 4.333126 3.562021 5.000000 0.902375 0.371898 120.8865 1 1.09434E-12 3.56043 6.5700E-01 0.335068 0.00568067
1.10071E+04 4.358955 3.559525 5.000000 0.902793 0.375432 128.8298 1 2.41087E-12 3.55768 6.5693E-01 0.335138 0.00568593
1.53440E+04 4.383313 3.557136 5.000000 0.903163 0.380332 136.7566 1 5.16867E-12 3.55512 6.5683E-01 0.335228 0.00569406
1.99966E+04 4.405899 3.554876 5.000000 0.903489 0.386071 144.6313 1 1.07006E-11 3.55266 6.5671E-01 0.335338 0.00570526
2.49250E+04 4.426498 3.552788 5.000000 0.903770 0.390954 152.2480 1 2.11360E-11 3.55038 6.5657E-01 0.335455 0.00572035
3.00846E+04 4.445029 3.550874 5.000000 0.904012 0.387334 159.3816 1 3.95157E-11 3.54839 6.5641E-01 0.335599 0.00574058
3.54330E+04 4.461536 3.549147 5.000000 0.904219 0.368602 166.0914 1 6.99516E-11 3.54654 6.5622E-01 0.335751 0.00576915
4.09328E+04 4.476151 3.547603 4.999999 0.904396 0.332747 172.2474 1 1.17060E-10 3.54493 6.5602E-01 0.335912 0.00580636
4.65530E+04 4.489053 3.546236 4.999999 0.904550 0.282512 177.9055 1 1.85943E-10 3.54348 6.5580E-01 0.336085 0.0058512
5.22688E+04 4.500446 3.545139 4.999998 0.904684 0.223836 183.0205 1 2.79022E-10 3.54222 6.5556E-01 0.336269 0.00590221
5.80607E+04 4.510531 3.544274 4.999997 0.904804 0.165183 187.6752 1 3.98668E-10 3.54111 6.5531E-01 0.336464 0.00595693
6.39138E+04 4.519498 3.543499 4.999996 0.904912 0.116147 191.8933 1 4.19631E-10 3.54013 6.5505E-01 0.336661 0.00601298
6.98167E+04 4.527521 3.542855 4.999994 0.905011 0.0840448 195.7869 1 4.02908E-10 3.53923 6.5478E-01 0.336868 0.00606706
7.57609E+04 4.534751 3.542244 4.999993 0.905103 0.0688313 199.3967 1 3.86294E-10 3.53839 6.5450E-01 0.337095 0.00611668
8.17399E+04 4.541321 3.541555 4.999991 0.905190 0.0637939 202.6606 1 3.74938E-10 3.53768 6.5422E-01 0.337334 0.00616193
8.77489E+04 4.547343 3.540835 4.999989 0.905274 0.0628416 205.6964 1 3.65658E-10 3.53704 6.5393E-01 0.337572 0.00620465
9.37842E+04 4.552913 3.540125 4.999987 0.905354 0.0631632 208.5468 1 3.57102E-10 3.53644 6.5363E-01 0.337832 0.00624721
9.98432E+04 4.558112 3.539442 4.999985 0.905432 0.063881 211.2397 1 3.48869E-10 3.53588 6.5332E-01 0.338091 0.00629006
1.05924E+05 4.563008 3.538778 4.999983 0.905509 0.064748 213.8015 1 3.41022E-10 3.53536 6.5301E-01 0.338351 0.00633369
1.12024E+05 4.567656 3.538138 4.999981 0.905585 0.0657138 216.2874 1 3.32704E-10 3.53485 6.5269E-01 0.338621 0.006378
1.18143E+05 4.572104 3.537517 4.999979 0.905660 0.0667531 218.7141 1 3.23991E-10 3.53434 6.5237E-01 0.33889 0.00642304
1.24280E+05 4.576390 3.536937 4.999977 0.905735 0.0678551 221.0751 1 3.14833E-10 3.53386 6.5205E-01 0.33916 0.00646874
1.30434E+05 4.580547 3.536368 4.999975 0.905809 0.0690229 223.3362 1 3.06693E-10 3.53343 6.5172E-01 0.33945 0.00651508
1.36604E+05 4.584601 3.535803 4.999973 0.905883 0.0702562 225.5619 1 2.98666E-10 3.533 6.5138E-01 0.33973 0.00656211
1.42790E+05 4.588573 3.535244 4.999971 0.905957 0.0715448 227.7645 1 2.90582E-10 3.53259 6.5104E-01 0.34002 0.00660975
1.48992E+05 4.592483 3.534693 4.999969 0.906031 0.0728964 229.9446 1 2.82514E-10 3.53219 6.5069E-01 0.34031 0.00665793
1.55208E+05 4.596343 3.534142 4.999967 0.906104 0.0743068 232.1000 1 2.74731E-10 3.5318 6.5034E-01 0.3406 0.0067067
1.61439E+05 4.600168 3.533594 4.999965 0.906178 0.0757809 234.2757 1 2.66453E-10 3.53141 6.4999E-01 0.3409 0.00675624
1.67685E+05 4.603965 3.533038 4.999963 0.906252 0.0773204 236.4667 1 2.58090E-10 3.53101 6.4963E-01 0.34121 0.00680623
1.73945E+05 4.607744 3.532472 4.999961 0.906327 0.0789275 238.7025 1 2.49252E-10 3.53059 6.4927E-01 0.34151 0.00685683
1.80219E+05 4.611511 3.531908 4.999959 0.906401 0.080595 240.9584 1 2.40201E-10 3.53017 6.4890E-01 0.34182 0.00690804
1.86506E+05 4.615271 3.531340 4.999957 0.906475 0.0823337 243.2429 1 2.30960E-10 3.52975 6.4853E-01 0.34214 0.00695981
1.92807E+05 4.619028 3.530771 4.999955 0.906550 0.084136 245.4781 1 2.22674E-10 3.52936 6.4816E-01 0.34246 0.00701216
1.99121E+05 4.622786 3.530205 4.999952 0.906625 0.0860033 247.7126 1 2.14539E-10 3.52899 6.4778E-01 0.34278 0.00706515
2.05448E+05 4.626548 3.529633 4.999950 0.906700 0.0879462 249.9597 1 2.06528E-10 3.52862 6.4739E-01 0.3431 0.0071188
2.11788E+05 4.630315 3.529059 4.999948 0.906775 0.0899631 252.2216 1 1.98558E-10 3.52826 6.4700E-01 0.34343 0.00717289
2.18140E+05 4.634089 3.528502 4.999946 0.906851 0.0920524 254.5316 1 1.90017E-10 3.52788 6.4661E-01 0.34376 0.00722773
2.24505E+05 4.637871 3.527954 4.999943 0.906926 0.094218 256.8838 1 1.81171E-10 3.5275 6.4621E-01 0.3441 0.00728302
2.30882E+05 4.641664 3.527402 4.999941 0.907002 0.0964686 259.3208 1 1.71748E-10 3.52708 6.4581E-01 0.34444 0.00733906
2.37270E+05 4.645466 3.526851 4.999939 0.907078 0.0988016 261.7865 1 1.62440E-10 3.52666 6.4540E-01 0.34479 0.00739567
2.43670E+05 4.649279 3.526292 4.999937 0.907154 0.101211 264.2795 1 1.53375E-10 3.52624 6.4499E-01 0.34513 0.00745284
2.50082E+05 4.653103 3.525726 4.999935 0.907231 0.103696 266.7576 1 1.44967E-10 3.52585 6.4457E-01 0.34549 0.00751067
2.56505E+05 4.656938 3.525160 4.999933 0.907307 0.106276 269.1974 1 1.45408E-10 3.52549 6.4415E-01 0.34584 0.00756915
2.62939E+05 4.660784 3.524589 4.999931 0.907384 0.108948 271.6597 1 1.61312E-10 3.52513 6.4373E-01 0.3462 0.00762812
2.69384E+05 4.664642 3.524017 4.999929 0.907461 0.11171 274.1838 1 1.79009E-10 3.52476 6.4330E-01 0.34657 0.00768779
2.75839E+05 4.668511 3.523440 4.999927 0.907539 0.114567 276.7496 1 1.98738E-10 3.52438 6.4286E-01 0.34694 0.00774817
2.82305E+05 4.672391 3.522860 4.999925 0.907616 0.117524 279.3768 1 2.20730E-10 3.52398 6.4242E-01 0.34731 0.00780905
2.88781E+05 4.676282 3.522273 4.999923 0.907694 0.120583 282.0672 1 2.45333E-10 3.52356 6.4198E-01 0.34768 0.00787057
2.95267E+05 4.680183 3.521682 4.999920 0.907772 0.123744 284.7920 1 2.72785E-10 3.52315 6.4153E-01 0.34806 0.00793282
3.01763E+05 4.684095 3.521089 4.999918 0.907850 0.127019 287.5267 1 3.03419E-10 3.52274 6.4107E-01 0.34845 0.00799572
3.08269E+05 4.688018 3.520496 4.999916 0.907928 0.130402 290.2256 1 3.37531E-10 3.52237 6.4061E-01 0.34884 0.00805918
3.14784E+05 4.691950 3.519899 4.999914 0.908006 0.133901 292.9243 1 3.75643E-10 3.52201 6.4015E-01 0.34923 0.00812339
3.21308E+05 4.695892 3.519305 4.999911 0.908085 0.13752 295.6673 1 4.18054E-10 3.52165 6.3968E-01 0.34963 0.00818819
3.27842E+05 4.699843 3.518731 4.999908 0.908164 0.141263 298.4594 1 4.64706E-10 3.52128 6.3921E-01 0.35003 0.00825368
3.34384E+05 4.703803 3.518155 4.999905 0.908243 0.145128 301.3075 1 5.16717E-10 3.52089 6.3873E-01 0.35043 0.00831976
3.40935E+05 4.707771 3.517577 4.999902 0.908322 0.149144 304.2474 1 5.74663E-10 3.52048 6.3825E-01 0.35084 0.00838655
3.47494E+05 4.711748 3.516998 4.999899 0.908401 0.153303 307.1935 1 6.39285E-10 3.52008 6.3776E-01 0.35126 0.00845398
3.54061E+05 4.715733 3.516418 4.999896 0.908481 0.15761 310.1644 1 7.11317E-10 3.51968 6.3726E-01 0.35167 0.00852205
3.60637E+05 4.719726 3.515837 4.999892 0.908561 0.162044 313.1113 1 7.91619E-10 3.51931 6.3677E-01 0.3521 0.00859086
3.67220E+05 4.723726 3.515254 4.999888 0.908641 0.16666 316.0317 1 8.81216E-10 3.51896 6.3626E-01 0.35252 0.00866028
3.73812E+05 4.727733 3.514671 4.999884 0.908721 0.171446 319.0092 1 9.81021E-10 3.51861 6.3575E-01 0.35295 0.00873028
3.80410E+05 4.731747 3.514088 4.999879 0.908801 0.176403 322.0335 1 1.09231E-09 3.51825 6.3524E-01 0.35339 0.00880107
3.87016E+05 4.735767 3.513499 4.999874 0.908882 0.181562 325.1413 1 1.21683E-09 3.51786 6.3472E-01 0.35383 0.00887253
3.93629E+05 4.739793 3.512913 4.999868 0.908962 0.186903 328.2754 1 1.35547E-09 3.51748 6.3420E-01 0.35427 0.00894458
4.00249E+05 4.743824 3.512339 4.999862 0.909043 0.192461 331.4376 1 1.50870E-09 3.5171 6.3367E-01 0.35472 0.00901741
4.06876E+05 4.747862 3.511776 4.999855 0.909124 0.198238 334.6128 1 1.67821E-09 3.51673 6.3313E-01 0.35517 0.00909075
4.13510E+05 4.751904 3.511221 4.999847 0.909206 0.204236 337.8099 1 1.86602E-09 3.51636 6.3259E-01 0.35563 0.00916488
4.20150E+05 4.755951 3.510665 4.999839 0.909287 0.210477 340.9645 1 2.07502E-09 3.51603 6.3205E-01 0.35609 0.0092396
4.26796E+05 4.760002 3.510111 4.999830 0.909369 0.217012 344.1656 1 2.30740E-09 3.51569 6.3150E-01 0.35655 0.00931491
4.33448E+05 4.764058 3.509560 4.999820 0.909450 0.22382 347.3786 1 2.56540E-09 3.51536 6.3095E-01 0.35702 0.00939098
4.40106E+05 4.768117 3.509024 4.999808 0.909532 0.230921 350.6787 1 2.84945E-09 3.515 6.3039E-01 0.3575 0.00946768
4.46770E+05 4.772180 3.508487 4.999796 0.909614 0.238402 354.0427 1 3.16553E-09 3.51464 6.2982E-01 0.35797 0.00954507
4.53439E+05 4.776246 3.507956 4.999783 0.909697 0.246244 357.4219 1 3.51550E-09 3.51428 6.2925E-01 0.35846 0.00962297
4.60114E+05 4.780315 3.507446 4.999768 0.909779 0.254487 360.8251 1 3.89870E-09 3.51393 6.2868E-01 0.35894 0.00970161
4.66794E+05 4.784386 3.506939 4.999751 0.909862 0.263158 364.2451 1 4.32301E-09 3.51358 6.2810E-01 0.35944 0.0097807
4.73479E+05 4.787959 3.506460 4.995887 0.909944 0.272039 1302.0492 0 4.77751E-06 3.62239 6.2751E-01 0.35993 0.00986057
4.80171E+05 4.790521 3.505945 4.984331 0.910028 0.280939 1316.9743 0 5.27682E-06 3.62207 6.2692E-01 0.36043 0.00994117
4.86875E+05 4.792436 3.505441 4.967945 0.910113 0.290077 1331.1686 0 5.81221E-06 3.62173 6.2633E-01 0.36093 0.0100229
4.93594E+05 4.794107 3.504938 4.949851 0.910198 0.299352 1345.5373 0 6.39588E-06 3.62136 6.2573E-01 0.36144 0.0101057
5.00329E+05 4.795007 3.504427 4.926159 0.910284 0.30877 1358.7336 0 7.02452E-06 3.62098 6.2512E-01 0.36195 0.01019
5.07083E+05 4.795554 3.503911 4.900052 0.910370 0.318327 1371.4571 0 7.70695E-06 3.62061 6.2451E-01 0.36247 0.0102757
5.13859E+05 4.795708 3.503393 4.871305 0.910457 0.328008 1383.7029 0 8.44485E-06 3.62022 6.2390E-01 0.36298 0.0103631
5.20656E+05 4.795429 3.502868 4.839679 0.910543 0.337375 1394.5908 0 9.24346E-06 3.61988 6.2327E-01 0.36351 0.0104523
5.27476E+05 4.794163 3.502332 4.801209 0.910629 0.346606 1403.8324 0 1.00918E-05 3.61954 6.2265E-01 0.36403 0.0105436
5.34324E+05 4.792321 3.501790 4.759003 0.910715 0.355692 1412.6327 0 1.10004E-05 3.61915 6.2202E-01 0.36456 0.010637
5.41201E+05 4.789850 3.501255 4.712773 0.910802 0.364299 1420.5331 0 1.19600E-05 3.61875 6.2138E-01 0.36509 0.010733
5.48108E+05 4.786392 3.501000 4.660085 0.910888 0.373694 1423.2532 0 3.90804E-05 3.61858 6.2074E-01 0.36561 0.0108317
5.55049E+05 4.782463 3.500150 4.604943 0.910974 0.381534 1432.6853 0 1.40527E-05 3.61789 6.2009E-01 0.36615 0.0109327
5.62025E+05 4.777711 3.499556 4.544956 0.911060 0.388968 1436.3363 0 1.52174E-05 3.61749 6.1944E-01 0.36669 0.0110377
5.69036E+05 4.772691 3.498958 4.483449 0.911145 0.396008 1440.0093 0 1.64848E-05 3.61706 6.1878E-01 0.36722 0.011146
5.76083E+05 4.765968 3.498392 4.411985 0.911231 0.401931 1440.0122 0 1.77044E-05 3.61665 6.1811E-01 0.36777 0.0112581
5.83169E+05 4.757796 3.497737 4.331803 0.911316 0.407318 1439.5658 0 1.90562E-05 3.6161 6.1744E-01 0.36831 0.0113743
5.90297E+05 4.748467 3.497052 4.245093 0.911403 0.412159 1436.9456 0 2.05039E-05 3.61557 6.1677E-01 0.36885 0.0114952
5.97468E+05 4.737874 3.496454 4.151334 0.911491 0.416708 1430.7596 0 2.18859E-05 3.61513 6.1609E-01 0.36939 0.0116214
6.04682E+05 4.725895 3.495804 4.049905 0.911580 0.42111 1423.1861 0 2.34098E-05 3.61463 6.1540E-01 0.36993 0.0117532
6.11939E+05 4.712357 3.494960 3.939845 0.911672 0.425602 1416.4617 0 2.53525E-05 3.61392 6.1471E-01 0.37047 0.0118911
6.19238E+05 4.697044 3.494148 3.819948 0.911767 0.430712 1405.9132 0 2.74123E-05 3.61331 6.1402E-01 0.371 0.0120361
6.26578E+05 4.679655 3.493237 3.688438 0.911869 0.437204 1394.8560 0 2.99183E-05 3.61255 6.1332E-01 0.37153 0.0121888
6.33954E+05 4.659817 3.492289 3.543007 0.911980 0.4467 1382.2727 0 3.29308E-05 3.61172 6.1262E-01 0.37205 0.0123501
6.41361E+05 4.636920 3.491264 3.379723 0.912106 0.462744 1369.1052 0 3.68665E-05 3.61073 6.1191E-01 0.37256 0.0125213
6.48791E+05 4.609854 3.489937 3.191050 0.912253 0.494549 1356.7539 0 4.31163E-05 3.6095 6.1121E-01 0.37307 0.0127032
6.56228E+05 4.576362 3.488323 2.960904 0.912436 0.569663 1347.8159 0 5.40659E-05 3.60783 6.1052E-01 0.37355 0.0128963
6.63649E+05 4.530352 3.485923 2.642971 0.912682 0.716682 1355.0333 0 8.24144E-05 3.60502 6.0983E-01 0.37401 0.0130996
6.71013E+05 4.442247 3.481195 1.962125 0.913030 0.890121 1272.7917 0 1.99548E-04 3.5455 6.0914E-01 0.37446 0.0133116
6.78239E+05 4.382564 3.520953 1.074774 0.913984 0.993572 1018.2656 0 1.09305E-04 3.54083 6.0835E-01 0.37498 0.0135599
6.84497E+05 4.383665 3.692777 0.915908 0.915908 0.993572 377.8739 0 2.83498E-07 3.66817 6.0789E-01 0.37527 0.0137109
