0.00000E+00 3.053800 3.613696 0.500000 0.489500 0.479565 26.3836 1 1.24944E-10 3.62761 7.3198E-01 0.26 0.00566933
2.08391E+05 3.056885 3.610747 0.489662 0.489662 0.479565 57.1635 0 2.03662E-10 3.61096 7.3198E-01 0.26 0.00566933
0.00000E+00 3.119500 3.570190 0.550000 0.499800 0.479565 89.0677 0 1.86597E-09 3.56527 7.3198E-01 0.26 0.00566933
1.88582E+05 3.143478 3.568468 0.549823 0.500851 0.479565 95.6288 0 3.16063E-09 3.56334 7.3198E-01 0.26 0.00566933
3.90246E+05 3.171191 3.566568 0.549494 0.502134 0.479565 103.7186 0 5.79432E-09 3.56124 7.3198E-01 0.26 0.00566933
6.05915E+05 3.202608 3.564692 0.548817 0.503708 0.479565 113.4935 0 1.13898E-08 3.55913 7.3198E-01 0.26 0.00566933
8.35890E+05 3.237942 3.563213 0.547329 0.505649 0.479565 124.8779 0 2.37678E-08 3.55754 7.3198E-01 0.26 0.00566933
1.07940E+06 3.277146 3.563163 0.543938 0.508036 0.479565 136.8732 0 5.04290E-08 3.5577 7.3198E-01 0.26 0.00566933
1.33419E+06 3.319804 3.567936 0.536635 0.510950 0.479565 144.5991 0 9.04436E-08 3.56358 7.3198E-01 0.26 0.00566933
1.59645E+06 3.365112 3.587653 0.526410 0.514460 0.479565 133.9830 0 6.66897E-08 3.58538 7.3198E-01 0.26 0.00566933
1.86117E+06 3.411957 3.637681 0.522992 0.518610 0.479565 95.1259 0 5.44276E-09 3.63609 7.3198E-01 0.26 0.00566933
2.12311E+06 3.416194 3.783833 0.519056 0.519056 0.479565 41.9011 1 3.22459E-13 3.64854 7.3198E-01 0.26 0.00566933
0.00000E+00 3.161900 3.558923 0.600000 0.506400 0.479565 102.2729 0 2.49148E-09 3.55163 7.3198E-01 0.26 0.00566933
1.76846E+05 3.190354 3.556388 0.599742 0.507669 0.479565 112.0048 0 4.81719E-09 3.54861 7.3198E-01 0.26 0.00566933
3.68452E+05 3.223422 3.553490 0.599204 0.509255 0.479565 124.4515 0 1.03876E-08 3.54517 7.3198E-01 0.26 0.00566933
5.75695E+05 3.261035 3.550411 0.597856 0.511246 0.479565 140.1351 0 2.49487E-08 3.54152 7.3198E-01 0.26 0.00566933
7.98305E+05 3.303146 3.547532 0.594099 0.513743 0.479565 159.5904 0 6.74296E-08 3.53813 7.3198E-01 0.26 0.00566933
1.03422E+06 3.349179 3.546565 0.582454 0.516844 0.479565 181.3108 0 2.05849E-07 3.53735 7.3198E-01 0.26 0.00566933
1.27930E+06 3.397997 3.563914 0.546216 0.520627 0.479565 176.1474 0 3.50221E-07 3.55926 7.3198E-01 0.26 0.00566933
1.52791E+06 3.448072 3.654389 0.528934 0.525135 0.479565 89.3909 0 2.77187E-09 3.65094 7.3198E-01 0.26 0.00566933
1.77394E+06 3.452863 3.903834 0.525651 0.525651 0.479565 39.9376 1 6.42925E-15 3.66374 7.3198E-01 0.26 0.00566933
0.00000E+00 3.166100 3.555524 0.650000 0.510600 0.47832 98.4801 0 1.12509E-09 3.54884 7.2996E-01 0.261636 0.00566689
1.69716E+05 3.199405 3.552300 0.649861 0.512010 0.47832 109.8083 0 2.46687E-09 3.545 7.2996E-01 0.261636 0.00566689
3.55131E+05 3.238008 3.548594 0.649506 0.513799 0.47832 124.6616 0 6.14146E-09 3.54051 7.2996E-01 0.261636 0.00566689
5.57027E+05 3.281699 3.544435 0.648623 0.516073 0.47832 143.9672 0 1.73745E-08 3.53545 7.2996E-01 0.261636 0.00566689
7.74617E+05 3.330063 3.539968 0.645676 0.518949 0.47832 169.0964 0 5.67558E-08 3.52999 7.2996E-01 0.261636 0.00566689
1.00482E+06 3.381960 3.536045 0.634490 0.522529 0.47832 201.1183 0 2.26438E-07 3.52532 7.2996E-01 0.261636 0.00566689
1.24228E+06 3.435161 3.544893 0.576604 0.526876 0.47832 221.1116 0 1.13497E-06 3.53765 7.2996E-01 0.261636 0.00566689
1.48055E+06 3.484474 3.769732 0.531987 0.531987 0.47832 20.2429 1 4.67288E-12 3.76915 7.2996E-01 0.261636 0.00566689
0.00000E+00 3.259700 3.544806 0.700000 0.513900 0.478325 125.9262 0 4.10959E-09 3.53726 7.2795E-01 0.263281 0.0056681
1.64290E+05 3.288090 3.541927 0.699609 0.515419 0.478325 138.5049 0 8.13894E-09 3.53376 7.2795E-01 0.263281 0.0056681
3.44915E+05 3.321731 3.538515 0.698678 0.517366 0.478325 155.1548 0 1.84583E-08 3.52959 7.2795E-01 0.263281 0.0056681
5.42550E+05 3.360487 3.534627 0.696150 0.519865 0.478325 177.2622 0 4.86488E-08 3.52474 7.2795E-01 0.263281 0.0056681
7.55944E+05 3.403958 3.530380 0.688070 0.523041 0.478325 206.7922 0 1.58884E-07 3.51954 7.2795E-01 0.263281 0.0056681
9.81192E+05 3.450941 3.527236 0.654282 0.526995 0.478325 248.2951 0 8.68025E-07 3.51588 7.2795E-01 0.263281 0.0056681
1.21211E+06 3.499736 3.600189 0.531794 0.531794 0.478325 157.7012 0 2.42488E-07 3.59977 7.2795E-01 0.263281 0.0056681
0.00000E+00 3.227700 3.556578 0.800000 0.518800 0.471955 45.6796 1 1.48924E-08 3.55761 7.2594E-01 0.266712 0.00567995
1.56486E+05 3.264023 3.552945 0.799289 0.520435 0.471955 108.8477 0 4.14155E-10 3.54129 7.2594E-01 0.266712 0.00567995
3.29712E+05 3.306406 3.548693 0.798843 0.522555 0.471955 125.5120 0 1.14077E-09 3.536 7.2594E-01 0.266712 0.00567995
5.20190E+05 3.354363 3.543842 0.798390 0.525298 0.471955 147.6556 0 3.59640E-09 3.52986 7.2594E-01 0.266712 0.00567995
7.26109E+05 3.406830 3.538474 0.797663 0.528798 0.471955 176.5896 0 1.27336E-08 3.52304 7.2594E-01 0.266712 0.00567995
9.42683E+05 3.461778 3.532785 0.794813 0.533141 0.471955 213.9106 0 4.98411E-08 3.51567 7.2594E-01 0.266712 0.00567995
1.16295E+06 3.516699 3.526972 0.784171 0.538338 0.471955 261.9706 0 2.25201E-07 3.50808 7.2594E-01 0.266712 0.00567995
1.37993E+06 3.568825 3.521624 0.720703 0.544320 0.471955 337.1755 0 2.48439E-06 3.50136 7.2594E-01 0.266712 0.00567995
1.52369E+06 3.579644 3.525078 0.547638 0.547638 0.471955 392.4467 0 5.56948E-05 3.51474 7.2594E-01 0.266712 0.00567995
0.00000E+00 3.244900 3.558298 0.900000 0.522500 0.452356 40.9354 1 3.23515E-09 3.56926 7.2394E-01 0.268429 0.00568594
1.50776E+05 3.283610 3.554451 0.899685 0.524241 0.452356 45.4807 1 7.21273E-09 3.56372 7.2394E-01 0.268429 0.00568594
3.18698E+05 3.328762 3.549871 0.898820 0.526520 0.452356 115.4911 0 3.05825E-10 3.53902 7.2394E-01 0.268429 0.00568594
5.04109E+05 3.379641 3.544658 0.898116 0.529490 0.452356 137.1889 0 1.04129E-09 3.53255 7.2394E-01 0.268429 0.00568594
7.04650E+05 3.434748 3.538941 0.897688 0.533288 0.452356 165.5412 0 3.92426E-09 3.52535 7.2394E-01 0.268429 0.00568594
9.14740E+05 3.491563 3.532997 0.896809 0.537984 0.452356 201.2639 0 1.55649E-08 3.51778 7.2394E-01 0.268429 0.00568594
1.12689E+06 3.547286 3.527036 0.893242 0.543554 0.452356 245.1610 0 6.32262E-08 3.51003 7.2394E-01 0.268429 0.00568594
1.33421E+06 3.599732 3.521047 0.880369 0.549896 0.452356 299.5516 0 2.81221E-07 3.50217 7.2394E-01 0.268429 0.00568594
1.53213E+06 3.646013 3.514202 0.805652 0.556864 0.452356 390.1349 0 3.29796E-06 3.4931 7.2394E-01 0.268429 0.00568594
1.65777E+06 3.655518 3.522208 0.560512 0.560512 0.452356 496.9587 0 5.70041E-05 3.50494 7.2394E-01 0.268429 0.00568594
0.00000E+00 3.292300 3.557343 1.000000 0.525500 0.435012 42.1954 1 2.31949E-10 3.56909 7.2294E-01 0.269171 0.00569474
1.46247E+05 3.328751 3.553698 0.999978 0.527321 0.435012 46.5770 1 5.26882E-10 3.5639 7.2294E-01 0.269171 0.00569474
3.09870E+05 3.371704 3.549377 0.999918 0.529721 0.435012 52.4259 1 1.37862E-09 3.55752 7.2294E-01 0.269171 0.00569474
4.91062E+05 3.420421 3.544420 0.999771 0.532864 0.435012 135.1385 0 4.85914E-10 3.53363 7.2294E-01 0.269171 0.00569474
6.87033E+05 3.473281 3.538920 0.999633 0.536885 0.435012 161.6527 0 1.72906E-09 3.52681 7.2294E-01 0.269171 0.00569474
8.91643E+05 3.527624 3.533204 0.999263 0.541838 0.435012 194.7098 0 6.42265E-09 3.5196 7.2294E-01 0.269171 0.00569474
1.09713E+06 3.580621 3.527550 0.998045 0.547670 0.435012 233.9742 0 2.34937E-08 3.51241 7.2294E-01 0.269171 0.00569474
1.29683E+06 3.630200 3.522115 0.993776 0.554252 0.435012 279.4129 0 8.33407E-08 3.50537 7.2294E-01 0.269171 0.00569474
1.48661E+06 3.675360 3.516719 0.979593 0.561428 0.435012 333.4792 0 3.14144E-07 3.49831 7.2294E-01 0.269171 0.00569474
1.66464E+06 3.715690 3.509993 0.917650 0.569044 0.435012 419.4433 0 2.39929E-06 3.4893 7.2294E-01 0.269171 0.00569474
1.78129E+06 3.725597 3.507093 0.732394 0.573373 0.435012 497.5208 0 2.72761E-05 3.49539 7.2294E-01 0.269171 0.00569474
1.79030E+06 3.732538 3.644642 0.574024 0.574024 0.435012 260.2203 0 2.15998E-07 3.59421 7.2294E-01 0.269171 0.00569474
0.00000E+00 3.289900 3.561541 1.100000 0.527200 0.418155 38.2662 1 7.81635E-12 3.57574 7.2294E-01 0.268978 0.00570143
1.43630E+05 3.328380 3.557785 1.099999 0.529062 0.418155 42.3979 1 1.95082E-11 3.57052 7.2294E-01 0.268978 0.00570143
3.04704E+05 3.373549 3.553301 1.099997 0.531524 0.418155 47.9116 1 5.74636E-11 3.56411 7.2294E-01 0.268978 0.00570143
4.83330E+05 3.424499 3.548202 1.099988 0.534755 0.418155 55.1284 1 1.95416E-10 3.55654 7.2294E-01 0.268978 0.00570143
6.76495E+05 3.479343 3.542580 1.099955 0.538888 0.418155 64.3178 1 7.39259E-10 3.54793 7.2294E-01 0.268978 0.00570143
8.77805E+05 3.535173 3.536769 1.099866 0.543966 0.418155 172.7523 0 1.54084E-09 3.52522 7.2294E-01 0.268978 0.00570143
1.07942E+06 3.589058 3.531052 1.099575 0.549920 0.418155 207.6903 0 5.67118E-09 3.5181 7.2294E-01 0.268978 0.00570143
1.27483E+06 3.638994 3.525717 1.098596 0.556609 0.418155 246.8863 0 1.91900E-08 3.51132 7.2294E-01 0.268978 0.00570143
1.46018E+06 3.684125 3.520812 1.095601 0.563868 0.418155 289.4985 0 5.96243E-08 3.50506 7.2294E-01 0.268978 0.00570143
1.63378E+06 3.724414 3.516178 1.087144 0.571541 0.418155 336.7805 0 1.79493E-07 3.49898 7.2294E-01 0.268978 0.00570143
1.79529E+06 3.760241 3.511337 1.062587 0.579491 0.418155 394.1697 0 6.24847E-07 3.49262 7.2294E-01 0.268978 0.00570143
1.94504E+06 3.790877 3.502618 0.917425 0.587585 0.418155 534.7812 0 1.41676E-05 3.48093 7.2294E-01 0.268978 0.00570143
2.02407E+06 3.778839 3.547283 0.590576 0.590576 0.418155 543.1962 0 6.00616E-05 3.52055 7.2294E-01 0.268978 0.00570143
0.00000E+00 3.358700 3.558607 1.200000 0.531200 0.411253 42.3068 1 3.86262E-12 3.57211 7.2594E-01 0.265821 0.0057051
1.37960E+05 3.392636 3.555279 1.200000 0.533144 0.411253 46.3623 1 8.85674E-12 3.56734 7.2594E-01 0.265821 0.0057051
2.93414E+05 3.433087 3.551279 1.199999 0.535731 0.411253 51.7657 1 2.39855E-11 3.5615 7.2594E-01 0.265821 0.0057051
4.66284E+05 3.479210 3.546667 1.199995 0.539137 0.411253 58.8064 1 7.55105E-11 3.55457 7.2594E-01 0.265821 0.0057051
6.53116E+05 3.529142 3.541513 1.199983 0.543488 0.411253 67.7128 1 2.67113E-10 3.54664 7.2594E-01 0.265821 0.0057051
8.47069E+05 3.580016 3.536211 1.199932 0.548799 0.411253 176.4702 0 1.14151E-09 3.52527 7.2594E-01 0.265821 0.0057051
1.04026E+06 3.629034 3.531034 1.199747 0.554972 0.411253 208.6641 0 3.72197E-09 3.51879 7.2594E-01 0.265821 0.0057051
1.22661E+06 3.674383 3.526230 1.199179 0.561838 0.411253 243.6823 0 1.11536E-08 3.51281 7.2594E-01 0.265821 0.0057051
1.40276E+06 3.715353 3.521852 1.197637 0.569220 0.411253 281.1348 0 3.03753E-08 3.50718 7.2594E-01 0.265821 0.0057051
1.56743E+06 3.751968 3.517817 1.193873 0.576961 0.411253 320.4096 0 7.63686E-08 3.50201 7.2594E-01 0.265821 0.0057051
1.72048E+06 3.784605 3.514061 1.185337 0.584926 0.411253 362.2638 0 1.82743E-07 3.49715 7.2594E-01 0.265821 0.0057051
1.86230E+06 3.813730 3.510196 1.166258 0.592992 0.411253 410.4883 0 4.66496E-07 3.49208 7.2594E-01 0.265821 0.0057051
1.99358E+06 3.839824 3.505192 1.112755 0.601063 0.411253 482.2296 0 1.93763E-06 3.4853 7.2594E-01 0.265821 0.0057051
2.09053E+06 3.853349 3.497510 0.872504 0.606698 0.411253 659.3945 0 8.30476E-05 3.47816 7.2594E-01 0.265821 0.0057051
2.10789E+06 3.860412 4.000000 0.608377 0.608377 0.411253 83.4521 1 8.62042E-15 3.64837 7.2594E-01 0.265821 0.0057051
0.00000E+00 3.417000 3.556781 1.300000 0.531800 0.399887 45.7292 1 3.41344E-12 3.56963 7.2694E-01 0.264745 0.00571254
1.36913E+05 3.444914 3.554056 1.300000 0.533751 0.399887 49.3036 1 6.80531E-12 3.56572 7.2694E-01 0.264745 0.00571254
2.91256E+05 3.478787 3.550724 1.299999 0.536349 0.399887 54.0952 1 1.58205E-11 3.56076 7.2694E-01 0.264745 0.00571254
4.62929E+05 3.518061 3.546792 1.299997 0.539767 0.399887 60.2991 1 4.25617E-11 3.55486 7.2694E-01 0.264745 0.00571254
6.48454E+05 3.561304 3.542369 1.299991 0.544132 0.399887 68.1157 1 1.28651E-10 3.54802 7.2694E-01 0.264745 0.00571254
8.40983E+05 3.606083 3.537743 1.299971 0.549455 0.399887 77.4801 1 4.11133E-10 3.54057 7.2694E-01 0.264745 0.00571254
1.03269E+06 3.649884 3.533157 1.299869 0.555633 0.399887 197.6639 0 2.20573E-09 3.52199 7.2694E-01 0.264745 0.00571254
1.21755E+06 3.690963 3.528869 1.299572 0.562497 0.399887 227.3342 0 5.92403E-09 3.51663 7.2694E-01 0.264745 0.00571254
1.39228E+06 3.728533 3.524905 1.298816 0.569869 0.399887 258.6223 0 1.47147E-08 3.51164 7.2694E-01 0.264745 0.00571254
1.55563E+06 3.762479 3.521289 1.297103 0.577593 0.399887 290.9476 0 3.38040E-08 3.50708 7.2694E-01 0.264745 0.00571254
1.70746E+06 3.793032 3.517969 1.293553 0.585533 0.399887 324.1008 0 7.27993E-08 3.50292 7.2694E-01 0.264745 0.00571254
1.84818E+06 3.820558 3.514856 1.286586 0.593580 0.399887 359.2954 0 1.50497E-07 3.4988 7.2694E-01 0.264745 0.00571254
1.97844E+06 3.845430 3.511745 1.273251 0.601635 0.399887 397.4504 0 3.11353E-07 3.49477 7.2694E-01 0.264745 0.00571254
2.09902E+06 3.868003 3.508314 1.246928 0.609623 0.476713 443.4805 0 6.96716E-07 3.49026 7.2694E-01 0.264745 0.00571254
2.21073E+06 3.887222 3.502948 1.184267 0.616826 0.570051 512.4995 0 2.22245E-06 3.48406 7.2619E-01 0.265244 0.00595237
2.29561E+06 3.897453 3.493947 0.914624 0.621761 0.570051 716.1222 0 9.45320E-05 3.4752 7.2525E-01 0.265883 0.00624549
2.31531E+06 3.904480 4.000000 0.623873 0.623873 0.570051 78.7905 1 1.34787E-14 3.66588 7.2525E-01 0.265883 0.00624549
0.00000E+00 3.336900 3.568384 1.400000 0.530800 0.380788 34.3241 1 4.37353E-14 3.58577 7.2594E-01 0.265652 0.00571291
1.37971E+05 3.373089 3.565004 1.400000 0.532679 0.380788 37.7110 1 1.04686E-13 3.5812 7.2594E-01 0.265652 0.00571291
2.92910E+05 3.415718 3.560958 1.400000 0.535168 0.380788 42.1693 1 2.95487E-13 3.57568 7.2594E-01 0.265652 0.00571291
4.64873E+05 3.463871 3.556309 1.400000 0.538435 0.380788 47.9551 1 9.66895E-13 3.56911 7.2594E-01 0.265652 0.00571291
6.50819E+05 3.515659 3.551222 1.400000 0.542608 0.380788 55.2024 1 3.51994E-12 3.56168 7.2594E-01 0.265652 0.00571291
8.44428E+05 3.568221 3.545944 1.399999 0.547717 0.380788 63.8598 1 1.33542E-11 3.55373 7.2594E-01 0.265652 0.00571291
1.03810E+06 3.618739 3.540781 1.399997 0.553680 0.380788 73.6620 1 4.91879E-11 3.54569 7.2594E-01 0.265652 0.00571291
1.22566E+06 3.665356 3.535964 1.399989 0.560343 0.380788 84.2933 1 1.67246E-10 3.53782 7.2594E-01 0.265652 0.00571291
1.40352E+06 3.707342 3.531607 1.399944 0.567537 0.380788 212.6341 0 1.10372E-09 3.52071 7.2594E-01 0.265652 0.00571291
1.57019E+06 3.744737 3.527696 1.399818 0.575105 0.380788 241.4234 0 2.71143E-09 3.51585 7.2594E-01 0.265652 0.00571291
1.72538E+06 3.777953 3.524254 1.399527 0.582911 0.380788 270.1358 0 6.01870E-09 3.5116 7.2594E-01 0.265652 0.00571291
1.86940E+06 3.807484 3.521161 1.398950 0.590831 0.380788 298.6355 0 1.22817E-08 3.5078 7.2594E-01 0.265652 0.00571291
2.00288E+06 3.833858 3.518449 1.397877 0.598767 0.466521 326.8550 0 2.32265E-08 3.50436 7.2594E-01 0.265652 0.00571291
2.12654E+06 3.855573 3.515280 1.396012 0.605730 0.597416 352.3649 0 4.20876E-08 3.50151 7.2512E-01 0.266192 0.00598071
2.24271E+06 3.874324 3.511973 1.392861 0.612155 0.750807 376.3313 0 7.38392E-08 3.49906 7.2384E-01 0.26704 0.00639318
2.35263E+06 3.891056 3.508800 1.387670 0.618278 0.913677 399.8177 0 1.25730E-07 3.49685 7.2229E-01 0.268079 0.00688246
2.45678E+06 3.906288 3.505625 1.379228 0.624207 1.07774 424.2639 0 2.13328E-07 3.49463 7.2059E-01 0.269237 0.00740866
2.55546E+06 3.920187 3.447806 1.301267 0.630015 1.2229 487.5304 0 6.17576E-06 3.48841 7.1881E-01 0.270446 0.00794598
2.62814E+06 3.925823 3.410738 0.963793 0.633635 1.2229 730.9631 0 2.92233E-05 3.47472 7.1719E-01 0.271554 0.00842738
2.64901E+06 3.934072 3.535600 0.663851 0.636106 1.2229 458.5351 0 5.94992E-09 3.56654 7.1719E-01 0.271554 0.00842738
2.73755E+06 3.950104 3.564298 0.663451 0.643619 1.2229 398.1846 0 2.21593E-09 3.5864 7.1719E-01 0.271554 0.00842738
2.81879E+06 3.964867 3.601493 0.650814 0.650814 1.2229 306.4552 0 4.36890E-10 3.62134 7.1719E-01 0.271554 0.00842738
0.00000E+00 3.332200 3.572504 1.500000 0.532500 0.347443 31.6523 1 1.22699E-14 3.59134 7.2394E-01 0.267571 0.00573653
1.35457E+05 3.370629 3.568951 1.500000 0.534418 0.347443 34.9203 1 3.08299E-14 3.58672 7.2394E-01 0.267571 0.00573653
2.87912E+05 3.415685 3.564753 1.500000 0.536966 0.347443 39.2526 1 9.14899E-14 3.58105 7.2394E-01 0.267571 0.00573653
4.57340E+05 3.466258 3.559933 1.500000 0.540318 0.347443 44.8386 1 3.14975E-13 3.57444 7.2394E-01 0.267571 0.00573653
6.40500E+05 3.520176 3.554700 1.500000 0.544597 0.347443 51.8178 1 1.19765E-12 3.56697 7.2394E-01 0.267571 0.00573653
8.30857E+05 3.574330 3.549349 1.500000 0.549824 0.347443 60.0954 1 4.67543E-12 3.55906 7.2394E-01 0.267571 0.00573653
1.02078E+06 3.625824 3.544136 1.499999 0.555900 0.347443 69.3634 1 1.74838E-11 3.55117 7.2394E-01 0.267571 0.00573653
1.20426E+06 3.672892 3.539317 1.499996 0.562661 0.347443 79.3357 1 5.95584E-11 3.54349 7.2394E-01 0.267571 0.00573653
1.37796E+06 3.714958 3.535001 1.499988 0.569931 0.347443 89.6105 1 1.80886E-10 3.53638 7.2394E-01 0.267571 0.00573653
1.54055E+06 3.752202 3.531134 1.499950 0.577551 0.347443 220.5902 0 1.29652E-09 3.52086 7.2394E-01 0.267571 0.00573653
1.69184E+06 3.785102 3.527716 1.499824 0.585378 0.347443 246.2447 0 2.85462E-09 3.51678 7.2394E-01 0.267571 0.00573653
1.83221E+06 3.814254 3.524706 1.499560 0.593295 0.431264 271.8339 0 5.74298E-09 3.51302 7.2394E-01 0.267571 0.00573653
1.96230E+06 3.837984 3.521318 1.499079 0.600211 0.564408 294.2689 0 1.08277E-08 3.51011 7.2316E-01 0.26808 0.00599821
2.08466E+06 3.858133 3.517814 1.498220 0.606522 0.725757 314.8947 0 1.94096E-08 3.50762 7.2189E-01 0.268909 0.00641748
2.20081E+06 3.875795 3.514313 1.496775 0.612466 0.902181 334.2276 0 3.34737E-08 3.50546 7.2030E-01 0.269968 0.00693194
2.31134E+06 3.891596 3.510897 1.494416 0.618161 1.08495 352.7344 0 5.59261E-08 3.50354 7.1850E-01 0.271166 0.00750294
2.41656E+06 3.905964 3.458710 1.491518 0.623678 1.26835 370.6386 0 3.84290E-08 3.50179 7.1657E-01 0.272465 0.00810327
2.51672E+06 3.919201 3.436431 1.474085 0.629062 1.44689 394.0900 0 4.36776E-06 3.49941 7.1456E-01 0.273823 0.00871511
2.61206E+06 3.931410 3.399623 1.126472 0.634420 1.5312 623.8337 0 2.29584E-05 3.47815 7.1255E-01 0.275192 0.00931972
2.65379E+06 3.890228 3.396832 0.872842 0.635633 1.5312 610.9828 0 2.76568E-05 3.49588 7.1156E-01 0.275871 0.00960826
2.70312E+06 3.946792 3.561011 0.660181 0.641565 1.5312 384.5238 0 3.20120E-09 3.58998 7.1156E-01 0.275871 0.00960826
2.78621E+06 3.961892 3.605823 0.648933 0.648933 1.5312 303.2866 0 4.93103E-10 3.62205 7.1156E-01 0.275871 0.00960826
0.00000E+00 3.391100 3.570248 1.600000 0.529900 0.344731 33.0639 1 1.77358E-14 3.59507 7.2494E-01 0.266526 0.00573232
1.38596E+05 3.420309 3.567562 1.600000 0.531755 0.344731 35.5790 1 3.57800E-14 3.59176 7.2494E-01 0.266526 0.00573232
2.94024E+05 3.455373 3.564299 1.600000 0.534206 0.344731 38.8950 1 8.36186E-14 3.58763 7.2494E-01 0.266526 0.00573232
4.66382E+05 3.495746 3.560474 1.600000 0.537418 0.344731 43.1172 1 2.24390E-13 3.5828 7.2494E-01 0.266526 0.00573232
6.52775E+05 3.540097 3.556198 1.600000 0.541519 0.344731 48.3632 1 6.72300E-13 3.57727 7.2494E-01 0.266526 0.00573232
8.47070E+05 3.586111 3.551713 1.600000 0.546545 0.344731 54.5679 1 2.12715E-12 3.5713 7.2494E-01 0.266526 0.00573232
1.04176E+06 3.631287 3.547240 1.600000 0.552424 0.344731 61.5150 1 6.69873E-12 3.56525 7.2494E-01 0.266526 0.00573232
1.23064E+06 3.673785 3.542950 1.599999 0.559009 0.344731 68.9520 1 2.00639E-11 3.55935 7.2494E-01 0.266526 0.00573232
1.40998E+06 3.712706 3.539025 1.599996 0.566136 0.344731 76.6638 1 5.54682E-11 3.55373 7.2494E-01 0.266526 0.00573232
1.57820E+06 3.747864 3.535456 1.599989 0.573648 0.344731 84.4291 1 1.40779E-10 3.54855 7.2494E-01 0.266526 0.00573232
1.73493E+06 3.779468 3.532234 1.599974 0.581414 0.344731 92.1114 1 3.28806E-10 3.54385 7.2494E-01 0.266526 0.00573232
1.88045E+06 3.807888 3.529329 1.599917 0.589318 0.424356 241.8332 0 2.08569E-09 3.53271 7.2494E-01 0.266526 0.00573232
2.01533E+06 3.831133 3.526063 1.599755 0.596210 0.554635 261.5991 0 3.86056E-09 3.52982 7.2420E-01 0.267006 0.00597996
2.14230E+06 3.850820 3.522622 1.599452 0.602434 0.716272 279.3485 0 6.81341E-09 3.52743 7.2297E-01 0.267815 0.00638864
2.26314E+06 3.868017 3.519129 1.598949 0.608233 0.896688 295.6537 0 1.15820E-08 3.52539 7.2138E-01 0.268864 0.00690205
2.37857E+06 3.883349 3.515430 1.598099 0.613734 1.08698 311.0306 0 1.93837E-08 3.52351 7.1956E-01 0.270083 0.00748376
2.48894E+06 3.897234 3.466048 1.595511 0.619016 1.2808 326.0936 0 3.30183E-08 3.52149 7.1756E-01 0.271421 0.00810705
2.59447E+06 3.909981 3.445416 1.591405 0.624136 1.47375 340.8859 0 5.41723E-08 3.51939 7.1546E-01 0.27284 0.00875248
2.69533E+06 3.921827 3.434900 1.586232 0.629135 1.66294 355.5090 0 7.06510E-08 3.51724 7.1330E-01 0.274308 0.00940534
2.79170E+06 3.932833 3.424633 1.547791 0.634040 1.84344 381.4763 0 5.23466E-06 3.50886 7.1110E-01 0.275807 0.0100561
2.88382E+06 3.943530 3.391276 1.203533 0.639040 1.95178 586.8149 0 2.26430E-05 3.48136 7.0893E-01 0.277295 0.0106859
2.92550E+06 3.908107 3.384574 0.914234 0.640039 1.95178 648.7585 0 3.74029E-05 3.48897 7.0759E-01 0.278214 0.0110685
2.97178E+06 3.957377 3.567614 0.662325 0.645810 1.95178 363.8056 0 3.50910E-09 3.5985 7.0759E-01 0.278214 0.0110685
3.05186E+06 3.971651 3.622639 0.653088 0.653088 1.95178 312.4585 0 3.35176E-10 3.62051 7.0759E-01 0.278214 0.0110685
0.00000E+00 3.274300 3.583840 1.700000 0.522000 0.339788 23.4546 1 2.04471E-15 3.61119 7.2494E-01 0.266466 0.0057371
1.49212E+05 3.308899 3.580795 1.700000 0.523665 0.339788 25.4985 1 2.08396E-15 3.60775 7.2494E-01 0.266466 0.0057371
3.14709E+05 3.349401 3.577177 1.700000 0.525827 0.339788 28.1491 1 2.46622E-15 3.60356 7.2494E-01 0.266466 0.0057371
4.96927E+05 3.395281 3.573039 1.700000 0.528629 0.339788 31.5265 1 7.33745E-15 3.59862 7.2494E-01 0.266466 0.0057371
6.93953E+05 3.445410 3.568462 1.700000 0.532199 0.339788 35.7364 1 2.43969E-14 3.59301 7.2494E-01 0.266466 0.0057371
9.00949E+05 3.497712 3.563619 1.700000 0.536615 0.339788 40.8041 1 8.66016E-14 3.58689 7.2494E-01 0.266466 0.0057371
1.11107E+06 3.549705 3.558684 1.700000 0.541870 0.339788 46.6188 1 3.10820E-13 3.5806 7.2494E-01 0.266466 0.0057371
1.31765E+06 3.599274 3.553908 1.700000 0.547884 0.339788 53.0259 1 1.06860E-12 3.57435 7.2494E-01 0.266466 0.0057371
1.51590E+06 3.645140 3.549458 1.700000 0.554530 0.339788 59.8297 1 3.39798E-12 3.56834 7.2494E-01 0.266466 0.0057371
1.70322E+06 3.686820 3.545314 1.699999 0.561674 0.339788 66.8445 1 9.90549E-12 3.56271 7.2494E-01 0.266466 0.0057371
1.87858E+06 3.724357 3.541537 1.699998 0.569186 0.339788 73.9489 1 2.63360E-11 3.55747 7.2494E-01 0.266466 0.0057371
2.04188E+06 3.758064 3.538211 1.699995 0.576947 0.339788 81.0589 1 6.37660E-11 3.55261 7.2494E-01 0.266466 0.0057371
2.19348E+06 3.788334 3.535158 1.699988 0.584847 0.414183 88.0666 1 1.43029E-10 3.54818 7.2494E-01 0.266466 0.0057371
2.33399E+06 3.813017 3.531810 1.699975 0.591696 0.538239 94.2312 1 2.94789E-10 3.54455 7.2425E-01 0.266916 0.0059669
2.46637E+06 3.833823 3.528318 1.699951 0.597830 0.694919 99.7260 1 5.69884E-10 3.54155 7.2307E-01 0.267695 0.00635318
2.59265E+06 3.851898 3.524729 1.699837 0.603495 0.872814 255.3747 0 3.44920E-09 3.54556 7.2153E-01 0.268714 0.00684695
2.71368E+06 3.867897 3.520831 1.699605 0.608821 1.06346 269.1954 0 5.89593E-09 3.54372 7.1973E-01 0.269923 0.00741565
2.82988E+06 3.882267 3.478814 1.697594 0.613892 1.26028 282.5335 0 2.46579E-08 3.54179 7.1773E-01 0.271271 0.00803469
2.94146E+06 3.895357 3.455467 1.694085 0.618776 1.45872 295.4518 0 4.42951E-08 3.53983 7.1559E-01 0.27272 0.00868454
3.04858E+06 3.907422 3.444864 1.689560 0.623518 1.65554 308.2919 0 5.88154E-08 3.53777 7.1337E-01 0.274239 0.00935076
3.15135E+06 3.918659 3.437055 1.684128 0.628152 1.84847 320.8523 0 7.29251E-08 3.53571 7.1108E-01 0.275797 0.0100223
3.24991E+06 3.929222 3.430657 1.677842 0.632703 2.03613 333.4633 0 8.71804E-08 3.53357 7.0877E-01 0.277396 0.0106913
3.34441E+06 3.939229 3.425045 1.669420 0.637186 2.2175 346.6620 0 4.20533E-07 3.53109 7.0644E-01 0.279004 0.011352
3.43499E+06 3.948692 3.414316 1.588171 0.641623 2.38674 384.1940 0 6.23327E-06 3.5154 7.0412E-01 0.280613 0.0119999
3.52191E+06 3.958468 3.400147 0.778773 0.646397 2.38674 774.7853 0 6.33719E-05 3.49784 7.0188E-01 0.282172 0.0126127
3.60502E+06 3.974240 3.569985 0.670439 0.654489 2.38674 357.7668 0 4.47428E-09 3.60336 7.0188E-01 0.282172 0.0126127
3.67819E+06 3.987572 3.625781 0.661514 0.661514 2.38674 305.6235 0 4.64722E-10 3.62568 7.0188E-01 0.282172 0.0126127
0.00000E+00 3.187300 3.596577 1.800000 0.511900 0.337799 18.1265 1 1.72437E-15 3.62261 7.2494E-01 0.267401 0.00573657
1.64057E+05 3.219331 3.593903 1.800000 0.513271 0.337799 19.5467 1 1.74604E-15 3.6197 7.2494E-01 0.267401 0.00573657
3.42921E+05 3.256382 3.590771 1.800000 0.515001 0.337799 21.3445 1 1.77426E-15 3.61623 7.2494E-01 0.267401 0.00573657
5.37361E+05 3.298239 3.587211 1.800000 0.517193 0.337799 23.5966 1 1.81135E-15 3.61217 7.2494E-01 0.267401 0.00573657
7.46755E+05 3.344537 3.583240 1.800000 0.519955 0.337799 26.3844 1 1.85993E-15 3.60758 7.2494E-01 0.267401 0.00573657
9.68414E+05 3.394237 3.578907 1.800000 0.523385 0.337799 29.7936 1 2.36243E-15 3.60241 7.2494E-01 0.267401 0.00573657
1.19750E+06 3.445707 3.574343 1.800000 0.527545 0.337799 33.8394 1 8.01670E-15 3.59684 7.2494E-01 0.267401 0.00573657
1.42796E+06 3.497078 3.569710 1.800000 0.532444 0.337799 38.4852 1 2.75015E-14 3.59106 7.2494E-01 0.267401 0.00573657
1.65404E+06 3.546705 3.565163 1.800000 0.538041 0.337799 43.6629 1 9.17742E-14 3.5852 7.2494E-01 0.267401 0.00573657
1.87147E+06 3.593461 3.560852 1.800000 0.544258 0.337799 49.2403 1 2.88963E-13 3.57948 7.2494E-01 0.267401 0.00573657
2.07770E+06 3.636765 3.556781 1.800000 0.551001 0.337799 55.0880 1 8.48658E-13 3.57406 7.2494E-01 0.267401 0.00573657
2.27154E+06 3.676453 3.552988 1.800000 0.558168 0.337799 61.1252 1 2.31058E-12 3.56893 7.2494E-01 0.267401 0.00573657
2.45267E+06 3.712623 3.549510 1.800000 0.565657 0.337799 67.2679 1 5.81954E-12 3.56411 7.2494E-01 0.267401 0.00573657
2.62127E+06 3.745510 3.546358 1.799999 0.573370 0.337799 73.4524 1 1.35919E-11 3.5596 7.2494E-01 0.267401 0.00573657
2.77783E+06 3.775419 3.543465 1.799997 0.581219 0.406564 79.6280 1 2.96969E-11 3.55539 7.2494E-01 0.267401 0.00573657
2.92302E+06 3.799961 3.540151 1.799995 0.587999 0.522953 85.1001 1 6.04457E-11 3.55191 7.2430E-01 0.267831 0.00594691
3.05992E+06 3.820716 3.536598 1.799989 0.594028 0.672016 89.9646 1 1.16384E-10 3.54905 7.2318E-01 0.26857 0.00630539
3.19081E+06 3.838787 3.532877 1.799980 0.599551 0.843637 94.4591 1 2.15572E-10 3.54651 7.2170E-01 0.269559 0.00676975
3.31667E+06 3.854807 3.528753 1.799963 0.604704 1.02995 98.6142 1 3.94675E-10 3.54428 7.1995E-01 0.270738 0.00731161
3.43796E+06 3.869201 3.498155 1.798679 0.609574 1.22484 248.2171 0 1.51974E-08 3.56063 7.1799E-01 0.272067 0.00790877
3.55493E+06 3.882288 3.467283 1.795866 0.614228 1.42357 259.4776 0 3.42881E-08 3.55878 7.1586E-01 0.273526 0.00854348
3.66770E+06 3.894320 3.456132 1.792113 0.618719 1.62272 270.3352 0 4.68919E-08 3.55695 7.1362E-01 0.275055 0.00920143
3.77637E+06 3.905490 3.448380 1.787521 0.623084 1.81981 281.0936 0 5.89021E-08 3.55506 7.1130E-01 0.276653 0.00987157
3.88103E+06 3.915952 3.441931 1.782118 0.627351 2.01304 291.6509 0 7.13382E-08 3.55318 7.0893E-01 0.278302 0.0105455
3.98178E+06 3.925828 3.436387 1.775927 0.631544 2.20137 302.2990 0 8.41887E-08 3.5512 7.0653E-01 0.279971 0.0112168
4.07872E+06 3.935214 3.431475 1.768970 0.635676 2.38389 312.9162 0 9.74695E-08 3.54918 7.0411E-01 0.281659 0.0118807
4.17199E+06 3.944191 3.426945 1.761269 0.639762 2.56027 323.7683 0 1.11313E-07 3.54706 7.0170E-01 0.283348 0.0125336
4.26169E+06 3.952819 3.422752 1.752741 0.643809 2.73023 334.6844 0 2.28948E-07 3.54489 6.9929E-01 0.285037 0.0131732
4.34796E+06 3.961125 3.417580 1.726376 0.647823 2.89295 350.8906 0 4.82170E-06 3.5397 6.9690E-01 0.286725 0.0137972
4.43093E+06 3.969282 3.401689 1.560861 0.651902 3.03991 416.7269 0 9.14016E-06 3.50919 6.9455E-01 0.288394 0.0144017
4.49321E+06 3.971897 3.367809 1.013678 0.654317 3.03991 758.0900 0 6.33803E-05 3.47708 6.9236E-01 0.289953 0.0149532
4.51064E+06 3.978699 3.537419 0.678631 0.656727 3.03991 414.6696 0 1.71543E-08 3.58673 6.9236E-01 0.289953 0.0149532
4.58573E+06 3.992707 3.585094 0.677718 0.664206 3.03991 327.7480 0 4.35931E-09 3.6167 6.9236E-01 0.289953 0.0149532
4.65235E+06 4.001179 3.550888 0.668831 0.668831 3.03991 332.2843 0 1.21171E-08 3.61861 6.9236E-01 0.289953 0.0149532
0.00000E+00 3.212600 3.595737 1.850000 0.509200 0.338533 18.7768 1 1.63548E-15 3.62185 7.2394E-01 0.268365 0.00573236
1.68170E+05 3.239539 3.593476 1.850000 0.510492 0.338533 20.0097 1 1.65361E-15 3.61938 7.2394E-01 0.268365 0.00573236
3.50662E+05 3.270852 3.590845 1.850000 0.512110 0.338533 21.5522 1 1.67679E-15 3.61646 7.2394E-01 0.268365 0.00573236
5.48297E+05 3.306575 3.587810 1.850000 0.514145 0.338533 23.4765 1 1.70693E-15 3.61301 7.2394E-01 0.268365 0.00573236
7.60728E+05 3.346632 3.584386 1.850000 0.516697 0.338533 25.8527 1 1.74603E-15 3.60906 7.2394E-01 0.268365 0.00573236
9.85805E+05 3.390410 3.580594 1.850000 0.519864 0.338533 28.7528 1 4.16598E-15 3.60462 7.2394E-01 0.268365 0.00573236
1.21934E+06 3.436730 3.576530 1.850000 0.523716 0.338533 32.2246 1 1.24513E-14 3.5997 7.2394E-01 0.268365 0.00573236
1.45573E+06 3.484052 3.572305 1.850000 0.528283 0.338533 36.2586 1 3.85393E-14 3.59445 7.2394E-01 0.268365 0.00573236
1.68920E+06 3.530826 3.568058 1.850000 0.533547 0.338533 40.7730 1 1.19166E-13 3.58916 7.2394E-01 0.268365 0.00573236
1.91514E+06 3.575820 3.563958 1.850000 0.539451 0.338533 45.7200 1 3.56319E-13 3.58383 7.2394E-01 0.268365 0.00573236
2.13049E+06 3.618242 3.560041 1.850000 0.545915 0.338533 51.0097 1 1.01333E-12 3.57858 7.2394E-01 0.268365 0.00573236
2.33366E+06 3.657701 3.556330 1.850000 0.552848 0.338533 56.5102 1 2.71436E-12 3.57362 7.2394E-01 0.268365 0.00573236
2.52402E+06 3.694095 3.552867 1.849999 0.560153 0.338533 62.1573 1 6.81262E-12 3.56893 7.2394E-01 0.268365 0.00573236
2.70156E+06 3.727505 3.549669 1.849999 0.567735 0.338533 67.8947 1 1.60097E-11 3.56451 7.2394E-01 0.268365 0.00573236
2.86665E+06 3.758114 3.546757 1.849997 0.575503 0.338533 73.6759 1 3.52644E-11 3.56033 7.2394E-01 0.268365 0.00573236
3.01986E+06 3.786156 3.544065 1.849993 0.583374 0.405179 79.4428 1 7.33625E-11 3.55643 7.2394E-01 0.268365 0.00573236
3.16189E+06 3.809225 3.540941 1.849986 0.590147 0.518435 84.5152 1 1.43202E-10 3.55324 7.2331E-01 0.268774 0.00593459
3.29586E+06 3.828796 3.537562 1.849975 0.596148 0.664274 89.0922 1 2.66334E-10 3.5505 7.2222E-01 0.269504 0.00628079
3.42405E+06 3.845867 3.533973 1.849953 0.601617 0.832866 93.2425 1 4.78943E-10 3.54817 7.2077E-01 0.270483 0.00673125
3.54748E+06 3.861013 3.530026 1.849917 0.606688 1.01661 97.1020 1 8.50994E-10 3.54609 7.1904E-01 0.271662 0.00725899
3.66665E+06 3.874633 3.506281 1.841809 0.611453 1.20925 244.0653 0 3.86989E-07 3.5671 7.1709E-01 0.272991 0.00784262
3.78183E+06 3.887092 3.470024 1.839874 0.616013 1.40653 254.2982 0 2.42442E-08 3.56551 7.1498E-01 0.27444 0.00846408
3.89299E+06 3.898528 3.458809 1.837335 0.620380 1.60469 264.1203 0 3.26283E-08 3.56397 7.1275E-01 0.275979 0.00911086
4.00032E+06 3.909154 3.451230 1.834299 0.624608 1.80142 273.7645 0 4.00106E-08 3.56242 7.1043E-01 0.277587 0.00977101
4.10393E+06 3.919105 3.445037 1.830813 0.628723 1.99498 282.9801 0 4.72739E-08 3.56096 7.0806E-01 0.279236 0.0104369
4.20389E+06 3.928493 3.439769 1.826908 0.632749 2.18409 292.3610 0 5.44846E-08 3.5594 7.0565E-01 0.280925 0.0111021
4.30032E+06 3.937410 3.435072 1.822610 0.636703 2.36804 301.3704 0 6.17784E-08 3.55793 7.0321E-01 0.282634 0.011762
4.39332E+06 3.945928 3.430936 1.817945 0.640598 2.54633 310.4391 0 6.90072E-08 3.55643 7.0078E-01 0.284342 0.0124129
4.48299E+06 3.954105 3.427113 1.812939 0.644442 2.71876 319.5536 0 7.63400E-08 3.55489 6.9834E-01 0.286061 0.0130527
4.56946E+06 3.961985 3.423675 1.807615 0.648243 2.88513 328.3076 0 8.35900E-08 3.55346 6.9592E-01 0.28778 0.013679
4.65284E+06 3.969607 3.420185 1.799734 0.652004 3.04538 338.0568 0 6.33205E-07 3.55154 6.9351E-01 0.289498 0.0142906
4.73325E+06 3.976994 3.413256 1.740649 0.655741 3.19797 362.7533 0 8.34780E-06 3.5411 6.9113E-01 0.291197 0.0148866
4.81084E+06 3.984593 3.370416 1.183399 0.659695 3.2785 661.4409 0 6.84045E-05 3.47992 6.8880E-01 0.292866 0.0154598
4.84128E+06 3.940045 3.378177 0.660207 0.660207 3.2785 911.7022 0 2.32251E-04 3.49166 6.8754E-01 0.293775 0.015764
0.00000E+00 3.096900 3.606245 1.900000 0.493400 0.338708 14.0191 1 1.48470E-15 3.6333 7.2394E-01 0.268347 0.00574154
1.95534E+05 3.114568 3.604817 1.900000 0.494184 0.338708 14.6076 1 1.49187E-15 3.63176 7.2394E-01 0.268347 0.00574154
4.01248E+05 3.134842 3.603176 1.900000 0.495111 0.338708 15.3143 1 1.50047E-15 3.62999 7.2394E-01 0.268347 0.00574154
6.17929E+05 3.157607 3.601316 1.900000 0.496212 0.338708 16.1494 1 1.51087E-15 3.62799 7.2394E-01 0.268347 0.00574154
8.46162E+05 3.183129 3.599230 1.900000 0.497529 0.338708 17.1448 1 1.52360E-15 3.62572 7.2394E-01 0.268347 0.00574154
1.08614E+06 3.211616 3.596893 1.900000 0.499112 0.338708 18.3288 1 1.53923E-15 3.62317 7.2394E-01 0.268347 0.00574154
1.33743E+06 3.243166 3.594269 1.900000 0.501014 0.338708 19.7417 1 1.55854E-15 3.62031 7.2394E-01 0.268347 0.00574154
1.59873E+06 3.277704 3.591387 1.900000 0.503297 0.338708 21.4210 1 1.58243E-15 3.61712 7.2394E-01 0.268347 0.00574154
1.86772E+06 3.314941 3.588248 1.900000 0.506017 0.338708 23.4122 1 1.61207E-15 3.61357 7.2394E-01 0.268347 0.00574154
2.14111E+06 3.354360 3.584901 1.900000 0.509227 0.338708 25.7366 1 1.64847E-15 3.60972 7.2394E-01 0.268347 0.00574154
2.41500E+06 3.395267 3.581391 1.900000 0.512966 0.338708 28.4114 1 1.69276E-15 3.60563 7.2394E-01 0.268347 0.00574154
2.68540E+06 3.436879 3.577781 1.900000 0.517255 0.338708 31.4633 1 2.75457E-15 3.60126 7.2394E-01 0.268347 0.00574154
2.94877E+06 3.478429 3.574117 1.900000 0.522096 0.338708 34.8671 1 7.39495E-15 3.59678 7.2394E-01 0.268347 0.00574154
3.20238E+06 3.519247 3.570466 1.900000 0.527473 0.338708 38.6063 1 1.96868E-14 3.59224 7.2394E-01 0.268347 0.00574154
3.44432E+06 3.558805 3.566911 1.900000 0.533355 0.338708 42.6556 1 5.12130E-14 3.58769 7.2394E-01 0.268347 0.00574154
3.67348E+06 3.596723 3.563469 1.900000 0.539696 0.338708 46.9616 1 1.29139E-13 3.58324 7.2394E-01 0.268347 0.00574154
3.88930E+06 3.632750 3.560183 1.900000 0.546439 0.338708 51.5374 1 3.13499E-13 3.57879 7.2394E-01 0.268347 0.00574154
4.09165E+06 3.666750 3.557011 1.900000 0.553517 0.338708 56.2578 1 7.31970E-13 3.5746 7.2394E-01 0.268347 0.00574154
4.28071E+06 3.698674 3.554018 1.900000 0.560861 0.338708 61.1366 1 1.63562E-12 3.57055 7.2394E-01 0.268347 0.00574154
4.45688E+06 3.728542 3.551186 1.900000 0.568399 0.338708 66.1385 1 3.50164E-12 3.56663 7.2394E-01 0.268347 0.00574154
4.62073E+06 3.756425 3.548551 1.899999 0.576063 0.338708 71.1967 1 7.16665E-12 3.56293 7.2394E-01 0.268347 0.00574154
4.77294E+06 3.782427 3.546110 1.899999 0.583789 0.399582 76.3034 1 1.40477E-11 3.5594 7.2394E-01 0.268347 0.00574154
4.91424E+06 3.803998 3.543236 1.899997 0.590401 0.503286 80.8127 1 2.61044E-11 3.55648 7.2334E-01 0.268747 0.00592518
5.04774E+06 3.822419 3.540106 1.899995 0.596213 0.636982 84.8926 1 4.65284E-11 3.55396 7.2229E-01 0.269466 0.00624008
5.17578E+06 3.838624 3.536742 1.899992 0.601480 0.792166 88.6129 1 8.07686E-11 3.5518 7.2090E-01 0.270426 0.00664975
5.29942E+06 3.853146 3.533167 1.899986 0.606347 0.962202 92.0979 1 1.37805E-10 3.54985 7.1924E-01 0.271575 0.0071307
5.41915E+06 3.866332 3.528009 1.899975 0.610907 1.14194 95.3214 1 2.54975E-10 3.54817 7.1736E-01 0.272894 0.00766453
5.53518E+06 3.878431 3.480015 1.897963 0.615230 1.32715 235.7241 0 2.49514E-08 3.57581 7.1532E-01 0.274323 0.00823654
5.64766E+06 3.889649 3.466803 1.895090 0.619373 1.51472 244.6152 0 3.62924E-08 3.57431 7.1315E-01 0.275862 0.00883444
5.75663E+06 3.900123 3.458720 1.891497 0.623371 1.7021 253.5202 0 4.63582E-08 3.5727 7.1087E-01 0.277471 0.00944863
5.86212E+06 3.909980 3.452361 1.887221 0.627259 1.88758 262.2902 0 5.65295E-08 3.57109 7.0854E-01 0.279129 0.0100711
5.96420E+06 3.919317 3.446963 1.882273 0.631062 2.06982 270.8604 0 6.70526E-08 3.5695 7.0615E-01 0.280828 0.0106956
6.06293E+06 3.928213 3.442197 1.876666 0.634799 2.24791 279.7806 0 7.80004E-08 3.56773 7.0374E-01 0.282557 0.0113175
6.15838E+06 3.936734 3.437864 1.870405 0.638485 2.42134 288.4383 0 8.94186E-08 3.56604 7.0131E-01 0.284306 0.0119334
6.25062E+06 3.944933 3.433909 1.863508 0.642131 2.58975 297.2372 0 1.01218E-07 3.56426 6.9888E-01 0.286055 0.0125404
6.33974E+06 3.952853 3.430225 1.855992 0.645745 2.7528 306.3376 0 1.13424E-07 3.56237 6.9645E-01 0.287813 0.0131365
6.42583E+06 3.960530 3.426782 1.847875 0.649335 2.91053 315.1884 0 1.25969E-07 3.56055 6.9403E-01 0.289572 0.0137201
6.50896E+06 3.967992 3.423502 1.839182 0.652903 3.06277 324.5913 0 1.38898E-07 3.55853 6.9163E-01 0.291311 0.0142902
6.58923E+06 3.975265 3.420283 1.828640 0.656455 3.20979 334.3729 0 4.87964E-07 3.5563 6.8925E-01 0.29305 0.0148458
6.66674E+06 3.982340 3.415446 1.793990 0.659999 3.35054 351.1733 0 4.99126E-06 3.55009 6.8690E-01 0.294778 0.0153864
6.74158E+06 3.989449 3.400693 1.629493 0.663648 3.4806 412.5249 0 9.08097E-06 3.52111 6.8459E-01 0.296477 0.0159085
6.80191E+06 3.993380 3.365454 1.037382 0.666264 3.4806 769.1184 0 6.88314E-05 3.47851 6.8240E-01 0.298096 0.0163937
6.81363E+06 3.997725 3.551737 0.687277 0.667985 3.4806 388.3313 0 1.52601E-08 3.59756 6.8240E-01 0.298096 0.0163937
6.88178E+06 4.010986 3.602721 0.675226 0.675226 3.4806 303.2422 0 3.32084E-09 3.63034 6.8240E-01 0.298096 0.0163937
0.00000E+00 3.191000 3.599042 2.000000 0.501800 0.342512 16.6570 1 1.35879E-15 3.62815 7.2194E-01 0.26936 0.00572835
1.79890E+05 3.212139 3.597290 2.000000 0.502874 0.342512 17.5028 1 1.36869E-15 3.62626 7.2194E-01 0.26936 0.00572835
3.72547E+05 3.236805 3.595225 2.000000 0.504187 0.342512 18.5461 1 1.38125E-15 3.62405 7.2194E-01 0.26936 0.00572835
5.78854E+05 3.264973 3.592862 2.000000 0.505803 0.342512 19.8161 1 1.39703E-15 3.6215 7.2194E-01 0.26936 0.00572835
7.99045E+05 3.296866 3.590167 2.000000 0.507795 0.342512 21.3664 1 1.41705E-15 3.61857 7.2194E-01 0.26936 0.00572835
1.03226E+06 3.332451 3.587135 2.000000 0.510247 0.342512 23.2507 1 1.44247E-15 3.61523 7.2194E-01 0.26936 0.00572835
1.27613E+06 3.371336 3.583778 2.000000 0.513237 0.342512 25.5248 1 1.47474E-15 3.61145 7.2194E-01 0.26936 0.00572835
1.52680E+06 3.412745 3.580171 2.000000 0.516827 0.342512 28.2062 1 1.51506E-15 3.60734 7.2194E-01 0.26936 0.00572835
1.77932E+06 3.455617 3.576394 2.000000 0.521055 0.342512 31.3172 1 2.21359E-15 3.60291 7.2194E-01 0.26936 0.00572835
2.02869E+06 3.498803 3.572555 2.000000 0.525923 0.342512 34.8324 1 6.19480E-15 3.5983 7.2194E-01 0.26936 0.00572835
2.27067E+06 3.541273 3.568728 2.000000 0.531406 0.342512 38.7269 1 1.72081E-14 3.59358 7.2194E-01 0.26936 0.00572835
2.50227E+06 3.582240 3.565011 2.000000 0.537455 0.342512 42.9150 1 4.64780E-14 3.58896 7.2194E-01 0.26936 0.00572835
2.72172E+06 3.621185 3.561401 2.000000 0.544004 0.342512 47.3851 1 1.21031E-13 3.58435 7.2194E-01 0.26936 0.00572835
2.92815E+06 3.657819 3.557986 2.000000 0.550978 0.342512 52.0517 1 3.00289E-13 3.57991 7.2194E-01 0.26936 0.00572835
3.12133E+06 3.692028 3.554779 2.000000 0.558293 0.342512 56.8419 1 7.07216E-13 3.57572 7.2194E-01 0.26936 0.00572835
3.30144E+06 3.723819 3.551795 2.000000 0.565865 0.342512 61.7670 1 1.57999E-12 3.57163 7.2194E-01 0.26936 0.00572835
3.46891E+06 3.753283 3.548988 2.000000 0.573613 0.342512 66.7193 1 3.35900E-12 3.56784 7.2194E-01 0.26936 0.00572835
3.62435E+06 3.780559 3.546356 1.999999 0.581461 0.40397 71.6963 1 6.81119E-12 3.56424 7.2194E-01 0.26936 0.00572835
3.76849E+06 3.803023 3.543469 1.999999 0.588169 0.509754 76.0719 1 1.28536E-11 3.56128 7.2136E-01 0.26974 0.00591198
3.90461E+06 3.822028 3.540396 1.999998 0.594041 0.64738 79.9978 1 2.30267E-11 3.55875 7.2034E-01 0.27043 0.00623049
4.03522E+06 3.838560 3.537177 1.999996 0.599326 0.808321 83.5399 1 3.97449E-11 3.55661 7.1898E-01 0.271359 0.00664876
4.16153E+06 3.853207 3.533586 1.999993 0.604173 0.985892 86.8406 1 6.79229E-11 3.55466 7.1733E-01 0.272488 0.00714401
4.28410E+06 3.866354 3.527371 1.999987 0.608679 1.1747 89.8589 1 1.34647E-10 3.553 7.1546E-01 0.273777 0.00769803
4.40320E+06 3.878281 3.481113 1.997936 0.612915 1.37036 217.2268 0 2.47373E-08 3.59118 7.1340E-01 0.275196 0.00829604
4.51897E+06 3.889207 3.469549 1.995088 0.616938 1.56939 225.4470 0 3.49597E-08 3.58962 7.1120E-01 0.276725 0.00892574
4.63145E+06 3.899307 3.462122 1.991535 0.620793 1.76905 233.1372 0 4.44034E-08 3.5882 7.0889E-01 0.278344 0.00957642
4.74067E+06 3.908725 3.456210 1.987298 0.624518 1.96731 240.7239 0 5.40840E-08 3.58672 7.0651E-01 0.280013 0.0102398
4.84668E+06 3.917576 3.451138 1.982378 0.628140 2.16275 248.4379 0 6.42298E-08 3.58511 7.0406E-01 0.281732 0.0109092
4.94950E+06 3.925953 3.446632 1.976790 0.631682 2.35431 255.7466 0 7.48860E-08 3.58361 7.0158E-01 0.283481 0.0115792
5.04919E+06 3.933934 3.442612 1.970506 0.635163 2.54121 263.1235 0 8.59544E-08 3.58203 6.9907E-01 0.28526 0.0122457
5.14580E+06 3.941582 3.438923 1.963549 0.638596 2.72299 270.7037 0 9.74777E-08 3.58032 6.9654E-01 0.287049 0.0129055
5.23939E+06 3.948945 3.435410 1.955933 0.641990 2.89929 278.1427 0 1.09575E-07 3.57865 6.9402E-01 0.288848 0.0135561
5.33003E+06 3.956066 3.432194 1.947666 0.645356 3.07005 285.6572 0 1.21939E-07 3.57692 6.9150E-01 0.290636 0.0141956
5.41779E+06 3.962984 3.429094 1.938769 0.648701 3.2351 293.5505 0 1.34786E-07 3.57503 6.8900E-01 0.292435 0.0148223
5.50273E+06 3.969725 3.426112 1.929255 0.652030 3.39443 301.6134 0 1.48047E-07 3.57308 6.8651E-01 0.294214 0.0154352
5.58494E+06 3.976313 3.423299 1.919151 0.655346 3.54845 309.6642 0 1.61538E-07 3.57113 6.8405E-01 0.295993 0.0160333
5.66448E+06 3.982770 3.420488 1.908475 0.658653 3.69661 318.2465 0 1.75564E-07 3.569 6.8160E-01 0.297752 0.0166174
5.74144E+06 3.989011 3.417763 1.896236 0.661900 3.8386 327.1437 0 5.08380E-07 3.56667 6.7919E-01 0.299501 0.0171843
5.81591E+06 3.995212 3.413920 1.867101 0.665183 3.9754 340.8277 0 4.80997E-06 3.56165 6.7682E-01 0.30122 0.017732
5.88796E+06 4.001446 3.402714 1.737476 0.668543 4.1045 385.8279 0 7.59689E-06 3.53993 6.7449E-01 0.302909 0.0182637
5.95754E+06 4.008476 3.363582 1.167712 0.672397 4.16974 702.5007 0 5.54719E-05 3.4805 6.7223E-01 0.304558 0.0187689
6.02366E+06 4.020238 3.584484 0.692858 0.678992 4.16974 328.2390 0 9.50160E-09 3.62119 6.7107E-01 0.305417 0.0190249
6.08169E+06 4.029443 3.726603 0.684249 0.684249 4.16974 320.5835 0 7.72863E-12 3.62739 6.7107E-01 0.305417 0.0190249
0.00000E+00 3.242100 3.602805 2.200000 0.516600 0.339129 17.1529 1 1.11341E-15 3.62978 7.1796E-01 0.2743 0.00572063
1.55165E+05 3.273864 3.600212 2.200000 0.518125 0.339129 18.4791 1 1.12712E-15 3.62694 7.1796E-01 0.2743 0.00572063
3.25867E+05 3.311041 3.597140 2.200000 0.520079 0.339129 20.1668 1 1.14505E-15 3.62358 7.1796E-01 0.2743 0.00572063
5.12715E+05 3.353348 3.593602 2.200000 0.522582 0.339129 22.2817 1 1.16877E-15 3.61972 7.1796E-01 0.2743 0.00572063
7.14461E+05 3.400155 3.589649 2.200000 0.525755 0.339129 24.9063 1 1.20015E-15 3.6153 7.1796E-01 0.2743 0.00572063
9.27344E+05 3.450010 3.585385 2.200000 0.529691 0.339129 28.0792 1 1.24096E-15 3.61041 7.1796E-01 0.2743 0.00572063
1.14544E+06 3.500890 3.580993 2.200000 0.534422 0.339129 31.7665 1 3.26879E-15 3.60527 7.1796E-01 0.2743 0.00572063
1.36223E+06 3.550757 3.576631 2.200000 0.539914 0.339129 35.9110 1 1.07170E-14 3.59998 7.1796E-01 0.2743 0.00572063
1.57237E+06 3.598075 3.572431 2.200000 0.546081 0.339129 40.4075 1 3.34992E-14 3.59473 7.1796E-01 0.2743 0.00572063
1.77247E+06 3.641980 3.568502 2.200000 0.552814 0.339129 45.1040 1 9.74843E-14 3.58979 7.1796E-01 0.2743 0.00572063
1.96084E+06 3.682168 3.564860 2.200000 0.559999 0.339129 49.9661 1 2.62380E-13 3.58502 7.1796E-01 0.2743 0.00572063
2.13694E+06 3.718690 3.561541 2.200000 0.567522 0.339129 54.8461 1 6.50805E-13 3.58066 7.1796E-01 0.2743 0.00572063
2.30083E+06 3.751786 3.558484 2.200000 0.575280 0.339129 59.7443 1 1.49971E-12 3.57655 7.1796E-01 0.2743 0.00572063
2.45298E+06 3.781782 3.555706 2.200000 0.583175 0.339129 64.5883 1 3.22095E-12 3.57276 7.1796E-01 0.2743 0.00572063
2.59401E+06 3.808988 3.553169 2.199999 0.591115 0.400731 69.3607 1 6.49511E-12 3.56924 7.1796E-01 0.2743 0.00572063
2.72467E+06 3.830849 3.550286 2.199999 0.597756 0.50668 73.4388 1 1.21270E-11 3.56644 7.1741E-01 0.27467 0.00590026
2.84828E+06 3.848959 3.547154 2.199998 0.603459 0.645059 77.0111 1 2.14481E-11 3.56409 7.1643E-01 0.275309 0.00621127
2.96743E+06 3.864414 3.543808 2.199996 0.608503 0.807771 80.1635 1 3.65628E-11 3.56214 7.1512E-01 0.276189 0.00662166
3.08335E+06 3.877852 3.540070 2.199994 0.613047 0.988475 82.9981 1 6.15541E-11 3.56047 7.1354E-01 0.277268 0.00711042
3.19662E+06 3.889689 3.533003 2.199992 0.617197 1.1819 85.5881 1 1.25886E-10 3.55898 7.1172E-01 0.278497 0.00766105
3.30750E+06 3.900232 3.488285 2.198801 0.621030 1.38369 204.3792 0 1.54947E-08 3.61736 7.0972E-01 0.279867 0.00825998
3.41609E+06 3.909723 3.477465 2.197178 0.624609 1.5903 210.5184 0 2.13612E-08 3.61629 7.0756E-01 0.281346 0.00889539
3.52241E+06 3.918349 3.470588 2.195194 0.627984 1.79891 216.2594 0 2.64110E-08 3.61527 7.0528E-01 0.282915 0.00955758
3.62644E+06 3.926264 3.465157 2.192875 0.631195 2.00734 221.6889 0 3.13478E-08 3.61427 7.0291E-01 0.284544 0.0102379
3.72819E+06 3.933593 3.460651 2.190231 0.634273 2.21389 226.9348 0 3.62468E-08 3.61327 7.0047E-01 0.286233 0.0109297
3.82763E+06 3.940437 3.456666 2.187277 0.637244 2.41735 231.7180 0 4.12459E-08 3.6124 6.9798E-01 0.287962 0.0116272
3.92478E+06 3.946883 3.453173 2.184021 0.640130 2.61675 236.3370 0 4.62644E-08 3.61154 6.9545E-01 0.289721 0.012326
4.01965E+06 3.953001 3.450027 2.180471 0.642949 2.81164 240.8346 0 5.13370E-08 3.61069 6.9290E-01 0.2915 0.0130228
4.11226E+06 3.958846 3.447145 2.176639 0.645715 3.00153 245.2603 0 5.64784E-08 3.60982 6.9033E-01 0.293289 0.0137145
4.20263E+06 3.964465 3.444433 2.172535 0.648437 3.18624 249.7065 0 6.17337E-08 3.60892 6.8776E-01 0.295088 0.0143992
4.29080E+06 3.969891 3.442031 2.168169 0.651124 3.36574 254.1563 0 6.69022E-08 3.608 6.8519E-01 0.296887 0.0150755
4.37681E+06 3.975156 3.439701 2.163551 0.653782 3.5397 258.6413 0 7.22108E-08 3.60705 6.8263E-01 0.298686 0.0157418
4.46070E+06 3.980284 3.437514 2.158691 0.656417 3.70861 263.0233 0 7.75506E-08 3.60614 6.8008E-01 0.300476 0.0163967
4.54251E+06 3.985295 3.435351 2.153599 0.659032 3.87207 267.4575 0 8.30518E-08 3.60519 6.7754E-01 0.302265 0.0170409
4.62228E+06 3.990101 3.433453 2.148324 0.661574 4.02923 271.8439 0 8.83590E-08 3.60424 6.7503E-01 0.304034 0.0176721
4.70011E+06 3.994900 3.431584 2.142839 0.664147 4.18202 276.3757 0 9.37556E-08 3.60325 6.7255E-01 0.305793 0.0182864
4.77601E+06 3.999622 3.429759 2.137157 0.666707 4.32969 280.9806 0 9.92280E-08 3.60224 6.7008E-01 0.307532 0.0188897
4.85003E+06 4.004278 3.427962 2.131287 0.669258 4.47303 285.6435 0 1.04789E-07 3.60121 6.6764E-01 0.309261 0.0194791
4.92220E+06 4.008878 3.426291 2.125240 0.671802 4.61162 290.5306 0 1.10267E-07 3.60011 6.6522E-01 0.31098 0.0200567
4.99257E+06 4.013427 3.424669 2.119024 0.674340 4.74622 295.4358 0 1.15771E-07 3.59901 6.6283E-01 0.312689 0.0206205
5.06119E+06 4.017930 3.423061 2.112649 0.676872 4.87687 300.3532 0 1.21353E-07 3.59792 6.6046E-01 0.314378 0.0211724
5.12809E+06 4.022391 3.421440 2.106124 0.679400 5.00323 305.3507 0 1.27059E-07 3.59681 6.5811E-01 0.316057 0.0217125
5.19333E+06 4.026814 3.419952 2.099458 0.681923 5.12632 310.4382 0 1.32608E-07 3.59569 6.5579E-01 0.317716 0.0222388
5.25693E+06 4.031202 3.418488 2.092661 0.684442 5.24527 315.6485 0 1.38192E-07 3.59453 6.5349E-01 0.319366 0.0227542
5.31895E+06 4.035558 3.416985 2.084989 0.686958 5.36108 321.1926 0 3.95682E-07 3.59323 6.5121E-01 0.321005 0.0232559
5.37942E+06 4.039888 3.415069 2.070601 0.689472 5.47327 328.4922 0 1.95461E-06 3.59093 6.4896E-01 0.322624 0.0237468
5.43838E+06 4.044231 3.408102 1.980046 0.692009 5.58253 354.7515 0 1.28601E-05 3.57754 6.4673E-01 0.324233 0.0242249
5.49588E+06 4.049056 3.359396 1.030325 0.694844 5.59778 836.6702 0 2.47335E-04 3.48369 6.4453E-01 0.325822 0.0246923
5.50781E+06 3.907884 3.396203 0.694983 0.694983 5.59778 569.2383 0 1.26320E-04 3.53117 6.4422E-01 0.326052 0.0247574
0.00000E+00 3.451600 3.592733 2.500000 0.547200 0.340269 24.9111 1 9.17095E-16 3.61888 7.1499E-01 0.27722 0.00571907
1.14559E+05 3.485992 3.589815 2.500000 0.549361 0.340269 27.0443 1 9.39571E-16 3.61559 7.1499E-01 0.27722 0.00571907
2.45362E+05 3.526954 3.586303 2.500000 0.552282 0.340269 29.8495 1 9.70602E-16 3.61154 7.1499E-01 0.27722 0.00571907
3.91806E+05 3.573009 3.582332 2.500000 0.556143 0.340269 33.3704 1 2.17038E-15 3.60691 7.1499E-01 0.27722 0.00571907
5.49588E+05 3.621402 3.578094 2.500000 0.561026 0.340269 37.5789 1 6.92093E-15 3.60182 7.1499E-01 0.27722 0.00571907
7.11532E+05 3.668760 3.573892 2.500000 0.566851 0.340269 42.2659 1 2.18258E-14 3.59664 7.1499E-01 0.27722 0.00571907
8.70707E+05 3.712554 3.569974 2.500000 0.573424 0.340269 47.1803 1 6.39452E-14 3.59167 7.1499E-01 0.27722 0.00571907
1.02271E+06 3.751709 3.566434 2.500000 0.580525 0.340269 52.0907 1 1.69264E-13 3.58712 7.1499E-01 0.27722 0.00571907
1.16562E+06 3.786216 3.563309 2.500000 0.587964 0.340269 56.9065 1 4.03072E-13 3.58295 7.1499E-01 0.27722 0.00571907
1.29896E+06 3.816546 3.560558 2.500000 0.595591 0.340269 61.5016 1 8.70887E-13 3.57929 7.1499E-01 0.27722 0.00571907
1.42296E+06 3.843308 3.558102 2.500000 0.603284 0.340269 65.9357 1 1.73506E-12 3.5759 7.1499E-01 0.27722 0.00571907
1.53816E+06 3.867115 3.555919 2.500000 0.610961 0.340269 70.1265 1 3.22030E-12 3.57293 7.1499E-01 0.27722 0.00571907
1.64516E+06 3.888476 3.553941 2.500000 0.618556 0.340269 74.1631 1 5.64859E-12 3.57017 7.1499E-01 0.27722 0.00571907
1.74463E+06 3.907824 3.552155 2.499999 0.626028 0.340269 78.0164 1 9.43433E-12 3.56767 7.1499E-01 0.27722 0.00571907
1.83721E+06 3.925505 3.550524 2.499999 0.633347 0.399529 81.7324 1 1.51387E-11 3.56536 7.1499E-01 0.27722 0.00571907
1.92350E+06 3.939026 3.548473 2.499998 0.639055 0.498606 84.6874 1 2.29700E-11 3.5636 7.1445E-01 0.27758 0.00588856
2.00622E+06 3.949847 3.546136 2.499997 0.643706 0.625993 87.1066 1 3.36076E-11 3.56223 7.1353E-01 0.278209 0.00617398
2.08747E+06 3.958898 3.543554 2.499995 0.647670 0.775099 89.1464 1 4.81724E-11 3.56114 7.1232E-01 0.279029 0.00654427
2.16807E+06 3.966630 3.540601 2.499993 0.651121 0.940625 90.9085 1 6.88749E-11 3.56024 7.1086E-01 0.280029 0.00698285
2.24829E+06 3.973332 3.536311 2.499990 0.654173 1.11798 92.4449 1 1.05498E-10 3.55949 7.0920E-01 0.281168 0.00747611
2.32817E+06 3.979212 3.495256 2.499251 0.656906 1.30345 93.8323 1 1.26856E-08 3.55882 7.0737E-01 0.282418 0.00801245
2.40763E+06 3.984436 3.482964 2.498183 0.659386 1.49383 95.0671 1 1.83129E-08 3.55827 7.0541E-01 0.283777 0.00858208
2.48653E+06 3.989135 3.476333 2.496867 0.661665 1.68672 232.4471 0 2.25901E-08 3.64575 7.0335E-01 0.285196 0.0091764
2.56477E+06 3.993417 3.471475 2.495327 0.663786 1.88005 234.9936 0 2.65371E-08 3.6453 7.0121E-01 0.286686 0.00978821
2.64224E+06 3.997367 3.467551 2.493574 0.665783 2.07242 237.2989 0 3.03695E-08 3.64487 6.9900E-01 0.288215 0.0104117
2.71886E+06 4.001057 3.464188 2.491616 0.667685 2.26267 239.3806 0 3.41923E-08 3.64448 6.9675E-01 0.289775 0.0110425
2.79456E+06 4.004539 3.461308 2.489461 0.669511 2.45016 241.3370 0 3.79694E-08 3.6441 6.9447E-01 0.291354 0.0116769
2.86929E+06 4.007857 3.458768 2.487113 0.671278 2.63421 243.2223 0 4.17379E-08 3.64372 6.9217E-01 0.292953 0.0123119
2.94302E+06 4.011046 3.456393 2.484576 0.673002 2.81452 245.0755 0 4.55951E-08 3.64334 6.8985E-01 0.294563 0.0129453
3.01574E+06 4.014134 3.454304 2.481856 0.674692 2.99081 246.9165 0 4.93987E-08 3.64295 6.8753E-01 0.296182 0.0135757
3.08742E+06 4.017142 3.452377 2.478957 0.676356 3.1631 248.7597 0 5.32247E-08 3.64254 6.8521E-01 0.297801 0.0142016
3.15806E+06 4.020087 3.450583 2.475885 0.678001 3.33128 250.6252 0 5.70750E-08 3.64213 6.8289E-01 0.29942 0.0148221
3.22765E+06 4.022979 3.448901 2.472643 0.679631 3.49523 252.5165 0 6.09500E-08 3.64169 6.8057E-01 0.30103 0.0154366
3.29620E+06 4.025831 3.447303 2.469237 0.681249 3.65524 254.4362 0 6.48621E-08 3.64124 6.7826E-01 0.302639 0.016044
3.36372E+06 4.028648 3.445829 2.465671 0.682858 3.81116 256.3930 0 6.87485E-08 3.64077 6.7596E-01 0.304248 0.016645
3.43021E+06 4.031438 3.444423 2.461948 0.684461 3.96321 258.3994 0 7.26590E-08 3.64029 6.7367E-01 0.305838 0.0172385
3.49568E+06 4.034116 3.443081 2.458099 0.686007 4.11037 260.3614 0 7.65857E-08 3.6398 6.7140E-01 0.307427 0.0178244
3.56017E+06 4.036854 3.441796 2.454103 0.687595 4.25396 262.4602 0 8.05123E-08 3.63929 6.6915E-01 0.309006 0.0183987
3.62368E+06 4.039573 3.440543 2.449966 0.689179 4.39403 264.6046 0 8.44782E-08 3.63876 6.6691E-01 0.310566 0.0189654
3.68620E+06 4.042281 3.439294 2.445692 0.690763 4.53047 266.7912 0 8.85188E-08 3.63821 6.6468E-01 0.312115 0.0195247
3.74775E+06 4.044979 3.438209 2.441285 0.692346 4.66392 269.0356 0 9.23947E-08 3.63765 6.6247E-01 0.313664 0.0200753
3.80835E+06 4.047669 3.437003 2.436748 0.693930 4.79398 271.3365 0 9.65157E-08 3.63707 6.6027E-01 0.315204 0.0206195
3.86799E+06 4.050352 3.435991 2.432087 0.695515 4.92095 273.6962 0 1.00402E-07 3.63647 6.5809E-01 0.316733 0.0211551
3.92671E+06 4.053030 3.434888 2.427306 0.697102 5.04492 276.1383 0 1.04490E-07 3.63585 6.5592E-01 0.318253 0.0216832
3.98450E+06 4.055702 3.433828 2.422407 0.698690 5.16581 278.6417 0 1.08564E-07 3.63521 6.5376E-01 0.319762 0.0222038
4.04139E+06 4.058370 3.432858 2.417394 0.700280 5.2842 281.2280 0 1.12537E-07 3.63454 6.5162E-01 0.321271 0.0227158
4.09737E+06 4.061035 3.431875 2.412272 0.701872 5.39986 283.8856 0 1.16581E-07 3.63386 6.4949E-01 0.322761 0.0232214
4.15247E+06 4.063697 3.430899 2.407047 0.703466 5.51258 286.5432 0 1.20658E-07 3.63318 6.4738E-01 0.32425 0.0237196
4.20669E+06 4.066357 3.429937 2.401721 0.705063 5.62315 289.2313 0 1.24753E-07 3.63249 6.4527E-01 0.325729 0.0242093
4.26005E+06 4.069014 3.428996 2.396296 0.706663 5.73123 291.9762 0 1.28849E-07 3.6318 6.4319E-01 0.327199 0.0246923
4.31256E+06 4.071670 3.428070 2.390778 0.708266 5.83677 294.7749 0 1.32956E-07 3.63109 6.4111E-01 0.328658 0.0251679
4.36422E+06 4.074325 3.427150 2.385170 0.709872 5.94008 297.6524 0 1.37091E-07 3.63036 6.3906E-01 0.330108 0.0256361
4.41506E+06 4.076978 3.426231 2.379475 0.711481 6.0411 300.6009 0 1.41258E-07 3.6296 6.3701E-01 0.331547 0.0260968
4.46507E+06 4.079630 3.425303 2.373696 0.713092 6.14005 303.6089 0 1.45478E-07 3.62884 6.3498E-01 0.332976 0.02655
4.51428E+06 4.082282 3.424398 2.367839 0.714708 6.23697 306.6821 0 1.49687E-07 3.62807 6.3296E-01 0.334406 0.0269967
4.56269E+06 4.084933 3.423583 2.361905 0.716326 6.33193 309.8112 0 1.53736E-07 3.62728 6.3096E-01 0.335815 0.0274359
4.61031E+06 4.087584 3.422732 2.355899 0.717948 6.42468 312.9905 0 1.57889E-07 3.62648 6.2897E-01 0.337225 0.0278688
4.65715E+06 4.090234 3.421802 2.349822 0.719573 6.51585 316.2365 0 1.62245E-07 3.62567 6.2700E-01 0.338624 0.0282931
4.70323E+06 4.092885 3.421018 2.343683 0.721202 6.60465 319.5464 0 1.66304E-07 3.62485 6.2504E-01 0.340013 0.028712
4.74855E+06 4.095535 3.420175 2.337271 0.722834 6.69225 322.9625 0 2.91469E-07 3.62398 6.2309E-01 0.341393 0.0291226
4.79313E+06 4.098186 3.419188 2.329250 0.724470 6.77784 326.7779 0 6.63733E-07 3.62291 6.2116E-01 0.342772 0.0295275
4.83697E+06 4.100844 3.418047 2.316299 0.726114 6.86174 331.6438 0 1.83107E-06 3.6212 6.1924E-01 0.344132 0.029925
4.88008E+06 4.103526 3.415368 2.279957 0.727776 6.94471 341.5526 0 1.19479E-05 3.61648 6.1733E-01 0.345491 0.0303163
4.92245E+06 4.106325 3.403350 2.088265 0.729514 7.02758 390.0788 0 1.99964E-05 3.59045 6.1542E-01 0.346851 0.030703
4.95657E+06 4.106646 3.357756 1.164569 0.730182 7.02758 812.3625 0 2.66291E-04 3.48905 6.1349E-01 0.34823 0.0310905
4.96405E+06 4.109946 3.551107 0.755115 0.731766 7.02758 414.3707 0 1.70627E-08 3.60887 6.1349E-01 0.34823 0.0310905
5.00429E+06 4.120264 3.587666 0.754641 0.738226 7.02758 346.6634 0 6.18658E-09 3.63148 6.1349E-01 0.34823 0.0310905
5.03691E+06 4.128556 3.636526 0.743464 0.743464 7.02758 326.3348 0 1.02783E-09 3.64182 6.1349E-01 0.34823 0.0310905
0.00000E+00 3.852300 3.568898 3.000000 0.644400 0.349322 66.0159 1 3.69803E-13 3.56478 7.1400E-01 0.27812 0.00571874
4.42184E+04 3.902764 3.564217 3.000000 0.647376 0.349322 73.9073 1 1.24696E-12 3.56105 7.1400E-01 0.27812 0.00571874
4.42184E+04 3.907510 3.563768 3.000000 0.647376 0.349322 75.6119 1 1.53290E-12 3.55893 7.1400E-01 0.27812 0.00571874
9.74997E+04 3.956603 3.559118 3.000000 0.651385 0.349322 84.4628 1 5.17106E-12 3.55518 7.1400E-01 0.27812 0.00571874
9.74997E+04 3.960744 3.558712 3.000000 0.651385 0.349322 86.2664 1 6.27158E-12 3.55316 7.1400E-01 0.27812 0.00571874
1.57790E+05 4.005516 3.554410 2.999999 0.656344 0.349322 96.0706 1 2.02225E-11 3.54877 7.1400E-01 0.27812 0.00571874
2.21006E+05 4.039725 3.551099 2.999998 0.661927 0.349322 104.7507 1 5.28313E-11 3.5448 7.1400E-01 0.27812 0.00571874
2.83635E+05 4.065233 3.548663 2.999996 0.667797 0.349322 112.0009 1 1.12615E-10 3.54148 7.1400E-01 0.27812 0.00571874
3.43894E+05 4.084026 3.546888 2.999991 0.673737 0.349322 116.7585 1 1.84993E-10 3.54016 7.1400E-01 0.27812 0.00571874
3.43894E+05 4.084837 3.546806 2.999991 0.673737 0.349322 117.6595 1 1.97354E-10 3.53925 7.1400E-01 0.27812 0.00571874
4.01189E+05 4.100172 3.545347 2.999984 0.679639 0.349322 121.6348 1 2.96726E-10 3.53827 7.1400E-01 0.27812 0.00571874
4.01189E+05 4.100687 3.545292 2.999984 0.679639 0.349322 122.3984 1 3.12377E-10 3.5375 7.1400E-01 0.27812 0.00571874
4.55458E+05 4.114130 3.544014 2.999974 0.685451 0.349322 126.3752 1 4.54020E-10 3.53623 7.1400E-01 0.27812 0.00571874
5.06826E+05 4.125968 3.542900 2.999960 0.691145 0.349322 130.2302 1 6.45239E-10 3.53484 7.1400E-01 0.27812 0.00571874
5.55476E+05 4.136683 3.541899 2.999942 0.696711 0.349322 133.7269 1 8.87156E-10 3.53368 7.1400E-01 0.27812 0.00571874
6.01598E+05 4.146570 3.540974 2.999918 0.702142 0.417524 137.2381 1 1.21261E-09 3.5324 7.1400E-01 0.27812 0.00571874
6.45377E+05 4.152817 3.539456 2.999888 0.705596 0.417524 138.8851 1 1.51972E-09 3.53224 7.1344E-01 0.27848 0.00591219
6.45377E+05 4.152893 3.539448 2.999888 0.705596 0.523393 139.4216 1 1.56385E-09 3.5317 7.1344E-01 0.27848 0.00591219
6.89383E+05 4.157491 3.537588 2.999850 0.708108 0.65524 140.8279 1 1.95123E-09 3.5314 7.1255E-01 0.27905 0.00621492
7.35161E+05 4.161170 3.535363 2.999799 0.710136 0.808086 142.0246 1 2.47493E-09 3.53109 7.1143E-01 0.279779 0.00659602
7.82633E+05 4.164108 3.532770 2.999733 0.711773 0.975744 142.9383 1 3.16145E-09 3.5309 7.1009E-01 0.280649 0.00704381
8.31342E+05 4.166471 3.527766 2.999696 0.713104 1.15248 143.6385 1 4.68861E-09 3.53078 7.0860E-01 0.281619 0.00754249
8.80830E+05 4.167190 3.481933 2.980738 0.714211 1.15248 344.0841 0 8.93753E-07 3.638 7.0699E-01 0.282658 0.00807696
8.80830E+05 4.166893 3.481891 2.980738 0.714211 1.33482 346.0427 0 9.19341E-07 3.63736 7.0699E-01 0.282658 0.00807696
9.30772E+05 4.168465 3.471816 2.979513 0.715184 1.33482 346.3668 0 3.27079E-08 3.63732 7.0530E-01 0.283758 0.00863822
9.30772E+05 4.168467 3.471812 2.979513 0.715184 1.51899 348.2151 0 3.27887E-08 3.6368 7.0530E-01 0.283758 0.00863822
9.80792E+05 4.169795 3.466001 2.978001 0.716039 1.51899 347.9992 0 4.01129E-08 3.63687 7.0355E-01 0.284898 0.00921507
9.80792E+05 4.169791 3.465997 2.978001 0.716039 1.70234 349.8561 0 4.02084E-08 3.63634 7.0355E-01 0.284898 0.00921507
1.03080E+06 4.170970 3.461739 2.976213 0.716836 1.88393 350.7166 0 4.73533E-08 3.63609 7.0177E-01 0.286047 0.00980012
1.08067E+06 4.172037 3.458273 2.974155 0.717589 2.06301 352.1281 0 5.45466E-08 3.63568 6.9996E-01 0.287217 0.01039
1.13033E+06 4.173042 3.455498 2.971826 0.718316 2.06301 352.1520 0 6.15442E-08 3.63568 6.9815E-01 0.288397 0.010982
1.13033E+06 4.173024 3.455494 2.971826 0.718316 2.23899 354.0175 0 6.16802E-08 3.63515 6.9815E-01 0.288397 0.010982
1.17975E+06 4.173953 3.453068 2.969225 0.719026 2.41183 354.5975 0 6.89656E-08 3.63499 6.9633E-01 0.289576 0.0115748
1.22889E+06 4.174837 3.450877 2.966350 0.719728 2.58122 356.4649 0 7.64552E-08 3.63449 6.9450E-01 0.290766 0.0121667
1.27774E+06 4.175686 3.448944 2.963199 0.720425 2.74734 357.0557 0 8.40542E-08 3.63435 6.9267E-01 0.291945 0.0127576
1.32627E+06 4.176506 3.447229 2.959767 0.721120 2.91009 358.9524 0 9.17464E-08 3.63387 6.9084E-01 0.293135 0.0133465
1.37449E+06 4.177334 3.445619 2.956053 0.721815 2.91009 358.3364 0 9.94384E-08 3.63411 6.8901E-01 0.294315 0.0139336
1.37449E+06 4.177301 3.445613 2.956053 0.721815 3.06946 360.2218 0 9.96589E-08 3.63358 6.8901E-01 0.294315 0.0139336
1.42239E+06 4.178074 3.444116 2.952056 0.722512 3.22576 360.8949 0 1.07726E-07 3.63346 6.8717E-01 0.295494 0.0145184
1.46997E+06 4.178827 3.442626 2.947769 0.723212 3.379 362.2345 0 1.16109E-07 3.63318 6.8535E-01 0.296674 0.015101
1.51722E+06 4.179561 3.441395 2.943193 0.723914 3.52906 363.6158 0 1.24339E-07 3.6329 6.8352E-01 0.297854 0.0156813
1.56415E+06 4.180278 3.440147 2.938326 0.724621 3.67602 365.0461 0 1.32873E-07 3.63262 6.8169E-01 0.299023 0.0162592
1.61074E+06 4.181025 3.438972 2.933165 0.725331 3.67602 365.2407 0 1.41241E-07 3.63271 6.7986E-01 0.300203 0.0168337
1.61074E+06 4.180979 3.438963 2.933165 0.725331 3.82012 367.1534 0 1.41549E-07 3.63218 6.7986E-01 0.300203 0.0168337
1.65701E+06 4.181664 3.437849 2.927710 0.726046 3.96163 368.6586 0 1.50330E-07 3.63191 6.7804E-01 0.301372 0.0174062
1.70295E+06 4.182335 3.436779 2.921958 0.726766 4.10043 369.5882 0 1.59254E-07 3.63181 6.7622E-01 0.302542 0.0179763
1.74856E+06 4.182992 3.435696 2.915908 0.727492 4.23649 371.1950 0 1.68430E-07 3.63155 6.7440E-01 0.303712 0.0185444
1.79384E+06 4.183690 3.434731 2.909446 0.728223 4.23649 371.5666 0 2.06171E-07 3.63164 6.7258E-01 0.304881 0.0191091
1.79384E+06 4.183626 3.434721 2.909446 0.728223 4.37001 373.4783 0 2.51218E-07 3.63112 6.7258E-01 0.304881 0.0191091
1.83878E+06 4.184300 3.433762 2.902048 0.728960 4.37001 373.3149 0 3.25599E-07 3.63138 6.7076E-01 0.306051 0.0196718
1.83878E+06 4.184200 3.433747 2.902048 0.728960 4.50094 375.2383 0 3.96718E-07 3.63085 6.7076E-01 0.306051 0.0196718
1.88339E+06 4.184659 3.432699 2.892943 0.729704 4.62978 376.6779 0 6.11760E-07 3.63069 6.6895E-01 0.307211 0.0202311
1.92767E+06 4.184902 3.431648 2.880748 0.730457 4.75649 379.0603 0 1.04131E-06 3.63032 6.6713E-01 0.30837 0.0207895
1.97160E+06 4.185166 3.430606 2.862355 0.731223 4.75649 380.2454 0 1.55961E-06 3.63046 6.6531E-01 0.30953 0.0213454
1.97160E+06 4.184710 3.430537 2.862355 0.731223 4.8811 382.2654 0 1.97266E-06 3.62983 6.6531E-01 0.30953 0.0213454
2.01519E+06 4.183416 3.428647 2.828273 0.732008 5.00427 387.4131 0 5.34572E-06 3.62903 6.6349E-01 0.310699 0.0219004
2.05842E+06 4.178365 3.424968 2.739103 0.732833 5.12793 400.7750 0 8.77660E-06 3.62691 6.6166E-01 0.311869 0.0224563
2.10127E+06 4.168012 3.417590 2.559035 0.733775 5.25434 430.6881 0 1.18941E-05 3.62265 6.5979E-01 0.313059 0.0230215
2.14355E+06 4.150608 3.401520 2.216434 0.734844 5.3833 483.5550 0 2.19124E-05 3.58901 6.5785E-01 0.314308 0.0236079
2.17834E+06 4.118839 3.356317 1.206973 0.735357 5.3833 865.7556 0 2.40225E-04 3.48137 6.5582E-01 0.315598 0.024214
2.18480E+06 4.117785 3.567555 0.756584 0.736664 5.3833 397.2442 0 2.82035E-08 3.61536 6.5582E-01 0.315598 0.024214
2.22414E+06 4.127449 3.608550 0.742765 0.742765 5.3833 333.7233 0 1.02072E-08 3.63913 6.5582E-01 0.315598 0.024214
0.00000E+00 4.098400 3.556751 3.500000 0.776300 0.353747 102.6267 1 1.55475E-11 3.55127 7.1598E-01 0.276106 0.00570579
1.21969E+04 4.139147 3.552789 3.500000 0.777798 0.353747 112.7194 1 4.63721E-11 3.54788 7.1598E-01 0.276106 0.00570579
1.21969E+04 4.143234 3.552389 3.500000 0.777798 0.360844 114.8002 1 5.60803E-11 3.54625 7.1598E-01 0.276106 0.00570579
2.66746E+04 4.183129 3.548394 3.499999 0.778718 0.360844 125.8808 1 1.70114E-10 3.54289 7.1574E-01 0.276326 0.00572356
2.66746E+04 4.187176 3.547996 3.499999 0.778718 0.37432 128.2335 1 2.07240E-10 3.54122 7.1574E-01 0.276326 0.00572356
4.32551E+04 4.224147 3.544125 3.499995 0.779499 0.37432 139.7021 1 6.06460E-10 3.53806 7.1538E-01 0.276656 0.00575855
4.32551E+04 4.227862 3.543749 3.499995 0.779499 0.394844 142.1635 1 7.35193E-10 3.53646 7.1538E-01 0.276656 0.00575855
6.16534E+04 4.259988 3.540231 3.499980 0.780147 0.394844 153.1622 1 1.94791E-09 3.53371 7.1491E-01 0.277066 0.00581283
6.16534E+04 4.263185 3.539903 3.499980 0.780147 0.414664 155.5690 1 2.32291E-09 3.53225 7.1491E-01 0.277066 0.00581283
8.14343E+04 4.292086 3.536564 3.499938 0.780665 0.44793 167.0689 1 5.99497E-09 3.52915 7.1435E-01 0.277522 0.00589484
1.02192E+05 4.314743 3.533763 3.499832 0.781075 0.485199 177.1793 1 1.35345E-08 3.52631 7.1372E-01 0.278062 0.00598516
1.23617E+05 4.330470 3.531643 3.499615 0.781406 0.485199 184.0295 1 2.39314E-08 3.52476 7.1303E-01 0.27863 0.00608971
1.23617E+05 4.331996 3.531487 3.499615 0.781406 0.522851 185.7122 1 2.65710E-08 3.52382 7.1303E-01 0.27863 0.00608971
1.45501E+05 4.343741 3.529710 3.499255 0.781686 0.522851 190.4808 1 3.32991E-08 3.52309 7.1231E-01 0.279225 0.00620781
1.45501E+05 4.344870 3.529592 3.499255 0.781686 0.554203 191.8702 1 3.23298E-08 3.52232 7.1231E-01 0.279225 0.00620781
1.67707E+05 4.354365 3.527968 3.498818 0.781934 0.571748 196.3641 1 3.21952E-08 3.52135 7.1155E-01 0.279837 0.00634055
1.90149E+05 4.361335 3.526510 3.498332 0.782161 0.572039 200.1356 1 3.24652E-08 3.52035 7.1077E-01 0.280458 0.00648875
2.12773E+05 4.366427 3.525208 3.497799 0.782377 0.558332 202.4793 1 3.32771E-08 3.51995 7.0996E-01 0.281091 0.00665061
2.35546E+05 4.370151 3.524049 3.497230 0.782587 0.535609 204.3724 1 3.42598E-08 3.51955 7.0914E-01 0.281735 0.00682366
2.58446E+05 4.372880 3.522979 3.496623 0.782794 0.507176 205.9464 1 3.54104E-08 3.51913 7.0830E-01 0.282371 0.00700526
2.81458E+05 4.374885 3.522045 3.495979 0.782999 0.477763 206.7777 1 3.67923E-08 3.51906 7.0745E-01 0.283027 0.00719438
3.04572E+05 4.376370 3.521131 3.495295 0.783204 0.449269 207.6614 1 3.83352E-08 3.51883 7.0658E-01 0.283674 0.00738906
3.27779E+05 4.377407 3.520437 3.494571 0.783409 0.449269 207.5845 1 4.06474E-08 3.51916 7.0571E-01 0.284342 0.00758891
3.27779E+05 4.377478 3.520409 3.494571 0.783409 0.406923 208.1757 1 3.97283E-08 3.51876 7.0571E-01 0.284342 0.00758891
3.51073E+05 4.378269 3.519694 3.493808 0.783615 0.406923 207.9751 1 4.22873E-08 3.51912 7.0483E-01 0.285 0.00780009
3.51073E+05 4.378314 3.519669 3.493808 0.783615 0.386346 208.5448 1 4.13968E-08 3.51873 7.0483E-01 0.285 0.00780009
3.74450E+05 4.378928 3.518926 3.491769 0.783822 0.386346 582.4329 0 6.31941E-07 3.62616 7.0394E-01 0.285669 0.00800795
3.74450E+05 4.378769 3.518921 3.491769 0.783822 0.370612 584.3640 0 6.37885E-07 3.62579 7.0394E-01 0.285669 0.00800795
3.97904E+05 4.378875 3.518247 3.487091 0.784031 0.370612 583.4102 0 6.70552E-07 3.62596 7.0304E-01 0.286338 0.00821983
3.97904E+05 4.378692 3.518246 3.487091 0.784031 0.360914 585.1739 0 6.74989E-07 3.62561 7.0304E-01 0.286338 0.00821983
4.21435E+05 4.378498 3.517555 3.480900 0.784242 0.360914 583.9825 0 7.09884E-07 3.62578 7.0214E-01 0.287007 0.00843517
4.21435E+05 4.378294 3.517554 3.480900 0.784242 0.357331 585.6951 0 7.14038E-07 3.62544 7.0214E-01 0.287007 0.00843517
4.45037E+05 4.377999 3.516809 3.474322 0.784455 0.357331 584.3906 0 7.52689E-07 3.62561 7.0123E-01 0.287686 0.00865425
4.45037E+05 4.377774 3.516811 3.474322 0.784455 0.359367 586.0534 0 7.57201E-07 3.62528 7.0123E-01 0.287686 0.00865425
4.68704E+05 4.376968 3.516033 3.466108 0.784671 0.367181 586.0020 0 8.00453E-07 3.62515 7.0031E-01 0.288366 0.00887731
4.92436E+05 4.376059 3.515315 3.457383 0.784890 0.380371 586.0557 0 8.46767E-07 3.62498 6.9938E-01 0.289045 0.00910431
5.16227E+05 4.375057 3.514592 3.448121 0.785112 0.399145 586.0154 0 8.95948E-07 3.62482 6.9844E-01 0.289725 0.00933558
5.40074E+05 4.374091 3.513864 3.437147 0.785337 0.399145 584.5570 0 9.47730E-07 3.62496 6.9750E-01 0.290414 0.00957108
5.40074E+05 4.373795 3.513874 3.437147 0.785337 0.423702 586.0636 0 9.52363E-07 3.62463 6.9750E-01 0.290414 0.00957108
5.63974E+05 4.372434 3.513123 3.425480 0.785567 0.442565 585.9043 0 1.00999E-06 3.62447 6.9655E-01 0.291104 0.00981075
5.87922E+05 4.370974 3.512374 3.413089 0.785800 0.478479 585.6219 0 1.06665E-06 3.62432 6.9560E-01 0.291794 0.0100597
6.11915E+05 4.369412 3.511613 3.399920 0.786038 0.520309 585.4931 0 1.13305E-06 3.62414 6.9463E-01 0.292484 0.0103083
6.35949E+05 4.368117 3.510899 3.385917 0.786281 0.520309 584.0759 0 1.19908E-06 3.62427 6.9366E-01 0.293183 0.0105614
6.35949E+05 4.367745 3.510917 3.385917 0.786281 0.568803 585.4410 0 1.20395E-06 3.62394 6.9366E-01 0.293183 0.0105614
6.60021E+05 4.365830 3.510170 3.370047 0.786528 0.61523 585.3123 0 1.27959E-06 3.62374 6.9268E-01 0.293873 0.0108186
6.84126E+05 4.363791 3.509373 3.353132 0.786782 0.675321 585.2321 0 1.36075E-06 3.62353 6.9170E-01 0.294573 0.0110844
7.08261E+05 4.361612 3.508626 3.335018 0.787042 0.741383 585.2425 0 1.44938E-06 3.6233 6.9070E-01 0.295273 0.0113515
7.32421E+05 4.359272 3.507782 3.315523 0.787308 0.813429 585.3495 0 1.55623E-06 3.62305 6.8970E-01 0.295983 0.0116235
7.56601E+05 4.356735 3.506831 3.294327 0.787582 0.891287 585.4241 0 1.69108E-06 3.62281 6.8869E-01 0.296693 0.0119007
7.80797E+05 4.354439 3.505494 3.270500 0.787864 0.891287 584.5827 0 1.88059E-06 3.62284 6.8767E-01 0.297403 0.0121833
7.80797E+05 4.353884 3.505519 3.270500 0.787864 0.973861 585.7030 0 1.88111E-06 3.62252 6.8767E-01 0.297403 0.0121833
8.05004E+05 4.352726 3.501468 3.258872 0.788156 1.06855 586.3507 0 2.50047E-06 3.62228 6.8663E-01 0.298113 0.0124722
8.29201E+05 4.199028 3.432670 0.980776 0.788476 1.06855 1022.3116 0 9.97449E-05 3.50372 6.8560E-01 0.298833 0.0127615
8.34062E+05 4.133150 3.483293 0.788623 0.788623 1.06855 765.6489 0 8.02029E-05 3.54157 6.8560E-01 0.298833 0.0127615
0.00000E+00 4.174700 3.559950 4.000000 0.823900 0.349263 106.1358 1 1.01773E-11 3.55581 6.9406E-01 0.298077 0.00569339
7.52857E+03 4.218837 3.555717 4.000000 0.825043 0.349263 117.4621 1 3.39324E-11 3.55217 6.9406E-01 0.298077 0.00569339
7.52857E+03 4.223378 3.555273 4.000000 0.825043 0.352831 119.7996 1 4.19732E-11 3.55045 6.9406E-01 0.298077 0.00569339
1.61088E+04 4.267411 3.550932 3.999999 0.825803 0.352831 132.5775 1 1.46898E-10 3.54679 6.9394E-01 0.298197 0.00570191
1.61088E+04 4.271971 3.550484 3.999999 0.825803 0.359569 135.2738 1 1.84001E-10 3.54502 6.9394E-01 0.298197 0.00570191
2.57021E+04 4.314458 3.546187 3.999997 0.826463 0.359569 149.2493 1 6.53591E-10 3.5414 6.9375E-01 0.298367 0.00571838
2.57021E+04 4.318836 3.545744 3.999997 0.826463 0.37003 152.2280 1 8.22946E-10 3.53964 6.9375E-01 0.298367 0.00571838
3.62702E+04 4.358328 3.541635 3.999985 0.827034 0.37003 166.8881 1 2.84660E-09 3.5362 6.9349E-01 0.298586 0.00574451
3.62702E+04 4.362371 3.541224 3.999985 0.827034 0.381064 170.0916 1 3.57736E-09 3.53446 6.9349E-01 0.298586 0.00574451
4.76852E+04 4.397615 3.537424 3.999935 0.827512 0.381064 184.6654 1 1.15084E-08 3.53137 6.9318E-01 0.29885 0.00578495
4.76852E+04 4.401201 3.537050 3.999935 0.827512 0.352903 187.8428 1 1.42954E-08 3.5298 6.9318E-01 0.29885 0.00578495
5.97871E+04 4.434593 3.533333 3.999828 0.827905 0.245584 204.5687 1 1.28141E-08 3.5258 6.9280E-01 0.29915 0.00585748
7.24220E+04 4.459923 3.530542 3.999708 0.828224 0.245584 216.9500 1 1.08919E-08 3.52363 6.9235E-01 0.299501 0.00596613
7.24220E+04 4.462476 3.530245 3.999708 0.828224 0.114237 219.7271 1 1.01618E-08 3.52242 6.9235E-01 0.299501 0.00596613
8.54601E+04 4.483161 3.528235 3.999591 0.828484 0.114237 230.4308 1 8.26021E-09 3.52071 6.9183E-01 0.29988 0.00608824
8.54601E+04 4.485237 3.527992 3.999591 0.828484 0.0568865 232.9300 1 7.66092E-09 3.51967 6.9183E-01 0.29988 0.00608824
9.87996E+04 4.503128 3.526087 3.997446 0.828699 0.0541566 729.2749 0 9.20671E-07 3.62646 6.9126E-01 0.300344 0.00619055
1.12366E+05 4.516306 3.524307 3.990482 0.828880 0.0564017 769.7130 0 1.34097E-06 3.62451 6.9065E-01 0.300862 0.00627962
1.26106E+05 4.524930 3.522875 3.979582 0.829038 0.0564017 794.3996 0 1.72101E-06 3.6237 6.8999E-01 0.301411 0.00637153
1.26106E+05 4.525537 3.522817 3.979582 0.829038 0.0589083 800.1482 0 1.77639E-06 3.62314 6.8999E-01 0.301411 0.00637153
1.39984E+05 4.531090 3.521612 3.964399 0.829180 0.0589083 817.9800 0 2.16022E-06 3.62261 6.8931E-01 0.30199 0.00646701
1.39984E+05 4.531344 3.521595 3.964399 0.829180 0.0615278 822.1642 0 2.20239E-06 3.62217 6.8931E-01 0.30199 0.00646701
1.53974E+05 4.534496 3.520589 3.945982 0.829311 0.0615278 834.9388 0 2.56444E-06 3.62175 6.8861E-01 0.30258 0.00656578
1.53974E+05 4.534454 3.520604 3.945982 0.829311 0.0642462 837.6992 0 2.58808E-06 3.62141 6.8861E-01 0.30258 0.00656578
1.68059E+05 4.535381 3.519701 3.924672 0.829436 0.067013 848.3318 0 2.92611E-06 3.62078 6.8789E-01 0.30319 0.00666765
1.82227E+05 4.534584 3.518987 3.900885 0.829556 0.0698327 854.0665 0 3.20586E-06 3.62035 6.8716E-01 0.30381 0.00677237
1.96469E+05 4.533070 3.518380 3.875045 0.829675 0.0698327 855.4115 0 3.44297E-06 3.6203 6.8642E-01 0.30443 0.00688027
1.96469E+05 4.532450 3.518459 3.875045 0.829675 0.0727173 855.3294 0 3.40773E-06 3.62015 6.8642E-01 0.30443 0.00688027
2.10780E+05 4.530026 3.517814 3.847533 0.829793 0.0727173 855.3691 0 3.62823E-06 3.62005 6.8567E-01 0.30505 0.00699135
2.10780E+05 4.529294 3.517903 3.847533 0.829793 0.0756628 854.7291 0 3.57861E-06 3.61994 6.8567E-01 0.30505 0.00699135
2.25156E+05 4.525366 3.517283 3.818658 0.829911 0.0786771 853.5054 0 3.74572E-06 3.61965 6.8492E-01 0.30568 0.0071059
2.39592E+05 4.521739 3.516794 3.788654 0.830031 0.0786771 849.8951 0 3.89210E-06 3.61974 6.8417E-01 0.30631 0.00722385
2.39592E+05 4.520863 3.516894 3.788654 0.830031 0.0817955 848.6162 0 3.82284E-06 3.61967 6.8417E-01 0.30631 0.00722385
2.54088E+05 4.515694 3.516330 3.756470 0.830153 0.0850429 845.0491 0 3.94309E-06 3.61941 6.8341E-01 0.30693 0.00734569
2.68640E+05 4.510208 3.515974 3.723411 0.830278 0.0884939 838.3200 0 3.98062E-06 3.61948 6.8265E-01 0.30755 0.00747132
2.83249E+05 4.505453 3.515401 3.689509 0.830406 0.0884939 834.2018 0 4.13569E-06 3.61945 6.8189E-01 0.30817 0.00760109
2.83249E+05 4.504478 3.515506 3.689509 0.830406 0.0922109 832.6057 0 4.05376E-06 3.61939 6.8189E-01 0.30817 0.00760109
2.97911E+05 4.498556 3.514911 3.654740 0.830539 0.0963078 828.1636 0 4.17523E-06 3.61914 6.8113E-01 0.30879 0.00773518
3.12625E+05 4.493482 3.514407 3.619029 0.830675 0.0963078 822.5666 0 4.30611E-06 3.61926 6.8036E-01 0.3094 0.00787383
3.12625E+05 4.492469 3.514512 3.619029 0.830675 0.100909 820.9254 0 4.21965E-06 3.6192 6.8036E-01 0.3094 0.00787383
3.27391E+05 4.487263 3.513868 3.582259 0.830817 0.100909 816.8163 0 4.41145E-06 3.61914 6.7959E-01 0.31001 0.00801696
3.27391E+05 4.486233 3.513972 3.582259 0.830817 0.0945898 815.1589 0 4.32300E-06 3.61909 6.7959E-01 0.31001 0.00801696
3.42206E+05 4.479847 3.485843 3.544263 0.830964 0.109882 804.8599 0 2.81602E-05 3.61954 6.7883E-01 0.31062 0.00816902
3.57070E+05 4.473325 3.512811 3.504971 0.831118 0.119306 804.2079 0 4.58653E-06 3.61881 6.7806E-01 0.31122 0.0083191
3.71979E+05 4.466605 3.512014 3.463866 0.831279 0.129335 800.7965 0 4.82989E-06 3.61843 6.7729E-01 0.31182 0.00847669
3.86934E+05 4.460796 3.511322 3.420657 0.831447 0.129335 796.1583 0 5.09580E-06 3.61848 6.7651E-01 0.31242 0.00864016
3.86934E+05 4.459665 3.511417 3.420657 0.831447 0.141683 794.4549 0 4.99413E-06 3.61841 6.7651E-01 0.31242 0.00864016
4.01931E+05 4.452463 3.510534 3.374914 0.831626 0.157818 792.0261 0 5.33000E-06 3.61792 6.7574E-01 0.31301 0.00880919
4.16968E+05 4.444939 3.509795 3.326038 0.831814 0.179324 786.4919 0 5.60930E-06 3.61783 6.7496E-01 0.3136 0.00898368
4.32042E+05 4.437021 3.508692 3.273294 0.832015 0.208355 785.4430 0 6.14787E-06 3.61719 6.7417E-01 0.31419 0.00916359
4.47150E+05 4.429995 3.507689 3.215779 0.832230 0.208355 782.9522 0 6.75069E-06 3.61709 6.7339E-01 0.31477 0.00934879
4.47150E+05 4.428626 3.507778 3.215779 0.832230 0.248015 781.2599 0 6.62955E-06 3.61696 6.7339E-01 0.31477 0.00934879
4.62287E+05 4.421111 3.506614 3.152252 0.832463 0.248015 781.6724 0 7.47003E-06 3.61656 6.7259E-01 0.31536 0.00953863
4.62287E+05 4.419642 3.506698 3.152252 0.832463 0.296203 779.9554 0 7.34657E-06 3.61641 6.7259E-01 0.31536 0.00953863
4.77447E+05 4.409894 3.505441 3.080787 0.832717 0.365604 780.7007 0 8.38211E-06 3.61566 6.7179E-01 0.31595 0.00973463
4.92621E+05 4.398949 3.504057 2.997099 0.832997 0.446466 785.4393 0 9.88734E-06 3.61447 6.7097E-01 0.31655 0.00993253
5.07799E+05 4.386487 3.502525 2.896761 0.833311 0.534003 792.3502 0 1.21440E-05 3.61318 6.7014E-01 0.31716 0.0101376
5.22961E+05 4.371530 3.500706 2.768123 0.833673 0.627097 804.9274 0 1.60592E-05 3.61149 6.6928E-01 0.31778 0.0103539
5.38080E+05 4.351830 3.497889 2.582376 0.834066 0.725924 839.0737 0 2.64364E-05 3.60804 6.6837E-01 0.31843 0.0105855
5.53106E+05 4.310400 3.489828 2.094263 0.834618 0.838329 900.4985 0 1.53617E-04 3.55977 6.6743E-01 0.3191 0.0108338
5.61075E+05 4.272449 3.481629 1.444379 0.833894 0.838329 1041.0352 0 1.47903E-04 3.48105 6.6638E-01 0.31983 0.0111198
5.66436E+05 4.267687 3.656603 0.835286 0.835286 0.838329 351.4529 0 1.95774E-05 3.65657 6.6638E-01 0.31983 0.0111198
0.00000E+00 4.242500 3.562516 4.500000 0.858200 0.35834 109.3678 1 7.26167E-12 3.5599 6.7406E-01 0.31805 0.00569119
5.24969E+03 4.290380 3.557924 4.500000 0.859160 0.35834 121.9889 1 2.74485E-11 3.55606 6.7406E-01 0.31805 0.00569119
5.24969E+03 4.295393 3.557441 4.500000 0.859160 0.360652 124.6106 1 3.48102E-11 3.55423 6.7406E-01 0.31805 0.00569119
1.11243E+04 4.349275 3.552189 4.500000 0.859818 0.364892 141.8500 1 1.75274E-10 3.54894 6.7398E-01 0.31813 0.00569652
1.76101E+04 4.397701 3.547358 4.499998 0.860395 0.364892 159.4022 1 8.28588E-10 3.54416 6.7386E-01 0.318238 0.00570689
1.76101E+04 4.402769 3.546846 4.499998 0.860395 0.35888 162.9918 1 1.09076E-09 3.54221 6.7386E-01 0.318238 0.00570689
2.47034E+04 4.449531 3.542033 4.499985 0.860900 0.35888 181.6954 1 5.07420E-09 3.53817 6.7369E-01 0.31838 0.00573255
2.47034E+04 4.454400 3.541534 4.499985 0.860900 0.285127 185.6908 1 6.75042E-09 3.53624 6.7369E-01 0.31838 0.00573255
3.23485E+04 4.502656 3.536608 4.499947 0.861334 0.144165 209.9963 1 6.50435E-09 3.5305 6.7345E-01 0.318557 0.00579242
4.04648E+04 4.542308 3.532881 4.499908 0.861700 0.144165 230.3645 1 4.47544E-09 3.52701 6.7314E-01 0.318773 0.00587778
4.04648E+04 4.546395 3.532436 4.499908 0.861700 0.0591676 234.7202 1 3.96067E-09 3.52532 6.7314E-01 0.318773 0.00587778
4.89665E+04 4.584629 3.528773 4.497952 0.862004 0.0557135 793.1770 0 1.02230E-06 3.63016 6.7276E-01 0.319075 0.00594884
5.77762E+04 4.613646 3.525599 4.490268 0.862256 0.0557135 881.3213 0 2.08442E-06 3.62713 6.7231E-01 0.319482 0.00599846
5.77762E+04 4.616396 3.525329 4.490268 0.862256 0.0591306 899.1117 0 2.31642E-06 3.62585 6.7231E-01 0.319482 0.00599846
6.68309E+04 4.640847 3.522371 4.473102 0.862467 0.062909 986.9465 0 4.33336E-06 3.62303 6.7179E-01 0.319931 0.00605013
7.60837E+04 4.657020 3.520086 4.441298 0.862647 0.0669373 1060.2173 0 7.12702E-06 3.62056 6.7122E-01 0.32044 0.00610481
8.55032E+04 4.664635 3.518404 4.392302 0.862802 0.0709144 1110.3808 0 1.00900E-05 3.61878 6.7061E-01 0.32098 0.00616184
9.50700E+04 4.664191 3.517298 4.326832 0.862942 0.0746231 1135.2121 0 1.24296E-05 3.61769 6.6998E-01 0.32155 0.00622128
1.04772E+05 4.657650 3.516446 4.249266 0.863070 0.0780627 1142.9465 0 1.39589E-05 3.61684 6.6932E-01 0.32214 0.00628391
1.14598E+05 4.647041 3.516067 4.164939 0.863189 0.0811892 1132.8031 0 1.42908E-05 3.61668 6.6866E-01 0.32273 0.00635043
1.24538E+05 4.634088 3.515630 4.078126 0.863302 0.0841595 1118.8892 0 1.43603E-05 3.61634 6.6799E-01 0.32332 0.00642164
1.34581E+05 4.619946 3.515305 3.991434 0.863411 0.0869928 1100.1501 0 1.40642E-05 3.61619 6.6731E-01 0.32391 0.00649776
1.44715E+05 4.605331 3.515029 3.906182 0.863518 0.0897539 1079.4656 0 1.36163E-05 3.61614 6.6664E-01 0.3245 0.00657882
1.54931E+05 4.590634 3.514734 3.822748 0.863625 0.0925194 1058.7827 0 1.31814E-05 3.61609 6.6596E-01 0.32508 0.00666515
1.65219E+05 4.576046 3.514409 3.740940 0.863733 0.0953487 1038.8145 0 1.28171E-05 3.61604 6.6529E-01 0.32565 0.0067566
1.75573E+05 4.561643 3.513838 3.660281 0.863846 0.0985026 1024.2085 0 1.28932E-05 3.61555 6.6462E-01 0.32621 0.00685346
1.85985E+05 4.547416 3.513401 3.580021 0.863963 0.10223 1007.0518 0 1.27820E-05 3.61542 6.6396E-01 0.32676 0.00695568
1.96450E+05 4.533305 3.512895 3.499239 0.864089 0.107036 991.7322 0 1.28370E-05 3.6152 6.6329E-01 0.32731 0.00706363
2.06964E+05 4.518979 3.512468 3.415509 0.864224 0.113752 974.5769 0 1.28035E-05 3.61526 6.6263E-01 0.32785 0.00717726
2.17520E+05 4.504497 3.511720 3.328403 0.864371 0.124056 963.6953 0 1.33769E-05 3.61479 6.6197E-01 0.32838 0.00729688
2.28116E+05 4.489606 3.510765 3.235604 0.864534 0.141061 955.8792 0 1.44172E-05 3.6141 6.6131E-01 0.3289 0.00742247
2.38744E+05 4.473936 3.509704 3.133605 0.864717 0.170559 948.3358 0 1.58565E-05 3.61351 6.6065E-01 0.32942 0.00755391
2.49398E+05 4.456851 3.508172 3.016230 0.864926 0.220101 947.6043 0 1.87369E-05 3.61235 6.5999E-01 0.32993 0.00769023
2.60069E+05 4.437168 3.506126 2.871181 0.865170 0.287668 953.9820 0 2.42493E-05 3.61072 6.5932E-01 0.33045 0.00783017
2.70742E+05 4.412190 3.503329 2.667530 0.865469 0.363034 978.9460 0 3.76790E-05 3.60786 6.5863E-01 0.33098 0.0079757
2.81390E+05 4.367457 3.496507 2.217033 0.865836 0.448975 1023.6122 0 1.52746E-04 3.57351 6.5789E-01 0.33154 0.00813529
2.91972E+05 4.314035 3.518950 1.040951 0.866566 0.478584 1048.7290 0 1.05865E-04 3.52361 6.5707E-01 0.33216 0.00831903
2.95225E+05 4.299042 3.827494 0.866916 0.866916 0.478584 119.1908 1 1.85752E-09 3.68079 6.5680E-01 0.33236 0.00838282
0.00000E+00 4.277300 3.567324 5.000000 0.901200 0.368171 105.4853 1 2.53796E-12 3.5662 6.5705E-01 0.335028 0.00567767
3.34470E+03 4.334911 3.561862 5.000000 0.901883 0.36948 120.8359 1 1.30302E-11 3.56094 6.5705E-01 0.335028 0.00567767
7.00392E+03 4.393585 3.556204 5.000000 0.902339 0.37153 140.3103 1 8.57004E-11 3.55398 6.5700E-01 0.335068 0.00568056
1.09900E+04 4.452680 3.550416 4.999999 0.902737 0.352217 161.7386 1 5.63560E-10 3.54817 6.5693E-01 0.335134 0.00568667
1.53093E+04 4.511328 3.544534 4.999994 0.903084 0.268106 187.3627 1 4.52614E-09 3.54155 6.5682E-01 0.335218 0.00570911
1.99371E+04 4.568329 3.538989 4.999980 0.903383 0.136202 216.4098 1 3.46225E-09 3.53493 6.5666E-01 0.335333 0.00575689
2.48333E+04 4.617399 3.534485 4.999967 0.903637 0.136202 243.8049 1 1.92553E-09 3.52994 6.5646E-01 0.335472 0.00581975
2.48333E+04 4.622583 3.533936 4.999967 0.903637 0.0606428 249.4288 1 1.61879E-09 3.52794 6.5646E-01 0.335472 0.00581975
2.99533E+04 4.672650 3.529267 4.997050 0.903852 0.0600284 903.3319 0 1.66178E-06 3.6317 6.5620E-01 0.335685 0.0058661
3.52561E+04 4.716928 3.524771 4.986686 0.904032 0.0653156 1072.0121 0 5.05634E-06 3.62603 6.5588E-01 0.335972 0.00588997
4.07088E+04 4.751768 3.521034 4.958059 0.904186 0.0727148 1224.4554 0 1.22690E-05 3.62207 6.5551E-01 0.336311 0.00591329
4.62908E+04 4.772899 3.518138 4.893474 0.904319 0.080296 1346.6030 0 2.37536E-05 3.61905 6.5510E-01 0.3367 0.00593549
5.19969E+04 4.775793 3.516468 4.781256 0.904439 0.0845899 1410.0289 0 3.47579E-05 3.61713 6.5465E-01 0.33713 0.00595674
5.78338E+04 4.764076 3.515408 4.632250 0.904550 0.0859191 1423.6194 0 4.09756E-05 3.61584 6.5418E-01 0.33756 0.0059801
6.38062E+04 4.743825 3.514730 4.466284 0.904654 0.0863908 1406.0977 0 4.27498E-05 3.61498 6.5370E-01 0.33801 0.00600724
6.99092E+04 4.719768 3.514292 4.297766 0.904751 0.0868884 1373.7224 0 4.17796E-05 3.61442 6.5322E-01 0.33846 0.00603901
7.61309E+04 4.694472 3.514047 4.133344 0.904841 0.0874652 1334.0211 0 3.93606E-05 3.61416 6.5273E-01 0.3389 0.00607524
8.24560E+04 4.669035 3.513622 3.974585 0.904927 0.0881749 1298.9071 0 3.79380E-05 3.61362 6.5224E-01 0.33934 0.00611617
8.88697E+04 4.643869 3.513336 3.820749 0.905010 0.0889904 1261.1763 0 3.60319E-05 3.61345 6.5175E-01 0.33978 0.00616157
9.53582E+04 4.618972 3.512940 3.669608 0.905094 0.0900192 1228.2196 0 3.50103E-05 3.61312 6.5127E-01 0.34021 0.00621172
1.01909E+05 4.594120 3.512358 3.517889 0.905183 0.0916506 1201.2158 0 3.51941E-05 3.61253 6.5079E-01 0.34063 0.00626657
1.08512E+05 4.568866 3.511535 3.360797 0.905281 0.0950413 1179.9889 0 3.70499E-05 3.61168 6.5031E-01 0.34104 0.00632644
1.15157E+05 4.542412 3.510497 3.190448 0.905393 0.10378 1164.9322 0 4.09010E-05 3.61055 6.4983E-01 0.34144 0.00639147
1.21833E+05 4.513155 3.509021 2.990933 0.905530 0.12789 1157.8425 0 4.94749E-05 3.60909 6.4937E-01 0.34184 0.00646149
1.28527E+05 4.476479 3.506158 2.714276 0.905706 0.154304 1179.5137 0 7.86189E-05 3.60599 6.4890E-01 0.34222 0.00653469
1.35222E+05 4.408670 3.497157 2.030704 0.905944 0.201953 1215.3611 0 2.06523E-04 3.55023 6.4840E-01 0.34263 0.00661799
1.41893E+05 4.370422 3.516903 1.151788 0.906600 0.242818 1173.7098 0 1.17137E-04 3.51492 6.4781E-01 0.34311 0.00671438
1.45255E+05 4.368074 3.804210 0.907146 0.907146 0.242818 134.3443 1 9.11977E-09 3.67744 6.4735E-01 0.34348 0.00679791
