0.00000E+00 3.053800 3.613696 0.500000 0.489500 0.479565 26.3836 1 1.24944E-10 3.62761 7.3198E-01 0.26 0.00566933
2.08391E+05 3.056885 3.610747 0.489662 0.489662 0.479565 57.1635 0 2.03662E-10 3.61096 7.3198E-01 0.26 0.00566933
0.00000E+00 3.119500 3.570190 0.550000 0.499800 0.479565 89.0677 0 1.86597E-09 3.56527 7.3198E-01 0.26 0.00566933
1.88582E+05 3.143478 3.568468 0.549823 0.500851 0.479565 95.6288 0 3.16063E-09 3.56334 7.3198E-01 0.26 0.00566933
3.90246E+05 3.171191 3.566568 0.549494 0.502134 0.479565 103.7186 0 5.79432E-09 3.56124 7.3198E-01 0.26 0.00566933
6.05915E+05 3.202608 3.564692 0.548817 0.503708 0.479565 113.4935 0 1.13898E-08 3.55913 7.3198E-01 0.26 0.00566933
8.35890E+05 3.237942 3.563213 0.547329 0.505649 0.479565 124.8779 0 2.37678E-08 3.55754 7.3198E-01 0.26 0.00566933
1.07940E+06 3.277146 3.563163 0.543938 0.508036 0.479565 136.8732 0 5.04290E-08 3.5577 7.3198E-01 0.26 0.00566933
1.33419E+06 3.319804 3.567936 0.536635 0.510950 0.479565 144.5991 0 9.04436E-08 3.56358 7.3198E-01 0.26 0.00566933
1.59645E+06 3.365112 3.587653 0.526410 0.514460 0.479565 133.9830 0 6.66897E-08 3.58538 7.3198E-01 0.26 0.00566933
1.86117E+06 3.411957 3.637681 0.522992 0.518610 0.479565 95.1259 0 5.44276E-09 3.63609 7.3198E-01 0.26 0.00566933
2.12311E+06 3.416194 3.783833 0.519056 0.519056 0.479565 41.9011 1 3.22459E-13 3.64854 7.3198E-01 0.26 0.00566933
0.00000E+00 3.161900 3.558923 0.600000 0.506400 0.479565 102.2729 0 2.49148E-09 3.55163 7.3198E-01 0.26 0.00566933
1.76846E+05 3.190354 3.556388 0.599742 0.507669 0.479565 112.0048 0 4.81719E-09 3.54861 7.3198E-01 0.26 0.00566933
3.68452E+05 3.223422 3.553490 0.599204 0.509255 0.479565 124.4515 0 1.03876E-08 3.54517 7.3198E-01 0.26 0.00566933
5.75695E+05 3.261035 3.550411 0.597856 0.511246 0.479565 140.1351 0 2.49487E-08 3.54152 7.3198E-01 0.26 0.00566933
7.98305E+05 3.303146 3.547532 0.594099 0.513743 0.479565 159.5904 0 6.74296E-08 3.53813 7.3198E-01 0.26 0.00566933
1.03422E+06 3.349179 3.546565 0.582454 0.516844 0.479565 181.3108 0 2.05849E-07 3.53735 7.3198E-01 0.26 0.00566933
1.27930E+06 3.397997 3.563914 0.546216 0.520627 0.479565 176.1474 0 3.50221E-07 3.55926 7.3198E-01 0.26 0.00566933
1.52791E+06 3.448072 3.654389 0.528934 0.525135 0.479565 89.3909 0 2.77187E-09 3.65094 7.3198E-01 0.26 0.00566933
1.77394E+06 3.452863 3.903834 0.525651 0.525651 0.479565 39.9376 1 6.42925E-15 3.66374 7.3198E-01 0.26 0.00566933
0.00000E+00 3.166100 3.555524 0.650000 0.510600 0.47832 98.4801 0 1.12509E-09 3.54884 7.2996E-01 0.261636 0.00566689
1.69716E+05 3.199405 3.552300 0.649861 0.512010 0.47832 109.8083 0 2.46687E-09 3.545 7.2996E-01 0.261636 0.00566689
3.55131E+05 3.238008 3.548594 0.649506 0.513799 0.47832 124.6616 0 6.14146E-09 3.54051 7.2996E-01 0.261636 0.00566689
5.57027E+05 3.281699 3.544435 0.648623 0.516073 0.47832 143.9672 0 1.73745E-08 3.53545 7.2996E-01 0.261636 0.00566689
7.74617E+05 3.330063 3.539968 0.645676 0.518949 0.47832 169.0964 0 5.67558E-08 3.52999 7.2996E-01 0.261636 0.00566689
1.00482E+06 3.381960 3.536045 0.634490 0.522529 0.47832 201.1183 0 2.26438E-07 3.52532 7.2996E-01 0.261636 0.00566689
1.24228E+06 3.435161 3.544893 0.576604 0.526876 0.47832 221.1116 0 1.13497E-06 3.53765 7.2996E-01 0.261636 0.00566689
1.48055E+06 3.484474 3.769732 0.531987 0.531987 0.47832 20.2429 1 4.67288E-12 3.76915 7.2996E-01 0.261636 0.00566689
0.00000E+00 3.259700 3.544806 0.700000 0.513900 0.478325 125.9262 0 4.10959E-09 3.53726 7.2795E-01 0.263281 0.0056681
1.64290E+05 3.288090 3.541927 0.699609 0.515419 0.478325 138.5049 0 8.13894E-09 3.53376 7.2795E-01 0.263281 0.0056681
3.44915E+05 3.321731 3.538515 0.698678 0.517366 0.478325 155.1548 0 1.84583E-08 3.52959 7.2795E-01 0.263281 0.0056681
5.42550E+05 3.360487 3.534627 0.696150 0.519865 0.478325 177.2622 0 4.86488E-08 3.52474 7.2795E-01 0.263281 0.0056681
7.55944E+05 3.403958 3.530380 0.688070 0.523041 0.478325 206.7922 0 1.58884E-07 3.51954 7.2795E-01 0.263281 0.0056681
9.81192E+05 3.450941 3.527236 0.654282 0.526995 0.478325 248.2951 0 8.68025E-07 3.51588 7.2795E-01 0.263281 0.0056681
1.21211E+06 3.499736 3.600189 0.531794 0.531794 0.478325 157.7012 0 2.42488E-07 3.59977 7.2795E-01 0.263281 0.0056681
0.00000E+00 3.227700 3.556578 0.800000 0.518800 0.471955 45.6796 1 1.48924E-08 3.55761 7.2594E-01 0.266712 0.00567995
1.56486E+05 3.264023 3.552945 0.799289 0.520435 0.471955 108.8477 0 4.14155E-10 3.54129 7.2594E-01 0.266712 0.00567995
3.29712E+05 3.306406 3.548693 0.798843 0.522555 0.471955 125.5120 0 1.14077E-09 3.536 7.2594E-01 0.266712 0.00567995
5.20190E+05 3.354363 3.543842 0.798390 0.525298 0.471955 147.6556 0 3.59640E-09 3.52986 7.2594E-01 0.266712 0.00567995
7.26109E+05 3.406830 3.538474 0.797663 0.528798 0.471955 176.5896 0 1.27336E-08 3.52304 7.2594E-01 0.266712 0.00567995
9.42683E+05 3.461778 3.532785 0.794813 0.533141 0.471955 213.9106 0 4.98411E-08 3.51567 7.2594E-01 0.266712 0.00567995
1.16295E+06 3.516699 3.526972 0.784171 0.538338 0.471955 261.9706 0 2.25201E-07 3.50808 7.2594E-01 0.266712 0.00567995
1.37993E+06 3.568825 3.521624 0.720703 0.544320 0.471955 337.1755 0 2.48439E-06 3.50136 7.2594E-01 0.266712 0.00567995
1.52369E+06 3.579644 3.525078 0.547638 0.547638 0.471955 392.4467 0 5.56948E-05 3.51474 7.2594E-01 0.266712 0.00567995
0.00000E+00 3.244900 3.558298 0.900000 0.522500 0.452356 40.9354 1 3.23515E-09 3.56926 7.2394E-01 0.268429 0.00568594
1.50776E+05 3.283610 3.554451 0.899685 0.524241 0.452356 45.4807 1 7.21273E-09 3.56372 7.2394E-01 0.268429 0.00568594
3.18698E+05 3.328762 3.549871 0.898820 0.526520 0.452356 115.4911 0 3.05825E-10 3.53902 7.2394E-01 0.268429 0.00568594
5.04109E+05 3.379641 3.544658 0.898116 0.529490 0.452356 137.1889 0 1.04129E-09 3.53255 7.2394E-01 0.268429 0.00568594
7.04650E+05 3.434748 3.538941 0.897688 0.533288 0.452356 165.5412 0 3.92426E-09 3.52535 7.2394E-01 0.268429 0.00568594
9.14740E+05 3.491563 3.532997 0.896809 0.537984 0.452356 201.2639 0 1.55649E-08 3.51778 7.2394E-01 0.268429 0.00568594
1.12689E+06 3.547286 3.527036 0.893242 0.543554 0.452356 245.1610 0 6.32262E-08 3.51003 7.2394E-01 0.268429 0.00568594
1.33421E+06 3.599732 3.521047 0.880369 0.549896 0.452356 299.5516 0 2.81221E-07 3.50217 7.2394E-01 0.268429 0.00568594
1.53213E+06 3.646013 3.514202 0.805652 0.556864 0.452356 390.1349 0 3.29796E-06 3.4931 7.2394E-01 0.268429 0.00568594
1.65777E+06 3.655518 3.522208 0.560512 0.560512 0.452356 496.9587 0 5.70041E-05 3.50494 7.2394E-01 0.268429 0.00568594
0.00000E+00 3.292300 3.557343 1.000000 0.525500 0.435012 42.1954 1 2.31949E-10 3.56909 7.2294E-01 0.269171 0.00569474
1.46247E+05 3.328751 3.553698 0.999978 0.527321 0.435012 46.5770 1 5.26882E-10 3.5639 7.2294E-01 0.269171 0.00569474
3.09870E+05 3.371704 3.549377 0.999918 0.529721 0.435012 52.4259 1 1.37862E-09 3.55752 7.2294E-01 0.269171 0.00569474
4.91062E+05 3.420421 3.544420 0.999771 0.532864 0.435012 135.1385 0 4.85914E-10 3.53363 7.2294E-01 0.269171 0.00569474
6.87033E+05 3.473281 3.538920 0.999633 0.536885 0.435012 161.6527 0 1.72906E-09 3.52681 7.2294E-01 0.269171 0.00569474
8.91643E+05 3.527624 3.533204 0.999263 0.541838 0.435012 194.7098 0 6.42265E-09 3.5196 7.2294E-01 0.269171 0.00569474
1.09713E+06 3.580621 3.527550 0.998045 0.547670 0.435012 233.9742 0 2.34937E-08 3.51241 7.2294E-01 0.269171 0.00569474
1.29683E+06 3.630200 3.522115 0.993776 0.554252 0.435012 279.4129 0 8.33407E-08 3.50537 7.2294E-01 0.269171 0.00569474
1.48661E+06 3.675360 3.516719 0.979593 0.561428 0.435012 333.4792 0 3.14144E-07 3.49831 7.2294E-01 0.269171 0.00569474
1.66464E+06 3.715690 3.509993 0.917650 0.569044 0.435012 419.4433 0 2.39929E-06 3.4893 7.2294E-01 0.269171 0.00569474
1.78129E+06 3.725597 3.507093 0.732394 0.573373 0.435012 497.5208 0 2.72761E-05 3.49539 7.2294E-01 0.269171 0.00569474
1.79030E+06 3.732538 3.644642 0.574024 0.574024 0.435012 260.2203 0 2.15998E-07 3.59421 7.2294E-01 0.269171 0.00569474
0.00000E+00 3.289900 3.561541 1.100000 0.527200 0.418155 38.2662 1 7.81635E-12 3.57574 7.2294E-01 0.268978 0.00570143
1.43630E+05 3.328380 3.557785 1.099999 0.529062 0.418155 42.3979 1 1.95082E-11 3.57052 7.2294E-01 0.268978 0.00570143
3.04704E+05 3.373549 3.553301 1.099997 0.531524 0.418155 47.9116 1 5.74636E-11 3.56411 7.2294E-01 0.268978 0.00570143
4.83330E+05 3.424499 3.548202 1.099988 0.534755 0.418155 55.1284 1 1.95416E-10 3.55654 7.2294E-01 0.268978 0.00570143
6.76495E+05 3.479343 3.542580 1.099955 0.538888 0.418155 64.3178 1 7.39259E-10 3.54793 7.2294E-01 0.268978 0.00570143
8.77805E+05 3.535173 3.536769 1.099866 0.543966 0.418155 172.7523 0 1.54084E-09 3.52522 7.2294E-01 0.268978 0.00570143
1.07942E+06 3.589058 3.531052 1.099575 0.549920 0.418155 207.6903 0 5.67118E-09 3.5181 7.2294E-01 0.268978 0.00570143
1.27483E+06 3.638994 3.525717 1.098596 0.556609 0.418155 246.8863 0 1.91900E-08 3.51132 7.2294E-01 0.268978 0.00570143
1.46018E+06 3.684125 3.520812 1.095601 0.563868 0.418155 289.4985 0 5.96243E-08 3.50506 7.2294E-01 0.268978 0.00570143
1.63378E+06 3.724414 3.516178 1.087144 0.571541 0.418155 336.7805 0 1.79493E-07 3.49898 7.2294E-01 0.268978 0.00570143
1.79529E+06 3.760241 3.511337 1.062587 0.579491 0.418155 394.1697 0 6.24847E-07 3.49262 7.2294E-01 0.268978 0.00570143
1.94504E+06 3.790877 3.502618 0.917425 0.587585 0.418155 534.7812 0 1.41676E-05 3.48093 7.2294E-01 0.268978 0.00570143
2.02407E+06 3.778839 3.547283 0.590576 0.590576 0.418155 543.1962 0 6.00616E-05 3.52055 7.2294E-01 0.268978 0.00570143
0.00000E+00 3.358700 3.558607 1.200000 0.531200 0.411253 42.3068 1 3.86262E-12 3.57211 7.2594E-01 0.265821 0.0057051
1.37960E+05 3.392636 3.555279 1.200000 0.533144 0.411253 46.3623 1 8.85674E-12 3.56734 7.2594E-01 0.265821 0.0057051
2.93414E+05 3.433087 3.551279 1.199999 0.535731 0.411253 51.7657 1 2.39855E-11 3.5615 7.2594E-01 0.265821 0.0057051
4.66284E+05 3.479210 3.546667 1.199995 0.539137 0.411253 58.8064 1 7.55105E-11 3.55457 7.2594E-01 0.265821 0.0057051
6.53116E+05 3.529142 3.541513 1.199983 0.543488 0.411253 67.7128 1 2.67113E-10 3.54664 7.2594E-01 0.265821 0.0057051
8.47069E+05 3.580016 3.536211 1.199932 0.548799 0.411253 176.4702 0 1.14151E-09 3.52527 7.2594E-01 0.265821 0.0057051
1.04026E+06 3.629034 3.531034 1.199747 0.554972 0.411253 208.6641 0 3.72197E-09 3.51879 7.2594E-01 0.265821 0.0057051
1.22661E+06 3.674383 3.526230 1.199179 0.561838 0.411253 243.6823 0 1.11536E-08 3.51281 7.2594E-01 0.265821 0.0057051
1.40276E+06 3.715353 3.521852 1.197637 0.569220 0.411253 281.1348 0 3.03753E-08 3.50718 7.2594E-01 0.265821 0.0057051
1.56743E+06 3.751968 3.517817 1.193873 0.576961 0.411253 320.4096 0 7.63686E-08 3.50201 7.2594E-01 0.265821 0.0057051
1.72048E+06 3.784605 3.514061 1.185337 0.584926 0.411253 362.2638 0 1.82743E-07 3.49715 7.2594E-01 0.265821 0.0057051
1.86230E+06 3.813730 3.510196 1.166258 0.592992 0.411253 410.4883 0 4.66496E-07 3.49208 7.2594E-01 0.265821 0.0057051
1.99358E+06 3.839824 3.505192 1.112755 0.601063 0.411253 482.2296 0 1.93763E-06 3.4853 7.2594E-01 0.265821 0.0057051
2.09053E+06 3.853349 3.497510 0.872504 0.606698 0.411253 659.3945 0 8.30476E-05 3.47816 7.2594E-01 0.265821 0.0057051
2.10789E+06 3.860412 4.000000 0.608377 0.608377 0.411253 83.4521 1 8.62042E-15 3.64837 7.2594E-01 0.265821 0.0057051
0.00000E+00 3.417000 3.556781 1.300000 0.531800 0.399887 45.7292 1 3.41344E-12 3.56963 7.2694E-01 0.264745 0.00571254
1.36913E+05 3.444914 3.554056 1.300000 0.533751 0.399887 49.3036 1 6.80531E-12 3.56572 7.2694E-01 0.264745 0.00571254
2.91256E+05 3.478787 3.550724 1.299999 0.536349 0.399887 54.0952 1 1.58205E-11 3.56076 7.2694E-01 0.264745 0.00571254
4.62929E+05 3.518061 3.546792 1.299997 0.539767 0.399887 60.2991 1 4.25617E-11 3.55486 7.2694E-01 0.264745 0.00571254
6.48454E+05 3.561304 3.542369 1.299991 0.544132 0.399887 68.1157 1 1.28651E-10 3.54802 7.2694E-01 0.264745 0.00571254
8.40983E+05 3.606083 3.537743 1.299971 0.549455 0.399887 77.4801 1 4.11133E-10 3.54057 7.2694E-01 0.264745 0.00571254
1.03269E+06 3.649884 3.533157 1.299869 0.555633 0.399887 197.6639 0 2.20573E-09 3.52199 7.2694E-01 0.264745 0.00571254
1.21755E+06 3.690963 3.528869 1.299572 0.562497 0.399887 227.3342 0 5.92403E-09 3.51663 7.2694E-01 0.264745 0.00571254
1.39228E+06 3.728533 3.524905 1.298816 0.569869 0.399887 258.6223 0 1.47147E-08 3.51164 7.2694E-01 0.264745 0.00571254
1.55563E+06 3.762479 3.521289 1.297103 0.577593 0.399887 290.9476 0 3.38040E-08 3.50708 7.2694E-01 0.264745 0.00571254
1.70746E+06 3.793032 3.517969 1.293553 0.585533 0.399887 324.1008 0 7.27993E-08 3.50292 7.2694E-01 0.264745 0.00571254
1.84818E+06 3.820558 3.514856 1.286586 0.593580 0.399887 359.2954 0 1.50497E-07 3.4988 7.2694E-01 0.264745 0.00571254
1.97844E+06 3.845430 3.511745 1.273251 0.601635 0.399887 397.4504 0 3.11353E-07 3.49477 7.2694E-01 0.264745 0.00571254
2.09902E+06 3.868003 3.508314 1.246928 0.609623 0.476713 443.4805 0 6.96716E-07 3.49026 7.2694E-01 0.264745 0.00571254
2.21073E+06 3.887222 3.502948 1.184267 0.616826 0.570051 512.4995 0 2.22245E-06 3.48406 7.2619E-01 0.265244 0.00595237
2.29561E+06 3.897453 3.493947 0.914624 0.621761 0.570051 716.1222 0 9.45320E-05 3.4752 7.2525E-01 0.265883 0.00624549
2.31531E+06 3.904480 4.000000 0.623873 0.623873 0.570051 78.7905 1 1.34787E-14 3.66588 7.2525E-01 0.265883 0.00624549
0.00000E+00 3.336900 3.568384 1.400000 0.530800 0.380788 34.3241 1 4.37353E-14 3.58577 7.2594E-01 0.265652 0.00571291
1.37971E+05 3.373089 3.565004 1.400000 0.532679 0.380788 37.7110 1 1.04686E-13 3.5812 7.2594E-01 0.265652 0.00571291
2.92910E+05 3.415718 3.560958 1.400000 0.535168 0.380788 42.1693 1 2.95487E-13 3.57568 7.2594E-01 0.265652 0.00571291
4.64873E+05 3.463871 3.556309 1.400000 0.538435 0.380788 47.9551 1 9.66895E-13 3.56911 7.2594E-01 0.265652 0.00571291
6.50819E+05 3.515659 3.551222 1.400000 0.542608 0.380788 55.2024 1 3.51994E-12 3.56168 7.2594E-01 0.265652 0.00571291
8.44428E+05 3.568221 3.545944 1.399999 0.547717 0.380788 63.8598 1 1.33542E-11 3.55373 7.2594E-01 0.265652 0.00571291
1.03810E+06 3.618739 3.540781 1.399997 0.553680 0.380788 73.6620 1 4.91879E-11 3.54569 7.2594E-01 0.265652 0.00571291
1.22566E+06 3.665356 3.535964 1.399989 0.560343 0.380788 84.2933 1 1.67246E-10 3.53782 7.2594E-01 0.265652 0.00571291
1.40352E+06 3.707342 3.531607 1.399944 0.567537 0.380788 212.6341 0 1.10372E-09 3.52071 7.2594E-01 0.265652 0.00571291
1.57019E+06 3.744737 3.527696 1.399818 0.575105 0.380788 241.4234 0 2.71143E-09 3.51585 7.2594E-01 0.265652 0.00571291
1.72538E+06 3.777953 3.524254 1.399527 0.582911 0.380788 270.1358 0 6.01870E-09 3.5116 7.2594E-01 0.265652 0.00571291
1.86940E+06 3.807484 3.521161 1.398950 0.590831 0.380788 298.6355 0 1.22817E-08 3.5078 7.2594E-01 0.265652 0.00571291
2.00288E+06 3.833858 3.518449 1.397877 0.598767 0.466521 326.8550 0 2.32265E-08 3.50436 7.2594E-01 0.265652 0.00571291
2.12654E+06 3.855573 3.515280 1.396012 0.605730 0.597416 352.3649 0 4.20876E-08 3.50151 7.2512E-01 0.266192 0.00598071
2.24271E+06 3.874324 3.511973 1.392861 0.612155 0.750807 376.3313 0 7.38392E-08 3.49906 7.2384E-01 0.26704 0.00639318
2.35263E+06 3.891056 3.508800 1.387670 0.618278 0.913677 399.8177 0 1.25730E-07 3.49685 7.2229E-01 0.268079 0.00688246
2.45678E+06 3.906288 3.505625 1.379228 0.624207 1.07774 424.2639 0 2.13328E-07 3.49463 7.2059E-01 0.269237 0.00740866
2.55546E+06 3.920187 3.447806 1.301267 0.630015 1.2229 487.5304 0 6.17576E-06 3.48841 7.1881E-01 0.270446 0.00794598
2.62814E+06 3.925823 3.410738 0.963793 0.633635 1.2229 730.9631 0 2.92233E-05 3.47472 7.1719E-01 0.271554 0.00842738
2.64901E+06 3.934072 3.535600 0.663851 0.636106 1.2229 458.5351 0 5.94992E-09 3.56654 7.1719E-01 0.271554 0.00842738
2.73755E+06 3.950104 3.564298 0.663451 0.643619 1.2229 398.1846 0 2.21593E-09 3.5864 7.1719E-01 0.271554 0.00842738
2.81879E+06 3.964867 3.601493 0.650814 0.650814 1.2229 306.4552 0 4.36890E-10 3.62134 7.1719E-01 0.271554 0.00842738
0.00000E+00 3.332200 3.572504 1.500000 0.532500 0.347443 31.6523 1 1.22699E-14 3.59134 7.2394E-01 0.267571 0.00573653
1.35457E+05 3.370629 3.568951 1.500000 0.534418 0.347443 34.9203 1 3.08299E-14 3.58672 7.2394E-01 0.267571 0.00573653
2.87912E+05 3.415685 3.564753 1.500000 0.536966 0.347443 39.2526 1 9.14899E-14 3.58105 7.2394E-01 0.267571 0.00573653
4.57340E+05 3.466258 3.559933 1.500000 0.540318 0.347443 44.8386 1 3.14975E-13 3.57444 7.2394E-01 0.267571 0.00573653
6.40500E+05 3.520176 3.554700 1.500000 0.544597 0.347443 51.8178 1 1.19765E-12 3.56697 7.2394E-01 0.267571 0.00573653
8.30857E+05 3.574330 3.549349 1.500000 0.549824 0.347443 60.0954 1 4.67543E-12 3.55906 7.2394E-01 0.267571 0.00573653
1.02078E+06 3.625824 3.544136 1.499999 0.555900 0.347443 69.3634 1 1.74838E-11 3.55117 7.2394E-01 0.267571 0.00573653
1.20426E+06 3.672892 3.539317 1.499996 0.562661 0.347443 79.3357 1 5.95584E-11 3.54349 7.2394E-01 0.267571 0.00573653
1.37796E+06 3.714958 3.535001 1.499988 0.569931 0.347443 89.6105 1 1.80886E-10 3.53638 7.2394E-01 0.267571 0.00573653
1.54055E+06 3.752202 3.531134 1.499950 0.577551 0.347443 220.5902 0 1.29652E-09 3.52086 7.2394E-01 0.267571 0.00573653
1.69184E+06 3.785102 3.527716 1.499824 0.585378 0.347443 246.2447 0 2.85462E-09 3.51678 7.2394E-01 0.267571 0.00573653
1.83221E+06 3.814254 3.524706 1.499560 0.593295 0.431264 271.8339 0 5.74298E-09 3.51302 7.2394E-01 0.267571 0.00573653
1.96230E+06 3.837984 3.521318 1.499079 0.600211 0.564408 294.2689 0 1.08277E-08 3.51011 7.2316E-01 0.26808 0.00599821
2.08466E+06 3.858133 3.517814 1.498220 0.606522 0.725757 314.8947 0 1.94096E-08 3.50762 7.2189E-01 0.268909 0.00641748
2.20081E+06 3.875795 3.514313 1.496775 0.612466 0.902181 334.2276 0 3.34737E-08 3.50546 7.2030E-01 0.269968 0.00693194
2.31134E+06 3.891596 3.510897 1.494416 0.618161 1.08495 352.7344 0 5.59261E-08 3.50354 7.1850E-01 0.271166 0.00750294
2.41656E+06 3.905964 3.458710 1.491518 0.623678 1.26835 370.6386 0 3.84290E-08 3.50179 7.1657E-01 0.272465 0.00810327
2.51672E+06 3.919201 3.436431 1.474085 0.629062 1.44689 394.0900 0 4.36776E-06 3.49941 7.1456E-01 0.273823 0.00871511
2.61206E+06 3.931410 3.399623 1.126472 0.634420 1.5312 623.8337 0 2.29584E-05 3.47815 7.1255E-01 0.275192 0.00931972
2.65379E+06 3.890228 3.396832 0.872842 0.635633 1.5312 610.9828 0 2.76568E-05 3.49588 7.1156E-01 0.275871 0.00960826
2.70312E+06 3.946792 3.561011 0.660181 0.641565 1.5312 384.5238 0 3.20120E-09 3.58998 7.1156E-01 0.275871 0.00960826
2.78621E+06 3.961892 3.605823 0.648933 0.648933 1.5312 303.2866 0 4.93103E-10 3.62205 7.1156E-01 0.275871 0.00960826
0.00000E+00 3.391100 3.570248 1.600000 0.529900 0.344731 33.0639 1 1.77358E-14 3.59507 7.2494E-01 0.266526 0.00573232
1.38596E+05 3.420309 3.567562 1.600000 0.531755 0.344731 35.5790 1 3.57800E-14 3.59176 7.2494E-01 0.266526 0.00573232
2.94024E+05 3.455373 3.564299 1.600000 0.534206 0.344731 38.8950 1 8.36186E-14 3.58763 7.2494E-01 0.266526 0.00573232
4.66382E+05 3.495746 3.560474 1.600000 0.537418 0.344731 43.1172 1 2.24390E-13 3.5828 7.2494E-01 0.266526 0.00573232
6.52775E+05 3.540097 3.556198 1.600000 0.541519 0.344731 48.3632 1 6.72300E-13 3.57727 7.2494E-01 0.266526 0.00573232
8.47070E+05 3.586111 3.551713 1.600000 0.546545 0.344731 54.5679 1 2.12715E-12 3.5713 7.2494E-01 0.266526 0.00573232
1.04176E+06 3.631287 3.547240 1.600000 0.552424 0.344731 61.5150 1 6.69873E-12 3.56525 7.2494E-01 0.266526 0.00573232
1.23064E+06 3.673785 3.542950 1.599999 0.559009 0.344731 68.9520 1 2.00639E-11 3.55935 7.2494E-01 0.266526 0.00573232
1.40998E+06 3.712706 3.539025 1.599996 0.566136 0.344731 76.6638 1 5.54682E-11 3.55373 7.2494E-01 0.266526 0.00573232
1.57820E+06 3.747864 3.535456 1.599989 0.573648 0.344731 84.4291 1 1.40779E-10 3.54855 7.2494E-01 0.266526 0.00573232
1.73493E+06 3.779468 3.532234 1.599974 0.581414 0.344731 92.1114 1 3.28806E-10 3.54385 7.2494E-01 0.266526 0.00573232
1.88045E+06 3.807888 3.529329 1.599917 0.589318 0.424356 241.8332 0 2.08569E-09 3.53271 7.2494E-01 0.266526 0.00573232
2.01533E+06 3.831133 3.526063 1.599755 0.596210 0.554635 261.5991 0 3.86056E-09 3.52982 7.2420E-01 0.267006 0.00597996
2.14230E+06 3.850820 3.522622 1.599452 0.602434 0.716272 279.3485 0 6.81341E-09 3.52743 7.2297E-01 0.267815 0.00638864
2.26314E+06 3.868017 3.519129 1.598949 0.608233 0.896688 295.6537 0 1.15820E-08 3.52539 7.2138E-01 0.268864 0.00690205
2.37857E+06 3.883349 3.515430 1.598099 0.613734 1.08698 311.0306 0 1.93837E-08 3.52351 7.1956E-01 0.270083 0.00748376
2.48894E+06 3.897234 3.466048 1.595511 0.619016 1.2808 326.0936 0 3.30183E-08 3.52149 7.1756E-01 0.271421 0.00810705
2.59447E+06 3.909981 3.445416 1.591405 0.624136 1.47375 340.8859 0 5.41723E-08 3.51939 7.1546E-01 0.27284 0.00875248
2.69533E+06 3.921827 3.434900 1.586232 0.629135 1.66294 355.5090 0 7.06510E-08 3.51724 7.1330E-01 0.274308 0.00940534
2.79170E+06 3.932833 3.424633 1.547791 0.634040 1.84344 381.4763 0 5.23466E-06 3.50886 7.1110E-01 0.275807 0.0100561
2.88382E+06 3.943530 3.391276 1.203533 0.639040 1.95178 586.8149 0 2.26430E-05 3.48136 7.0893E-01 0.277295 0.0106859
2.92550E+06 3.908107 3.384574 0.914234 0.640039 1.95178 648.7585 0 3.74029E-05 3.48897 7.0759E-01 0.278214 0.0110685
2.97178E+06 3.957377 3.567614 0.662325 0.645810 1.95178 363.8056 0 3.50910E-09 3.5985 7.0759E-01 0.278214 0.0110685
3.05186E+06 3.971651 3.622639 0.653088 0.653088 1.95178 312.4585 0 3.35176E-10 3.62051 7.0759E-01 0.278214 0.0110685
0.00000E+00 3.274300 3.583840 1.700000 0.522000 0.339788 23.4546 1 2.04471E-15 3.61119 7.2494E-01 0.266466 0.0057371
1.49212E+05 3.308899 3.580795 1.700000 0.523665 0.339788 25.4985 1 2.08396E-15 3.60775 7.2494E-01 0.266466 0.0057371
3.14709E+05 3.349401 3.577177 1.700000 0.525827 0.339788 28.1491 1 2.46622E-15 3.60356 7.2494E-01 0.266466 0.0057371
4.96927E+05 3.395281 3.573039 1.700000 0.528629 0.339788 31.5265 1 7.33745E-15 3.59862 7.2494E-01 0.266466 0.0057371
6.93953E+05 3.445410 3.568462 1.700000 0.532199 0.339788 35.7364 1 2.43969E-14 3.59301 7.2494E-01 0.266466 0.0057371
9.00949E+05 3.497712 3.563619 1.700000 0.536615 0.339788 40.8041 1 8.66016E-14 3.58689 7.2494E-01 0.266466 0.0057371
1.11107E+06 3.549705 3.558684 1.700000 0.541870 0.339788 46.6188 1 3.10820E-13 3.5806 7.2494E-01 0.266466 0.0057371
1.31765E+06 3.599274 3.553908 1.700000 0.547884 0.339788 53.0259 1 1.06860E-12 3.57435 7.2494E-01 0.266466 0.0057371
1.51590E+06 3.645140 3.549458 1.700000 0.554530 0.339788 59.8297 1 3.39798E-12 3.56834 7.2494E-01 0.266466 0.0057371
1.70322E+06 3.686820 3.545314 1.699999 0.561674 0.339788 66.8445 1 9.90549E-12 3.56271 7.2494E-01 0.266466 0.0057371
1.87858E+06 3.724357 3.541537 1.699998 0.569186 0.339788 73.9489 1 2.63360E-11 3.55747 7.2494E-01 0.266466 0.0057371
2.04188E+06 3.758064 3.538211 1.699995 0.576947 0.339788 81.0589 1 6.37660E-11 3.55261 7.2494E-01 0.266466 0.0057371
2.19348E+06 3.788334 3.535158 1.699988 0.584847 0.414183 88.0666 1 1.43029E-10 3.54818 7.2494E-01 0.266466 0.0057371
2.33399E+06 3.813017 3.531810 1.699975 0.591696 0.538239 94.2312 1 2.94789E-10 3.54455 7.2425E-01 0.266916 0.0059669
2.46637E+06 3.833823 3.528318 1.699951 0.597830 0.694919 99.7260 1 5.69884E-10 3.54155 7.2307E-01 0.267695 0.00635318
2.59265E+06 3.851898 3.524729 1.699837 0.603495 0.872814 255.3747 0 3.44920E-09 3.54556 7.2153E-01 0.268714 0.00684695
2.71368E+06 3.867897 3.520831 1.699605 0.608821 1.06346 269.1954 0 5.89593E-09 3.54372 7.1973E-01 0.269923 0.00741565
2.82988E+06 3.882267 3.478814 1.697594 0.613892 1.26028 282.5335 0 2.46579E-08 3.54179 7.1773E-01 0.271271 0.00803469
2.94146E+06 3.895357 3.455467 1.694085 0.618776 1.45872 295.4518 0 4.42951E-08 3.53983 7.1559E-01 0.27272 0.00868454
3.04858E+06 3.907422 3.444864 1.689560 0.623518 1.65554 308.2919 0 5.88154E-08 3.53777 7.1337E-01 0.274239 0.00935076
3.15135E+06 3.918659 3.437055 1.684128 0.628152 1.84847 320.8523 0 7.29251E-08 3.53571 7.1108E-01 0.275797 0.0100223
3.24991E+06 3.929222 3.430657 1.677842 0.632703 2.03613 333.4633 0 8.71804E-08 3.53357 7.0877E-01 0.277396 0.0106913
3.34441E+06 3.939229 3.425045 1.669420 0.637186 2.2175 346.6620 0 4.20533E-07 3.53109 7.0644E-01 0.279004 0.011352
3.43499E+06 3.948692 3.414316 1.588171 0.641623 2.38674 384.1940 0 6.23327E-06 3.5154 7.0412E-01 0.280613 0.0119999
3.52191E+06 3.958468 3.400147 0.778773 0.646397 2.38674 774.7853 0 6.33719E-05 3.49784 7.0188E-01 0.282172 0.0126127
3.60502E+06 3.974240 3.569985 0.670439 0.654489 2.38674 357.7668 0 4.47428E-09 3.60336 7.0188E-01 0.282172 0.0126127
3.67819E+06 3.987572 3.625781 0.661514 0.661514 2.38674 305.6235 0 4.64722E-10 3.62568 7.0188E-01 0.282172 0.0126127
0.00000E+00 3.187300 3.596577 1.800000 0.511900 0.337799 18.1265 1 1.72437E-15 3.62261 7.2494E-01 0.267401 0.00573657
1.64057E+05 3.219331 3.593903 1.800000 0.513271 0.337799 19.5467 1 1.74604E-15 3.6197 7.2494E-01 0.267401 0.00573657
3.42921E+05 3.256382 3.590771 1.800000 0.515001 0.337799 21.3445 1 1.77426E-15 3.61623 7.2494E-01 0.267401 0.00573657
5.37361E+05 3.298239 3.587211 1.800000 0.517193 0.337799 23.5966 1 1.81135E-15 3.61217 7.2494E-01 0.267401 0.00573657
7.46755E+05 3.344537 3.583240 1.800000 0.519955 0.337799 26.3844 1 1.85993E-15 3.60758 7.2494E-01 0.267401 0.00573657
9.68414E+05 3.394237 3.578907 1.800000 0.523385 0.337799 29.7936 1 2.36243E-15 3.60241 7.2494E-01 0.267401 0.00573657
1.19750E+06 3.445707 3.574343 1.800000 0.527545 0.337799 33.8394 1 8.01670E-15 3.59684 7.2494E-01 0.267401 0.00573657
1.42796E+06 3.497078 3.569710 1.800000 0.532444 0.337799 38.4852 1 2.75015E-14 3.59106 7.2494E-01 0.267401 0.00573657
1.65404E+06 3.546705 3.565163 1.800000 0.538041 0.337799 43.6629 1 9.17742E-14 3.5852 7.2494E-01 0.267401 0.00573657
1.87147E+06 3.593461 3.560852 1.800000 0.544258 0.337799 49.2403 1 2.88963E-13 3.57948 7.2494E-01 0.267401 0.00573657
2.07770E+06 3.636765 3.556781 1.800000 0.551001 0.337799 55.0880 1 8.48658E-13 3.57406 7.2494E-01 0.267401 0.00573657
2.27154E+06 3.676453 3.552988 1.800000 0.558168 0.337799 61.1252 1 2.31058E-12 3.56893 7.2494E-01 0.267401 0.00573657
2.45267E+06 3.712623 3.549510 1.800000 0.565657 0.337799 67.2679 1 5.81954E-12 3.56411 7.2494E-01 0.267401 0.00573657
2.62127E+06 3.745510 3.546358 1.799999 0.573370 0.337799 73.4524 1 1.35919E-11 3.5596 7.2494E-01 0.267401 0.00573657
2.77783E+06 3.775419 3.543465 1.799997 0.581219 0.406564 79.6280 1 2.96969E-11 3.55539 7.2494E-01 0.267401 0.00573657
2.92302E+06 3.799961 3.540151 1.799995 0.587999 0.522953 85.1001 1 6.04457E-11 3.55191 7.2430E-01 0.267831 0.00594691
3.05992E+06 3.820716 3.536598 1.799989 0.594028 0.672016 89.9646 1 1.16384E-10 3.54905 7.2318E-01 0.26857 0.00630539
3.19081E+06 3.838787 3.532877 1.799980 0.599551 0.843637 94.4591 1 2.15572E-10 3.54651 7.2170E-01 0.269559 0.00676975
3.31667E+06 3.854807 3.528753 1.799963 0.604704 1.02995 98.6142 1 3.94675E-10 3.54428 7.1995E-01 0.270738 0.00731161
3.43796E+06 3.869201 3.498155 1.798679 0.609574 1.22484 248.2171 0 1.51974E-08 3.56063 7.1799E-01 0.272067 0.00790877
3.55493E+06 3.882288 3.467283 1.795866 0.614228 1.42357 259.4776 0 3.42881E-08 3.55878 7.1586E-01 0.273526 0.00854348
3.66770E+06 3.894320 3.456132 1.792113 0.618719 1.62272 270.3352 0 4.68919E-08 3.55695 7.1362E-01 0.275055 0.00920143
3.77637E+06 3.905490 3.448380 1.787521 0.623084 1.81981 281.0936 0 5.89021E-08 3.55506 7.1130E-01 0.276653 0.00987157
3.88103E+06 3.915952 3.441931 1.782118 0.627351 2.01304 291.6509 0 7.13382E-08 3.55318 7.0893E-01 0.278302 0.0105455
3.98178E+06 3.925828 3.436387 1.775927 0.631544 2.20137 302.2990 0 8.41887E-08 3.5512 7.0653E-01 0.279971 0.0112168
4.07872E+06 3.935214 3.431475 1.768970 0.635676 2.38389 312.9162 0 9.74695E-08 3.54918 7.0411E-01 0.281659 0.0118807
4.17199E+06 3.944191 3.426945 1.761269 0.639762 2.56027 323.7683 0 1.11313E-07 3.54706 7.0170E-01 0.283348 0.0125336
4.26169E+06 3.952819 3.422752 1.752741 0.643809 2.73023 334.6844 0 2.28948E-07 3.54489 6.9929E-01 0.285037 0.0131732
4.34796E+06 3.961125 3.417580 1.726376 0.647823 2.89295 350.8906 0 4.82170E-06 3.5397 6.9690E-01 0.286725 0.0137972
4.43093E+06 3.969282 3.401689 1.560861 0.651902 3.03991 416.7269 0 9.14016E-06 3.50919 6.9455E-01 0.288394 0.0144017
4.49321E+06 3.971897 3.367809 1.013678 0.654317 3.03991 758.0900 0 6.33803E-05 3.47708 6.9236E-01 0.289953 0.0149532
4.51064E+06 3.978699 3.537419 0.678631 0.656727 3.03991 414.6696 0 1.71543E-08 3.58673 6.9236E-01 0.289953 0.0149532
4.58573E+06 3.992707 3.585094 0.677718 0.664206 3.03991 327.7480 0 4.35931E-09 3.6167 6.9236E-01 0.289953 0.0149532
4.65235E+06 4.001179 3.550888 0.668831 0.668831 3.03991 332.2843 0 1.21171E-08 3.61861 6.9236E-01 0.289953 0.0149532
0.00000E+00 3.212600 3.595737 1.850000 0.509200 0.338533 18.7768 1 1.63548E-15 3.62185 7.2394E-01 0.268365 0.00573236
1.68170E+05 3.239539 3.593476 1.850000 0.510492 0.338533 20.0097 1 1.65361E-15 3.61938 7.2394E-01 0.268365 0.00573236
3.50662E+05 3.270852 3.590845 1.850000 0.512110 0.338533 21.5522 1 1.67679E-15 3.61646 7.2394E-01 0.268365 0.00573236
5.48297E+05 3.306575 3.587810 1.850000 0.514145 0.338533 23.4765 1 1.70693E-15 3.61301 7.2394E-01 0.268365 0.00573236
7.60728E+05 3.346632 3.584386 1.850000 0.516697 0.338533 25.8527 1 1.74603E-15 3.60906 7.2394E-01 0.268365 0.00573236
9.85805E+05 3.390410 3.580594 1.850000 0.519864 0.338533 28.7528 1 4.16598E-15 3.60462 7.2394E-01 0.268365 0.00573236
1.21934E+06 3.436730 3.576530 1.850000 0.523716 0.338533 32.2246 1 1.24513E-14 3.5997 7.2394E-01 0.268365 0.00573236
1.45573E+06 3.484052 3.572305 1.850000 0.528283 0.338533 36.2586 1 3.85393E-14 3.59445 7.2394E-01 0.268365 0.00573236
1.68920E+06 3.530826 3.568058 1.850000 0.533547 0.338533 40.7730 1 1.19166E-13 3.58916 7.2394E-01 0.268365 0.00573236
1.91514E+06 3.575820 3.563958 1.850000 0.539451 0.338533 45.7200 1 3.56319E-13 3.58383 7.2394E-01 0.268365 0.00573236
2.13049E+06 3.618242 3.560041 1.850000 0.545915 0.338533 51.0097 1 1.01333E-12 3.57858 7.2394E-01 0.268365 0.00573236
2.33366E+06 3.657701 3.556330 1.850000 0.552848 0.338533 56.5102 1 2.71436E-12 3.57362 7.2394E-01 0.268365 0.00573236
2.52402E+06 3.694095 3.552867 1.849999 0.560153 0.338533 62.1573 1 6.81262E-12 3.56893 7.2394E-01 0.268365 0.00573236
2.70156E+06 3.727505 3.549669 1.849999 0.567735 0.338533 67.8947 1 1.60097E-11 3.56451 7.2394E-01 0.268365 0.00573236
2.86665E+06 3.758114 3.546757 1.849997 0.575503 0.338533 73.6759 1 3.52644E-11 3.56033 7.2394E-01 0.268365 0.00573236
3.01986E+06 3.786156 3.544065 1.849993 0.583374 0.405179 79.4428 1 7.33625E-11 3.55643 7.2394E-01 0.268365 0.00573236
3.16189E+06 3.809225 3.540941 1.849986 0.590147 0.518435 84.5152 1 1.43202E-10 3.55324 7.2331E-01 0.268774 0.00593459
3.29586E+06 3.828796 3.537562 1.849975 0.596148 0.664274 89.0922 1 2.66334E-10 3.5505 7.2222E-01 0.269504 0.00628079
3.42405E+06 3.845867 3.533973 1.849953 0.601617 0.832866 93.2425 1 4.78943E-10 3.54817 7.2077E-01 0.270483 0.00673125
3.54748E+06 3.861013 3.530026 1.849917 0.606688 1.01661 97.1020 1 8.50994E-10 3.54609 7.1904E-01 0.271662 0.00725899
3.66665E+06 3.874633 3.506281 1.841809 0.611453 1.20925 244.0653 0 3.86989E-07 3.5671 7.1709E-01 0.272991 0.00784262
3.78183E+06 3.887092 3.470024 1.839874 0.616013 1.40653 254.2982 0 2.42442E-08 3.56551 7.1498E-01 0.27444 0.00846408
3.89299E+06 3.898528 3.458809 1.837335 0.620380 1.60469 264.1203 0 3.26283E-08 3.56397 7.1275E-01 0.275979 0.00911086
4.00032E+06 3.909154 3.451230 1.834299 0.624608 1.80142 273.7645 0 4.00106E-08 3.56242 7.1043E-01 0.277587 0.00977101
4.10393E+06 3.919105 3.445037 1.830813 0.628723 1.99498 282.9801 0 4.72739E-08 3.56096 7.0806E-01 0.279236 0.0104369
4.20389E+06 3.928493 3.439769 1.826908 0.632749 2.18409 292.3610 0 5.44846E-08 3.5594 7.0565E-01 0.280925 0.0111021
4.30032E+06 3.937410 3.435072 1.822610 0.636703 2.36804 301.3704 0 6.17784E-08 3.55793 7.0321E-01 0.282634 0.011762
4.39332E+06 3.945928 3.430936 1.817945 0.640598 2.54633 310.4391 0 6.90072E-08 3.55643 7.0078E-01 0.284342 0.0124129
4.48299E+06 3.954105 3.427113 1.812939 0.644442 2.71876 319.5536 0 7.63400E-08 3.55489 6.9834E-01 0.286061 0.0130527
4.56946E+06 3.961985 3.423675 1.807615 0.648243 2.88513 328.3076 0 8.35900E-08 3.55346 6.9592E-01 0.28778 0.013679
4.65284E+06 3.969607 3.420185 1.799734 0.652004 3.04538 338.0568 0 6.33205E-07 3.55154 6.9351E-01 0.289498 0.0142906
4.73325E+06 3.976994 3.413256 1.740649 0.655741 3.19797 362.7533 0 8.34780E-06 3.5411 6.9113E-01 0.291197 0.0148866
4.81084E+06 3.984593 3.370416 1.183399 0.659695 3.2785 661.4409 0 6.84045E-05 3.47992 6.8880E-01 0.292866 0.0154598
4.84128E+06 3.940045 3.378177 0.660207 0.660207 3.2785 911.7022 0 2.32251E-04 3.49166 6.8754E-01 0.293775 0.015764
0.00000E+00 3.096900 3.606245 1.900000 0.493400 0.338708 14.0191 1 1.48470E-15 3.6333 7.2394E-01 0.268347 0.00574154
1.95534E+05 3.114568 3.604817 1.900000 0.494184 0.338708 14.6076 1 1.49187E-15 3.63176 7.2394E-01 0.268347 0.00574154
4.01248E+05 3.134842 3.603176 1.900000 0.495111 0.338708 15.3143 1 1.50047E-15 3.62999 7.2394E-01 0.268347 0.00574154
6.17929E+05 3.157607 3.601316 1.900000 0.496212 0.338708 16.1494 1 1.51087E-15 3.62799 7.2394E-01 0.268347 0.00574154
8.46162E+05 3.183129 3.599230 1.900000 0.497529 0.338708 17.1448 1 1.52360E-15 3.62572 7.2394E-01 0.268347 0.00574154
1.08614E+06 3.211616 3.596893 1.900000 0.499112 0.338708 18.3288 1 1.53923E-15 3.62317 7.2394E-01 0.268347 0.00574154
1.33743E+06 3.243166 3.594269 1.900000 0.501014 0.338708 19.7417 1 1.55854E-15 3.62031 7.2394E-01 0.268347 0.00574154
1.59873E+06 3.277704 3.591387 1.900000 0.503297 0.338708 21.4210 1 1.58243E-15 3.61712 7.2394E-01 0.268347 0.00574154
1.86772E+06 3.314941 3.588248 1.900000 0.506017 0.338708 23.4122 1 1.61207E-15 3.61357 7.2394E-01 0.268347 0.00574154
2.14111E+06 3.354360 3.584901 1.900000 0.509227 0.338708 25.7366 1 1.64847E-15 3.60972 7.2394E-01 0.268347 0.00574154
2.41500E+06 3.395267 3.581391 1.900000 0.512966 0.338708 28.4114 1 1.69276E-15 3.60563 7.2394E-01 0.268347 0.00574154
2.68540E+06 3.436879 3.577781 1.900000 0.517255 0.338708 31.4633 1 2.75457E-15 3.60126 7.2394E-01 0.268347 0.00574154
2.94877E+06 3.478429 3.574117 1.900000 0.522096 0.338708 34.8671 1 7.39495E-15 3.59678 7.2394E-01 0.268347 0.00574154
3.20238E+06 3.519247 3.570466 1.900000 0.527473 0.338708 38.6063 1 1.96868E-14 3.59224 7.2394E-01 0.268347 0.00574154
3.44432E+06 3.558805 3.566911 1.900000 0.533355 0.338708 42.6556 1 5.12130E-14 3.58769 7.2394E-01 0.268347 0.00574154
3.67348E+06 3.596723 3.563469 1.900000 0.539696 0.338708 46.9616 1 1.29139E-13 3.58324 7.2394E-01 0.268347 0.00574154
3.88930E+06 3.632750 3.560183 1.900000 0.546439 0.338708 51.5374 1 3.13499E-13 3.57879 7.2394E-01 0.268347 0.00574154
4.09165E+06 3.666750 3.557011 1.900000 0.553517 0.338708 56.2578 1 7.31970E-13 3.5746 7.2394E-01 0.268347 0.00574154
4.28071E+06 3.698674 3.554018 1.900000 0.560861 0.338708 61.1366 1 1.63562E-12 3.57055 7.2394E-01 0.268347 0.00574154
4.45688E+06 3.728542 3.551186 1.900000 0.568399 0.338708 66.1385 1 3.50164E-12 3.56663 7.2394E-01 0.268347 0.00574154
4.62073E+06 3.756425 3.548551 1.899999 0.576063 0.338708 71.1967 1 7.16665E-12 3.56293 7.2394E-01 0.268347 0.00574154
4.77294E+06 3.782427 3.546110 1.899999 0.583789 0.399582 76.3034 1 1.40477E-11 3.5594 7.2394E-01 0.268347 0.00574154
4.91424E+06 3.803998 3.543236 1.899997 0.590401 0.503286 80.8127 1 2.61044E-11 3.55648 7.2334E-01 0.268747 0.00592518
5.04774E+06 3.822419 3.540106 1.899995 0.596213 0.636982 84.8926 1 4.65284E-11 3.55396 7.2229E-01 0.269466 0.00624008
5.17578E+06 3.838624 3.536742 1.899992 0.601480 0.792166 88.6129 1 8.07686E-11 3.5518 7.2090E-01 0.270426 0.00664975
5.29942E+06 3.853146 3.533167 1.899986 0.606347 0.962202 92.0979 1 1.37805E-10 3.54985 7.1924E-01 0.271575 0.0071307
5.41915E+06 3.866332 3.528009 1.899975 0.610907 1.14194 95.3214 1 2.54975E-10 3.54817 7.1736E-01 0.272894 0.00766453
5.53518E+06 3.878431 3.480015 1.897963 0.615230 1.32715 235.7241 0 2.49514E-08 3.57581 7.1532E-01 0.274323 0.00823654
5.64766E+06 3.889649 3.466803 1.895090 0.619373 1.51472 244.6152 0 3.62924E-08 3.57431 7.1315E-01 0.275862 0.00883444
5.75663E+06 3.900123 3.458720 1.891497 0.623371 1.7021 253.5202 0 4.63582E-08 3.5727 7.1087E-01 0.277471 0.00944863
5.86212E+06 3.909980 3.452361 1.887221 0.627259 1.88758 262.2902 0 5.65295E-08 3.57109 7.0854E-01 0.279129 0.0100711
5.96420E+06 3.919317 3.446963 1.882273 0.631062 2.06982 270.8604 0 6.70526E-08 3.5695 7.0615E-01 0.280828 0.0106956
6.06293E+06 3.928213 3.442197 1.876666 0.634799 2.24791 279.7806 0 7.80004E-08 3.56773 7.0374E-01 0.282557 0.0113175
6.15838E+06 3.936734 3.437864 1.870405 0.638485 2.42134 288.4383 0 8.94186E-08 3.56604 7.0131E-01 0.284306 0.0119334
6.25062E+06 3.944933 3.433909 1.863508 0.642131 2.58975 297.2372 0 1.01218E-07 3.56426 6.9888E-01 0.286055 0.0125404
6.33974E+06 3.952853 3.430225 1.855992 0.645745 2.7528 306.3376 0 1.13424E-07 3.56237 6.9645E-01 0.287813 0.0131365
6.42583E+06 3.960530 3.426782 1.847875 0.649335 2.91053 315.1884 0 1.25969E-07 3.56055 6.9403E-01 0.289572 0.0137201
6.50896E+06 3.967992 3.423502 1.839182 0.652903 3.06277 324.5913 0 1.38898E-07 3.55853 6.9163E-01 0.291311 0.0142902
6.58923E+06 3.975265 3.420283 1.828640 0.656455 3.20979 334.3729 0 4.87964E-07 3.5563 6.8925E-01 0.29305 0.0148458
6.66674E+06 3.982340 3.415446 1.793990 0.659999 3.35054 351.1733 0 4.99126E-06 3.55009 6.8690E-01 0.294778 0.0153864
6.74158E+06 3.989449 3.400693 1.629493 0.663648 3.4806 412.5249 0 9.08097E-06 3.52111 6.8459E-01 0.296477 0.0159085
6.80191E+06 3.993380 3.365454 1.037382 0.666264 3.4806 769.1184 0 6.88314E-05 3.47851 6.8240E-01 0.298096 0.0163937
6.81363E+06 3.997725 3.551737 0.687277 0.667985 3.4806 388.3313 0 1.52601E-08 3.59756 6.8240E-01 0.298096 0.0163937
6.88178E+06 4.010986 3.602721 0.675226 0.675226 3.4806 303.2422 0 3.32084E-09 3.63034 6.8240E-01 0.298096 0.0163937
0.00000E+00 3.191000 3.599042 2.000000 0.501800 0.342512 16.6570 1 1.35879E-15 3.62815 7.2194E-01 0.26936 0.00572835
1.79890E+05 3.212139 3.597290 2.000000 0.502874 0.342512 17.5028 1 1.36869E-15 3.62626 7.2194E-01 0.26936 0.00572835
3.72547E+05 3.236805 3.595225 2.000000 0.504187 0.342512 18.5461 1 1.38125E-15 3.62405 7.2194E-01 0.26936 0.00572835
5.78854E+05 3.264973 3.592862 2.000000 0.505803 0.342512 19.8161 1 1.39703E-15 3.6215 7.2194E-01 0.26936 0.00572835
7.99045E+05 3.296866 3.590167 2.000000 0.507795 0.342512 21.3664 1 1.41705E-15 3.61857 7.2194E-01 0.26936 0.00572835
1.03226E+06 3.332451 3.587135 2.000000 0.510247 0.342512 23.2507 1 1.44247E-15 3.61523 7.2194E-01 0.26936 0.00572835
1.27613E+06 3.371336 3.583778 2.000000 0.513237 0.342512 25.5248 1 1.47474E-15 3.61145 7.2194E-01 0.26936 0.00572835
1.52680E+06 3.412745 3.580171 2.000000 0.516827 0.342512 28.2062 1 1.51506E-15 3.60734 7.2194E-01 0.26936 0.00572835
1.77932E+06 3.455617 3.576394 2.000000 0.521055 0.342512 31.3172 1 2.21359E-15 3.60291 7.2194E-01 0.26936 0.00572835
2.02869E+06 3.498803 3.572555 2.000000 0.525923 0.342512 34.8324 1 6.19480E-15 3.5983 7.2194E-01 0.26936 0.00572835
2.27067E+06 3.541273 3.568728 2.000000 0.531406 0.342512 38.7269 1 1.72081E-14 3.59358 7.2194E-01 0.26936 0.00572835
2.50227E+06 3.582240 3.565011 2.000000 0.537455 0.342512 42.9150 1 4.64780E-14 3.58896 7.2194E-01 0.26936 0.00572835
2.72172E+06 3.621185 3.561401 2.000000 0.544004 0.342512 47.3851 1 1.21031E-13 3.58435 7.2194E-01 0.26936 0.00572835
2.92815E+06 3.657819 3.557986 2.000000 0.550978 0.342512 52.0517 1 3.00289E-13 3.57991 7.2194E-01 0.26936 0.00572835
3.12133E+06 3.692028 3.554779 2.000000 0.558293 0.342512 56.8419 1 7.07216E-13 3.57572 7.2194E-01 0.26936 0.00572835
3.30144E+06 3.723819 3.551795 2.000000 0.565865 0.342512 61.7670 1 1.57999E-12 3.57163 7.2194E-01 0.26936 0.00572835
3.46891E+06 3.753283 3.548988 2.000000 0.573613 0.342512 66.7193 1 3.35900E-12 3.56784 7.2194E-01 0.26936 0.00572835
3.62435E+06 3.780559 3.546356 1.999999 0.581461 0.40397 71.6963 1 6.81119E-12 3.56424 7.2194E-01 0.26936 0.00572835
3.76849E+06 3.803023 3.543469 1.999999 0.588169 0.509754 76.0719 1 1.28536E-11 3.56128 7.2136E-01 0.26974 0.00591198
3.90461E+06 3.822028 3.540396 1.999998 0.594041 0.64738 79.9978 1 2.30267E-11 3.55875 7.2034E-01 0.27043 0.00623049
4.03522E+06 3.838560 3.537177 1.999996 0.599326 0.808321 83.5399 1 3.97449E-11 3.55661 7.1898E-01 0.271359 0.00664876
4.16153E+06 3.853207 3.533586 1.999993 0.604173 0.985892 86.8406 1 6.79229E-11 3.55466 7.1733E-01 0.272488 0.00714401
4.28410E+06 3.866354 3.527371 1.999987 0.608679 1.1747 89.8589 1 1.34647E-10 3.553 7.1546E-01 0.273777 0.00769803
4.40320E+06 3.878281 3.481113 1.997936 0.612915 1.37036 217.2268 0 2.47373E-08 3.59118 7.1340E-01 0.275196 0.00829604
4.51897E+06 3.889207 3.469549 1.995088 0.616938 1.56939 225.4470 0 3.49597E-08 3.58962 7.1120E-01 0.276725 0.00892574
4.63145E+06 3.899307 3.462122 1.991535 0.620793 1.76905 233.1372 0 4.44034E-08 3.5882 7.0889E-01 0.278344 0.00957642
4.74067E+06 3.908725 3.456210 1.987298 0.624518 1.96731 240.7239 0 5.40840E-08 3.58672 7.0651E-01 0.280013 0.0102398
4.84668E+06 3.917576 3.451138 1.982378 0.628140 2.16275 248.4379 0 6.42298E-08 3.58511 7.0406E-01 0.281732 0.0109092
4.94950E+06 3.925953 3.446632 1.976790 0.631682 2.35431 255.7466 0 7.48860E-08 3.58361 7.0158E-01 0.283481 0.0115792
5.04919E+06 3.933934 3.442612 1.970506 0.635163 2.54121 263.1235 0 8.59544E-08 3.58203 6.9907E-01 0.28526 0.0122457
5.14580E+06 3.941582 3.438923 1.963549 0.638596 2.72299 270.7037 0 9.74777E-08 3.58032 6.9654E-01 0.287049 0.0129055
5.23939E+06 3.948945 3.435410 1.955933 0.641990 2.89929 278.1427 0 1.09575E-07 3.57865 6.9402E-01 0.288848 0.0135561
5.33003E+06 3.956066 3.432194 1.947666 0.645356 3.07005 285.6572 0 1.21939E-07 3.57692 6.9150E-01 0.290636 0.0141956
5.41779E+06 3.962984 3.429094 1.938769 0.648701 3.2351 293.5505 0 1.34786E-07 3.57503 6.8900E-01 0.292435 0.0148223
5.50273E+06 3.969725 3.426112 1.929255 0.652030 3.39443 301.6134 0 1.48047E-07 3.57308 6.8651E-01 0.294214 0.0154352
5.58494E+06 3.976313 3.423299 1.919151 0.655346 3.54845 309.6642 0 1.61538E-07 3.57113 6.8405E-01 0.295993 0.0160333
5.66448E+06 3.982770 3.420488 1.908475 0.658653 3.69661 318.2465 0 1.75564E-07 3.569 6.8160E-01 0.297752 0.0166174
5.74144E+06 3.989011 3.417763 1.896236 0.661900 3.8386 327.1437 0 5.08380E-07 3.56667 6.7919E-01 0.299501 0.0171843
5.81591E+06 3.995212 3.413920 1.867101 0.665183 3.9754 340.8277 0 4.80997E-06 3.56165 6.7682E-01 0.30122 0.017732
5.88796E+06 4.001446 3.402714 1.737476 0.668543 4.1045 385.8279 0 7.59689E-06 3.53993 6.7449E-01 0.302909 0.0182637
5.95754E+06 4.008476 3.363582 1.167712 0.672397 4.16974 702.5007 0 5.54719E-05 3.4805 6.7223E-01 0.304558 0.0187689
6.02366E+06 4.020238 3.584484 0.692858 0.678992 4.16974 328.2390 0 9.50160E-09 3.62119 6.7107E-01 0.305417 0.0190249
6.08169E+06 4.029443 3.726603 0.684249 0.684249 4.16974 320.5835 0 7.72863E-12 3.62739 6.7107E-01 0.305417 0.0190249
0.00000E+00 3.242100 3.602805 2.200000 0.516600 0.339129 17.1529 1 1.11341E-15 3.62978 7.1796E-01 0.2743 0.00572063
1.55165E+05 3.273864 3.600212 2.200000 0.518125 0.339129 18.4791 1 1.12712E-15 3.62694 7.1796E-01 0.2743 0.00572063
3.25867E+05 3.311041 3.597140 2.200000 0.520079 0.339129 20.1668 1 1.14505E-15 3.62358 7.1796E-01 0.2743 0.00572063
5.12715E+05 3.353348 3.593602 2.200000 0.522582 0.339129 22.2817 1 1.16877E-15 3.61972 7.1796E-01 0.2743 0.00572063
7.14461E+05 3.400155 3.589649 2.200000 0.525755 0.339129 24.9063 1 1.20015E-15 3.6153 7.1796E-01 0.2743 0.00572063
9.27344E+05 3.450010 3.585385 2.200000 0.529691 0.339129 28.0792 1 1.24096E-15 3.61041 7.1796E-01 0.2743 0.00572063
1.14544E+06 3.500890 3.580993 2.200000 0.534422 0.339129 31.7665 1 3.26879E-15 3.60527 7.1796E-01 0.2743 0.00572063
1.36223E+06 3.550757 3.576631 2.200000 0.539914 0.339129 35.9110 1 1.07170E-14 3.59998 7.1796E-01 0.2743 0.00572063
1.57237E+06 3.598075 3.572431 2.200000 0.546081 0.339129 40.4075 1 3.34992E-14 3.59473 7.1796E-01 0.2743 0.00572063
1.77247E+06 3.641980 3.568502 2.200000 0.552814 0.339129 45.1040 1 9.74843E-14 3.58979 7.1796E-01 0.2743 0.00572063
1.96084E+06 3.682168 3.564860 2.200000 0.559999 0.339129 49.9661 1 2.62380E-13 3.58502 7.1796E-01 0.2743 0.00572063
2.13694E+06 3.718690 3.561541 2.200000 0.567522 0.339129 54.8461 1 6.50805E-13 3.58066 7.1796E-01 0.2743 0.00572063
2.30083E+06 3.751786 3.558484 2.200000 0.575280 0.339129 59.7443 1 1.49971E-12 3.57655 7.1796E-01 0.2743 0.00572063
2.45298E+06 3.781782 3.555706 2.200000 0.583175 0.339129 64.5883 1 3.22095E-12 3.57276 7.1796E-01 0.2743 0.00572063
2.59401E+06 3.808988 3.553169 2.199999 0.591115 0.400731 69.3607 1 6.49511E-12 3.56924 7.1796E-01 0.2743 0.00572063
2.72467E+06 3.830849 3.550286 2.199999 0.597756 0.50668 73.4388 1 1.21270E-11 3.56644 7.1741E-01 0.27467 0.00590026
2.84828E+06 3.848959 3.547154 2.199998 0.603459 0.645059 77.0111 1 2.14481E-11 3.56409 7.1643E-01 0.275309 0.00621127
2.96743E+06 3.864414 3.543808 2.199996 0.608503 0.807771 80.1635 1 3.65628E-11 3.56214 7.1512E-01 0.276189 0.00662166
3.08335E+06 3.877852 3.540070 2.199994 0.613047 0.988475 82.9981 1 6.15541E-11 3.56047 7.1354E-01 0.277268 0.00711042
3.19662E+06 3.889689 3.533003 2.199992 0.617197 1.1819 85.5881 1 1.25886E-10 3.55898 7.1172E-01 0.278497 0.00766105
3.30750E+06 3.900232 3.488285 2.198801 0.621030 1.38369 204.3792 0 1.54947E-08 3.61736 7.0972E-01 0.279867 0.00825998
3.41609E+06 3.909723 3.477465 2.197178 0.624609 1.5903 210.5184 0 2.13612E-08 3.61629 7.0756E-01 0.281346 0.00889539
3.52241E+06 3.918349 3.470588 2.195194 0.627984 1.79891 216.2594 0 2.64110E-08 3.61527 7.0528E-01 0.282915 0.00955758
3.62644E+06 3.926264 3.465157 2.192875 0.631195 2.00734 221.6889 0 3.13478E-08 3.61427 7.0291E-01 0.284544 0.0102379
3.72819E+06 3.933593 3.460651 2.190231 0.634273 2.21389 226.9348 0 3.62468E-08 3.61327 7.0047E-01 0.286233 0.0109297
3.82763E+06 3.940437 3.456666 2.187277 0.637244 2.41735 231.7180 0 4.12459E-08 3.6124 6.9798E-01 0.287962 0.0116272
3.92478E+06 3.946883 3.453173 2.184021 0.640130 2.61675 236.3370 0 4.62644E-08 3.61154 6.9545E-01 0.289721 0.012326
4.01965E+06 3.953001 3.450027 2.180471 0.642949 2.81164 240.8346 0 5.13370E-08 3.61069 6.9290E-01 0.2915 0.0130228
4.11226E+06 3.958846 3.447145 2.176639 0.645715 3.00153 245.2603 0 5.64784E-08 3.60982 6.9033E-01 0.293289 0.0137145
4.20263E+06 3.964465 3.444433 2.172535 0.648437 3.18624 249.7065 0 6.17337E-08 3.60892 6.8776E-01 0.295088 0.0143992
4.29080E+06 3.969891 3.442031 2.168169 0.651124 3.36574 254.1563 0 6.69022E-08 3.608 6.8519E-01 0.296887 0.0150755
4.37681E+06 3.975156 3.439701 2.163551 0.653782 3.5397 258.6413 0 7.22108E-08 3.60705 6.8263E-01 0.298686 0.0157418
4.46070E+06 3.980284 3.437514 2.158691 0.656417 3.70861 263.0233 0 7.75506E-08 3.60614 6.8008E-01 0.300476 0.0163967
4.54251E+06 3.985295 3.435351 2.153599 0.659032 3.87207 267.4575 0 8.30518E-08 3.60519 6.7754E-01 0.302265 0.0170409
4.62228E+06 3.990101 3.433453 2.148324 0.661574 4.02923 271.8439 0 8.83590E-08 3.60424 6.7503E-01 0.304034 0.0176721
4.70011E+06 3.994900 3.431584 2.142839 0.664147 4.18202 276.3757 0 9.37556E-08 3.60325 6.7255E-01 0.305793 0.0182864
4.77601E+06 3.999622 3.429759 2.137157 0.666707 4.32969 280.9806 0 9.92280E-08 3.60224 6.7008E-01 0.307532 0.0188897
4.85003E+06 4.004278 3.427962 2.131287 0.669258 4.47303 285.6435 0 1.04789E-07 3.60121 6.6764E-01 0.309261 0.0194791
4.92220E+06 4.008878 3.426291 2.125240 0.671802 4.61162 290.5306 0 1.10267E-07 3.60011 6.6522E-01 0.31098 0.0200567
4.99257E+06 4.013427 3.424669 2.119024 0.674340 4.74622 295.4358 0 1.15771E-07 3.59901 6.6283E-01 0.312689 0.0206205
5.06119E+06 4.017930 3.423061 2.112649 0.676872 4.87687 300.3532 0 1.21353E-07 3.59792 6.6046E-01 0.314378 0.0211724
5.12809E+06 4.022391 3.421440 2.106124 0.679400 5.00323 305.3507 0 1.27059E-07 3.59681 6.5811E-01 0.316057 0.0217125
5.19333E+06 4.026814 3.419952 2.099458 0.681923 5.12632 310.4382 0 1.32608E-07 3.59569 6.5579E-01 0.317716 0.0222388
5.25693E+06 4.031202 3.418488 2.092661 0.684442 5.24527 315.6485 0 1.38192E-07 3.59453 6.5349E-01 0.319366 0.0227542
5.31895E+06 4.035558 3.416985 2.084989 0.686958 5.36108 321.1926 0 3.95682E-07 3.59323 6.5121E-01 0.321005 0.0232559
5.37942E+06 4.039888 3.415069 2.070601 0.689472 5.47327 328.4922 0 1.95461E-06 3.59093 6.4896E-01 0.322624 0.0237468
5.43838E+06 4.044231 3.408102 1.980046 0.692009 5.58253 354.7515 0 1.28601E-05 3.57754 6.4673E-01 0.324233 0.0242249
5.49588E+06 4.049056 3.359396 1.030325 0.694844 5.59778 836.6702 0 2.47335E-04 3.48369 6.4453E-01 0.325822 0.0246923
5.50781E+06 3.907884 3.396203 0.694983 0.694983 5.59778 569.2383 0 1.26320E-04 3.53117 6.4422E-01 0.326052 0.0247574
0.00000E+00 3.451600 3.592733 2.500000 0.547200 0.340269 24.9111 1 9.17095E-16 3.61888 7.1499E-01 0.27722 0.00571907
1.14559E+05 3.485992 3.589815 2.500000 0.549361 0.340269 27.0443 1 9.39571E-16 3.61559 7.1499E-01 0.27722 0.00571907
2.45362E+05 3.526954 3.586303 2.500000 0.552282 0.340269 29.8495 1 9.70602E-16 3.61154 7.1499E-01 0.27722 0.00571907
3.91806E+05 3.573009 3.582332 2.500000 0.556143 0.340269 33.3704 1 2.17038E-15 3.60691 7.1499E-01 0.27722 0.00571907
5.49588E+05 3.621402 3.578094 2.500000 0.561026 0.340269 37.5789 1 6.92093E-15 3.60182 7.1499E-01 0.27722 0.00571907
7.11532E+05 3.668760 3.573892 2.500000 0.566851 0.340269 42.2659 1 2.18258E-14 3.59664 7.1499E-01 0.27722 0.00571907
8.70707E+05 3.712554 3.569974 2.500000 0.573424 0.340269 47.1803 1 6.39452E-14 3.59167 7.1499E-01 0.27722 0.00571907
1.02271E+06 3.751709 3.566434 2.500000 0.580525 0.340269 52.0907 1 1.69264E-13 3.58712 7.1499E-01 0.27722 0.00571907
1.16562E+06 3.786216 3.563309 2.500000 0.587964 0.340269 56.9065 1 4.03072E-13 3.58295 7.1499E-01 0.27722 0.00571907
1.29896E+06 3.816546 3.560558 2.500000 0.595591 0.340269 61.5016 1 8.70887E-13 3.57929 7.1499E-01 0.27722 0.00571907
1.42296E+06 3.843308 3.558102 2.500000 0.603284 0.340269 65.9357 1 1.73506E-12 3.5759 7.1499E-01 0.27722 0.00571907
1.53816E+06 3.867115 3.555919 2.500000 0.610961 0.340269 70.1265 1 3.22030E-12 3.57293 7.1499E-01 0.27722 0.00571907
1.64516E+06 3.888476 3.553941 2.500000 0.618556 0.340269 74.1631 1 5.64859E-12 3.57017 7.1499E-01 0.27722 0.00571907
1.74463E+06 3.907824 3.552155 2.499999 0.626028 0.340269 78.0164 1 9.43433E-12 3.56767 7.1499E-01 0.27722 0.00571907
1.83721E+06 3.925505 3.550524 2.499999 0.633347 0.399529 81.7324 1 1.51387E-11 3.56536 7.1499E-01 0.27722 0.00571907
1.92350E+06 3.939026 3.548473 2.499998 0.639055 0.498606 84.6874 1 2.29700E-11 3.5636 7.1445E-01 0.27758 0.00588856
2.00622E+06 3.949847 3.546136 2.499997 0.643706 0.625993 87.1066 1 3.36076E-11 3.56223 7.1353E-01 0.278209 0.00617398
2.08747E+06 3.958898 3.543554 2.499995 0.647670 0.775099 89.1464 1 4.81724E-11 3.56114 7.1232E-01 0.279029 0.00654427
2.16807E+06 3.966630 3.540601 2.499993 0.651121 0.940625 90.9085 1 6.88749E-11 3.56024 7.1086E-01 0.280029 0.00698285
2.24829E+06 3.973332 3.536311 2.499990 0.654173 1.11798 92.4449 1 1.05498E-10 3.55949 7.0920E-01 0.281168 0.00747611
2.32817E+06 3.979212 3.495256 2.499251 0.656906 1.30345 93.8323 1 1.26856E-08 3.55882 7.0737E-01 0.282418 0.00801245
2.40763E+06 3.984436 3.482964 2.498183 0.659386 1.49383 95.0671 1 1.83129E-08 3.55827 7.0541E-01 0.283777 0.00858208
2.48653E+06 3.989135 3.476333 2.496867 0.661665 1.68672 232.4471 0 2.25901E-08 3.64575 7.0335E-01 0.285196 0.0091764
2.56477E+06 3.993417 3.471475 2.495327 0.663786 1.88005 234.9936 0 2.65371E-08 3.6453 7.0121E-01 0.286686 0.00978821
2.64224E+06 3.997367 3.467551 2.493574 0.665783 2.07242 237.2989 0 3.03695E-08 3.64487 6.9900E-01 0.288215 0.0104117
2.71886E+06 4.001057 3.464188 2.491616 0.667685 2.26267 239.3806 0 3.41923E-08 3.64448 6.9675E-01 0.289775 0.0110425
2.79456E+06 4.004539 3.461308 2.489461 0.669511 2.45016 241.3370 0 3.79694E-08 3.6441 6.9447E-01 0.291354 0.0116769
2.86929E+06 4.007857 3.458768 2.487113 0.671278 2.63421 243.2223 0 4.17379E-08 3.64372 6.9217E-01 0.292953 0.0123119
2.94302E+06 4.011046 3.456393 2.484576 0.673002 2.81452 245.0755 0 4.55951E-08 3.64334 6.8985E-01 0.294563 0.0129453
3.01574E+06 4.014134 3.454304 2.481856 0.674692 2.99081 246.9165 0 4.93987E-08 3.64295 6.8753E-01 0.296182 0.0135757
3.08742E+06 4.017142 3.452377 2.478957 0.676356 3.1631 248.7597 0 5.32247E-08 3.64254 6.8521E-01 0.297801 0.0142016
3.15806E+06 4.020087 3.450583 2.475885 0.678001 3.33128 250.6252 0 5.70750E-08 3.64213 6.8289E-01 0.29942 0.0148221
3.22765E+06 4.022979 3.448901 2.472643 0.679631 3.49523 252.5165 0 6.09500E-08 3.64169 6.8057E-01 0.30103 0.0154366
3.29620E+06 4.025831 3.447303 2.469237 0.681249 3.65524 254.4362 0 6.48621E-08 3.64124 6.7826E-01 0.302639 0.016044
3.36372E+06 4.028648 3.445829 2.465671 0.682858 3.81116 256.3930 0 6.87485E-08 3.64077 6.7596E-01 0.304248 0.016645
3.43021E+06 4.031438 3.444423 2.461948 0.684461 3.96321 258.3994 0 7.26590E-08 3.64029 6.7367E-01 0.305838 0.0172385
3.49568E+06 4.034116 3.443081 2.458099 0.686007 4.11037 260.3614 0 7.65857E-08 3.6398 6.7140E-01 0.307427 0.0178244
3.56017E+06 4.036854 3.441796 2.454103 0.687595 4.25396 262.4602 0 8.05123E-08 3.63929 6.6915E-01 0.309006 0.0183987
3.62368E+06 4.039573 3.440543 2.449966 0.689179 4.39403 264.6046 0 8.44782E-08 3.63876 6.6691E-01 0.310566 0.0189654
3.68620E+06 4.042281 3.439294 2.445692 0.690763 4.53047 266.7912 0 8.85188E-08 3.63821 6.6468E-01 0.312115 0.0195247
3.74775E+06 4.044979 3.438209 2.441285 0.692346 4.66392 269.0356 0 9.23947E-08 3.63765 6.6247E-01 0.313664 0.0200753
3.80835E+06 4.047669 3.437003 2.436748 0.693930 4.79398 271.3365 0 9.65157E-08 3.63707 6.6027E-01 0.315204 0.0206195
3.86799E+06 4.050352 3.435991 2.432087 0.695515 4.92095 273.6962 0 1.00402E-07 3.63647 6.5809E-01 0.316733 0.0211551
3.92671E+06 4.053030 3.434888 2.427306 0.697102 5.04492 276.1383 0 1.04490E-07 3.63585 6.5592E-01 0.318253 0.0216832
3.98450E+06 4.055702 3.433828 2.422407 0.698690 5.16581 278.6417 0 1.08564E-07 3.63521 6.5376E-01 0.319762 0.0222038
4.04139E+06 4.058370 3.432858 2.417394 0.700280 5.2842 281.2280 0 1.12537E-07 3.63454 6.5162E-01 0.321271 0.0227158
4.09737E+06 4.061035 3.431875 2.412272 0.701872 5.39986 283.8856 0 1.16581E-07 3.63386 6.4949E-01 0.322761 0.0232214
4.15247E+06 4.063697 3.430899 2.407047 0.703466 5.51258 286.5432 0 1.20658E-07 3.63318 6.4738E-01 0.32425 0.0237196
4.20669E+06 4.066357 3.429937 2.401721 0.705063 5.62315 289.2313 0 1.24753E-07 3.63249 6.4527E-01 0.325729 0.0242093
4.26005E+06 4.069014 3.428996 2.396296 0.706663 5.73123 291.9762 0 1.28849E-07 3.6318 6.4319E-01 0.327199 0.0246923
4.31256E+06 4.071670 3.428070 2.390778 0.708266 5.83677 294.7749 0 1.32956E-07 3.63109 6.4111E-01 0.328658 0.0251679
4.36422E+06 4.074325 3.427150 2.385170 0.709872 5.94008 297.6524 0 1.37091E-07 3.63036 6.3906E-01 0.330108 0.0256361
4.41506E+06 4.076978 3.426231 2.379475 0.711481 6.0411 300.6009 0 1.41258E-07 3.6296 6.3701E-01 0.331547 0.0260968
4.46507E+06 4.079630 3.425303 2.373696 0.713092 6.14005 303.6089 0 1.45478E-07 3.62884 6.3498E-01 0.332976 0.02655
4.51428E+06 4.082282 3.424398 2.367839 0.714708 6.23697 306.6821 0 1.49687E-07 3.62807 6.3296E-01 0.334406 0.0269967
4.56269E+06 4.084933 3.423583 2.361905 0.716326 6.33193 309.8112 0 1.53736E-07 3.62728 6.3096E-01 0.335815 0.0274359
4.61031E+06 4.087584 3.422732 2.355899 0.717948 6.42468 312.9905 0 1.57889E-07 3.62648 6.2897E-01 0.337225 0.0278688
4.65715E+06 4.090234 3.421802 2.349822 0.719573 6.51585 316.2365 0 1.62245E-07 3.62567 6.2700E-01 0.338624 0.0282931
4.70323E+06 4.092885 3.421018 2.343683 0.721202 6.60465 319.5464 0 1.66304E-07 3.62485 6.2504E-01 0.340013 0.028712
4.74855E+06 4.095535 3.420175 2.337271 0.722834 6.69225 322.9625 0 2.91469E-07 3.62398 6.2309E-01 0.341393 0.0291226
4.79313E+06 4.098186 3.419188 2.329250 0.724470 6.77784 326.7779 0 6.63733E-07 3.62291 6.2116E-01 0.342772 0.0295275
4.83697E+06 4.100844 3.418047 2.316299 0.726114 6.86174 331.6438 0 1.83107E-06 3.6212 6.1924E-01 0.344132 0.029925
4.88008E+06 4.103526 3.415368 2.279957 0.727776 6.94471 341.5526 0 1.19479E-05 3.61648 6.1733E-01 0.345491 0.0303163
4.92245E+06 4.106325 3.403350 2.088265 0.729514 7.02758 390.0788 0 1.99964E-05 3.59045 6.1542E-01 0.346851 0.030703
4.95657E+06 4.106646 3.357756 1.164569 0.730182 7.02758 812.3625 0 2.66291E-04 3.48905 6.1349E-01 0.34823 0.0310905
4.96405E+06 4.109946 3.551107 0.755115 0.731766 7.02758 414.3707 0 1.70627E-08 3.60887 6.1349E-01 0.34823 0.0310905
5.00429E+06 4.120264 3.587666 0.754641 0.738226 7.02758 346.6634 0 6.18658E-09 3.63148 6.1349E-01 0.34823 0.0310905
5.03691E+06 4.128556 3.636526 0.743464 0.743464 7.02758 326.3348 0 1.02783E-09 3.64182 6.1349E-01 0.34823 0.0310905
0.00000E+00 3.852300 3.568898 3.000000 0.644400 0.349322 66.0159 1 2.89336E-12 3.56478 7.1400E-01 0.27812 0.00571874
4.42184E+04 3.905154 3.563990 3.000000 0.647353 0.349322 74.7797 1 9.38145E-12 3.55994 7.1400E-01 0.27812 0.00571874
9.74439E+04 3.956239 3.559152 2.999999 0.651326 0.349322 84.8807 1 3.10076E-11 3.55437 7.1400E-01 0.27812 0.00571874
1.57667E+05 3.999471 3.555002 2.999998 0.656239 0.349322 94.6034 1 8.60047E-11 3.54948 7.1400E-01 0.27812 0.00571874
2.20865E+05 4.032764 3.551791 2.999993 0.661775 0.349322 102.9052 1 1.89335E-10 3.54563 7.1400E-01 0.27812 0.00571874
2.83540E+05 4.057789 3.549402 2.999984 0.667600 0.349322 109.6118 1 3.42233E-10 3.54275 7.1400E-01 0.27812 0.00571874
3.43891E+05 4.077161 3.547576 2.999970 0.673500 0.349322 115.1163 1 5.40070E-10 3.5405 7.1400E-01 0.27812 0.00571874
4.01308E+05 4.092904 3.546087 2.999951 0.679366 0.349322 119.7744 1 7.82243E-10 3.53869 7.1400E-01 0.27812 0.00571874
4.55716E+05 4.106299 3.544814 2.999924 0.685145 0.349322 123.8396 1 1.07201E-09 3.53721 7.1400E-01 0.27812 0.00571874
5.07234E+05 4.118117 3.543701 2.999890 0.690809 0.349322 127.6010 1 1.41420E-09 3.53583 7.1400E-01 0.27812 0.00571874
5.56040E+05 4.128823 3.542699 2.999849 0.696347 0.349322 131.0802 1 1.81649E-09 3.53461 7.1400E-01 0.27812 0.00571874
6.02324E+05 4.138707 3.541781 2.999798 0.701753 0.417259 134.3121 1 2.28756E-09 3.53356 7.1400E-01 0.27812 0.00571874
6.46267E+05 4.145030 3.540263 2.999737 0.705191 0.522766 136.4041 1 2.82434E-09 3.5329 7.1344E-01 0.27848 0.00591149
6.90445E+05 4.149628 3.538402 2.999662 0.707693 0.654227 137.9238 1 3.46415E-09 3.53245 7.1256E-01 0.27905 0.00621312
7.36405E+05 4.153305 3.536178 2.999566 0.709713 0.806568 139.1221 1 4.28596E-09 3.53212 7.1144E-01 0.279769 0.00659302
7.84070E+05 4.156241 3.533587 2.999440 0.711344 0.973731 140.0465 1 5.36862E-09 3.5319 7.1011E-01 0.280629 0.00703942
8.32981E+05 4.158602 3.528665 2.999372 0.712670 1.14998 140.7535 1 7.79789E-09 3.53176 7.0863E-01 0.281599 0.00753669
8.82675E+05 4.160478 3.483738 2.998522 0.713773 1.33098 334.1374 0 2.30021E-08 3.63874 7.0702E-01 0.282639 0.00806966
9.32792E+05 4.162030 3.473690 2.997343 0.714721 1.51357 335.9559 0 3.14423E-08 3.63824 7.0534E-01 0.283728 0.00862652
9.83075E+05 4.163356 3.467913 2.995886 0.715567 1.69571 337.5437 0 3.85829E-08 3.63778 7.0361E-01 0.284848 0.00919838
1.03335E+06 4.164525 3.463683 2.994162 0.716345 1.87622 338.9818 0 4.54693E-08 3.63736 7.0185E-01 0.285997 0.00977933
1.08350E+06 4.165585 3.460307 2.992175 0.717079 2.05415 340.3298 0 5.23406E-08 3.63696 7.0006E-01 0.287157 0.0103652
1.13346E+06 4.166567 3.457483 2.989925 0.717788 2.2292 341.5058 0 5.92886E-08 3.6366 6.9826E-01 0.288317 0.0109533
1.18317E+06 4.167493 3.455097 2.987412 0.718480 2.40103 342.6566 0 6.62962E-08 3.63628 6.9645E-01 0.289496 0.0115422
1.23262E+06 4.168376 3.452941 2.984631 0.719162 2.56953 343.8089 0 7.35074E-08 3.63596 6.9464E-01 0.290666 0.0121305
1.28177E+06 4.169226 3.451024 2.981582 0.719840 2.73476 344.9761 0 8.08485E-08 3.63564 6.9282E-01 0.291836 0.0127177
1.33063E+06 4.170049 3.449293 2.978259 0.720516 2.89674 346.1603 0 8.83287E-08 3.63535 6.9100E-01 0.293015 0.0133031
1.37917E+06 4.170849 3.447699 2.974661 0.721192 3.05541 347.3677 0 9.59719E-08 3.63506 6.8919E-01 0.294185 0.0138867
1.42741E+06 4.171628 3.446214 2.970784 0.721870 3.21102 348.6231 0 1.03782E-07 3.63477 6.8737E-01 0.295354 0.0144682
1.47533E+06 4.172390 3.444726 2.966626 0.722550 3.36335 349.9101 0 1.11921E-07 3.63448 6.8555E-01 0.296524 0.0150474
1.52293E+06 4.173134 3.443516 2.962185 0.723233 3.51276 351.2330 0 1.19880E-07 3.63421 6.8374E-01 0.297694 0.0156239
1.57022E+06 4.173864 3.442280 2.957458 0.723919 3.6594 352.6067 0 1.28153E-07 3.63393 6.8193E-01 0.298863 0.0161987
1.61718E+06 4.174578 3.441096 2.952442 0.724610 3.80328 354.0185 0 1.36590E-07 3.63366 6.8012E-01 0.300023 0.0167711
1.66382E+06 4.175279 3.439987 2.947138 0.725304 3.94407 355.4767 0 1.45125E-07 3.63338 6.7830E-01 0.301182 0.0173415
1.71014E+06 4.175967 3.438938 2.941542 0.726004 4.08236 356.9862 0 1.53766E-07 3.63312 6.7650E-01 0.302352 0.0179086
1.75614E+06 4.176642 3.437870 2.935655 0.726708 4.21805 358.5457 0 1.62671E-07 3.63285 6.7469E-01 0.303512 0.0184735
1.80181E+06 4.177305 3.436863 2.929476 0.727418 4.35108 360.1344 0 1.71652E-07 3.63258 6.7288E-01 0.304661 0.0190363
1.84716E+06 4.177958 3.435942 2.923003 0.728134 4.48165 361.7828 0 1.80630E-07 3.63232 6.7108E-01 0.305821 0.0195958
1.89218E+06 4.178600 3.434966 2.916237 0.728856 4.61003 363.4823 0 1.89926E-07 3.63205 6.6927E-01 0.306971 0.0201531
1.93687E+06 4.179233 3.434094 2.909178 0.729583 4.73607 365.2386 0 1.99147E-07 3.63179 6.6747E-01 0.30813 0.0207083
1.98123E+06 4.179856 3.433214 2.901826 0.730318 4.85966 367.0594 0 2.36358E-07 3.63152 6.6567E-01 0.30928 0.0212612
2.02526E+06 4.180444 3.432283 2.893769 0.731059 4.98125 368.9832 0 3.70622E-07 3.63124 6.6387E-01 0.310429 0.0218111
2.06896E+06 4.180944 3.431401 2.884242 0.731809 5.1007 371.1086 0 5.84674E-07 3.63093 6.6208E-01 0.311569 0.0223585
2.11233E+06 4.181282 3.430455 2.872091 0.732567 5.21846 373.5890 0 9.67635E-07 3.63058 6.6028E-01 0.312719 0.022904
2.15535E+06 4.181307 3.429333 2.854946 0.733338 5.33417 376.7295 0 1.77999E-06 3.63013 6.5848E-01 0.313868 0.0234481
2.19804E+06 4.180563 3.427801 2.825678 0.734127 5.44847 381.4764 0 4.23768E-06 3.62943 6.5668E-01 0.315008 0.0239903
2.24036E+06 4.177010 3.424791 2.751592 0.734949 5.5628 392.8755 0 9.00378E-06 3.6277 6.5488E-01 0.316158 0.0245322
2.28233E+06 4.168279 3.417772 2.584433 0.735869 5.67968 421.6082 0 1.20315E-05 3.62357 6.5304E-01 0.317327 0.0250816
2.32380E+06 4.152251 3.401839 2.245017 0.736898 5.79931 475.6314 0 2.21516E-05 3.59279 6.5113E-01 0.318547 0.0256496
2.35897E+06 4.122152 3.355507 1.201803 0.737542 5.79931 864.4986 0 2.58297E-04 3.48279 6.4914E-01 0.319816 0.0262387
2.36435E+06 4.120923 3.598095 0.738650 0.738650 5.79931 345.0518 0 1.70843E-08 3.63432 6.4914E-01 0.319816 0.0262387
0.00000E+00 4.098400 3.556751 3.500000 0.776300 0.353747 102.6267 1 1.03861E-10 3.55127 7.1598E-01 0.276106 0.00570579
1.21969E+04 4.140904 3.552618 3.499999 0.777788 0.36078 113.6706 1 2.71297E-10 3.5471 7.1598E-01 0.276106 0.00570579
2.66653E+04 4.182410 3.548465 3.499994 0.778702 0.374111 126.1835 1 7.25514E-10 3.54236 7.1574E-01 0.276326 0.00572339
4.32302E+04 4.220754 3.544472 3.499982 0.779476 0.394399 139.0872 1 1.82402E-09 3.53785 7.1538E-01 0.276646 0.005758
6.16084E+04 4.253985 3.540849 3.499950 0.780118 0.42148 151.4472 1 4.10855E-09 3.53384 7.1491E-01 0.277056 0.00581163
8.13663E+04 4.281160 3.537722 3.499879 0.780631 0.454378 162.4569 1 8.08403E-09 3.53047 7.1436E-01 0.277536 0.00588416
1.02099E+05 4.302440 3.535102 3.499748 0.781038 0.492059 171.6539 1 1.39099E-08 3.52782 7.1373E-01 0.278065 0.00597316
1.23499E+05 4.318629 3.532944 3.499532 0.781367 0.533087 178.9436 1 2.12726E-08 3.52585 7.1305E-01 0.278624 0.00607548
1.45357E+05 4.330718 3.531160 3.499215 0.781644 0.576196 184.6931 1 2.95750E-08 3.5243 7.1233E-01 0.27922 0.00618912
1.67537E+05 4.339643 3.529656 3.498791 0.781889 0.619476 188.9505 1 3.82267E-08 3.52325 7.1159E-01 0.27982 0.00631266
1.89953E+05 4.346190 3.528346 3.498255 0.782115 0.659656 192.1300 1 4.68213E-08 3.52248 7.1083E-01 0.280436 0.00644559
2.12551E+05 4.350975 3.527157 3.497611 0.782329 0.693645 194.5168 1 5.51979E-08 3.5219 7.1006E-01 0.281061 0.00658814
2.35299E+05 4.354467 3.526037 3.496859 0.782536 0.720079 196.2566 1 6.33613E-08 3.5215 7.0926E-01 0.281699 0.00674053
2.58173E+05 4.357016 3.524985 3.496002 0.782741 0.739779 197.5204 1 7.12523E-08 3.52123 7.0845E-01 0.282329 0.00690199
2.81160E+05 4.358879 3.524037 3.495042 0.782944 0.754481 198.4361 1 7.86480E-08 3.52104 7.0763E-01 0.282971 0.0070715
3.04250E+05 4.360246 3.523123 3.493984 0.783147 0.765959 199.0982 1 8.58930E-08 3.52092 7.0679E-01 0.283615 0.00724809
3.27433E+05 4.361251 3.522267 3.492829 0.783351 0.775691 199.5788 1 9.28843E-08 3.52085 7.0594E-01 0.28426 0.00743085
3.50704E+05 4.361994 3.521450 3.491578 0.783555 0.78476 199.9234 1 9.97574E-08 3.52081 7.0509E-01 0.284917 0.00761962
3.74059E+05 4.362547 3.520653 3.490231 0.783760 0.794061 200.1716 1 1.06664E-07 3.5208 7.0423E-01 0.285574 0.00781384
3.97491E+05 4.362960 3.519856 3.488786 0.783967 0.804251 200.3516 1 1.13805E-07 3.5208 7.0335E-01 0.286221 0.00801305
4.20996E+05 4.363269 3.519068 3.487239 0.784175 0.81578 200.4859 1 1.21169E-07 3.52081 7.0247E-01 0.286889 0.00821736
4.44572E+05 4.363500 3.518290 3.485585 0.784384 0.828927 200.5792 1 1.28784E-07 3.52084 7.0159E-01 0.287548 0.00842664
4.68212E+05 4.363671 3.517513 3.483816 0.784595 0.843949 200.6489 1 1.36768E-07 3.52087 7.0069E-01 0.288206 0.00864073
4.91914E+05 4.363794 3.516728 3.481921 0.784807 0.86094 552.8843 0 1.45251E-07 3.62724 6.9979E-01 0.288875 0.00885971
5.15674E+05 4.363875 3.515892 3.479884 0.785021 0.880057 553.1701 0 1.54754E-07 3.62713 6.9888E-01 0.289544 0.00908327
5.39488E+05 4.363920 3.515032 3.477678 0.785236 0.901239 553.4136 0 1.65111E-07 3.62702 6.9797E-01 0.290203 0.00931155
5.63353E+05 4.363992 3.514048 3.475747 0.785452 0.924349 553.6383 0 1.77592E-07 3.62691 6.9704E-01 0.290872 0.00954478
5.87264E+05 4.364104 3.512853 3.474145 0.785670 0.94986 553.8526 0 1.93738E-07 3.62681 6.9612E-01 0.291542 0.00978267
6.11217E+05 4.364020 3.511236 3.471148 0.785889 0.977138 554.0336 0 2.17556E-07 3.6267 6.9518E-01 0.292211 0.0100251
6.35212E+05 4.364064 3.507526 3.469092 0.786110 1.01034 554.2224 0 2.81407E-07 3.6266 6.9424E-01 0.292891 0.0102723
6.59242E+05 4.360831 3.470032 3.442859 0.786332 1.05578 554.1013 0 2.44129E-06 3.62631 6.9330E-01 0.29356 0.0105224
6.83331E+05 4.355333 3.455808 3.399088 0.786567 1.11655 554.0494 0 3.16618E-06 3.62586 6.9234E-01 0.29424 0.0107742
7.07472E+05 4.349082 3.447612 3.348390 0.786814 1.19015 554.2968 0 3.77284E-06 3.62536 6.9138E-01 0.29492 0.0110284
7.31648E+05 4.341966 3.441840 3.289331 0.787075 1.27268 555.3243 0 4.36726E-06 3.62474 6.9040E-01 0.295619 0.0112866
7.55852E+05 4.333463 3.437038 3.216748 0.787357 1.36133 557.7474 0 5.02236E-06 3.62389 6.8940E-01 0.296329 0.0115521
7.80076E+05 4.324110 3.432638 3.133668 0.787668 1.45415 562.2387 0 5.78860E-06 3.62278 6.8837E-01 0.297049 0.011828
8.04295E+05 4.313821 3.428502 3.037819 0.788014 1.55112 567.1963 0 6.67850E-06 3.62175 6.8731E-01 0.297789 0.0121172
8.28483E+05 4.302428 3.423593 2.925373 0.788407 1.6528 579.4902 0 7.98287E-06 3.61974 6.8621E-01 0.298549 0.0124222
8.52602E+05 4.289482 3.417943 2.788111 0.788865 1.76016 597.7114 0 9.88214E-06 3.61725 6.8507E-01 0.299329 0.0127456
8.76594E+05 4.273782 3.410500 2.605956 0.789366 1.87295 629.7027 0 1.32257E-05 3.61357 6.8388E-01 0.300139 0.0130912
9.00371E+05 4.254363 3.399097 2.344677 0.790065 1.9947 672.3011 0 2.03111E-05 3.59392 6.8264E-01 0.300969 0.0134587
9.23752E+05 4.226374 3.375401 1.844915 0.791058 2.12564 785.0340 0 5.26162E-05 3.52973 6.8132E-01 0.301849 0.0138614
9.35278E+05 4.201053 3.360605 1.331464 0.790476 2.12564 970.9740 0 1.46963E-04 3.4792 6.7994E-01 0.302739 0.0143013
9.46401E+05 4.204983 3.607094 0.809060 0.792986 2.12564 367.6317 0 8.57702E-10 3.63907 6.7994E-01 0.302739 0.0143013
9.46609E+05 4.307139 3.623314 0.809060 0.792986 2.12564 414.8562 0 3.94295E-10 3.65108 6.7994E-01 0.302739 0.0143013
0.00000E+00 4.174700 3.559950 4.000000 0.823900 0.349263 106.1359 1 8.98326E-11 3.55581 6.9406E-01 0.298077 0.00569339
7.52857E+03 4.220572 3.555547 3.999999 0.825036 0.352804 118.4448 1 2.52274E-10 3.5514 6.9406E-01 0.298077 0.00569339
1.61043E+04 4.266191 3.551052 3.999997 0.825790 0.359475 132.7366 1 7.40062E-10 3.54631 6.9394E-01 0.298197 0.00570184
2.56901E+04 4.310060 3.546628 3.999988 0.826446 0.369782 148.2431 1 2.10131E-09 3.54128 6.9375E-01 0.298367 0.00571815
3.62481E+04 4.350704 3.542408 3.999964 0.827012 0.382918 164.3675 1 5.57935E-09 3.5365 6.9350E-01 0.298587 0.00574393
4.76511E+04 4.386870 3.538542 3.999899 0.827487 0.380104 180.3313 1 1.34227E-08 3.53212 6.9319E-01 0.298847 0.0057816
5.97397E+04 4.417902 3.535081 3.999747 0.827876 0.043641 195.3512 1 2.88257E-08 3.5283 6.9283E-01 0.299151 0.00584179
7.23603E+04 4.443786 3.533089 3.999454 0.828196 0.0530544 208.6670 1 5.13794E-08 3.52523 6.9151E-01 0.30026 0.00603936
8.53852E+04 4.464835 3.530564 3.998920 0.828455 0.0548446 220.3245 1 8.75125E-08 3.52263 6.9101E-01 0.30068 0.00610809
9.87117E+04 4.481618 3.528477 3.998052 0.828667 0.0564914 230.1695 1 1.34649E-07 3.52052 6.9047E-01 0.30114 0.00618676
1.12264E+05 4.494790 3.526782 3.996772 0.828847 0.0586861 238.0904 1 1.89868E-07 3.51894 6.8989E-01 0.30163 0.00627124
1.25985E+05 4.504981 3.525363 3.995027 0.829003 0.0611667 734.4554 0 2.49964E-07 3.6262 6.8927E-01 0.30215 0.00636007
1.39837E+05 4.512756 3.524166 3.992792 0.829142 0.0638293 756.4851 0 3.11381E-07 3.62521 6.8863E-01 0.30269 0.00645251
1.53792E+05 4.518599 3.523164 3.990069 0.829269 0.0666165 774.0871 0 3.70765E-07 3.62439 6.8797E-01 0.30324 0.00654804
1.67830E+05 4.522911 3.522303 3.986881 0.829388 0.0695108 787.5805 0 4.26381E-07 3.62377 6.8729E-01 0.30382 0.00664622
1.81937E+05 4.526018 3.521565 3.983262 0.829502 0.0725002 797.8283 0 4.76813E-07 3.62328 6.8660E-01 0.3044 0.00674677
1.96104E+05 4.528182 3.520924 3.979253 0.829613 0.0755692 805.4989 0 5.21707E-07 3.6229 6.8590E-01 0.30499 0.00684964
2.10324E+05 4.529611 3.520346 3.974893 0.829721 0.0787191 810.8117 0 5.61704E-07 3.62263 6.8518E-01 0.30559 0.00695461
2.24593E+05 4.530468 3.519817 3.970217 0.829828 0.0819438 814.5525 0 5.97334E-07 3.62242 6.8446E-01 0.30619 0.00706188
2.38907E+05 4.530880 3.519322 3.965256 0.829934 0.085239 817.0462 0 6.29346E-07 3.62226 6.8374E-01 0.3068 0.00717128
2.53263E+05 4.530945 3.518854 3.960034 0.830040 0.0886135 818.5790 0 6.58367E-07 3.62213 6.8300E-01 0.30741 0.00728283
2.67659E+05 4.530738 3.518404 3.954571 0.830147 0.0920563 819.3696 0 6.85083E-07 3.62203 6.8227E-01 0.30802 0.00739662
2.82095E+05 4.530319 3.517966 3.948882 0.830253 0.0955703 819.5882 0 7.10071E-07 3.62195 6.8153E-01 0.30863 0.00751274
2.96568E+05 4.529730 3.517535 3.942976 0.830360 0.099159 819.3662 0 7.33876E-07 3.62188 6.8078E-01 0.30925 0.00763109
3.11078E+05 4.529006 3.517107 3.936861 0.830468 0.10281 818.8044 0 7.56955E-07 3.62182 6.8003E-01 0.30986 0.00775183
3.25624E+05 4.528172 3.516687 3.930541 0.830577 0.106535 817.9804 0 7.79259E-07 3.62178 6.7928E-01 0.31048 0.00787489
3.40206E+05 4.527248 3.516291 3.924019 0.830686 0.110329 816.9539 0 8.00112E-07 3.62173 6.7852E-01 0.3111 0.00800035
3.54822E+05 4.526248 3.515892 3.917301 0.830796 0.114202 815.7705 0 8.20975E-07 3.6217 6.7777E-01 0.31172 0.00812841
3.69471E+05 4.525184 3.515491 3.910383 0.830906 0.118149 814.4639 0 8.42051E-07 3.62166 6.7701E-01 0.31233 0.00825882
3.84154E+05 4.524064 3.515085 3.903263 0.831018 0.122179 813.0419 0 8.63505E-07 3.62163 6.7624E-01 0.31295 0.00839185
3.98869E+05 4.522892 3.514674 3.895938 0.831131 5.80223 811.4336 0 8.85505E-07 3.62161 6.7547E-01 0.31357 0.0085274
4.13617E+05 4.498385 3.481740 3.752857 0.832210 6.80323 863.6243 0 1.39192E-05 3.6241 4.6491E-01 0.52379 0.00827388
4.28694E+05 4.477906 3.476792 3.628471 0.832797 8.05257 633.5890 0 1.22499E-05 3.65219 4.6429E-01 0.5242 0.00847671
4.43916E+05 4.454918 3.471269 3.483436 0.833049 9.39135 621.0048 0 1.46858E-05 3.65162 4.6361E-01 0.52462 0.00871733
4.59228E+05 4.429809 3.465439 3.312564 0.833323 10.5235 614.5491 0 1.79153E-05 3.65034 4.6291E-01 0.52505 0.00897021
4.74609E+05 4.402373 3.459236 3.106854 0.833652 11.4641 615.3443 0 2.20471E-05 3.64843 4.6216E-01 0.5255 0.00924433
4.90028E+05 4.372092 3.451233 2.848689 0.834072 12.2633 631.2510 0 2.90669E-05 3.64527 4.6135E-01 0.52598 0.00954685
5.05421E+05 4.333307 3.437664 2.444514 0.834666 12.9623 683.3650 0 4.82214E-05 3.6335 4.6046E-01 0.52649 0.00988706
5.20680E+05 4.277496 3.403517 1.444418 0.835624 13.5146 802.0873 0 2.36691E-04 3.51149 4.5947E-01 0.52706 0.0102853
5.35486E+05 4.273163 3.598376 0.869143 0.838937 13.5146 416.4629 0 2.88879E-07 3.63494 4.5846E-01 0.5276 0.0107091
5.47874E+05 4.278858 3.622040 0.866244 0.842843 13.5146 365.8077 0 2.18375E-07 3.65122 4.5846E-01 0.5276 0.0107091
5.47991E+05 4.413397 3.642832 0.866244 0.842843 13.5146 431.0652 0 1.66886E-07 3.66648 4.5846E-01 0.5276 0.0107091
0.00000E+00 4.242500 3.562516 4.500000 0.858200 0.35834 109.3678 1 8.11026E-11 3.5599 6.7406E-01 0.31805 0.00569119
5.24969E+03 4.292034 3.557765 4.499999 0.859155 0.360634 122.9950 1 2.47212E-10 3.55528 6.7406E-01 0.31805 0.00569119
1.11217E+04 4.342311 3.552871 4.499998 0.859808 0.364954 139.3729 1 8.05687E-10 3.54975 6.7398E-01 0.31813 0.00569648
1.76030E+04 4.392038 3.547926 4.499991 0.860381 0.36589 157.9045 1 2.61423E-09 3.54411 6.7386E-01 0.318239 0.00570652
2.46902E+04 4.439891 3.543009 4.499968 0.860883 0.317696 178.1912 1 8.21249E-09 3.53858 6.7369E-01 0.318375 0.00572763
3.23280E+04 4.484496 3.538432 4.499894 0.861313 0.195177 199.5966 1 2.38950E-08 3.53331 6.7346E-01 0.318553 0.00577845
4.04359E+04 4.524812 3.534459 4.499686 0.861676 0.0781663 221.2131 1 6.21329E-08 3.52851 6.7317E-01 0.318767 0.00585825
4.89287E+04 4.560258 3.531200 4.499169 0.861978 0.0547964 242.3536 1 1.41912E-07 3.52416 6.7282E-01 0.319027 0.00593968
5.77280E+04 4.590656 3.528027 4.498024 0.862228 0.0569579 811.5452 0 2.96263E-07 3.62937 6.7240E-01 0.319383 0.00599522
6.67677E+04 4.616106 3.525221 4.495739 0.862437 0.0601513 893.1441 0 5.56015E-07 3.6263 6.7192E-01 0.319811 0.00604702
7.59948E+04 4.636866 3.522857 4.491656 0.862612 0.0637917 966.0533 0 9.38508E-07 3.62377 6.7139E-01 0.32027 0.0061017
8.53689E+04 4.653262 3.520926 4.485086 0.862763 0.067907 1028.6653 0 1.43554E-06 3.62177 6.7082E-01 0.32078 0.00615864
9.48600E+04 4.665664 3.519377 4.475450 0.862895 0.0724212 1080.2527 0 2.01138E-06 3.62019 6.7022E-01 0.32132 0.0062168
1.04446E+05 4.674476 3.518140 4.462421 0.863013 0.0772629 1120.8469 0 2.61359E-06 3.61895 6.6959E-01 0.32188 0.00627588
1.14113E+05 4.680139 3.517166 4.445987 0.863121 0.0822994 1151.3141 0 3.18425E-06 3.618 6.6894E-01 0.32247 0.00633594
1.23849E+05 4.683125 3.516401 4.426431 0.863223 0.0874418 1171.4521 0 3.67845E-06 3.61737 6.6827E-01 0.32307 0.00639709
1.33648E+05 4.683910 3.515801 4.404251 0.863319 0.0926118 1184.2139 0 4.06970E-06 3.61687 6.6758E-01 0.32368 0.0064597
1.43504E+05 4.682945 3.515334 4.380038 0.863411 0.097763 1190.2645 0 4.35040E-06 3.61655 6.6689E-01 0.3243 0.00652418
1.53412E+05 4.680634 3.514961 4.354384 0.863502 0.102869 1191.2421 0 4.53093E-06 3.61634 6.6619E-01 0.32492 0.00659082
1.63371E+05 4.677322 3.514657 4.327813 0.863590 0.107894 1188.3337 0 4.62766E-06 3.61622 6.6549E-01 0.32555 0.00665963
1.73378E+05 4.673288 3.514402 4.300752 0.863677 0.112879 1182.5991 0 4.65931E-06 3.61617 6.6478E-01 0.32618 0.00673106
1.83430E+05 4.668752 3.514184 4.273529 0.863763 0.11781 1174.8511 0 4.64252E-06 3.61617 6.6407E-01 0.3268 0.00680491
1.93525E+05 4.663881 3.513988 4.246370 0.863849 0.122676 1165.7590 0 4.59348E-06 3.6162 6.6336E-01 0.32743 0.00688129
2.03663E+05 4.658801 3.513800 4.219429 0.863935 0.127543 1155.8052 0 4.52575E-06 3.61626 6.6265E-01 0.32805 0.00696019
2.13840E+05 4.653600 3.513610 4.192788 0.864021 0.132346 1145.3366 0 4.44894E-06 3.61634 6.6194E-01 0.32867 0.00704169
2.24057E+05 4.648345 3.513426 4.166501 0.864107 0.137136 1134.5769 0 4.36580E-06 3.61643 6.6123E-01 0.32929 0.00712582
2.34312E+05 4.643081 3.513237 4.140584 0.864193 0.141919 1123.7331 0 4.28277E-06 3.61652 6.6052E-01 0.3299 0.00721251
2.44603E+05 4.637841 3.513042 4.115036 0.864280 0.146675 1112.9184 0 4.20282E-06 3.61663 6.5981E-01 0.33051 0.00730181
2.54930E+05 4.632645 3.512842 4.089838 0.864367 0.151448 1102.5284 0 4.12682E-06 3.61671 6.5910E-01 0.33112 0.0073937
2.65292E+05 4.627504 3.512632 4.064958 0.864455 0.156218 1092.3537 0 4.05732E-06 3.61679 6.5839E-01 0.33172 0.0074882
2.75687E+05 4.622425 3.512413 4.040361 0.864544 0.160991 1082.5132 0 3.99441E-06 3.61686 6.5769E-01 0.33232 0.00758527
2.86115E+05 4.617409 3.512173 4.015997 0.864634 0.165788 1072.9338 0 3.94119E-06 3.61693 6.5698E-01 0.33292 0.00768497
2.96576E+05 4.612455 3.511924 3.991825 0.864725 0.170603 1063.6252 0 3.89482E-06 3.61699 6.5627E-01 0.33351 0.00778739
3.07067E+05 4.607560 3.511663 3.967801 0.864817 0.175446 1054.3758 0 3.85622E-06 3.61706 6.5556E-01 0.3341 0.00789222
3.17590E+05 4.602721 3.511388 3.943882 0.864911 0.180354 1045.4011 0 3.82518E-06 3.61714 6.5486E-01 0.33469 0.00800007
3.28143E+05 4.597932 3.511101 3.920027 0.865005 0.185301 1036.7975 0 3.80163E-06 3.61719 6.5415E-01 0.33527 0.00811047
3.38725E+05 4.593190 3.510800 3.896199 0.865101 0.190317 1028.4188 0 3.78578E-06 3.61726 6.5345E-01 0.33586 0.00822355
3.49336E+05 4.588492 3.510496 3.872373 0.865199 0.195436 1020.3328 0 3.77483E-06 3.61729 6.5274E-01 0.33643 0.00833965
3.59975E+05 4.583832 3.510191 3.848511 0.865298 0.20064 1012.5531 0 3.76834E-06 3.61734 6.5204E-01 0.33701 0.00845835
3.70641E+05 4.579205 3.509898 3.824576 0.865399 0.205964 1005.0216 0 3.76262E-06 3.61736 6.5133E-01 0.33758 0.00858004
3.81335E+05 4.574605 3.509590 3.800529 0.865502 0.211444 997.7595 0 3.76494E-06 3.61738 6.5063E-01 0.33815 0.0087047
3.92055E+05 4.570024 3.509267 3.776327 0.865607 0.217113 990.7214 0 3.77525E-06 3.61739 6.4992E-01 0.33871 0.00883237
4.02801E+05 4.565460 3.508944 3.751941 0.865715 0.222984 983.9171 0 3.78954E-06 3.61738 6.4921E-01 0.33927 0.00896303
4.13572E+05 4.560905 3.508602 3.727321 0.865824 0.22913 977.3181 0 3.81303E-06 3.61739 6.4851E-01 0.33983 0.00909684
4.24368E+05 4.556351 3.508245 3.702419 0.865936 0.235582 970.9723 0 3.84510E-06 3.61737 6.4780E-01 0.34039 0.00923378
4.35188E+05 4.551790 3.507869 3.677176 0.866051 0.242387 964.8678 0 3.88668E-06 3.61734 6.4710E-01 0.34094 0.00937403
4.46031E+05 4.547213 3.507475 3.651535 0.866169 0.249635 959.0182 0 3.93789E-06 3.6173 6.4639E-01 0.34149 0.00951758
4.56897E+05 4.542612 3.507061 3.625432 0.866289 0.257404 953.3985 0 4.00036E-06 3.61724 6.4568E-01 0.34203 0.00966458
4.67785E+05 4.537977 3.506630 3.598792 0.866414 0.265801 948.0029 0 4.07340E-06 3.61717 6.4498E-01 0.34257 0.00981505
4.78694E+05 4.533301 3.506200 3.571555 0.866541 0.275004 942.8340 0 4.15299E-06 3.61709 6.4427E-01 0.34311 0.00996917
4.89623E+05 4.528574 3.505752 3.543644 0.866673 0.285084 937.8498 0 4.24541E-06 3.617 6.4356E-01 0.34365 0.0101269
5.00573E+05 4.523787 3.505306 3.514969 0.866809 0.296228 933.1065 0 4.34595E-06 3.61689 6.4285E-01 0.34418 0.0102886
5.11541E+05 4.518929 3.504837 3.485434 0.866950 5.04835 928.6069 0 4.46313E-06 3.61676 6.4214E-01 0.34471 0.010454
5.22526E+05 4.513985 3.437710 3.454919 0.867095 5.9138 924.3678 0 3.39409E-05 3.62379 5.1111E-01 0.4752 0.0103626
5.33528E+05 4.480873 3.449733 3.238773 0.867932 7.15053 804.0363 0 2.75039E-05 3.6345 5.1059E-01 0.47555 0.0105222
5.44682E+05 4.443511 3.441630 2.967672 0.868232 8.32412 806.1107 0 3.72171E-05 3.63195 5.0992E-01 0.47597 0.0107447
5.55844E+05 4.399115 3.429905 2.576793 0.868609 9.3937 853.0881 0 5.94332E-05 3.6267 5.0919E-01 0.47643 0.0109951
5.66933E+05 4.337735 3.403371 1.736193 0.869210 10.3744 912.2914 0 1.85822E-04 3.53464 5.0836E-01 0.47694 0.0112856
5.69894E+05 4.302732 3.398819 1.478306 0.868003 10.3744 866.0863 0 2.41816E-04 3.50687 5.0741E-01 0.47751 0.0116295
5.77760E+05 4.319755 3.599194 0.902796 0.871076 10.3744 453.1563 0 1.16467E-07 3.63331 5.0741E-01 0.47751 0.0116295
5.87176E+05 4.324090 3.611533 0.901876 0.874096 10.3744 423.9873 0 9.62054E-08 3.64194 5.0741E-01 0.47751 0.0116295
5.95786E+05 4.328130 3.623927 0.901185 0.876912 10.3744 395.8954 0 7.85176E-08 3.6507 5.0741E-01 0.47751 0.0116295
5.95870E+05 4.465632 3.645433 0.901185 0.876912 10.3744 465.6376 0 5.35750E-08 3.66692 5.0741E-01 0.47751 0.0116295
0.00000E+00 4.277300 3.567324 5.000000 0.901200 0.368171 105.4853 1 4.03056E-11 3.5662 6.5705E-01 0.335028 0.00567767
3.34306E+03 4.325620 3.562749 5.000000 0.901879 0.368171 117.5411 1 1.16218E-10 3.56262 6.5705E-01 0.335028 0.00567767
3.34470E+03 4.331332 3.562203 5.000000 0.901879 0.369469 120.3615 1 1.42294E-10 3.56061 6.5705E-01 0.335028 0.00567767
7.00087E+03 4.380332 3.557494 4.999999 0.902332 0.369469 134.4246 1 4.18003E-10 3.55687 6.5700E-01 0.335068 0.00568055
7.00269E+03 4.386159 3.556927 4.999999 0.902333 0.371668 137.7478 1 5.14627E-10 3.55479 6.5700E-01 0.335068 0.00568055
1.09866E+04 4.441247 3.551535 4.999996 0.902728 0.362452 157.9663 1 1.88425E-09 3.54873 6.5693E-01 0.335136 0.00568616
1.53030E+04 4.495771 3.546082 4.999985 0.903072 0.300392 181.0988 1 6.86181E-09 3.54258 6.5683E-01 0.335222 0.00570338
1.99272E+04 4.548627 3.540853 4.999944 0.903369 0.180238 206.8701 1 2.39284E-08 3.53653 6.5668E-01 0.335327 0.00574417
2.48192E+04 4.598780 3.536125 4.999803 0.903622 0.0767752 234.8577 1 7.70620E-08 3.5307 6.5649E-01 0.335455 0.00580381
2.99345E+04 4.645420 3.531901 4.999357 0.903834 0.0582873 821.3813 0 2.26114E-07 3.63424 6.5625E-01 0.335637 0.00585877
3.52311E+04 4.687959 3.527694 4.998067 0.904013 0.0615692 961.2294 0 6.19057E-07 3.62936 6.5596E-01 0.335893 0.00588829
4.06728E+04 4.725898 3.523866 4.994656 0.904165 0.0669335 1105.1793 0 1.53325E-06 3.62511 6.5562E-01 0.336201 0.00591263
4.62304E+04 4.758607 3.520637 4.986602 0.904294 0.0751898 1245.4782 0 3.36211E-06 3.62162 6.5523E-01 0.33656 0.0059369
5.18824E+04 4.785114 3.518015 4.969826 0.904407 0.0883959 1374.4790 0 6.46235E-06 3.6188 6.5481E-01 0.33696 0.005959
5.76149E+04 4.804143 3.515979 4.939197 0.904508 0.107324 1480.9226 0 1.07699E-05 3.6167 6.5435E-01 0.3374 0.00597685
6.34213E+04 4.814666 3.514492 4.890633 0.904600 0.126898 1556.7074 0 1.54703E-05 3.61522 6.5386E-01 0.33786 0.00599111
6.93011E+04 4.816754 3.513474 4.823855 0.904687 0.139474 1598.0805 0 1.93484E-05 3.61429 6.5336E-01 0.33835 0.00600535
7.52561E+04 4.811890 3.512832 4.743147 0.904770 0.14205 1611.7639 0 2.16242E-05 3.61362 6.5284E-01 0.33884 0.00602396
8.12880E+04 4.802302 3.512477 4.655008 0.904850 0.139403 1603.9496 0 2.23186E-05 3.61324 6.5232E-01 0.33933 0.00604849
8.73954E+04 4.790026 3.512285 4.565132 0.904926 0.136069 1584.2456 0 2.19568E-05 3.61298 6.5180E-01 0.33982 0.00607777
9.35745E+04 4.776479 3.512183 4.477130 0.905000 0.134065 1558.2805 0 2.10278E-05 3.61281 6.5127E-01 0.34031 0.0061104
9.98202E+04 4.762524 3.512111 4.392864 0.905070 0.133383 1529.4964 0 1.98837E-05 3.61271 6.5074E-01 0.3408 0.00614603
1.06127E+05 4.748628 3.512049 4.312998 0.905139 0.133801 1499.9123 0 1.86987E-05 3.61265 6.5020E-01 0.34129 0.0061843
1.12488E+05 4.735045 3.511997 4.237614 0.905205 0.134892 1470.6145 0 1.75499E-05 3.61263 6.4967E-01 0.34177 0.00622524
1.18900E+05 4.721901 3.511930 4.166505 0.905271 0.136459 1442.3925 0 1.65019E-05 3.61262 6.4914E-01 0.34225 0.00626877
1.25358E+05 4.709237 3.511853 4.099263 0.905336 0.138316 1415.3930 0 1.55588E-05 3.61263 6.4861E-01 0.34273 0.00631485
1.31858E+05 4.697071 3.511780 4.035501 0.905401 0.140374 1389.8029 0 1.47068E-05 3.61266 6.4808E-01 0.34321 0.00636332
1.38396E+05 4.685393 3.511683 3.974819 0.905467 0.142568 1365.7967 0 1.39698E-05 3.61267 6.4755E-01 0.34368 0.0064143
1.44971E+05 4.674168 3.511575 3.916769 0.905534 0.144861 1343.2096 0 1.33269E-05 3.61269 6.4703E-01 0.34414 0.00646752
1.51579E+05 4.663364 3.511445 3.860971 0.905602 0.147244 1322.0324 0 1.27785E-05 3.61271 6.4650E-01 0.34461 0.0065233
1.58219E+05 4.652943 3.511303 3.807069 0.905672 0.149733 1302.2253 0 1.23086E-05 3.61271 6.4598E-01 0.34506 0.0065812
1.64889E+05 4.642866 3.511129 3.754713 0.905744 0.152349 1283.7923 0 1.19268E-05 3.61269 6.4545E-01 0.34552 0.00664154
1.71587E+05 4.633087 3.510931 3.703559 0.905820 0.15506 1266.6166 0 1.16184E-05 3.61267 6.4493E-01 0.34597 0.00670426
1.78312E+05 4.623569 3.510712 3.653309 0.905898 0.15794 1250.5882 0 1.13782E-05 3.61263 6.4441E-01 0.34642 0.00676951
1.85064E+05 4.614271 3.510467 3.603660 0.905980 0.161019 1235.6608 0 1.12049E-05 3.61258 6.4390E-01 0.34686 0.00683723
1.91840E+05 4.605153 3.510196 3.554313 0.906065 0.164344 1221.7704 0 1.10970E-05 3.6125 6.4338E-01 0.3473 0.00690745
1.98641E+05 4.596173 3.509886 3.504956 0.906156 0.168015 1209.0108 0 1.10642E-05 3.61239 6.4286E-01 0.34774 0.00698048
2.05465E+05 4.587283 3.509540 3.455245 0.906251 0.17216 1197.2900 0 1.11048E-05 3.61225 6.4234E-01 0.34817 0.00705615
2.12312E+05 4.578440 3.509150 3.404833 0.906352 0.17695 1186.5583 0 1.12291E-05 3.61209 6.4183E-01 0.3486 0.00713479
2.19180E+05 4.569594 3.508722 3.353328 0.906459 0.182649 1176.8593 0 1.14397E-05 3.61188 6.4131E-01 0.34902 0.00721643
2.26070E+05 4.560694 3.508240 3.300286 0.906574 0.189637 1168.3640 0 1.17598E-05 3.61164 6.4080E-01 0.34945 0.00730122
2.32979E+05 4.551679 3.507718 3.245170 0.906697 0.198481 1160.5359 0 1.21969E-05 3.61137 6.4028E-01 0.34987 0.00738936
2.39907E+05 4.542474 3.507134 3.187298 0.906830 0.210053 1153.8632 0 1.27960E-05 3.61105 6.3976E-01 0.35028 0.00748093
2.46853E+05 4.532981 3.506497 3.125744 0.906973 0.225757 1148.8502 0 1.35903E-05 3.61065 6.3925E-01 0.35069 0.00757608
2.53813E+05 4.523074 3.505752 3.059260 0.907130 0.247718 1145.9488 0 1.47019E-05 3.61012 6.3873E-01 0.3511 0.00767483
2.60787E+05 4.512593 3.504931 2.986139 0.907301 0.27919 1145.3873 0 1.62218E-05 3.60947 6.3821E-01 0.35151 0.00777721
2.67770E+05 4.501269 3.503953 2.903522 0.907492 0.325358 1147.0172 0 1.84680E-05 3.60872 6.3769E-01 0.35191 0.00788306
2.74758E+05 4.488827 3.502604 2.808028 0.907683 0.387146 1158.5791 0 2.24857E-05 3.6073 6.3716E-01 0.35232 0.00799177
2.81741E+05 4.474431 3.501186 2.689762 0.907925 0.460261 1173.4279 0 2.86357E-05 3.60591 6.3664E-01 0.35273 0.00810169
2.88710E+05 4.456264 3.499117 2.526302 0.908211 0.539689 1208.1892 0 4.30631E-05 3.60354 6.3609E-01 0.35314 0.00821701
2.95647E+05 4.427083 3.495212 2.216444 0.908570 0.628254 1206.4378 0 1.13660E-04 3.5724 6.3552E-01 0.35358 0.00834211
3.02521E+05 4.381083 3.494405 1.387636 0.909116 0.722405 1243.6086 0 1.41123E-04 3.49234 6.3490E-01 0.35405 0.00848288
3.07892E+05 4.375243 3.829910 0.910063 0.910063 0.722405 138.2360 1 7.40958E-11 3.67486 6.3426E-01 0.35452 0.00863439
