0.00000E+00 3.248100 3.527206 0.550000 0.504000 0.478562 166.7753 0 9.87587E-08 3.52721 6.9695E-01 0.284027 0.0134706
1.18185E+05 3.263273 3.529007 0.545010 0.504856 0.478562 171.1690 0 1.28055E-07 3.52901 6.9695E-01 0.284027 0.0134706
2.40066E+05 3.280162 3.533010 0.538344 0.505829 0.478562 173.4062 0 1.53833E-07 3.53302 6.9695E-01 0.284027 0.0134706
3.65882E+05 3.298469 3.540767 0.530420 0.506939 0.478562 170.8217 0 1.51956E-07 3.54077 6.9695E-01 0.284027 0.0134706
4.95831E+05 3.318254 3.554488 0.522846 0.508207 0.478562 159.9999 0 1.02141E-07 3.55449 6.9695E-01 0.284027 0.0134706
6.30044E+05 3.339551 3.571862 0.518436 0.509655 0.478562 144.7717 0 5.07209E-08 3.57186 6.9695E-01 0.284027 0.0134706
6.62511E+05 3.102698 3.352724 0.509674 0.509674 0.478562 189.7916 0 5.18338E-05 3.48406 6.9695E-01 0.284027 0.0134706
0.00000E+00 3.276200 3.512534 0.600000 0.508600 0.478562 187.2014 0 1.30359E-07 3.51253 6.9695E-01 0.284027 0.0134706
1.13421E+05 3.293016 3.512066 0.593069 0.509561 0.478562 197.2313 0 2.09728E-07 3.51207 6.9695E-01 0.284027 0.0134706
2.30854E+05 3.311737 3.513091 0.580969 0.510664 0.478562 207.5945 0 3.56278E-07 3.51309 6.9695E-01 0.284027 0.0134706
3.52561E+05 3.332067 3.519777 0.559333 0.511933 0.478562 211.7526 0 5.37519E-07 3.51978 6.9695E-01 0.284027 0.0134706
4.78747E+05 3.354049 3.546050 0.531526 0.513395 0.478562 184.1504 0 2.64617E-07 3.54604 6.9695E-01 0.284027 0.0134706
6.09511E+05 3.377677 3.580126 0.522227 0.515077 0.478562 145.4843 0 5.00168E-08 3.58011 6.9695E-01 0.284027 0.0134706
6.41190E+05 3.149858 3.352408 0.515100 0.515100 0.478562 199.2149 0 5.23856E-05 3.48936 6.9695E-01 0.284027 0.0134706
0.00000E+00 3.270100 3.509546 0.650000 0.511300 0.478405 176.4813 0 4.80849E-08 3.50955 6.9486E-01 0.285677 0.0134699
1.10690E+05 3.289235 3.507573 0.647428 0.512326 0.478405 188.1323 0 8.02276E-08 3.50757 6.9486E-01 0.285677 0.0134699
2.25570E+05 3.310443 3.505500 0.642743 0.513509 0.478405 202.2641 0 1.46031E-07 3.5055 6.9486E-01 0.285677 0.0134699
3.44904E+05 3.333412 3.503690 0.633351 0.514878 0.478405 219.2660 0 2.97950E-07 3.50369 6.9486E-01 0.285677 0.0134699
4.68884E+05 3.358147 3.503651 0.611544 0.516461 0.478405 239.2284 0 7.33800E-07 3.50365 6.9486E-01 0.285677 0.0134699
5.97581E+05 3.383415 3.527146 0.549901 0.518292 0.478405 225.7915 0 9.82595E-07 3.52714 6.9486E-01 0.285677 0.0134699
7.30926E+05 3.411486 3.630126 0.524053 0.520394 0.478405 100.0330 0 2.85992E-09 3.63013 6.9486E-01 0.285677 0.0134699
8.68487E+05 3.421242 3.545381 0.521254 0.521254 0.478405 102.6809 0 1.12840E-06 3.63019 6.9486E-01 0.285677 0.0134699
0.00000E+00 3.314000 3.504063 0.700000 0.514300 0.479514 191.2454 0 5.31185E-08 3.50406 6.9295E-01 0.28732 0.0134781
1.07738E+05 3.332542 3.501943 0.697217 0.515394 0.479514 203.8717 0 8.86417E-08 3.50194 6.9295E-01 0.28732 0.0134781
2.19845E+05 3.353216 3.499539 0.692099 0.516664 0.479514 219.5910 0 1.63744E-07 3.49954 6.9295E-01 0.28732 0.0134781
3.36595E+05 3.375714 3.497095 0.681602 0.518141 0.479514 239.2767 0 3.48658E-07 3.49709 6.9295E-01 0.28732 0.0134781
4.58165E+05 3.400032 3.495315 0.655111 0.519856 0.479514 266.0030 0 1.02180E-06 3.49532 6.9295E-01 0.28732 0.0134781
5.84588E+05 3.424290 3.533126 0.546063 0.521850 0.479514 235.9809 0 1.44113E-06 3.53313 6.9295E-01 0.28732 0.0134781
7.15771E+05 3.451854 3.827317 0.524151 0.524151 0.479514 31.7796 1 1.33696E-14 3.69677 6.9295E-01 0.28732 0.0134781
0.00000E+00 3.313000 3.509166 0.800000 0.517900 0.47157 161.6694 0 5.93568E-09 3.50917 6.9103E-01 0.289862 0.0134851
1.04252E+05 3.334036 3.506700 0.799684 0.519068 0.47157 173.2857 0 1.00700E-08 3.5067 6.9103E-01 0.289862 0.0134851
2.13038E+05 3.357377 3.503901 0.799099 0.520431 0.47157 187.3022 0 1.82533E-08 3.5039 6.9103E-01 0.289862 0.0134851
3.26631E+05 3.382685 3.500867 0.797948 0.522025 0.47157 203.9023 0 3.50930E-08 3.50087 6.9103E-01 0.289862 0.0134851
4.45183E+05 3.409895 3.497540 0.795534 0.523885 0.47157 223.8281 0 7.26384E-08 3.49754 6.9103E-01 0.289862 0.0134851
5.68647E+05 3.438851 3.493874 0.790027 0.526048 0.47157 248.2769 0 1.67191E-07 3.49387 6.9103E-01 0.289862 0.0134851
6.96712E+05 3.469301 3.489731 0.775615 0.528553 0.47157 280.3794 0 4.76976E-07 3.48973 6.9103E-01 0.289862 0.0134851
8.28755E+05 3.499761 3.485250 0.721589 0.531433 0.47157 333.3476 0 2.90910E-06 3.48525 6.9103E-01 0.289862 0.0134851
9.32436E+05 3.512620 3.509745 0.533412 0.533412 0.47157 371.0175 0 4.31828E-05 3.50692 6.9103E-01 0.289862 0.0134851
0.00000E+00 3.380900 3.507240 0.900000 0.521400 0.455306 172.1577 0 4.25341E-09 3.50724 6.8992E-01 0.291542 0.0135041
1.00963E+05 3.399472 3.505017 0.899788 0.522635 0.455306 183.0884 0 6.79324E-09 3.50502 6.8992E-01 0.291542 0.0135041
2.06593E+05 3.420318 3.502522 0.899417 0.524084 0.455306 196.2108 0 1.15134E-08 3.50252 6.8992E-01 0.291542 0.0135041
3.17165E+05 3.443119 3.499727 0.898732 0.525785 0.455306 211.8241 0 2.06806E-08 3.49973 6.8992E-01 0.291542 0.0135041
4.32803E+05 3.467818 3.496696 0.897391 0.527779 0.455306 230.2929 0 3.93754E-08 3.4967 6.8992E-01 0.291542 0.0135041
5.53400E+05 3.494263 3.493344 0.894667 0.530103 0.455306 252.4199 0 8.06003E-08 3.49334 6.8992E-01 0.291542 0.0135041
6.78541E+05 3.522194 3.489607 0.888472 0.532797 0.455306 279.5351 0 1.83219E-07 3.48961 6.8992E-01 0.291542 0.0135041
8.07459E+05 3.551252 3.485240 0.872564 0.535892 0.455306 315.2302 0 5.15877E-07 3.48524 6.8992E-01 0.291542 0.0135041
9.39044E+05 3.579904 3.479235 0.813813 0.539409 0.455306 377.5416 0 3.26960E-06 3.47924 6.8992E-01 0.291542 0.0135041
1.03836E+06 3.589271 3.479472 0.541697 0.541697 0.455306 541.3854 0 5.50906E-05 3.48223 6.8992E-01 0.291542 0.0135041
0.00000E+00 3.325500 3.518930 1.000000 0.522400 0.440769 124.6381 0 1.78159E-10 3.51893 6.8992E-01 0.2912 0.0135256
9.99566E+04 3.348738 3.516224 0.999984 0.523654 0.440769 134.4919 0 3.17217E-10 3.51622 6.8992E-01 0.2912 0.0135256
2.04611E+05 3.374437 3.513260 0.999964 0.525128 0.440769 146.2627 0 5.99248E-10 3.51326 6.8992E-01 0.2912 0.0135256
3.14239E+05 3.402214 3.510001 0.999924 0.526860 0.440769 160.2267 0 1.19660E-09 3.51 6.8992E-01 0.2912 0.0135256
4.28954E+05 3.431925 3.506506 0.999836 0.528890 0.440769 176.6652 0 2.51038E-09 3.50651 6.8992E-01 0.2912 0.0135256
5.48630E+05 3.463315 3.502746 0.999637 0.531260 0.440769 196.0033 0 5.52456E-09 3.50275 6.8992E-01 0.2912 0.0135256
6.72820E+05 3.496013 3.498778 0.999203 0.534007 0.440769 218.5476 0 1.26477E-08 3.49878 6.8992E-01 0.2912 0.0135256
8.00714E+05 3.529550 3.494644 0.998148 0.537160 0.440769 244.6410 0 2.99555E-08 3.49464 6.8992E-01 0.2912 0.0135256
9.31150E+05 3.563393 3.490337 0.995539 0.540739 0.440769 274.8499 0 7.37222E-08 3.49034 6.8992E-01 0.2912 0.0135256
1.06270E+06 3.596987 3.485795 0.988847 0.544748 0.440769 310.4134 0 1.94227E-07 3.48579 6.8992E-01 0.2912 0.0135256
1.19385E+06 3.629810 3.480718 0.970054 0.549174 0.440769 355.6114 0 6.21025E-07 3.48072 6.8992E-01 0.2912 0.0135256
1.32312E+06 3.660024 3.472627 0.884185 0.553988 0.440769 444.5321 0 6.37675E-06 3.47263 6.8992E-01 0.2912 0.0135256
1.40985E+06 3.663938 3.472422 0.556572 0.556572 0.440769 660.4779 0 5.66033E-05 3.47592 6.8992E-01 0.2912 0.0135256
0.00000E+00 3.397100 3.515701 1.100000 0.525700 0.425483 138.1577 0 2.01961E-10 3.5157 6.8992E-01 0.290984 0.0135376
9.69643E+04 3.417057 3.513368 1.099990 0.527014 0.425483 147.4993 0 3.31661E-10 3.51337 6.8992E-01 0.290984 0.0135376
1.98731E+05 3.439417 3.510761 1.099972 0.528566 0.425483 158.7108 0 5.77938E-10 3.51076 6.8992E-01 0.290984 0.0135376
3.05571E+05 3.463829 3.507886 1.099938 0.530398 0.425483 171.9669 0 1.06199E-09 3.50789 6.8992E-01 0.290984 0.0135376
4.17570E+05 3.490175 3.504756 1.099870 0.532550 0.425483 187.5733 0 2.05239E-09 3.50476 6.8992E-01 0.290984 0.0135376
5.34539E+05 3.518216 3.501377 1.099729 0.535067 0.425483 205.8385 0 4.15510E-09 3.50138 6.8992E-01 0.290984 0.0135376
6.55932E+05 3.547594 3.497804 1.099434 0.537983 0.425483 226.9843 0 8.73565E-09 3.4978 6.8992E-01 0.290984 0.0135376
7.80815E+05 3.577850 3.494080 1.098847 0.541327 0.425483 251.1929 0 1.89007E-08 3.49408 6.8992E-01 0.290984 0.0135376
9.07904E+05 3.608458 3.490252 1.097682 0.545111 0.425483 278.5874 0 4.17290E-08 3.49025 6.8992E-01 0.290984 0.0135376
1.03568E+06 3.638875 3.486376 1.095371 0.549331 0.425483 309.2635 0 9.34619E-08 3.48638 6.8992E-01 0.290984 0.0135376
1.16259E+06 3.668601 3.482444 1.090789 0.553961 0.425483 343.6104 0 2.13693E-07 3.48244 6.8992E-01 0.290984 0.0135376
1.28720E+06 3.697233 3.478410 1.081590 0.558962 0.425483 382.6385 0 5.12064E-07 3.47841 6.8992E-01 0.290984 0.0135376
1.40835E+06 3.724488 3.473980 1.061923 0.564281 0.425483 430.1228 0 1.40995E-06 3.47398 6.8992E-01 0.290984 0.0135376
1.52522E+06 3.749805 3.468050 1.009155 0.569861 0.425483 502.4341 0 6.50077E-06 3.46805 6.8992E-01 0.290984 0.0135376
1.61694E+06 3.763634 3.460933 0.801990 0.574013 0.425483 646.0095 0 4.58733E-05 3.46652 6.8992E-01 0.290984 0.0135376
1.62169E+06 3.766265 4.000000 0.574396 0.574396 0.425483 89.9311 1 3.57629E-15 3.61816 6.8992E-01 0.290984 0.0135376
0.00000E+00 3.348400 3.526227 1.200000 0.524300 0.416382 50.3256 1 1.00737E-11 3.54441 6.9295E-01 0.287842 0.0135462
9.80431E+04 3.371025 3.523633 1.199999 0.525581 0.416382 53.5043 1 1.80411E-11 3.5412 6.9295E-01 0.287842 0.0135462
2.00810E+05 3.396107 3.520843 1.199998 0.527090 0.416382 57.2445 1 3.42862E-11 3.53769 6.9295E-01 0.287842 0.0135462
3.08571E+05 3.423263 3.517680 1.199996 0.528865 0.416382 133.0663 0 9.19513E-11 3.51768 6.9295E-01 0.287842 0.0135462
4.21426E+05 3.452341 3.514374 1.199991 0.530948 0.416382 146.2525 0 1.88188E-10 3.51437 6.9295E-01 0.287842 0.0135462
5.39219E+05 3.483070 3.510803 1.199978 0.533379 0.416382 161.7216 0 4.03305E-10 3.5108 6.9295E-01 0.287842 0.0135462
6.61461E+05 3.515066 3.507050 1.199947 0.536194 0.416382 179.6294 0 8.94061E-10 3.50705 6.9295E-01 0.287842 0.0135462
7.87292E+05 3.547847 3.503169 1.199875 0.539423 0.416382 200.1034 0 2.02676E-09 3.50317 6.9295E-01 0.287842 0.0135462
9.15503E+05 3.580870 3.499209 1.199707 0.543081 0.416382 223.2052 0 4.64114E-09 3.49921 6.9295E-01 0.287842 0.0135462
1.04464E+06 3.613576 3.495233 1.199314 0.547168 0.416382 248.8775 0 1.06017E-08 3.49523 6.9295E-01 0.287842 0.0135462
1.17318E+06 3.645455 3.491304 1.198420 0.551664 0.416382 276.9788 0 2.38945E-08 3.4913 6.9295E-01 0.287842 0.0135462
1.29966E+06 3.676086 3.487431 1.196441 0.556534 0.416382 307.4883 0 5.29641E-08 3.48743 6.9295E-01 0.287842 0.0135462
1.42289E+06 3.705177 3.483621 1.192186 0.561731 0.416382 340.5835 0 1.15900E-07 3.48362 6.9295E-01 0.287842 0.0135462
1.54198E+06 3.732565 3.479738 1.183151 0.567200 0.416382 377.4273 0 2.56964E-07 3.47974 6.9295E-01 0.287842 0.0135462
1.65632E+06 3.758200 3.475489 1.163282 0.572888 0.416382 421.5023 0 6.46229E-07 3.47549 6.9295E-01 0.287842 0.0135462
1.76562E+06 3.781664 3.469347 1.105095 0.578742 0.416382 491.4116 0 2.94309E-06 3.46935 6.9295E-01 0.287842 0.0135462
1.84720E+06 3.792225 3.458784 0.825907 0.582739 0.416382 691.3097 0 8.65393E-05 3.46312 6.9295E-01 0.287842 0.0135462
1.85132E+06 3.794904 3.751537 0.583100 0.583100 0.416382 107.4284 1 4.72378E-11 3.60005 6.9295E-01 0.287842 0.0135462
0.00000E+00 3.384800 3.528649 1.300000 0.527900 0.409188 50.6571 1 4.54332E-12 3.54677 6.9502E-01 0.28676 0.0135565
9.48456E+04 3.406718 3.526287 1.300000 0.529234 0.409188 53.6949 1 7.94827E-12 3.54381 6.9502E-01 0.28676 0.0135565
1.94477E+05 3.431109 3.523505 1.299999 0.530810 0.409188 57.3723 1 1.50113E-11 3.54032 6.9502E-01 0.28676 0.0135565
2.99159E+05 3.457581 3.520529 1.299998 0.532671 0.409188 61.6520 1 2.99323E-11 3.53653 6.9502E-01 0.28676 0.0135565
4.08961E+05 3.485959 3.517296 1.299997 0.534858 0.409188 66.6486 1 6.31805E-11 3.53234 6.9502E-01 0.28676 0.0135565
5.23673E+05 3.515941 3.513860 1.299989 0.537413 0.409188 157.5811 0 2.75240E-10 3.51386 6.9502E-01 0.28676 0.0135565
6.42719E+05 3.547106 3.510254 1.299970 0.540372 0.409188 174.4725 0 5.95626E-10 3.51025 6.9502E-01 0.28676 0.0135565
7.65141E+05 3.578935 3.506571 1.299924 0.543758 0.409188 193.6004 0 1.31059E-09 3.50657 6.9502E-01 0.28676 0.0135565
8.89636E+05 3.610860 3.502803 1.299819 0.547580 0.409188 215.0421 0 2.90641E-09 3.5028 6.9502E-01 0.28676 0.0135565
1.01470E+06 3.642318 3.499042 1.299586 0.551831 0.409188 238.6144 0 6.39728E-09 3.49904 6.9502E-01 0.28676 0.0135565
1.13879E+06 3.672814 3.495367 1.299072 0.556482 0.409188 264.0602 0 1.38004E-08 3.49537 6.9502E-01 0.28676 0.0135565
1.26053E+06 3.701967 3.491804 1.297992 0.561488 0.409188 291.1601 0 2.89974E-08 3.4918 6.9502E-01 0.28676 0.0135565
1.37881E+06 3.729530 3.488366 1.295806 0.566797 0.409188 319.7893 0 5.92678E-08 3.48837 6.9502E-01 0.28676 0.0135565
1.49284E+06 3.755388 3.485024 1.291528 0.572351 0.409188 350.1085 0 1.18680E-07 3.48502 6.9502E-01 0.28676 0.0135565
1.60215E+06 3.779531 3.481698 1.283319 0.578093 0.409188 382.8405 0 2.37152E-07 3.4817 6.9502E-01 0.28676 0.0135565
1.70649E+06 3.802021 3.478170 1.267430 0.583973 0.409188 420.1416 0 4.93857E-07 3.47817 6.9502E-01 0.28676 0.0135565
1.80583E+06 3.822967 3.473857 1.234235 0.589945 0.409188 468.6164 0 1.20171E-06 3.47386 6.9502E-01 0.28676 0.0135565
1.90025E+06 3.841920 3.466233 1.134307 0.595969 0.409188 564.6582 0 7.05130E-06 3.46623 6.9502E-01 0.28676 0.0135565
1.96323E+06 3.844216 3.459048 0.722046 0.599336 0.409188 662.4685 0 8.88108E-05 3.49443 6.9502E-01 0.28676 0.0135565
1.96500E+06 3.846335 3.512704 0.599512 0.599512 0.409188 672.6962 0 6.09704E-05 3.51198 6.9502E-01 0.28676 0.0135565
0.00000E+00 3.414200 3.529911 1.400000 0.528200 0.393715 50.9291 1 2.49663E-12 3.54798 6.9502E-01 0.286698 0.0135782
9.44600E+04 3.434019 3.527757 1.400000 0.529537 0.393715 53.6905 1 4.15099E-12 3.54529 6.9502E-01 0.286698 0.0135782
1.93700E+05 3.456228 3.525309 1.400000 0.531117 0.393715 56.9921 1 7.37209E-12 3.5422 6.9502E-01 0.286698 0.0135782
2.97983E+05 3.480466 3.522572 1.399999 0.532982 0.393715 60.8756 1 1.39022E-11 3.53872 6.9502E-01 0.286698 0.0135782
4.07377E+05 3.506598 3.519624 1.399998 0.535175 0.393715 65.3837 1 2.76370E-11 3.53491 6.9502E-01 0.286698 0.0135782
5.21667E+05 3.534364 3.516481 1.399997 0.537736 0.393715 70.5801 1 5.76544E-11 3.53078 6.9502E-01 0.286698 0.0135782
6.40275E+05 3.563386 3.513156 1.399989 0.540701 0.393715 164.9262 0 3.27448E-10 3.51316 6.9502E-01 0.286698 0.0135782
7.62239E+05 3.593188 3.509700 1.399966 0.544093 0.393715 181.8074 0 6.85469E-10 3.5097 6.9502E-01 0.286698 0.0135782
8.86255E+05 3.623235 3.506218 1.399917 0.547922 0.393715 200.5781 0 1.44373E-09 3.50622 6.9502E-01 0.286698 0.0135782
1.01082E+06 3.652991 3.502743 1.399805 0.552178 0.393715 221.1366 0 3.02552E-09 3.50274 6.9502E-01 0.286698 0.0135782
1.13440E+06 3.681971 3.499304 1.399572 0.556832 0.393715 243.3202 0 6.24725E-09 3.4993 6.9502E-01 0.286698 0.0135782
1.25562E+06 3.709797 3.495983 1.399102 0.561840 0.393715 266.8022 0 1.25693E-08 3.49598 6.9502E-01 0.286698 0.0135782
1.37338E+06 3.736213 3.492770 1.398180 0.567148 0.393715 291.4302 0 2.45846E-08 3.49277 6.9502E-01 0.286698 0.0135782
1.48692E+06 3.761092 3.489679 1.396459 0.572699 0.393715 317.0621 0 4.67082E-08 3.48968 6.9502E-01 0.286698 0.0135782
1.59573E+06 3.784402 3.486740 1.393358 0.578436 0.393715 343.5789 0 8.63101E-08 3.48674 6.9502E-01 0.286698 0.0135782
1.69961E+06 3.806188 3.483887 1.387910 0.584308 0.393715 371.3277 0 1.56924E-07 3.48389 6.9502E-01 0.286698 0.0135782
1.79850E+06 3.826537 3.481005 1.378421 0.590270 0.393715 401.1976 0 2.86620E-07 3.48101 6.9502E-01 0.286698 0.0135782
1.89246E+06 3.845561 3.477903 1.361643 0.596283 0.393715 435.1455 0 5.45799E-07 3.4779 6.9502E-01 0.286698 0.0135782
1.98167E+06 3.863360 3.474141 1.329860 0.602308 0.393715 478.3326 0 1.18116E-06 3.47414 6.9502E-01 0.286698 0.0135782
2.06634E+06 3.879828 3.468174 1.253269 0.608322 0.393715 552.1275 0 4.02068E-06 3.46817 6.9502E-01 0.286698 0.0135782
2.13039E+06 3.888054 3.455344 0.925568 0.612520 0.393715 815.4759 0 9.56321E-05 3.45711 6.9502E-01 0.286698 0.0135782
2.13788E+06 3.891917 4.000000 0.613340 0.613340 0.393715 75.2901 1 1.24265E-14 3.67055 6.9502E-01 0.286698 0.0135782
0.00000E+00 3.366400 3.539283 1.500000 0.528700 0.361835 41.9526 1 2.22611E-13 3.5591 6.9295E-01 0.288592 0.0136117
9.39037E+04 3.390332 3.536786 1.500000 0.530048 0.361835 44.6462 1 4.05711E-13 3.55608 6.9295E-01 0.288592 0.0136117
1.92603E+05 3.416806 3.533992 1.500000 0.531643 0.361835 47.8520 1 7.91810E-13 3.55266 6.9295E-01 0.288592 0.0136117
2.96358E+05 3.445393 3.530861 1.500000 0.533527 0.361835 51.6347 1 1.64837E-12 3.54879 6.9295E-01 0.288592 0.0136117
4.05234E+05 3.475872 3.527580 1.500000 0.535743 0.361835 55.9981 1 3.60166E-12 3.54467 6.9295E-01 0.288592 0.0136117
5.19003E+05 3.507883 3.523977 1.500000 0.538332 0.361835 61.0843 1 8.31858E-12 3.54008 6.9295E-01 0.288592 0.0136117
6.37069E+05 3.540950 3.520252 1.499999 0.541330 0.361835 66.8670 1 1.98708E-11 3.53526 6.9295E-01 0.288592 0.0136117
7.58447E+05 3.574504 3.516447 1.499997 0.544760 0.361835 73.3638 1 4.84953E-11 3.53022 6.9295E-01 0.288592 0.0136117
8.81814E+05 3.607942 3.512619 1.499993 0.548628 0.361835 80.5554 1 1.19213E-10 3.52504 6.9295E-01 0.288592 0.0136117
1.00565E+06 3.640680 3.508840 1.499968 0.552925 0.361835 191.4477 0 8.64273E-10 3.50884 6.9295E-01 0.288592 0.0136117
1.12842E+06 3.672221 3.505136 1.499904 0.557620 0.361835 212.3405 0 1.89542E-09 3.50514 6.9295E-01 0.288592 0.0136117
1.24877E+06 3.702201 3.501591 1.499758 0.562666 0.361835 234.3719 0 4.00678E-09 3.50159 6.9295E-01 0.288592 0.0136117
1.36560E+06 3.730399 3.498226 1.499463 0.568008 0.361835 257.2703 0 8.12622E-09 3.49823 6.9295E-01 0.288592 0.0136117
1.47817E+06 3.756731 3.495071 1.498889 0.573588 0.361835 280.7538 0 1.57688E-08 3.49507 6.9295E-01 0.288592 0.0136117
1.58602E+06 3.781217 3.492120 1.497838 0.579350 0.361835 304.6484 0 2.93375E-08 3.49212 6.9295E-01 0.288592 0.0136117
1.68893E+06 3.803946 3.489364 1.495994 0.585243 0.361835 328.8672 0 5.25421E-08 3.48936 6.9295E-01 0.288592 0.0136117
1.78687E+06 3.825032 3.486715 1.492868 0.591214 0.361835 353.6508 0 9.15738E-08 3.48671 6.9295E-01 0.288592 0.0136117
1.87991E+06 3.844621 3.484085 1.487716 0.597226 0.361835 379.4248 0 1.57352E-07 3.48409 6.9295E-01 0.288592 0.0136117
1.96822E+06 3.862858 3.481511 1.479328 0.603244 0.361835 406.4533 0 2.68605E-07 3.48151 6.9295E-01 0.288592 0.0136117
2.05202E+06 3.879887 3.478850 1.465591 0.609241 0.361835 436.0166 0 4.67316E-07 3.47885 6.9295E-01 0.288592 0.0136117
2.13153E+06 3.895843 3.475797 1.442213 0.615199 0.361835 471.0991 0 8.72074E-07 3.4758 6.9295E-01 0.288592 0.0136117
2.20700E+06 3.910849 3.471789 1.397844 0.621103 0.361835 519.3138 0 1.96238E-06 3.47179 6.9295E-01 0.288592 0.0136117
2.27869E+06 3.924765 3.463352 1.264667 0.626946 0.361835 632.1185 0 1.09805E-05 3.46335 6.9295E-01 0.288592 0.0136117
2.32270E+06 3.921287 3.454067 0.965048 0.629789 0.361835 854.8504 0 9.96482E-05 3.45593 6.9295E-01 0.288592 0.0136117
2.32718E+06 3.927157 3.658534 0.630333 0.630333 0.361835 353.5075 0 2.06098E-07 3.59915 6.9295E-01 0.288592 0.0136117
0.00000E+00 3.428700 3.535022 1.600000 0.527100 0.35335 44.4389 1 3.98014E-13 3.56167 6.9295E-01 0.287532 0.0136209
9.50911E+04 3.446946 3.533089 1.600000 0.528423 0.35335 46.5552 1 6.32089E-13 3.5595 6.9295E-01 0.287532 0.0136209
1.94937E+05 3.467499 3.530893 1.600000 0.529986 0.35335 49.0723 1 1.06756E-12 3.55701 6.9295E-01 0.287532 0.0136209
2.99801E+05 3.490023 3.528453 1.600000 0.531829 0.35335 52.0061 1 1.90454E-12 3.55424 6.9295E-01 0.287532 0.0136209
4.09758E+05 3.514420 3.525742 1.600000 0.533994 0.35335 55.4176 1 3.59284E-12 3.55114 6.9295E-01 0.287532 0.0136209
5.24609E+05 3.540480 3.522889 1.600000 0.536522 0.35335 59.3026 1 7.08054E-12 3.54785 6.9295E-01 0.287532 0.0136209
6.43801E+05 3.567874 3.519743 1.599999 0.539449 0.35335 63.7628 1 1.46639E-11 3.5442 6.9295E-01 0.287532 0.0136209
7.66397E+05 3.596176 3.516551 1.599998 0.542799 0.35335 68.7129 1 3.11366E-11 3.54045 6.9295E-01 0.287532 0.0136209
8.91124E+05 3.624891 3.513293 1.599996 0.546584 0.35335 74.1629 1 6.73350E-11 3.53658 6.9295E-01 0.287532 0.0136209
1.01649E+06 3.653508 3.509989 1.599990 0.550796 0.35335 80.0839 1 1.46778E-10 3.53261 6.9295E-01 0.287532 0.0136209
1.14097E+06 3.681553 3.506740 1.599958 0.555409 0.35335 201.5926 0 1.10368E-09 3.52052 6.9295E-01 0.287532 0.0136209
1.26318E+06 3.708638 3.503592 1.599882 0.560381 0.35335 220.6122 0 2.16162E-09 3.51735 6.9295E-01 0.287532 0.0136209
1.38199E+06 3.734490 3.500573 1.599727 0.565659 0.35335 240.4804 0 4.11186E-09 3.51429 6.9295E-01 0.287532 0.0136209
1.49659E+06 3.758953 3.497693 1.599446 0.571188 0.35335 260.9958 0 7.57394E-09 3.51136 6.9295E-01 0.287532 0.0136209
1.60648E+06 3.781970 3.494930 1.598954 0.576911 0.35335 282.0626 0 1.35223E-08 3.50851 6.9295E-01 0.287532 0.0136209
1.71142E+06 3.803559 3.492348 1.598112 0.582777 0.35335 303.3952 0 2.33255E-08 3.5058 6.9295E-01 0.287532 0.0136209
1.81132E+06 3.823786 3.489964 1.596737 0.588738 0.35335 324.8196 0 3.89119E-08 3.50323 6.9295E-01 0.287532 0.0136209
1.90625E+06 3.842740 3.487577 1.594558 0.594756 0.35335 346.8950 0 6.38394E-08 3.50054 6.9295E-01 0.287532 0.0136209
1.99635E+06 3.860519 3.485316 1.591194 0.600794 0.35335 369.2452 0 1.02494E-07 3.49782 6.9295E-01 0.287532 0.0136209
2.08183E+06 3.877219 3.483180 1.586059 0.606821 0.35335 391.9248 0 1.61861E-07 3.49499 6.9295E-01 0.287532 0.0136209
2.16291E+06 3.892933 3.480958 1.578284 0.612810 0.35335 415.8573 0 2.56771E-07 3.49171 6.9295E-01 0.287532 0.0136209
2.23983E+06 3.907761 3.478627 1.566482 0.618746 0.35335 441.5408 0 4.13933E-07 3.48779 6.9295E-01 0.287532 0.0136209
2.31285E+06 3.921794 3.476131 1.548102 0.624615 0.358461 469.9776 0 6.92393E-07 3.48279 6.9295E-01 0.287532 0.0136209
2.38221E+06 3.934786 3.473141 1.517895 0.630245 0.373342 503.8582 0 1.26485E-06 3.47564 6.9283E-01 0.287612 0.013657
2.44825E+06 3.946527 3.468976 1.461349 0.635495 0.380012 554.1068 0 2.89430E-06 3.46897 6.9246E-01 0.287862 0.0137621
2.51147E+06 3.958168 3.455127 1.201714 0.640960 0.380012 767.4878 0 5.38007E-05 3.45513 6.9230E-01 0.287972 0.0138091
2.54103E+06 3.928797 3.454912 0.868216 0.642573 0.380012 727.3304 0 8.60090E-05 3.48655 6.9230E-01 0.287972 0.0138091
2.54619E+06 3.946562 4.000000 0.643229 0.643229 0.380012 92.9911 1 1.19525E-14 3.6502 6.9230E-01 0.287972 0.0138091
0.00000E+00 3.311900 3.552019 1.700000 0.519000 0.348009 31.0004 1 7.16750E-15 3.58021 6.9295E-01 0.288457 0.0136177
1.01973E+05 3.333333 3.549923 1.700000 0.520165 0.348009 32.6824 1 1.20747E-14 3.57792 6.9295E-01 0.288457 0.0136177
2.08381E+05 3.357048 3.547594 1.700000 0.521523 0.348009 34.6553 1 2.15455E-14 3.57537 6.9295E-01 0.288457 0.0136177
3.19488E+05 3.382695 3.545019 1.700000 0.523109 0.348009 36.9422 1 4.05366E-14 3.57253 6.9295E-01 0.288457 0.0136177
4.35435E+05 3.410196 3.542210 1.700000 0.524956 0.348009 39.5809 1 8.02781E-14 3.56942 6.9295E-01 0.288457 0.0136177
5.56173E+05 3.439384 3.539226 1.700000 0.527102 0.348009 42.5963 1 1.66288E-13 3.56608 6.9295E-01 0.288457 0.0136177
6.81395E+05 3.469994 3.536049 1.700000 0.529582 0.348009 46.0293 1 3.59326E-13 3.56252 6.9295E-01 0.288457 0.0136177
8.10484E+05 3.501672 3.532677 1.700000 0.532427 0.348009 49.9160 1 8.05764E-13 3.5587 6.9295E-01 0.288457 0.0136177
9.42503E+05 3.533990 3.529217 1.700000 0.535661 0.348009 54.2424 1 1.84819E-12 3.55475 6.9295E-01 0.288457 0.0136177
1.07624E+06 3.566474 3.525670 1.700000 0.539298 0.348009 59.0157 1 4.30234E-12 3.55066 6.9295E-01 0.288457 0.0136177
1.21029E+06 3.598641 3.522136 1.699999 0.543336 0.348009 64.1870 1 1.00101E-11 3.54654 6.9295E-01 0.288457 0.0136177
1.34325E+06 3.630047 3.518581 1.699999 0.547759 0.348009 69.7498 1 2.31583E-11 3.54236 6.9295E-01 0.288457 0.0136177
1.47380E+06 3.660327 3.515184 1.699997 0.552536 0.348009 75.5786 1 5.22330E-11 3.53831 6.9295E-01 0.288457 0.0136177
1.60084E+06 3.689215 3.511917 1.699992 0.557626 0.348009 81.6393 1 1.14520E-10 3.53437 6.9295E-01 0.288457 0.0136177
1.72357E+06 3.716551 3.508838 1.699984 0.562982 0.348009 87.8414 1 2.42147E-10 3.5306 6.9295E-01 0.288457 0.0136177
1.84145E+06 3.742272 3.505889 1.699929 0.568556 0.348009 221.7229 0 1.87847E-09 3.53255 6.9295E-01 0.288457 0.0136177
1.95416E+06 3.766387 3.503079 1.699813 0.574299 0.348009 240.5743 0 3.41995E-09 3.5297 6.9295E-01 0.288457 0.0136177
2.06161E+06 3.788958 3.500520 1.699598 0.580168 0.348009 259.5146 0 5.96694E-09 3.52709 6.9295E-01 0.288457 0.0136177
2.16380E+06 3.810076 3.498051 1.699244 0.586122 0.348009 278.7944 0 1.01039E-08 3.52455 6.9295E-01 0.288457 0.0136177
2.26086E+06 3.829832 3.495724 1.698681 0.592121 0.348009 298.1999 0 1.65773E-08 3.52213 6.9295E-01 0.288457 0.0136177
2.35298E+06 3.848340 3.493609 1.697792 0.598135 0.348009 317.4605 0 2.62950E-08 3.51989 6.9295E-01 0.288457 0.0136177
2.44036E+06 3.865704 3.491469 1.696452 0.604135 0.348009 337.2089 0 4.10794E-08 3.51756 6.9295E-01 0.288457 0.0136177
2.52325E+06 3.882034 3.489573 1.694490 0.610100 0.348009 356.6189 0 6.22380E-08 3.5154 6.9295E-01 0.288457 0.0136177
2.60191E+06 3.897434 3.487637 1.691648 0.616016 0.348009 376.6025 0 9.35178E-08 3.51309 6.9295E-01 0.288457 0.0136177
2.67657E+06 3.911994 3.485812 1.687610 0.621870 0.356195 396.7136 0 1.38391E-07 3.51074 6.9295E-01 0.288457 0.0136177
2.74747E+06 3.925176 3.484003 1.681937 0.627345 0.369966 416.7350 0 2.01651E-07 3.50821 6.9275E-01 0.288597 0.0136752
2.81510E+06 3.937299 3.482253 1.674089 0.632539 0.387393 436.8116 0 2.90926E-07 3.50546 6.9241E-01 0.288827 0.0137717
2.87983E+06 3.948609 3.480417 1.663162 0.637530 0.40693 457.8806 0 4.23594E-07 3.50222 6.9198E-01 0.289126 0.0138937
2.94188E+06 3.959286 3.478555 1.647776 0.642379 0.427266 480.1749 0 6.26753E-07 3.49838 6.9148E-01 0.289466 0.0140303
3.00143E+06 3.969477 3.476330 1.625313 0.647135 0.447095 506.0398 0 9.81604E-07 3.49325 6.9096E-01 0.289826 0.0141724
3.05859E+06 3.979318 3.473697 1.590174 0.651849 0.464756 537.5241 0 1.69235E-06 3.48599 6.9044E-01 0.290195 0.0143107
3.11343E+06 3.988931 3.469698 1.525715 0.656586 0.478264 584.7644 0 3.81079E-06 3.47327 6.8996E-01 0.290525 0.0144338
3.16600E+06 3.998446 3.453752 1.159658 0.661426 0.478264 877.8137 0 1.17937E-04 3.45375 6.8960E-01 0.290785 0.0145277
3.18795E+06 3.963882 3.489895 0.662620 0.662620 0.478264 968.0653 0 6.73885E-05 3.49054 6.8960E-01 0.290785 0.0145277
0.00000E+00 3.312000 3.554033 1.800000 0.515000 0.352197 29.6848 1 3.06086E-15 3.58238 6.9199E-01 0.288408 0.0136129
1.05457E+05 3.330775 3.552212 1.800000 0.516088 0.352197 31.0858 1 4.82441E-15 3.5804 6.9199E-01 0.288408 0.0136129
2.15171E+05 3.351657 3.550192 1.800000 0.517349 0.352197 32.7227 1 8.00767E-15 3.57819 6.9199E-01 0.288408 0.0136129
3.29403E+05 3.374331 3.547947 1.800000 0.518812 0.352197 34.6137 1 1.39507E-14 3.57573 6.9199E-01 0.288408 0.0136129
4.48315E+05 3.398783 3.545499 1.800000 0.520510 0.352197 36.7860 1 2.54771E-14 3.57303 6.9199E-01 0.288408 0.0136129
5.71916E+05 3.424930 3.542880 1.800000 0.522475 0.352197 39.2651 1 4.86114E-14 3.57012 6.9199E-01 0.288408 0.0136129
7.00004E+05 3.452609 3.540075 1.800000 0.524741 0.352197 42.0871 1 9.68050E-14 3.56699 6.9199E-01 0.288408 0.0136129
8.32107E+05 3.481580 3.537062 1.800000 0.527341 0.352197 45.2916 1 2.00797E-13 3.56361 6.9199E-01 0.288408 0.0136129
9.67460E+05 3.511521 3.533939 1.800000 0.530302 0.352197 48.8732 1 4.28656E-13 3.56008 6.9199E-01 0.288408 0.0136129
1.10502E+06 3.542050 3.530700 1.800000 0.533644 0.352197 52.8492 1 9.36502E-13 3.55639 6.9199E-01 0.288408 0.0136129
1.24351E+06 3.572749 3.527384 1.800000 0.537377 0.352197 57.2139 1 2.07390E-12 3.55258 6.9199E-01 0.288408 0.0136129
1.38158E+06 3.603194 3.524080 1.800000 0.541494 0.352197 61.9225 1 4.59265E-12 3.54874 6.9199E-01 0.288408 0.0136129
1.51787E+06 3.632996 3.520769 1.799999 0.545979 0.352197 66.9635 1 1.01166E-11 3.54486 6.9199E-01 0.288408 0.0136129
1.65119E+06 3.661834 3.517577 1.799998 0.550801 0.352197 72.2477 1 2.18357E-11 3.54108 6.9199E-01 0.288408 0.0136129
1.78058E+06 3.689471 3.514458 1.799997 0.555922 0.352197 77.7607 1 4.61385E-11 3.53734 6.9199E-01 0.288408 0.0136129
1.90533E+06 3.715758 3.511535 1.799993 0.561297 0.352197 83.3912 1 9.42681E-11 3.53379 6.9199E-01 0.288408 0.0136129
2.02498E+06 3.740627 3.508717 1.799986 0.566880 0.352197 89.1546 1 1.87228E-10 3.53033 6.9199E-01 0.288408 0.0136129
2.13931E+06 3.764072 3.506078 1.799971 0.572628 0.352197 221.8383 0 1.59065E-09 3.54491 6.9199E-01 0.288408 0.0136129
2.24824E+06 3.786133 3.503554 1.799896 0.578499 0.352197 239.1845 0 2.74274E-09 3.54235 6.9199E-01 0.288408 0.0136129
2.35182E+06 3.806876 3.501220 1.799748 0.584454 0.352197 256.6459 0 4.56768E-09 3.53997 6.9199E-01 0.288408 0.0136129
2.45018E+06 3.826384 3.498941 1.799492 0.590461 0.352197 274.4575 0 7.42578E-09 3.53764 6.9199E-01 0.288408 0.0136129
2.54351E+06 3.844731 3.496878 1.799103 0.596482 0.352197 292.1286 0 1.16727E-08 3.53551 6.9199E-01 0.288408 0.0136129
2.63203E+06 3.862006 3.494849 1.798523 0.602493 0.352197 310.0872 0 1.79947E-08 3.53338 6.9199E-01 0.288408 0.0136129
2.71600E+06 3.878298 3.492992 1.797656 0.608471 0.352197 327.8967 0 2.70060E-08 3.5314 6.9199E-01 0.288408 0.0136129
2.79566E+06 3.893697 3.491152 1.796420 0.614400 0.352197 345.9957 0 3.99515E-08 3.5294 6.9199E-01 0.288408 0.0136129
2.87126E+06 3.908286 3.489453 1.794691 0.620269 0.361812 363.9880 0 5.78916E-08 3.52747 6.9199E-01 0.288408 0.0136129
2.94305E+06 3.921326 3.487790 1.792341 0.625666 0.378327 381.4505 0 8.17692E-08 3.52552 6.9176E-01 0.288568 0.0136798
3.01161E+06 3.933181 3.486301 1.789215 0.630710 0.399712 398.0818 0 1.12329E-07 3.52364 6.9135E-01 0.288848 0.0137949
3.07741E+06 3.944125 3.484863 1.785082 0.635491 0.424472 414.4978 0 1.52208E-07 3.5217 6.9082E-01 0.289218 0.0139436
3.14071E+06 3.954348 3.483405 1.779690 0.640073 0.451473 431.1088 0 2.05347E-07 3.51958 6.9019E-01 0.289647 0.0141156
3.20171E+06 3.963909 3.482011 1.772768 0.644463 0.479594 447.6581 0 2.74958E-07 3.51735 6.8950E-01 0.290137 0.0143032
3.26057E+06 3.973022 3.480637 1.763783 0.648748 0.508287 464.5922 0 3.68853E-07 3.51489 6.8876E-01 0.290646 0.0144983
3.31735E+06 3.981759 3.479230 1.752040 0.652947 0.53692 482.3540 0 5.00012E-07 3.51205 6.8799E-01 0.291186 0.0146971
3.37214E+06 3.990193 3.477750 1.736467 0.657088 0.5649 501.4576 0 6.91755E-07 3.50867 6.8722E-01 0.291735 0.0148954
3.42500E+06 3.998394 3.476099 1.715227 0.661197 0.591598 522.9126 0 9.94670E-07 3.5044 6.8645E-01 0.292285 0.015089
3.47597E+06 4.006432 3.474121 1.684780 0.665301 0.616193 548.5549 0 1.53472E-06 3.49862 6.8570E-01 0.292825 0.0152734
3.52508E+06 4.014391 3.471397 1.636675 0.669442 0.6372 583.1959 0 2.75205E-06 3.48976 6.8500E-01 0.293324 0.0154432
3.57235E+06 4.022370 3.466616 1.537701 0.673688 0.650349 644.6735 0 7.69973E-06 3.47183 6.8440E-01 0.293764 0.0155878
3.60974E+06 4.027259 3.452856 1.088176 0.676988 0.650349 986.1694 0 1.12173E-04 3.45434 6.8401E-01 0.294054 0.0156783
3.61455E+06 4.029541 3.632864 0.677735 0.677735 0.650349 411.7128 0 2.45805E-06 3.60038 6.8401E-01 0.294054 0.0156783
0.00000E+00 3.231800 3.564625 1.900000 0.502800 0.347983 23.2610 1 1.60232E-15 3.59372 6.9103E-01 0.289365 0.0136079
1.17236E+05 3.246739 3.563263 1.900000 0.503628 0.347983 24.1109 1 1.61493E-15 3.59226 6.9103E-01 0.289365 0.0136079
2.38010E+05 3.263339 3.561728 1.900000 0.504567 0.347983 25.0966 1 1.62986E-15 3.59061 6.9103E-01 0.289365 0.0136079
3.62543E+05 3.281297 3.560063 1.900000 0.505634 0.347983 26.2101 1 1.64712E-15 3.58881 6.9103E-01 0.289365 0.0136079
4.91024E+05 3.300672 3.558259 1.900000 0.506847 0.347983 27.4691 1 1.66716E-15 3.58686 6.9103E-01 0.289365 0.0136079
6.23584E+05 3.321503 3.556272 1.900000 0.508229 0.347983 28.9023 1 1.69064E-15 3.58471 6.9103E-01 0.289365 0.0136079
7.60263E+05 3.343796 3.554125 1.900000 0.509804 0.347983 30.5250 1 2.70705E-15 3.58238 6.9103E-01 0.289365 0.0136079
9.00980E+05 3.367523 3.551860 1.900000 0.511596 0.347983 32.3505 1 4.80366E-15 3.5799 6.9103E-01 0.289365 0.0136079
1.04549E+06 3.392611 3.549428 1.900000 0.513633 0.347983 34.4117 1 8.84719E-15 3.57723 6.9103E-01 0.289365 0.0136079
1.19337E+06 3.418939 3.546815 1.900000 0.515940 0.347983 36.7360 1 1.68978E-14 3.57435 6.9103E-01 0.289365 0.0136079
1.34398E+06 3.446333 3.544083 1.900000 0.518544 0.347983 39.3307 1 3.32417E-14 3.57132 6.9103E-01 0.289365 0.0136079
1.49647E+06 3.474573 3.541290 1.900000 0.521465 0.347983 42.1964 1 6.68456E-14 3.5682 6.9103E-01 0.289365 0.0136079
1.64981E+06 3.503393 3.538323 1.900000 0.524721 0.347983 45.3825 1 1.37944E-13 3.56486 6.9103E-01 0.289365 0.0136079
1.80289E+06 3.532498 3.535298 1.900000 0.528320 0.347983 48.8634 1 2.88352E-13 3.56144 6.9103E-01 0.289365 0.0136079
1.95452E+06 3.561583 3.532287 1.900000 0.532264 0.347983 52.6157 1 6.04409E-13 3.558 6.9103E-01 0.289365 0.0136079
2.10358E+06 3.590353 3.529225 1.900000 0.536541 0.347983 56.6569 1 1.26990E-12 3.55448 6.9103E-01 0.289365 0.0136079
2.24908E+06 3.618544 3.526199 1.900000 0.541135 0.347983 60.9444 1 2.64628E-12 3.55097 6.9103E-01 0.289365 0.0136079
2.39020E+06 3.645941 3.523248 1.900000 0.546020 0.347983 65.4410 1 5.43242E-12 3.54751 6.9103E-01 0.289365 0.0136079
2.52633E+06 3.672378 3.520327 1.899999 0.551164 0.347983 70.1518 1 1.09910E-11 3.54406 6.9103E-01 0.289365 0.0136079
2.65706E+06 3.697746 3.517559 1.899998 0.556533 0.347983 74.9872 1 2.16682E-11 3.54075 6.9103E-01 0.289365 0.0136079
2.78214E+06 3.721982 3.514870 1.899997 0.562092 0.347983 79.9644 1 4.17991E-11 3.53751 6.9103E-01 0.289365 0.0136079
2.90149E+06 3.745063 3.512342 1.899994 0.567805 0.347983 85.0126 1 7.83680E-11 3.53442 6.9103E-01 0.289365 0.0136079
3.01512E+06 3.766999 3.509885 1.899989 0.573638 0.347983 90.1599 1 1.43726E-10 3.53139 6.9103E-01 0.289365 0.0136079
3.12314E+06 3.787818 3.507578 1.899980 0.579558 0.347983 95.3369 1 2.56361E-10 3.52851 6.9103E-01 0.289365 0.0136079
3.22572E+06 3.807567 3.505366 1.899964 0.585536 0.347983 100.5608 1 4.46839E-10 3.52573 6.9103E-01 0.289365 0.0136079
3.32305E+06 3.826289 3.503257 1.899867 0.591543 0.347983 252.8975 0 3.37032E-09 3.55353 6.9103E-01 0.289365 0.0136079
3.41538E+06 3.844037 3.501279 1.899702 0.597551 0.347983 268.7831 0 5.20814E-09 3.55151 6.9103E-01 0.289365 0.0136079
3.50294E+06 3.860877 3.499347 1.899461 0.603542 0.347983 284.9397 0 7.90373E-09 3.54953 6.9103E-01 0.289365 0.0136079
3.58600E+06 3.876873 3.497567 1.899093 0.609499 0.347983 301.0394 0 1.17104E-08 3.54769 6.9103E-01 0.289365 0.0136079
3.66481E+06 3.892085 3.495794 1.898575 0.615408 0.358467 317.4571 0 1.71260E-08 3.54583 6.9103E-01 0.289365 0.0136079
3.73962E+06 3.905551 3.494225 1.897875 0.620766 0.376607 332.7187 0 2.40032E-08 3.54417 6.9078E-01 0.289545 0.0136802
3.81113E+06 3.917687 3.492737 1.896950 0.625711 0.400332 347.3577 0 3.27499E-08 3.54256 6.9033E-01 0.289854 0.0138053
3.87992E+06 3.928809 3.491359 1.895722 0.630349 0.42814 361.4085 0 4.36614E-08 3.54103 6.8973E-01 0.290274 0.013969
3.94633E+06 3.939037 3.490049 1.894170 0.634711 0.458659 375.0079 0 5.71576E-08 3.53953 6.8901E-01 0.290774 0.0141606
4.01057E+06 3.948640 3.488835 1.892213 0.638900 0.491227 388.2331 0 7.37072E-08 3.53808 6.8821E-01 0.291333 0.0143707
4.07279E+06 3.957710 3.487697 1.889775 0.642944 0.525091 401.1917 0 9.39247E-08 3.53666 6.8734E-01 0.291953 0.0145946
4.13307E+06 3.966334 3.486620 1.886769 0.646871 0.559742 413.9763 0 1.18625E-07 3.53523 6.8642E-01 0.292602 0.0148273
4.19149E+06 3.974581 3.485650 1.883092 0.650705 0.59471 426.4449 0 1.48289E-07 3.53384 6.8547E-01 0.293282 0.0150653
4.24812E+06 3.982506 3.484708 1.878588 0.654462 0.629658 438.9501 0 1.84742E-07 3.53238 6.8449E-01 0.293981 0.0153053
4.30299E+06 3.990155 3.483771 1.873121 0.658157 0.664294 451.6507 0 2.30110E-07 3.53081 6.8350E-01 0.294701 0.0155447
4.35618E+06 3.997566 3.482891 1.866491 0.661803 0.6984 464.3748 0 2.86028E-07 3.52917 6.8250E-01 0.29542 0.0157819
4.40771E+06 4.004774 3.481963 1.858432 0.665410 0.731777 477.6709 0 3.57973E-07 3.52731 6.8151E-01 0.29615 0.0160151
4.45765E+06 4.011806 3.481101 1.848624 0.668988 0.764267 491.1222 0 4.48684E-07 3.52531 6.8052E-01 0.296869 0.0162429
4.50602E+06 4.018691 3.480216 1.836572 0.672545 0.79566 505.2393 0 5.68242E-07 3.52303 6.7954E-01 0.297589 0.0164643
4.55287E+06 4.025456 3.479306 1.821593 0.676092 0.825815 520.2474 0 7.30362E-07 3.52037 6.7858E-01 0.298298 0.0166779
4.59822E+06 4.032127 3.478231 1.802526 0.679640 0.854501 537.1544 0 9.68218E-07 3.51705 6.7764E-01 0.298998 0.0168826
4.64211E+06 4.038737 3.477088 1.777617 0.683204 0.881412 555.9517 0 1.32866E-06 3.51294 6.7673E-01 0.299667 0.0170768
4.68454E+06 4.045326 3.475619 1.743260 0.686802 0.90607 579.0411 0 1.96129E-06 3.50733 6.7587E-01 0.300317 0.0172588
4.72554E+06 4.051951 3.473670 1.691221 0.690467 0.927458 609.6767 0 3.30265E-06 3.49896 6.7507E-01 0.300916 0.0174249
4.76509E+06 4.058711 3.470252 1.593185 0.694260 0.942401 662.3616 0 8.05513E-06 3.48292 6.7436E-01 0.301446 0.0175687
4.79897E+06 4.064175 3.459962 1.122549 0.697633 0.942401 973.7614 0 1.16163E-04 3.46185 6.7386E-01 0.301826 0.0176687
4.80316E+06 4.065888 3.546276 0.730358 0.698353 0.942401 676.9591 0 7.42774E-05 3.54627 6.7386E-01 0.301826 0.0176687
4.80786E+06 3.882505 3.535022 0.698372 0.698372 0.942401 541.9431 0 7.10244E-05 3.52984 6.7386E-01 0.301826 0.0176687
0.00000E+00 3.217400 3.568661 1.950000 0.501300 0.349013 21.7548 1 1.49534E-15 3.59793 6.9103E-01 0.290345 0.0136122
1.18687E+05 3.231887 3.567356 1.950000 0.502077 0.349013 22.5216 1 1.50598E-15 3.59654 6.9103E-01 0.290345 0.0136122
2.40727E+05 3.247957 3.565893 1.950000 0.502954 0.349013 23.4071 1 1.51831E-15 3.59497 6.9103E-01 0.290345 0.0136122
3.66331E+05 3.265300 3.564308 1.950000 0.503945 0.349013 24.4039 1 1.53250E-15 3.59327 6.9103E-01 0.290345 0.0136122
4.95686E+05 3.283978 3.562588 1.950000 0.505069 0.349013 25.5282 1 1.54890E-15 3.59142 6.9103E-01 0.290345 0.0136122
6.28932E+05 3.304033 3.560736 1.950000 0.506345 0.349013 26.7955 1 1.56789E-15 3.58942 6.9103E-01 0.290345 0.0136122
7.66139E+05 3.325487 3.558749 1.950000 0.507793 0.349013 28.2238 1 1.58994E-15 3.58726 6.9103E-01 0.290345 0.0136122
9.07278E+05 3.348327 3.556606 1.950000 0.509438 0.349013 29.8350 1 1.78562E-15 3.58494 6.9103E-01 0.290345 0.0136122
1.05219E+06 3.372508 3.554302 1.950000 0.511303 0.349013 31.6524 1 3.20135E-15 3.58242 6.9103E-01 0.290345 0.0136122
1.20054E+06 3.397941 3.551852 1.950000 0.513414 0.349013 33.6927 1 5.93705E-15 3.57974 6.9103E-01 0.290345 0.0136122
1.35183E+06 3.424489 3.549310 1.950000 0.515796 0.349013 35.9640 1 1.13229E-14 3.57693 6.9103E-01 0.290345 0.0136122
1.50536E+06 3.451973 3.546612 1.950000 0.518473 0.349013 38.4992 1 2.22471E-14 3.57394 6.9103E-01 0.290345 0.0136122
1.66023E+06 3.480167 3.543793 1.950000 0.521462 0.349013 41.3064 1 4.47624E-14 3.5708 6.9103E-01 0.290345 0.0136122
1.81542E+06 3.508811 3.540906 1.950000 0.524778 0.349013 44.3832 1 9.15090E-14 3.56756 6.9103E-01 0.290345 0.0136122
1.96982E+06 3.537622 3.537994 1.950000 0.528428 0.349013 47.7210 1 1.88639E-13 3.56427 6.9103E-01 0.290345 0.0136122
2.12232E+06 3.566314 3.535022 1.950000 0.532408 0.349013 51.3309 1 3.91215E-13 3.56088 6.9103E-01 0.290345 0.0136122
2.27187E+06 3.594619 3.532070 1.950000 0.536709 0.349013 55.1791 1 8.07964E-13 3.55749 6.9103E-01 0.290345 0.0136122
2.41758E+06 3.622300 3.529149 1.950000 0.541311 0.349013 59.2491 1 1.65371E-12 3.55411 6.9103E-01 0.290345 0.0136122
2.55872E+06 3.649165 3.526298 1.950000 0.546189 0.349013 63.5079 1 3.33364E-12 3.55078 6.9103E-01 0.290345 0.0136122
2.69476E+06 3.675072 3.523465 1.949999 0.551313 0.349013 67.9613 1 6.62666E-12 3.54745 6.9103E-01 0.290345 0.0136122
2.82533E+06 3.699927 3.520798 1.949999 0.556651 0.349013 72.5167 1 1.28247E-11 3.54427 6.9103E-01 0.290345 0.0136122
2.95025E+06 3.723680 3.518172 1.949998 0.562167 0.349013 77.2158 1 2.43611E-11 3.54112 6.9103E-01 0.290345 0.0136122
3.06946E+06 3.746315 3.515729 1.949996 0.567829 0.349013 81.9598 1 4.49183E-11 3.53814 6.9103E-01 0.290345 0.0136122
3.18299E+06 3.767842 3.513361 1.949993 0.573604 0.349013 86.7866 1 8.10333E-11 3.53524 6.9103E-01 0.290345 0.0136122
3.29096E+06 3.788293 3.511118 1.949988 0.579461 0.349013 91.6509 1 1.42533E-10 3.53246 6.9103E-01 0.290345 0.0136122
3.39354E+06 3.807712 3.508975 1.949980 0.585373 0.349013 96.5496 1 2.44997E-10 3.52978 6.9103E-01 0.290345 0.0136122
3.49093E+06 3.826151 3.506926 1.949967 0.591315 0.349013 101.4717 1 4.12000E-10 3.52719 6.9103E-01 0.290345 0.0136122
3.38737E+06 3.809702 3.508764 1.949845 0.586440 0.349013 97.0650 1 1.92663E-09 3.52951 6.9103E-01 0.290345 0.0136122
3.48385E+06 3.828174 3.506711 1.949740 0.592421 0.349013 102.0277 1 3.24657E-09 3.52691 6.9103E-01 0.290345 0.0136122
3.57538E+06 3.845702 3.504770 1.949206 0.598400 0.349013 256.7260 0 2.48599E-08 3.56049 6.9103E-01 0.290345 0.0136122
3.66222E+06 3.862350 3.502838 1.948217 0.604359 0.349013 272.2080 0 3.77356E-08 3.55842 6.9103E-01 0.290345 0.0136122
3.74461E+06 3.878179 3.501060 1.946589 0.610282 0.349013 287.6943 0 5.60715E-08 3.55644 6.9103E-01 0.290345 0.0136122
3.82281E+06 3.893246 3.499266 1.944291 0.616157 0.359745 303.6258 0 8.26004E-08 3.55437 6.9103E-01 0.290345 0.0136122
3.89706E+06 3.906521 3.497582 1.940917 0.621450 0.378309 318.8042 0 1.17761E-07 3.5523 6.9077E-01 0.290525 0.0136862
3.96812E+06 3.918452 3.495985 1.936377 0.626313 0.40255 333.4917 0 1.64061E-07 3.55019 6.9031E-01 0.290845 0.0138137
4.03656E+06 3.929371 3.494403 1.930327 0.630861 0.430882 348.1083 0 2.26064E-07 3.54792 6.8969E-01 0.291274 0.0139803
4.10274E+06 3.939504 3.492794 1.922079 0.635177 0.462097 363.0287 0 3.11222E-07 3.54539 6.8896E-01 0.291794 0.0141748
4.16683E+06 3.949019 3.491229 1.911077 0.639319 0.49513 378.1858 0 4.28380E-07 3.54259 6.8813E-01 0.292374 0.0143889
4.22892E+06 3.958045 3.489606 1.896276 0.643337 0.529102 394.2284 0 5.98144E-07 3.53929 6.8725E-01 0.292993 0.0146153
4.28909E+06 3.966692 3.487843 1.875927 0.647272 0.563199 411.8621 0 8.61101E-07 3.53522 6.8633E-01 0.293653 0.0148477
4.34734E+06 3.974980 3.485832 1.847166 0.651126 0.596306 432.1594 0 1.30757E-06 3.5299 6.8539E-01 0.294322 0.015081
4.40369E+06 3.983096 3.483179 1.802433 0.654996 0.627523 458.5305 0 2.24627E-06 3.52203 6.8446E-01 0.294992 0.0153074
4.45811E+06 3.991140 3.478940 1.716747 0.658941 0.653983 501.0858 0 5.35276E-06 3.50743 6.8357E-01 0.295631 0.0155204
4.51052E+06 3.999453 3.475091 0.808051 0.663129 0.653983 1006.4185 0 8.21788E-05 3.47509 6.8280E-01 0.296191 0.0157009
4.51801E+06 3.767019 3.477485 0.663172 0.663172 0.653983 656.1185 0 6.74446E-05 3.48477 6.8280E-01 0.296191 0.0157009
0.00000E+00 3.206900 3.570860 2.000000 0.496800 0.345975 21.8002 1 1.41693E-15 3.59317 6.8992E-01 0.291325 0.0135931
1.23377E+05 3.218907 3.569789 2.000000 0.497470 0.345975 22.4554 1 1.42558E-15 3.59189 6.8992E-01 0.291325 0.0135931
2.49742E+05 3.232185 3.568602 2.000000 0.498220 0.345975 23.2051 1 1.43550E-15 3.59045 6.8992E-01 0.291325 0.0135931
3.79279E+05 3.246499 3.567317 2.000000 0.499059 0.345975 24.0529 1 1.44694E-15 3.58883 6.8992E-01 0.291325 0.0135931
5.12163E+05 3.261917 3.565916 2.000000 0.500000 0.345975 25.0021 1 1.46003E-15 3.58709 6.8992E-01 0.291325 0.0135931
6.48544E+05 3.278498 3.564397 2.000000 0.501060 0.345975 26.0560 1 1.47491E-15 3.58525 6.8992E-01 0.291325 0.0135931
7.88533E+05 3.296291 3.562769 2.000000 0.502253 0.345975 27.2514 1 1.49221E-15 3.58321 6.8992E-01 0.291325 0.0135931
9.32180E+05 3.315331 3.561020 2.000000 0.503598 0.345975 28.5976 1 1.51227E-15 3.58099 6.8992E-01 0.291325 0.0135931
1.07946E+06 3.335633 3.559137 2.000000 0.505115 0.345975 30.1052 1 1.53543E-15 3.57863 6.8992E-01 0.291325 0.0135931
1.23022E+06 3.357185 3.557139 2.000000 0.506826 0.345975 31.8112 1 1.56255E-15 3.57603 6.8992E-01 0.291325 0.0135931
1.38422E+06 3.379948 3.554979 2.000000 0.508752 0.345975 33.7139 1 2.59894E-15 3.57332 6.8992E-01 0.291325 0.0135931
1.54102E+06 3.403846 3.552680 2.000000 0.510916 0.345975 35.8559 1 4.65631E-15 3.57037 6.8992E-01 0.291325 0.0135931
1.70004E+06 3.428769 3.550308 2.000000 0.513341 0.345975 38.2498 1 8.55797E-15 3.56725 6.8992E-01 0.291325 0.0135931
1.86054E+06 3.454563 3.547807 2.000000 0.516048 0.345975 40.9033 1 1.61586E-14 3.56399 6.8992E-01 0.291325 0.0135931
2.02164E+06 3.481042 3.545179 2.000000 0.519052 0.345975 43.8454 1 3.12537E-14 3.56055 6.8992E-01 0.291325 0.0135931
2.18236E+06 3.507988 3.542468 2.000000 0.522366 0.345975 47.0801 1 6.15282E-14 3.55698 6.8992E-01 0.291325 0.0135931
2.34166E+06 3.535164 3.539769 2.000000 0.525996 0.345975 50.6106 1 1.22025E-13 3.55331 6.8992E-01 0.291325 0.0135931
2.49854E+06 3.562328 3.536984 2.000000 0.529939 0.345975 54.4256 1 2.44446E-13 3.54958 6.8992E-01 0.291325 0.0135931
2.65206E+06 3.589247 3.534216 2.000000 0.534186 0.345975 58.5210 1 4.89239E-13 3.54581 6.8992E-01 0.291325 0.0135931
2.80144E+06 3.615712 3.531437 2.000000 0.538721 0.345975 62.9086 1 9.77004E-13 3.54196 6.8992E-01 0.291325 0.0135931
2.94604E+06 3.641546 3.528719 2.000000 0.543523 0.345975 67.4935 1 1.92946E-12 3.53823 6.8992E-01 0.291325 0.0135931
3.08537E+06 3.666612 3.526077 2.000000 0.548566 0.345975 72.3611 1 3.76004E-12 3.53442 6.8992E-01 0.291325 0.0135931
3.21914E+06 3.690808 3.523437 1.999999 0.553820 0.345975 77.3918 1 7.24273E-12 3.53074 6.8992E-01 0.291325 0.0135931
3.34716E+06 3.714071 3.520957 1.999999 0.559254 0.345975 82.5915 1 1.36310E-11 3.52714 6.8992E-01 0.291325 0.0135931
3.46939E+06 3.736367 3.518501 1.999998 0.564838 0.345975 87.9715 1 2.52870E-11 3.52358 6.8992E-01 0.291325 0.0135931
3.58587E+06 3.757686 3.516219 1.999996 0.570542 0.345975 93.5034 1 4.57477E-11 3.52008 6.8992E-01 0.291325 0.0135931
3.69670E+06 3.778039 3.513986 1.999993 0.576336 0.345975 99.1579 1 8.13722E-11 3.51667 6.8992E-01 0.291325 0.0135931
3.80205E+06 3.797450 3.511870 1.999988 0.582194 0.345975 104.8987 1 1.41640E-10 3.51337 6.8992E-01 0.291325 0.0135931
3.90213E+06 3.815953 3.509851 1.999980 0.588091 0.345975 110.7401 1 2.41786E-10 3.51015 6.8992E-01 0.291325 0.0135931
3.99714E+06 3.833589 3.507893 1.999967 0.594005 0.345975 116.6672 1 4.05887E-10 3.50701 6.8992E-01 0.291325 0.0135931
4.08732E+06 3.850402 3.506057 1.999947 0.599916 0.345975 122.5643 1 6.66723E-10 3.50408 6.8992E-01 0.291325 0.0135931
4.17293E+06 3.866438 3.504288 1.999882 0.605807 0.345975 323.8519 0 3.88086E-09 3.54493 6.8992E-01 0.291325 0.0135931
4.25420E+06 3.881732 3.502566 1.999726 0.611659 0.357134 342.9057 0 5.65403E-09 3.54277 6.8992E-01 0.291325 0.0135931
4.33138E+06 3.895149 3.501023 1.999516 0.616900 0.376506 360.6199 0 7.88508E-09 3.54083 6.8965E-01 0.291515 0.0136694
4.40530E+06 3.907141 3.499559 1.999209 0.621680 0.401955 377.0668 0 1.06823E-08 3.53912 6.8917E-01 0.291845 0.0138018
4.47663E+06 3.918061 3.498190 1.998812 0.626120 0.431983 392.4974 0 1.41251E-08 3.5376 6.8853E-01 0.292294 0.0139756
4.54575E+06 3.928138 3.496895 1.998309 0.630300 0.465406 407.2755 0 1.83307E-08 3.53619 6.8776E-01 0.292834 0.0141805
4.61288E+06 3.937533 3.495716 1.997682 0.634277 0.501275 421.3786 0 2.33449E-08 3.53489 6.8688E-01 0.293444 0.0144084
4.67815E+06 3.946367 3.494612 1.996874 0.638091 0.538874 435.0529 0 2.93238E-08 3.53366 6.8593E-01 0.294123 0.0146527
4.74163E+06 3.954731 3.493575 1.995891 0.641775 0.577631 448.4947 0 3.64065E-08 3.53245 6.8492E-01 0.294843 0.0149089
4.80338E+06 3.962612 3.492684 1.994722 0.645311 0.616754 461.6331 0 4.44284E-08 3.53127 6.8386E-01 0.295592 0.0151726
4.86349E+06 3.970186 3.491796 1.993329 0.648777 0.65622 474.6432 0 5.39788E-08 3.53011 6.8278E-01 0.296372 0.0154389
4.92197E+06 3.977467 3.490995 1.991687 0.652171 0.695719 487.3097 0 6.49526E-08 3.52901 6.8167E-01 0.297171 0.015707
4.97887E+06 3.984492 3.490242 1.989761 0.655503 0.734995 500.1845 0 7.76695E-08 3.52785 6.8054E-01 0.297981 0.0159753
5.03423E+06 3.991292 3.489545 1.987520 0.658785 0.773938 513.0550 0 9.23039E-08 3.52668 6.7940E-01 0.29881 0.0162418
5.08809E+06 3.997893 3.488901 1.984888 0.662022 0.812362 525.8316 0 1.09130E-07 3.52552 6.7826E-01 0.29964 0.0165055
5.14049E+06 4.004316 3.488304 1.981849 0.665222 0.850171 538.9156 0 1.28475E-07 3.52428 6.7712E-01 0.300479 0.0167656
5.19145E+06 4.010579 3.487695 1.978346 0.668388 0.887297 552.1449 0 1.51291E-07 3.523 6.7598E-01 0.301319 0.0170211
5.24104E+06 4.016699 3.487066 1.974300 0.671526 0.923671 565.5503 0 1.78411E-07 3.52167 6.7484E-01 0.302158 0.0172717
5.28927E+06 4.022689 3.486362 1.969597 0.674639 0.959243 579.3450 0 2.11663E-07 3.52024 6.7371E-01 0.302987 0.0175165
5.33619E+06 4.028563 3.485466 1.967590 0.677730 0.994057 591.9948 0 2.50742E-07 3.51925 6.7259E-01 0.303817 0.0177556
5.38183E+06 4.034311 3.482607 1.964922 0.680791 1.02807 604.8763 0 3.39601E-07 3.5182 6.7148E-01 0.304646 0.017989
5.42624E+06 4.039950 3.423835 1.963359 0.683828 1.06135 617.4664 0 5.96388E-08 3.51729 6.7038E-01 0.305466 0.0182166
5.46948E+06 4.045476 3.410995 1.960844 0.686836 1.09384 630.1866 0 7.52862E-08 3.51631 6.6929E-01 0.306285 0.0184388
5.51158E+06 4.050904 3.404297 1.958076 0.689820 1.12557 643.2142 0 8.47725E-08 3.51527 6.6821E-01 0.307095 0.018655
5.55257E+06 4.056238 3.399679 1.955141 0.692781 1.15653 656.2977 0 9.19505E-08 3.51424 6.6714E-01 0.307904 0.0188656
5.59250E+06 4.061484 3.396110 1.952087 0.695719 1.18672 669.5687 0 9.79006E-08 3.51318 6.6609E-01 0.308704 0.0190705
5.63138E+06 4.066645 3.393133 1.948943 0.698636 1.21613 683.0601 0 1.03151E-07 3.5121 6.6504E-01 0.309503 0.0192696
5.66926E+06 4.071725 3.357354 1.301963 0.701545 1.21613 1261.8535 0 9.36988E-05 3.41979 6.6401E-01 0.310293 0.019463
5.70652E+06 4.080298 3.915539 0.706570 0.706570 1.21613 130.9497 1 1.39844E+12 3.63363 6.6401E-01 0.310293 0.019463
0.00000E+00 3.268300 3.571334 2.200000 0.507200 0.347349 23.0131 1 1.16875E-15 3.59378 6.8707E-01 0.294231 0.0136004
1.12100E+05 3.284400 3.569903 2.200000 0.508113 0.347349 23.9449 1 1.17947E-15 3.59206 6.8707E-01 0.294231 0.0136004
2.27954E+05 3.302203 3.568313 2.200000 0.509156 0.347349 25.0279 1 1.19204E-15 3.59011 6.8707E-01 0.294231 0.0136004
3.47799E+05 3.321503 3.566571 2.200000 0.510349 0.347349 26.2712 1 1.20690E-15 3.58792 6.8707E-01 0.294231 0.0136004
4.71822E+05 3.342346 3.564673 2.200000 0.511717 0.347349 27.6740 1 1.22421E-15 3.5856 6.8707E-01 0.294231 0.0136004
6.00125E+05 3.364743 3.562621 2.200000 0.513284 0.347349 29.2858 1 1.24482E-15 3.583 6.8707E-01 0.294231 0.0136004
7.32687E+05 3.388659 3.560400 2.200000 0.515078 0.347349 31.1124 1 1.26912E-15 3.58022 6.8707E-01 0.294231 0.0136004
8.69324E+05 3.414009 3.558053 2.200000 0.517128 0.347349 33.1828 1 1.29788E-15 3.57723 6.8707E-01 0.294231 0.0136004
1.00964E+06 3.440650 3.555532 2.200000 0.519463 0.347349 35.5274 1 2.22465E-15 3.57401 6.8707E-01 0.294231 0.0136004
1.15303E+06 3.468381 3.552898 2.200000 0.522109 0.347349 38.1620 1 4.38146E-15 3.57058 6.8707E-01 0.294231 0.0136004
1.29862E+06 3.496943 3.550155 2.200000 0.525088 0.347349 41.0866 1 8.85368E-15 3.56704 6.8707E-01 0.294231 0.0136004
1.44536E+06 3.526031 3.547337 2.200000 0.528417 0.347349 44.3272 1 1.82278E-14 3.56332 6.8707E-01 0.294231 0.0136004
1.59208E+06 3.555314 3.544406 2.200000 0.532104 0.347349 47.8788 1 3.81236E-14 3.55948 6.8707E-01 0.294231 0.0136004
1.73755E+06 3.584453 3.541499 2.200000 0.536144 0.347349 51.7254 1 7.97970E-14 3.55558 6.8707E-01 0.294231 0.0136004
1.88060E+06 3.613133 3.538616 2.200000 0.540524 0.347349 55.8409 1 1.66248E-13 3.55167 6.8707E-01 0.294231 0.0136004
2.02019E+06 3.641083 3.535756 2.200000 0.545222 0.347349 60.2076 1 3.43119E-13 3.54775 6.8707E-01 0.294231 0.0136004
2.15552E+06 3.668089 3.532986 2.200000 0.550205 0.347349 64.7922 1 6.95751E-13 3.54388 6.8707E-01 0.294231 0.0136004
2.28597E+06 3.694003 3.530238 2.200000 0.555439 0.347349 69.5258 1 1.38753E-12 3.54015 6.8707E-01 0.294231 0.0136004
2.41115E+06 3.718736 3.527675 2.200000 0.560885 0.347349 74.4498 1 2.68945E-12 3.53643 6.8707E-01 0.294231 0.0136004
2.53085E+06 3.742250 3.525146 2.200000 0.566504 0.347349 79.4432 1 5.10696E-12 3.53291 6.8707E-01 0.294231 0.0136004
2.64499E+06 3.764549 3.522757 2.199999 0.572261 0.347349 84.5919 1 9.44314E-12 3.52939 6.8707E-01 0.294231 0.0136004
2.75362E+06 3.785662 3.520519 2.199999 0.578119 0.347349 89.7236 1 1.69573E-11 3.52615 6.8707E-01 0.294231 0.0136004
2.85686E+06 3.805642 3.518327 2.199998 0.584047 0.347349 94.9819 1 2.98681E-11 3.5229 6.8707E-01 0.294231 0.0136004
2.95489E+06 3.824548 3.516357 2.199996 0.590016 0.347349 100.3016 1 5.09974E-11 3.51973 6.8707E-01 0.294231 0.0136004
3.04792E+06 3.842448 3.514395 2.199993 0.596001 0.347349 105.5998 1 8.56167E-11 3.51676 6.8707E-01 0.294231 0.0136004
3.13618E+06 3.859410 3.512554 2.199989 0.601980 0.347349 110.8867 1 1.40425E-10 3.51393 6.8707E-01 0.294231 0.0136004
3.21990E+06 3.875493 3.510841 2.199982 0.607929 0.347349 116.2616 1 2.25485E-10 3.51109 6.8707E-01 0.294231 0.0136004
3.29936E+06 3.890762 3.509180 2.199972 0.613834 0.360442 121.5224 1 3.55504E-10 3.50851 6.8707E-01 0.294231 0.0136004
3.37478E+06 3.903774 3.507665 2.199958 0.618957 0.383152 126.2535 1 5.29807E-10 3.50623 6.8676E-01 0.294431 0.0136892
3.44722E+06 3.915128 3.506265 2.199938 0.623506 0.413034 130.4993 1 7.56001E-10 3.50428 6.8622E-01 0.294801 0.0138431
3.51757E+06 3.925276 3.504951 2.199911 0.627642 0.448452 134.3888 1 1.04494E-09 3.50257 6.8550E-01 0.295301 0.0140456
3.58627E+06 3.934491 3.503723 2.199876 0.631467 0.488113 138.0068 1 1.40728E-09 3.50103 6.8463E-01 0.2959 0.0142853
3.65352E+06 3.942961 3.502630 2.199785 0.635048 0.530967 367.8084 0 6.64161E-09 3.56508 6.8364E-01 0.29658 0.0145541
3.71942E+06 3.950823 3.501593 2.199630 0.638435 0.57617 378.1675 0 8.14446E-09 3.56413 6.8256E-01 0.29733 0.0148443
3.78403E+06 3.958096 3.500653 2.199405 0.641625 0.622721 388.0018 0 9.82637E-09 3.56325 6.8140E-01 0.298139 0.0151504
3.84736E+06 3.964991 3.499755 2.199139 0.644711 0.67038 397.5787 0 1.17482E-08 3.5624 6.8019E-01 0.298989 0.0154659
3.90942E+06 3.971535 3.498947 2.198787 0.647696 0.718714 406.6460 0 1.38829E-08 3.56164 6.7894E-01 0.299868 0.0157889
3.97021E+06 3.977780 3.498212 2.198381 0.650597 0.767365 415.6891 0 1.62461E-08 3.56086 6.7765E-01 0.300778 0.0161165
4.02973E+06 3.983768 3.497559 2.197916 0.653430 0.816044 424.3306 0 1.88294E-08 3.56017 6.7634E-01 0.301717 0.0164461
4.08798E+06 3.989534 3.496853 2.197387 0.656205 0.864576 432.9204 0 2.18247E-08 3.55946 6.7501E-01 0.302657 0.016776
4.14499E+06 3.995107 3.496194 2.196786 0.658933 0.912767 441.3589 0 2.51417E-08 3.55878 6.7367E-01 0.303616 0.0171048
4.20077E+06 4.000510 3.495366 2.196055 0.661619 0.960493 449.5922 0 2.92284E-08 3.55814 6.7232E-01 0.304576 0.0174311
4.25533E+06 4.005763 3.494057 2.195795 0.664270 1.00766 457.6425 0 3.49455E-08 3.55756 6.7097E-01 0.305545 0.0177543
4.30870E+06 4.010879 3.459302 2.194937 0.666888 1.0542 465.8045 0 2.92676E-08 3.55692 6.6961E-01 0.306525 0.0180734
4.36090E+06 4.015875 3.429671 2.192809 0.669479 1.10005 474.3487 0 5.38478E-08 3.55611 6.6826E-01 0.307494 0.0183881
4.41197E+06 4.020769 3.421153 2.190343 0.672049 1.14517 482.9680 0 6.35298E-08 3.55527 6.6692E-01 0.308474 0.0186978
4.46190E+06 4.025569 3.416017 2.187672 0.674599 1.18949 491.6000 0 7.01894E-08 3.55442 6.6558E-01 0.309443 0.0190021
4.51073E+06 4.030284 3.412299 2.184851 0.677133 1.23302 500.2819 0 7.54880E-08 3.55356 6.6425E-01 0.310413 0.0193008
4.55848E+06 4.034913 3.400117 2.029179 0.679653 1.27254 569.4262 0 7.90596E-06 3.52961 6.6292E-01 0.311372 0.0195939
4.60530E+06 4.040396 3.376878 1.706854 0.682698 1.29839 756.3479 0 2.22531E-05 3.474 6.6171E-01 0.312262 0.0198596
4.63437E+06 4.037181 3.351775 1.132273 0.684270 1.29839 1308.7973 0 1.23867E-04 3.42113 6.6090E-01 0.312851 0.0200329
4.64970E+06 4.047756 3.573854 0.701384 0.686851 1.29839 419.6492 0 9.14382E-10 3.59934 6.6090E-01 0.312851 0.0200329
4.65032E+06 4.038450 3.571380 0.701384 0.686851 1.29839 417.9375 0 1.01958E-09 3.59747 6.6090E-01 0.312851 0.0200329
0.00000E+00 3.421700 3.565460 2.500000 0.527900 0.356484 29.5150 1 9.53388E-16 3.58686 6.8297E-01 0.298199 0.0135718
9.27533E+04 3.440778 3.563715 2.500000 0.529224 0.356484 30.9630 1 9.69132E-16 3.58469 6.8297E-01 0.298199 0.0135718
1.90157E+05 3.462103 3.561739 2.500000 0.530788 0.356484 32.6787 1 9.88334E-16 3.58222 6.8297E-01 0.298199 0.0135718
2.92467E+05 3.485410 3.559568 2.500000 0.532631 0.356484 34.6779 1 1.01172E-15 3.57945 6.8297E-01 0.298199 0.0135718
3.99755E+05 3.510582 3.557234 2.500000 0.534795 0.356484 36.9694 1 1.38358E-15 3.57648 6.8297E-01 0.298199 0.0135718
5.11822E+05 3.537386 3.554699 2.500000 0.537321 0.356484 39.6129 1 2.67166E-15 3.57318 6.8297E-01 0.298199 0.0135718
6.28125E+05 3.565473 3.552012 2.500000 0.540243 0.356484 42.6003 1 5.35520E-15 3.56968 6.8297E-01 0.298199 0.0135718
7.47750E+05 3.594399 3.549208 2.500000 0.543586 0.356484 45.9192 1 1.10327E-14 3.56605 6.8297E-01 0.298199 0.0135718
8.69454E+05 3.623654 3.546356 2.500000 0.547359 0.356484 49.5770 1 2.30649E-14 3.56227 6.8297E-01 0.298199 0.0135718
9.91789E+05 3.652722 3.543458 2.500000 0.551554 0.356484 53.5353 1 4.84845E-14 3.55841 6.8297E-01 0.298199 0.0135718
1.11327E+06 3.681128 3.540619 2.500000 0.556145 0.356484 57.7411 1 1.00891E-13 3.55457 6.8297E-01 0.298199 0.0135718
1.23256E+06 3.708491 3.537868 2.500000 0.561090 0.356484 62.1383 1 2.05954E-13 3.55078 6.8297E-01 0.298199 0.0135718
1.34856E+06 3.734548 3.535210 2.500000 0.566336 0.356484 66.6680 1 4.10093E-13 3.54711 6.8297E-01 0.298199 0.0135718
1.46049E+06 3.759155 3.532680 2.500000 0.571829 0.356484 71.2723 1 7.92028E-13 3.5436 6.8297E-01 0.298199 0.0135718
1.56786E+06 3.782266 3.530265 2.500000 0.577511 0.356484 75.9429 1 1.48362E-12 3.54018 6.8297E-01 0.298199 0.0135718
1.67042E+06 3.803908 3.528033 2.500000 0.583333 0.356484 80.6119 1 2.68151E-12 3.53696 6.8297E-01 0.298199 0.0135718
1.76811E+06 3.824157 3.525906 2.500000 0.589250 0.356484 85.2508 1 4.70401E-12 3.53392 6.8297E-01 0.298199 0.0135718
1.86098E+06 3.843111 3.523870 2.499999 0.595221 0.356484 89.8758 1 8.03170E-12 3.53101 6.8297E-01 0.298199 0.0135718
1.94917E+06 3.860878 3.522022 2.499999 0.601214 0.356484 94.4930 1 1.32845E-11 3.5282 6.8297E-01 0.298199 0.0135718
2.03286E+06 3.877568 3.520289 2.499998 0.607201 0.356484 99.0754 1 2.14189E-11 3.52552 6.8297E-01 0.298199 0.0135718
2.11228E+06 3.893274 3.518606 2.499997 0.613156 0.356484 103.5710 1 3.38326E-11 3.52302 6.8297E-01 0.298199 0.0135718
2.18764E+06 3.908093 3.517036 2.499996 0.619062 0.356484 108.0510 1 5.22754E-11 3.52059 6.8297E-01 0.298199 0.0135718
2.25919E+06 3.922111 3.515608 2.499994 0.624902 0.356484 112.5110 1 7.89607E-11 3.51824 6.8297E-01 0.298199 0.0135718
2.32714E+06 3.935401 3.514175 2.499991 0.630666 0.372139 116.9130 1 1.17827E-10 3.51601 6.8297E-01 0.298199 0.0135718
2.39173E+06 3.946119 3.512897 2.499987 0.635360 0.39879 120.5700 1 1.64385E-10 3.51423 6.8262E-01 0.298429 0.0136759
2.45431E+06 3.955089 3.511714 2.499982 0.639327 0.433596 123.6698 1 2.19011E-10 3.5128 6.8201E-01 0.298849 0.0138533
2.51596E+06 3.962876 3.510633 2.499975 0.642806 0.474789 126.4002 1 2.82121E-10 3.51158 6.8120E-01 0.299388 0.0140849
2.57714E+06 3.969773 3.509610 2.499966 0.645924 0.520999 128.8907 1 3.55032E-10 3.51048 6.8023E-01 0.300048 0.014359
2.63798E+06 3.975974 3.508682 2.499956 0.648763 0.571057 131.0796 1 4.36284E-10 3.5096 6.7913E-01 0.300798 0.0146668
2.69845E+06 3.981533 3.507826 2.499944 0.651339 0.623649 133.0962 1 5.26108E-10 3.50878 6.7793E-01 0.301627 0.0150007
2.75852E+06 3.986690 3.507042 2.499929 0.653767 0.678325 134.9434 1 6.25135E-10 3.50807 6.7665E-01 0.302517 0.0153518
2.81809E+06 3.991481 3.506291 2.499912 0.656058 0.73442 136.6771 1 7.34987E-10 3.50742 6.7530E-01 0.303447 0.0157171
2.87707E+06 3.995973 3.505593 2.499892 0.658240 0.791441 138.3179 1 8.55341E-10 3.50682 6.7390E-01 0.304406 0.0160923
2.93541E+06 4.000222 3.504905 2.499869 0.660336 0.848942 139.8758 1 9.89124E-10 3.50626 6.7247E-01 0.305406 0.0164741
2.99305E+06 4.004271 3.504190 2.499843 0.662364 0.906643 141.3184 1 1.13970E-09 3.50579 6.7101E-01 0.306415 0.0168597
3.04994E+06 4.008153 3.503237 2.499813 0.664338 0.964275 142.7377 1 1.33030E-09 3.50531 6.6953E-01 0.307445 0.017247
3.10607E+06 4.011898 3.501536 2.499799 0.666269 1.02167 144.1132 1 1.62839E-09 3.50486 6.6803E-01 0.308494 0.0176341
3.16142E+06 4.015526 3.456680 2.498854 0.668164 1.07867 386.5737 0 3.10882E-08 3.59784 6.6653E-01 0.309544 0.01802
3.21597E+06 4.019061 3.439537 2.497005 0.670034 1.13519 391.1722 0 4.48145E-08 3.59734 6.6503E-01 0.310593 0.0184036
3.26971E+06 4.022519 3.433138 2.494912 0.671884 1.19113 395.6930 0 5.13310E-08 3.59685 6.6352E-01 0.311653 0.0187842
3.32264E+06 4.025911 3.429104 2.492658 0.673718 1.24643 400.3798 0 5.60231E-08 3.59631 6.6202E-01 0.312703 0.0191611
3.37475E+06 4.029248 3.425983 2.488867 0.675540 1.30106 405.5115 0 3.78084E-07 3.59555 6.6051E-01 0.313762 0.019534
3.42605E+06 4.032544 3.423254 2.479571 0.677356 1.35494 411.8016 0 1.51397E-06 3.59417 6.5902E-01 0.314812 0.0199025
3.47654E+06 4.035828 3.419561 2.448013 0.679181 1.40797 424.2151 0 3.18967E-06 3.58988 6.5753E-01 0.315871 0.0202659
3.52618E+06 4.039203 3.414354 2.383019 0.681073 1.4598 446.8465 0 3.99542E-06 3.58109 6.5605E-01 0.316911 0.0206236
3.57477E+06 4.042796 3.406754 2.276947 0.683106 1.5096 484.8463 0 5.55146E-06 3.56634 6.5459E-01 0.31794 0.0209734
3.62195E+06 4.046797 3.394332 2.095855 0.685393 1.55486 557.8734 0 9.50356E-06 3.53969 6.5317E-01 0.31895 0.0213093
3.66732E+06 4.051653 3.363409 1.634284 0.688196 1.57772 826.6340 0 3.90299E-05 3.4605 6.5187E-01 0.319869 0.0216144
3.71026E+06 4.059387 4.000000 0.692728 0.692728 1.57772 131.0401 1 1.35060E+04 3.62975 6.5121E-01 0.320339 0.0217681
0.00000E+00 3.702600 3.554231 3.000000 0.595300 0.358159 54.8287 1 2.16455E-14 3.55423 6.7999E-01 0.301166 0.0135773
5.05098E+04 3.750963 3.549438 3.000000 0.597717 0.358159 60.9133 1 6.79829E-14 3.55109 6.7999E-01 0.301166 0.0135773
5.05098E+04 3.755815 3.548943 3.000000 0.597717 0.358159 62.3418 1 8.38100E-14 3.54894 6.7999E-01 0.301166 0.0135773
1.06088E+05 3.805973 3.543841 3.000000 0.600686 0.358159 70.4211 1 3.08373E-13 3.54384 6.7999E-01 0.301166 0.0135773
1.66518E+05 3.847307 3.539603 3.000000 0.604231 0.358159 77.0842 1 8.52092E-13 3.54109 6.7999E-01 0.301166 0.0135773
1.66518E+05 3.850889 3.539226 3.000000 0.604231 0.358159 78.5657 1 1.01143E-12 3.53923 6.7999E-01 0.301166 0.0135773
2.30918E+05 3.889544 3.535140 3.000000 0.608329 0.358159 86.0549 1 2.75848E-12 3.53571 6.7999E-01 0.301166 0.0135773
2.97870E+05 3.922073 3.531688 3.000000 0.612909 0.358159 93.2750 1 6.78937E-12 3.53218 6.7999E-01 0.301166 0.0135773
3.65768E+05 3.947688 3.528970 2.999999 0.617871 0.358159 98.9246 1 1.36509E-11 3.53007 6.7999E-01 0.301166 0.0135773
3.65768E+05 3.949300 3.528793 2.999999 0.617871 0.358159 100.0803 1 1.50930E-11 3.52879 6.7999E-01 0.301166 0.0135773
4.33185E+05 3.972261 3.526317 2.999999 0.623107 0.358159 105.6487 1 2.81189E-11 3.52669 6.7999E-01 0.301166 0.0135773
4.99075E+05 3.991960 3.524184 2.999998 0.628516 0.358159 110.9583 1 4.97187E-11 3.52452 6.7999E-01 0.301166 0.0135773
5.62789E+05 4.008539 3.522419 2.999996 0.634019 0.358159 115.1785 1 7.92087E-11 3.52326 6.7999E-01 0.301166 0.0135773
5.62789E+05 4.009191 3.522344 2.999996 0.634019 0.358159 116.0407 1 8.41575E-11 3.52234 6.7999E-01 0.301166 0.0135773
6.23994E+05 4.024530 3.520693 2.999993 0.639554 0.358159 120.2937 1 1.29007E-10 3.52097 6.7999E-01 0.301166 0.0135773
6.82565E+05 4.038410 3.519210 2.999988 0.645081 0.358159 124.7192 1 1.98904E-10 3.51921 6.7999E-01 0.301166 0.0135773
7.38506E+05 4.051134 3.517842 2.999982 0.650567 0.358159 128.6991 1 2.90859E-10 3.51784 6.7999E-01 0.301166 0.0135773
7.91890E+05 4.062925 3.516549 2.999973 0.655994 0.358159 132.5254 1 4.15795E-10 3.51655 6.7999E-01 0.301166 0.0135773
8.42826E+05 4.073951 3.515371 2.999962 0.661347 0.358159 136.1776 1 5.80901E-10 3.51537 6.7999E-01 0.301166 0.0135773
8.91439E+05 4.084337 3.514272 2.999946 0.666617 0.358159 139.6982 1 7.97174E-10 3.51427 6.7999E-01 0.301166 0.0135773
9.37859E+05 4.094180 3.513227 2.999926 0.671799 0.358159 143.1228 1 1.07892E-09 3.51323 6.7999E-01 0.301166 0.0135773
9.82214E+05 4.103475 3.512228 2.999900 0.676888 0.358159 145.8762 1 1.39925E-09 3.51279 6.7999E-01 0.301166 0.0135773
9.82214E+05 4.103554 3.512219 2.999900 0.676888 0.358159 146.4761 1 1.44415E-09 3.51222 6.7999E-01 0.301166 0.0135773
1.02463E+06 4.112455 3.511252 2.999866 0.681884 0.358159 149.1761 1 1.85692E-09 3.5118 6.7999E-01 0.301166 0.0135773
1.02463E+06 4.112517 3.511245 2.999866 0.681884 0.358159 149.7641 1 1.91419E-09 3.51125 6.7999E-01 0.301166 0.0135773
1.06521E+06 4.121118 3.510305 2.999823 0.686785 0.358159 152.8179 1 2.47729E-09 3.51048 6.7999E-01 0.301166 0.0135773
1.10409E+06 4.129394 3.509410 2.999769 0.691592 0.376169 156.1646 1 3.27389E-09 3.50941 6.7999E-01 0.301166 0.0135773
1.14135E+06 4.135192 3.508543 2.999705 0.694958 0.4054 158.5121 1 3.97368E-09 3.5087 6.7960E-01 0.301426 0.0136958
1.17848E+06 4.139588 3.507656 2.999628 0.697524 0.4054 160.3431 1 4.69847E-09 3.50814 6.7896E-01 0.301856 0.0138883
1.17848E+06 4.139613 3.507654 2.999628 0.697524 0.442706 160.8902 1 4.82656E-09 3.50765 6.7896E-01 0.301856 0.0138883
1.21656E+06 4.143229 3.506733 2.999535 0.699640 0.442706 162.3846 1 5.54807E-09 3.50722 6.7813E-01 0.302405 0.014134
1.21656E+06 4.143250 3.506732 2.999535 0.699640 0.486685 162.9410 1 5.70190E-09 3.50673 6.7813E-01 0.302405 0.014134
1.25572E+06 4.146290 3.505777 2.999423 0.701413 0.535885 164.8837 1 6.67141E-09 3.50578 6.7715E-01 0.303055 0.0144242
1.29577E+06 4.148860 3.504787 2.999292 0.702918 0.588965 166.5683 1 7.63903E-09 3.50495 6.7604E-01 0.303805 0.0147492
1.33646E+06 4.151057 3.503838 2.999136 0.704218 0.588965 167.9249 1 8.66521E-09 3.50433 6.7484E-01 0.304615 0.0151005
1.33646E+06 4.151068 3.503837 2.999136 0.704218 0.64474 168.5013 1 8.91466E-09 3.50384 6.7484E-01 0.304615 0.0151005
1.37753E+06 4.152993 3.502901 2.998957 0.705366 0.64474 169.5862 1 9.89080E-09 3.50339 6.7356E-01 0.305464 0.0154707
1.37753E+06 4.153001 3.502899 2.998957 0.705366 0.702335 170.1685 1 1.01796E-08 3.5029 6.7356E-01 0.305464 0.0154707
1.41881E+06 4.154726 3.501956 2.998752 0.706402 0.702335 171.2135 1 1.12551E-08 3.50245 6.7224E-01 0.306354 0.0158535
1.41881E+06 4.154732 3.501953 2.998752 0.706402 0.761051 171.8033 1 1.15866E-08 3.50195 6.7224E-01 0.306354 0.0158535
1.46014E+06 4.156315 3.501012 2.998520 0.707359 0.820385 173.1997 1 1.29404E-08 3.50118 6.7088E-01 0.307274 0.0162447
1.50143E+06 4.157791 3.500056 2.998257 0.708261 0.879989 174.7986 1 1.46736E-08 3.50023 6.6949E-01 0.308204 0.016641
1.54259E+06 4.159190 3.499142 2.997961 0.709124 0.879989 175.9451 1 1.63316E-08 3.49964 6.6809E-01 0.309143 0.01704
1.54259E+06 4.159191 3.499142 2.997961 0.709124 0.939597 176.5453 1 1.68158E-08 3.49915 6.6809E-01 0.309143 0.01704
1.58358E+06 4.160503 3.498265 2.997157 0.709960 0.999095 444.5330 0 8.47409E-08 3.60577 6.6668E-01 0.310093 0.0174401
1.62437E+06 4.161822 3.497397 2.997022 0.710778 1.05832 449.4703 0 9.09104E-08 3.60491 6.6527E-01 0.311043 0.01784
1.66492E+06 4.163047 3.496531 2.995578 0.711583 1.05832 453.7479 0 9.82578E-08 3.60423 6.6385E-01 0.312002 0.0182394
1.66492E+06 4.163026 3.496527 2.995578 0.711583 1.11724 456.0280 0 9.99643E-08 3.60373 6.6385E-01 0.312002 0.0182394
1.70524E+06 4.164190 3.495641 2.993790 0.712382 1.17579 461.9814 0 1.08852E-07 3.60269 6.6244E-01 0.312952 0.0186373
1.74529E+06 4.165333 3.494756 2.991853 0.713175 1.23396 467.2203 0 1.17216E-07 3.60183 6.6102E-01 0.313912 0.0190338
1.78508E+06 4.166555 3.493942 2.991270 0.713966 1.29167 472.8868 0 1.88647E-08 3.60087 6.5960E-01 0.314862 0.0194282
1.82459E+06 4.167768 3.493137 2.990661 0.714754 1.34892 479.3765 0 1.98315E-08 3.59975 6.5819E-01 0.315811 0.0198206
1.86384E+06 4.168978 3.492351 2.990024 0.715542 1.34892 482.6965 0 2.07855E-08 3.59931 6.5678E-01 0.316761 0.0202107
1.86384E+06 4.168974 3.492351 2.990024 0.715542 1.40576 485.0354 0 2.08213E-08 3.59883 6.5678E-01 0.316761 0.0202107
1.90282E+06 4.170178 3.491576 2.989359 0.716328 1.40576 488.3354 0 2.18000E-08 3.5984 6.5537E-01 0.317711 0.0205985
1.90282E+06 4.170174 3.491575 2.989359 0.716328 1.46211 490.7133 0 2.18380E-08 3.59792 6.5537E-01 0.317711 0.0205985
1.94153E+06 4.171373 3.490793 2.988666 0.717113 1.46211 494.0666 0 2.28504E-08 3.59748 6.5396E-01 0.31866 0.0209839
1.94153E+06 4.171368 3.490792 2.988666 0.717113 1.51802 496.4849 0 2.28911E-08 3.597 6.5396E-01 0.31866 0.0209839
1.97997E+06 4.172558 3.490024 2.987944 0.717899 1.57355 501.4157 0 2.39687E-08 3.59626 6.5256E-01 0.3196 0.021367
2.01815E+06 4.173743 3.489286 2.987192 0.718683 1.62858 507.0708 0 2.50612E-08 3.5954 6.5116E-01 0.32054 0.0217481
2.05607E+06 4.174930 3.488557 2.986412 0.719468 1.62858 511.1545 0 2.61379E-08 3.59485 6.4976E-01 0.321479 0.0221263
2.05607E+06 4.174925 3.488556 2.986412 0.719468 1.68304 513.6141 0 2.61811E-08 3.59437 6.4976E-01 0.321479 0.0221263
2.09372E+06 4.176103 3.487829 2.985601 0.720253 1.73727 519.3486 0 2.73306E-08 3.59353 6.4837E-01 0.322419 0.0225014
2.13110E+06 4.177283 3.487117 2.984760 0.721038 1.73727 522.5856 0 2.84581E-08 3.59316 6.4698E-01 0.323349 0.0228754
2.13110E+06 4.177277 3.487116 2.984760 0.721038 1.79095 525.0841 0 2.85032E-08 3.59269 6.4698E-01 0.323349 0.0228754
2.16823E+06 4.178455 3.486411 2.983889 0.721824 1.79095 528.3114 0 2.96546E-08 3.59233 6.4560E-01 0.324278 0.0232463
2.16823E+06 4.178449 3.486410 2.983889 0.721824 1.84423 530.8341 0 2.97024E-08 3.59186 6.4560E-01 0.324278 0.0232463
2.20510E+06 4.179618 3.485701 2.982986 0.722609 1.89698 535.7906 0 3.09350E-08 3.5912 6.4422E-01 0.325208 0.0236151
2.24170E+06 4.180784 3.485017 2.982052 0.723395 1.94949 541.5440 0 3.21827E-08 3.5904 6.4284E-01 0.326138 0.0239807
2.27806E+06 4.181947 3.484357 2.981086 0.724182 2.00148 548.1206 0 3.34437E-08 3.58946 6.4146E-01 0.327058 0.0243452
2.31415E+06 4.183114 3.483689 2.980089 0.724968 2.00148 551.3242 0 3.46879E-08 3.58915 6.4009E-01 0.327987 0.0247064
2.31415E+06 4.183107 3.483688 2.980089 0.724968 2.05296 553.9184 0 3.47411E-08 3.58868 6.4009E-01 0.327987 0.0247064
2.35000E+06 4.184265 3.483035 2.979059 0.725755 2.10421 558.7855 0 3.60568E-08 3.58808 6.3873E-01 0.328897 0.0250646
2.38559E+06 4.185420 3.482378 2.977997 0.726543 2.15493 565.5379 0 3.74059E-08 3.58715 6.3736E-01 0.329817 0.0254216
2.42093E+06 4.186581 3.481730 2.976870 0.727331 2.15493 568.7565 0 4.91266E-08 3.58686 6.3600E-01 0.330736 0.0257756
2.42093E+06 4.186571 3.481728 2.976870 0.727331 2.2053 571.4098 0 5.96873E-08 3.5864 6.3600E-01 0.330736 0.0257756
2.45602E+06 4.187706 3.481081 2.975507 0.728119 2.25533 576.4370 0 1.00334E-07 3.5858 6.3465E-01 0.331646 0.0261274
2.49087E+06 4.188809 3.480447 2.973635 0.728909 2.30483 583.2903 0 1.95784E-07 3.58491 6.3329E-01 0.332556 0.026477
2.52546E+06 4.189909 3.479822 2.970788 0.729700 2.30483 586.5987 0 2.91224E-07 3.58466 6.3194E-01 0.333466 0.0268235
2.52546E+06 4.189851 3.479814 2.970788 0.729700 2.35397 589.3423 0 3.56367E-07 3.58418 6.3194E-01 0.333466 0.0268235
2.55982E+06 4.190776 3.479129 2.966087 0.730493 2.40278 595.0352 0 6.33785E-07 3.58355 6.3060E-01 0.334365 0.027168
2.59392E+06 4.191465 3.478392 2.957569 0.731292 2.45137 602.2925 0 1.29748E-06 3.58271 6.2925E-01 0.335275 0.0275101
2.62776E+06 4.192056 3.477603 2.939746 0.732100 2.45137 608.1542 0 2.45183E-06 3.58235 6.2791E-01 0.336175 0.0278513
2.62776E+06 4.191581 3.477534 2.939746 0.732100 2.49946 611.5819 0 3.24542E-06 3.58168 6.2791E-01 0.336175 0.0278513
2.66135E+06 4.190735 3.476287 2.905780 0.732931 2.54753 624.3422 0 3.53435E-06 3.58034 6.2657E-01 0.337074 0.0281893
2.69462E+06 4.189110 3.474721 2.857268 0.733805 2.59539 640.8843 0 3.87226E-06 3.57868 6.2523E-01 0.337974 0.0285272
2.72752E+06 4.186885 3.472804 2.795638 0.734738 2.64306 661.9160 0 4.32429E-06 3.57669 6.2389E-01 0.338884 0.0288639
2.75994E+06 4.184035 3.470584 2.718389 0.735754 2.69041 688.4356 0 4.93733E-06 3.57435 6.2254E-01 0.339784 0.0291996
2.79181E+06 4.180584 3.467830 2.625897 0.736782 2.73616 722.4797 0 5.79491E-06 3.57152 6.2120E-01 0.340693 0.029533
2.82302E+06 4.176757 3.464490 2.513155 0.738043 2.78117 768.1608 0 7.07459E-06 3.56807 6.1989E-01 0.341573 0.0298552
2.85344E+06 4.171971 3.459890 2.363778 0.739502 2.82431 813.4469 0 9.04898E-06 3.55169 6.1860E-01 0.342443 0.0301723
2.88289E+06 4.166525 3.453588 2.168873 0.741263 2.8643 879.3930 0 1.27155E-05 3.52754 6.1735E-01 0.343292 0.0304761
2.91109E+06 4.159098 3.442623 1.853538 0.743476 2.89508 1014.2092 0 2.34533E-05 3.4846 6.1618E-01 0.344082 0.0307577
2.93280E+06 4.149459 3.429241 1.310692 0.745454 2.89508 1361.5740 0 7.44000E-05 3.43004 6.1528E-01 0.344692 0.0309739
2.93777E+06 4.147729 3.493849 0.837895 0.746605 2.89508 1147.1898 0 5.58596E-05 3.49385 6.1528E-01 0.344692 0.0309739
2.96252E+06 4.153620 4.000000 0.750443 0.750443 2.89508 193.6565 1 0.00000E+00 3.60301 6.1528E-01 0.344692 0.0309739
0.00000E+00 3.917700 3.544183 3.500000 0.691700 0.364894 78.8869 1 3.53388E-13 3.54418 6.8202E-01 0.299131 0.0135582
2.12499E+04 3.972633 3.538491 3.500000 0.693475 0.364894 89.7729 1 1.48982E-12 3.5392 6.8202E-01 0.299131 0.0135582
4.43947E+04 4.024671 3.532936 3.500000 0.695588 0.364894 102.5585 1 6.80926E-12 3.53294 6.8202E-01 0.299131 0.0135582
6.94051E+04 4.071823 3.527837 3.500000 0.698055 0.364894 114.7654 1 2.54656E-11 3.52844 6.8202E-01 0.299131 0.0135582
9.60812E+04 4.112826 3.523248 3.499999 0.700865 0.372244 127.6893 1 9.22639E-11 3.52325 6.8202E-01 0.299131 0.0135582
1.24061E+05 4.145251 3.519547 3.499997 0.703110 0.387768 138.1131 1 2.44020E-10 3.51999 6.8182E-01 0.299281 0.0136055
1.53580E+05 4.168446 3.516651 3.499991 0.704917 0.387768 146.1709 1 5.13181E-10 3.51758 6.8145E-01 0.299541 0.0137071
1.53580E+05 4.170480 3.516414 3.499991 0.704917 0.411232 147.8755 1 5.80598E-10 3.51641 6.8145E-01 0.299541 0.0137071
1.85153E+05 4.190038 3.513856 3.499978 0.706436 0.442393 155.3341 1 1.09832E-09 3.51418 6.8093E-01 0.299891 0.0138618
2.18696E+05 4.204837 3.511686 3.499954 0.707700 0.480467 161.8114 1 1.88136E-09 3.51197 6.8028E-01 0.300311 0.0140685
2.53884E+05 4.215760 3.509850 3.499915 0.708738 0.524283 167.0373 1 2.87763E-09 3.5101 6.7951E-01 0.300801 0.0143225
2.90345E+05 4.223101 3.508397 3.499857 0.709586 0.524283 170.4287 1 3.85504E-09 3.50902 6.7864E-01 0.30134 0.0146163
2.90345E+05 4.223691 3.508327 3.499857 0.709586 0.572625 171.4236 1 4.08691E-09 3.50833 6.7864E-01 0.30134 0.0146163
3.27747E+05 4.229403 3.506993 3.499778 0.710283 0.624397 174.4873 1 5.20697E-09 3.50719 6.7771E-01 0.30191 0.0149417
3.65819E+05 4.233529 3.505793 3.499678 0.710866 0.678705 177.4470 1 6.56527E-09 3.50579 6.7672E-01 0.30252 0.0152917
4.04358E+05 4.236536 3.504697 3.499556 0.711364 0.734821 179.7282 1 7.84140E-09 3.5047 6.7568E-01 0.30315 0.0156606
4.43212E+05 4.238764 3.503700 3.499412 0.711802 0.792269 181.6711 1 9.11508E-09 3.5037 6.7462E-01 0.30379 0.0160436
4.82276E+05 4.240355 3.502776 3.499246 0.712196 0.792269 182.6866 1 1.00512E-08 3.50329 6.7353E-01 0.30444 0.0164372
4.82276E+05 4.240450 3.502765 3.499246 0.712196 0.85063 183.3859 1 1.04050E-08 3.50277 6.7353E-01 0.30444 0.0164372
5.21470E+05 4.241760 3.501855 3.499057 0.712561 0.909676 184.7582 1 1.15644E-08 3.50202 6.7242E-01 0.305099 0.0168389
5.60743E+05 4.242764 3.500978 3.498846 0.712904 0.909676 185.7612 1 1.27325E-08 3.50149 6.7131E-01 0.305759 0.0172472
5.60743E+05 4.242808 3.500972 3.498846 0.712904 0.969194 186.4391 1 1.31539E-08 3.50097 6.7131E-01 0.305759 0.0172472
6.00055E+05 4.243657 3.500102 3.498760 0.713234 0.969194 187.1796 1 5.13878E-09 3.50061 6.7018E-01 0.306429 0.0176603
6.00055E+05 4.243690 3.500096 3.498760 0.713234 1.029 187.8573 1 1.46570E-08 3.5001 6.7018E-01 0.306429 0.0176603
6.39380E+05 4.244444 3.499255 3.498666 0.713554 1.08903 188.9935 1 1.59818E-08 3.49942 6.6904E-01 0.307099 0.0180777
6.78698E+05 4.245086 3.498456 3.498378 0.713867 1.14921 482.0482 0 8.43513E-08 3.60575 6.6790E-01 0.307769 0.0184983
7.17996E+05 4.245605 3.497652 3.497568 0.714176 1.20946 487.6765 0 9.09937E-08 3.60464 6.6675E-01 0.308438 0.0189217
7.57264E+05 4.246115 3.496865 3.497053 0.714484 1.26974 491.6934 0 1.73306E-08 3.60386 6.6560E-01 0.309108 0.0193476
7.96493E+05 4.246591 3.496082 3.496510 0.714789 1.26974 494.7372 0 1.82203E-08 3.60327 6.6445E-01 0.309778 0.0197758
7.96493E+05 4.246591 3.496082 3.496510 0.714789 1.33001 497.2645 0 1.82521E-08 3.60277 6.6445E-01 0.309778 0.0197758
8.35678E+05 4.247041 3.495291 3.495938 0.715095 1.39023 502.1023 0 1.92142E-08 3.60183 6.6329E-01 0.310458 0.0202057
8.74814E+05 4.247479 3.494527 3.495336 0.715400 1.39023 504.2565 0 2.01673E-08 3.60142 6.6212E-01 0.311128 0.0206371
8.74814E+05 4.247474 3.494527 3.495336 0.715400 1.45038 506.8252 0 2.02011E-08 3.60092 6.6212E-01 0.311128 0.0206371
9.13899E+05 4.247893 3.493794 3.494704 0.715705 1.51042 510.5920 0 2.12099E-08 3.6002 6.6096E-01 0.311797 0.02107
9.52928E+05 4.248301 3.493054 3.494040 0.716012 1.57029 516.0801 0 2.22594E-08 3.59916 6.5979E-01 0.312467 0.0215041
9.91899E+05 4.248709 3.492322 3.493344 0.716319 1.57029 518.1076 0 2.33038E-08 3.59879 6.5862E-01 0.313147 0.0219388
9.91899E+05 4.248701 3.492322 3.493344 0.716319 1.63017 520.7365 0 2.33421E-08 3.59829 6.5862E-01 0.313147 0.0219388
1.03081E+06 4.249104 3.491588 3.492614 0.716626 1.63017 522.7729 0 2.44233E-08 3.59792 6.5744E-01 0.313817 0.0223753
1.03081E+06 4.249094 3.491588 3.492614 0.716626 1.68977 525.4416 0 2.44639E-08 3.59741 6.5744E-01 0.313817 0.0223753
1.06966E+06 4.249482 3.490862 3.491850 0.716935 1.74913 529.2910 0 2.56195E-08 3.59671 6.5627E-01 0.314497 0.0228118
1.10844E+06 4.249876 3.490147 3.491050 0.717245 1.74913 532.1052 0 2.67635E-08 3.59621 6.5509E-01 0.315167 0.0232484
1.10844E+06 4.249866 3.490148 3.491050 0.717245 1.80823 534.8202 0 2.68058E-08 3.5957 6.5509E-01 0.315167 0.0232484
1.14716E+06 4.250245 3.489448 3.490215 0.717556 1.86722 538.5860 0 2.80210E-08 3.59503 6.5391E-01 0.315846 0.0236848
1.18581E+06 4.250620 3.488776 3.489342 0.717867 1.92596 543.9858 0 2.92569E-08 3.59406 6.5272E-01 0.316516 0.0241223
1.22439E+06 4.251004 3.488102 3.488431 0.718181 1.92596 545.8009 0 3.04846E-08 3.59376 6.5154E-01 0.317196 0.0245596
1.22439E+06 4.250992 3.488103 3.488431 0.718181 1.98433 548.5546 0 3.05306E-08 3.59326 6.5154E-01 0.317196 0.0245596
1.26290E+06 4.251361 3.487431 3.487482 0.718495 2.04259 552.2585 0 3.18407E-08 3.59262 6.5035E-01 0.317876 0.024996
1.30134E+06 4.251740 3.486755 3.486493 0.718810 2.04259 554.9897 0 3.31410E-08 3.59217 6.4916E-01 0.318546 0.0254333
1.30134E+06 4.251726 3.486755 3.486493 0.718810 2.10046 557.8223 0 3.31922E-08 3.59166 6.4916E-01 0.318546 0.0254333
1.33970E+06 4.252088 3.486070 3.485464 0.719127 2.15825 561.6706 0 3.45892E-08 3.59101 6.4797E-01 0.319225 0.0258696
1.37799E+06 4.252447 3.485419 3.484392 0.719445 2.2158 566.2669 0 3.59998E-08 3.59023 6.4677E-01 0.319905 0.0263068
1.41620E+06 4.252818 3.484777 3.483279 0.719764 2.2158 568.8869 0 3.73880E-08 3.58982 6.4558E-01 0.320585 0.026744
1.41620E+06 4.252803 3.484778 3.483279 0.719764 2.27296 571.7738 0 3.74420E-08 3.58931 6.4558E-01 0.320585 0.026744
1.45434E+06 4.253171 3.484142 3.482122 0.720084 2.27296 573.4569 0 3.88624E-08 3.58906 6.4438E-01 0.321265 0.0271802
1.45434E+06 4.253156 3.484143 3.482122 0.720084 2.3299 576.3602 0 3.89174E-08 3.58856 6.4438E-01 0.321265 0.0271802
1.49239E+06 4.253505 3.483531 3.480921 0.720406 2.38661 579.8993 0 4.26232E-08 3.58799 6.4318E-01 0.321945 0.0276162
1.53036E+06 4.253843 3.482917 3.479611 0.720729 2.44311 584.4303 0 6.77650E-08 3.58726 6.4198E-01 0.322624 0.0280524
1.56825E+06 4.254156 3.482292 3.478059 0.721054 2.49937 589.0569 0 1.08384E-07 3.58652 6.4077E-01 0.323304 0.0284883
1.60606E+06 4.254420 3.481665 3.476067 0.721380 2.55541 593.7321 0 1.73491E-07 3.58577 6.3957E-01 0.323984 0.0289242
1.64378E+06 4.254608 3.481038 3.473390 0.721708 2.61109 598.4100 0 2.77225E-07 3.58503 6.3836E-01 0.324664 0.0293602
1.68142E+06 4.254666 3.480402 3.469546 0.722038 2.6667 603.1535 0 4.45123E-07 3.58429 6.3715E-01 0.325354 0.029795
1.71897E+06 4.254759 3.479795 3.463864 0.722370 2.6667 605.7572 0 6.21233E-07 3.58395 6.3594E-01 0.326033 0.0302309
1.71897E+06 4.254517 3.479813 3.463864 0.722370 2.7221 608.3626 0 7.37515E-07 3.58346 6.3594E-01 0.326033 0.0302309
1.75643E+06 4.254045 3.479140 3.455281 0.722707 2.77726 612.5157 0 1.13719E-06 3.58281 6.3473E-01 0.326713 0.0306666
1.79380E+06 4.253027 3.478449 3.441781 0.723050 2.83236 617.4862 0 1.88569E-06 3.58201 6.3351E-01 0.327403 0.0311023
1.83107E+06 4.252094 3.477756 3.419330 0.723402 2.83236 620.7313 0 2.82313E-06 3.58172 6.3229E-01 0.328083 0.0315391
1.83107E+06 4.251026 3.477812 3.419330 0.723402 2.8875 621.9777 0 3.03948E-06 3.58126 6.3229E-01 0.328083 0.0315391
1.86824E+06 4.247787 3.476871 3.385247 0.723770 2.94266 628.3887 0 3.49552E-06 3.58019 6.3106E-01 0.328773 0.0319778
1.90529E+06 4.243613 3.475781 3.341649 0.724161 2.99829 635.7771 0 3.68524E-06 3.57899 6.2982E-01 0.329472 0.0324186
1.94218E+06 4.238555 3.474606 3.288295 0.724582 3.05408 644.0446 0 3.90690E-06 3.5777 6.2857E-01 0.330172 0.0328645
1.97889E+06 4.232959 3.473298 3.227653 0.725043 3.11029 653.8007 0 4.17185E-06 3.57628 6.2730E-01 0.330882 0.0333133
2.01536E+06 4.226609 3.471841 3.156693 0.725554 3.16691 665.3771 0 4.49580E-06 3.57471 6.2602E-01 0.331602 0.0337673
2.05155E+06 4.219669 3.470085 3.075767 0.726131 3.22383 680.4115 0 4.91776E-06 3.57284 6.2472E-01 0.332332 0.0342265
2.08738E+06 4.211905 3.468036 2.980706 0.726790 3.28119 699.4788 0 5.47479E-06 3.57067 6.2340E-01 0.333061 0.0346896
2.12277E+06 4.203565 3.465600 2.871706 0.727559 3.33872 724.3901 0 6.23640E-06 3.56812 6.2207E-01 0.333811 0.0351579
2.15761E+06 4.193942 3.462424 2.736534 0.728470 3.39598 760.2400 0 7.40938E-06 3.56484 6.2072E-01 0.334561 0.0356291
2.19174E+06 4.183421 3.458239 2.572577 0.729586 3.45273 813.5217 0 9.34051E-06 3.56052 6.1937E-01 0.335321 0.0361003
2.22492E+06 4.170871 3.452154 2.352400 0.730886 3.50601 874.9443 0 1.27853E-05 3.5418 6.1802E-01 0.336071 0.0365682
2.25690E+06 4.155606 3.441573 2.019294 0.732726 3.55173 983.8665 0 2.20633E-05 3.50013 6.1674E-01 0.33679 0.0370092
2.28718E+06 4.130967 3.442069 0.970830 0.735462 3.55173 1537.1049 0 1.36303E-04 3.44208 6.1564E-01 0.33741 0.0373882
2.31518E+06 4.137459 3.629806 0.740180 0.740180 3.55173 505.7855 0 1.24467E-09 3.59545 6.1564E-01 0.33741 0.0373882
0.00000E+00 4.189400 3.526308 4.000000 0.809700 0.371044 133.4783 1 6.43040E-11 3.52631 6.8202E-01 0.29911 0.0135531
7.37221E+03 4.232624 3.521493 3.999999 0.810879 0.372214 148.1253 1 2.42396E-10 3.52204 6.8202E-01 0.29911 0.0135531
1.54208E+04 4.274724 3.516725 3.999997 0.811730 0.374429 164.6377 1 9.81658E-10 3.51726 6.8192E-01 0.2992 0.0135589
2.41511E+04 4.314890 3.512102 3.999985 0.812490 0.37794 182.2124 1 3.97928E-09 3.51262 6.8177E-01 0.29934 0.0135708
3.35841E+04 4.352283 3.507701 3.999937 0.813169 0.382585 200.4090 1 1.24057E-08 3.50819 6.8157E-01 0.29952 0.0135906
4.36866E+04 4.382963 3.504022 3.999368 0.813766 0.382585 570.4917 0 1.69703E-07 3.61414 6.8131E-01 0.299725 0.0136213
4.36866E+04 4.386075 3.503653 3.999368 0.813766 0.384367 583.1080 0 1.92026E-07 3.61276 6.8131E-01 0.299725 0.0136213
5.43932E+04 4.415616 3.500115 3.997726 0.814284 0.369355 649.0149 0 3.93008E-07 3.6096 6.8100E-01 0.299978 0.013671
6.56245E+04 4.438367 3.497288 3.994148 0.814727 0.369355 704.9559 0 6.98425E-07 3.60718 6.8063E-01 0.300259 0.0137538
6.56245E+04 4.440589 3.497014 3.994148 0.814727 0.330299 716.9344 0 7.66181E-07 3.60607 6.8063E-01 0.300259 0.0137538
7.72991E+04 4.459108 3.494523 3.987327 0.815103 0.330299 765.8356 0 1.21978E-06 3.6043 6.8020E-01 0.300564 0.013867
7.72991E+04 4.460837 3.494295 3.987327 0.815103 0.270298 776.8832 0 1.31701E-06 3.60331 6.8020E-01 0.300564 0.013867
8.93421E+04 4.475188 3.492228 3.975973 0.815421 0.270298 819.2534 0 1.92767E-06 3.60185 6.7972E-01 0.300894 0.0140037
8.93421E+04 4.476411 3.492064 3.975973 0.815421 0.200004 828.5739 0 2.04398E-06 3.60104 6.7972E-01 0.300894 0.0140037
1.01688E+05 4.487473 3.490121 3.958793 0.815691 0.134299 870.7149 0 2.88863E-06 3.59922 6.7919E-01 0.301257 0.0141543
1.14282E+05 4.494341 3.488585 3.934936 0.815922 0.086916 904.9238 0 3.81338E-06 3.59758 6.7863E-01 0.301642 0.0143064
1.27080E+05 4.497463 3.487343 3.904211 0.816121 0.0628566 930.1727 0 4.70652E-06 3.59625 6.7805E-01 0.302068 0.0144483
1.40045E+05 4.497396 3.486333 3.867040 0.816298 0.0547852 947.5232 0 5.50202E-06 3.59516 6.7745E-01 0.302525 0.0145756
1.53148E+05 4.495571 3.485565 3.823970 0.816457 0.0547852 957.1770 0 6.16511E-06 3.59459 6.7683E-01 0.303004 0.0146941
1.53148E+05 4.494696 3.485662 3.823970 0.816457 0.0448122 956.4450 0 6.08622E-06 3.59445 6.7683E-01 0.303004 0.0146941
1.66367E+05 4.488055 3.484840 3.765386 0.816605 0.0518283 961.3173 0 6.64299E-06 3.59352 6.7620E-01 0.303493 0.0148197
1.79686E+05 4.483142 3.484285 3.713953 0.816749 0.0518283 963.6164 0 7.11481E-06 3.59317 6.7557E-01 0.304002 0.0149353
1.79686E+05 4.481886 3.484417 3.713953 0.816749 0.0561716 960.9851 0 6.94988E-06 3.59312 6.7557E-01 0.304002 0.0149353
1.93079E+05 4.475961 3.483705 3.659176 0.816889 0.0561716 963.9230 0 7.50118E-06 3.59253 6.7492E-01 0.304502 0.0150583
1.93079E+05 4.474580 3.483849 3.659176 0.816889 0.0604073 960.7770 0 7.30603E-06 3.59251 6.7492E-01 0.304502 0.0150583
2.06536E+05 4.466413 3.483093 3.601295 0.817032 0.0655271 962.2314 0 7.80104E-06 3.5916 6.7428E-01 0.305001 0.0151863
2.20045E+05 4.457574 3.482691 3.540290 0.817181 0.0722117 957.4463 0 8.00716E-06 3.59124 6.7362E-01 0.305491 0.0153184
2.33597E+05 4.448166 3.482060 3.475852 0.817339 0.0812269 955.7339 0 8.43469E-06 3.59054 6.7297E-01 0.305991 0.0154545
2.47180E+05 4.438235 3.481360 3.407369 0.817512 0.093509 954.7742 0 8.98057E-06 3.58976 6.7232E-01 0.306481 0.0155937
2.60785E+05 4.427746 3.480546 3.333739 0.817703 0.109914 955.1964 0 9.72487E-06 3.58885 6.7166E-01 0.306981 0.0157355
2.74403E+05 4.416593 3.479596 3.253264 0.817918 0.130603 957.5765 0 1.07738E-05 3.58778 6.7100E-01 0.307471 0.0158793
2.88022E+05 4.404528 3.478564 3.162973 0.818163 0.154295 960.5820 0 1.21488E-05 3.58673 6.7033E-01 0.307961 0.0160255
3.01626E+05 4.391123 3.477237 3.057795 0.818449 0.179565 968.3622 0 1.44489E-05 3.58532 6.6965E-01 0.308471 0.0161758
3.15196E+05 4.375478 3.475415 2.927243 0.818790 0.206215 983.3418 0 1.86888E-05 3.58343 6.6896E-01 0.308981 0.0163333
3.28701E+05 4.355202 3.472605 2.742574 0.819212 0.234361 1014.5065 0 2.90329E-05 3.58058 6.6824E-01 0.309501 0.0164995
3.42090E+05 4.318532 3.465119 2.345478 0.819725 0.262924 1097.6814 0 1.08650E-04 3.55909 6.6750E-01 0.310031 0.0166758
3.55260E+05 4.260800 3.482160 1.021737 0.820709 0.262924 1371.2179 0 1.03911E-04 3.48217 6.6678E-01 0.310541 0.0168555
3.58992E+05 4.232386 3.723751 0.821069 0.821069 0.262924 367.2376 0 4.71193E-08 3.64456 6.6678E-01 0.310541 0.0168555
0.00000E+00 4.181100 3.537619 4.500000 0.824600 0.368486 114.7283 1 4.57363E-12 3.53762 6.5298E-01 0.328091 0.0135212
6.31463E+03 4.237970 3.531507 4.500000 0.825638 0.369255 131.3821 1 2.43751E-11 3.53222 6.5298E-01 0.328091 0.0135212
1.31321E+04 4.293509 3.525405 4.500000 0.826430 0.370753 150.8416 1 1.45005E-10 3.52611 6.5291E-01 0.328151 0.0135247
2.04568E+04 4.341801 3.519999 4.499998 0.827155 0.370753 169.3971 1 7.16604E-10 3.52138 6.5282E-01 0.328241 0.0135324
2.04568E+04 4.346856 3.519422 4.499998 0.827155 0.373134 173.2142 1 9.52159E-10 3.51942 6.5282E-01 0.328241 0.0135324
2.83127E+04 4.397147 3.513644 4.499985 0.827817 0.371935 196.6234 1 5.92716E-09 3.51364 6.5268E-01 0.328359 0.0135458
3.66902E+04 4.443522 3.508202 4.499878 0.828417 0.345566 593.7761 0 1.27067E-07 3.61729 6.5250E-01 0.328496 0.0135762
4.55561E+04 4.481320 3.503676 4.498786 0.828952 0.345566 675.9720 0 3.10478E-07 3.61395 6.5226E-01 0.328669 0.0136449
4.55561E+04 4.485186 3.503224 4.498786 0.828952 0.282047 694.1642 0 3.61110E-07 3.61229 6.5226E-01 0.328669 0.0136449
5.48646E+04 4.521514 3.498806 4.495613 0.829426 0.191527 792.5630 0 8.77548E-07 3.60831 6.5195E-01 0.328866 0.01375
6.45648E+04 4.551897 3.494962 4.487793 0.829841 0.104784 891.8952 0 1.94242E-06 3.60435 6.5158E-01 0.329096 0.0138797
7.46067E+04 4.575591 3.491785 4.471431 0.830203 0.0599459 981.7263 0 3.73401E-06 3.60106 6.5116E-01 0.32937 0.0140103
8.49461E+04 4.591765 3.489302 4.441753 0.830518 0.0515961 1055.4336 0 6.19624E-06 3.59848 6.5069E-01 0.329725 0.0141123
9.55463E+04 4.599917 3.487449 4.395053 0.830791 0.051763 1108.3481 0 8.91149E-06 3.59654 6.5018E-01 0.330143 0.0141906
1.06379E+05 4.600313 3.486294 4.331172 0.831030 0.0526904 1137.0184 0 1.11206E-05 3.5953 6.4963E-01 0.330602 0.0142679
1.17422E+05 4.594570 3.485252 4.253587 0.831239 0.0535992 1150.7111 0 1.28327E-05 3.59415 6.4906E-01 0.331071 0.0143507
1.28653E+05 4.584515 3.484727 4.167056 0.831425 0.0545209 1146.8810 0 1.34845E-05 3.59364 6.4848E-01 0.331551 0.0144396
1.40052E+05 4.571797 3.484108 4.075796 0.831590 0.0555947 1139.5141 0 1.39591E-05 3.5929 6.4788E-01 0.33204 0.0145348
1.51596E+05 4.557570 3.483639 3.982507 0.831741 0.0569877 1126.5019 0 1.40219E-05 3.59235 6.4728E-01 0.33252 0.014636
1.63263E+05 4.542570 3.483224 3.888575 0.831880 0.0588737 1111.2994 0 1.39246E-05 3.59187 6.4667E-01 0.333 0.0147434
1.75032E+05 4.527243 3.482827 3.794510 0.832014 0.0615373 1095.6840 0 1.38063E-05 3.59143 6.4607E-01 0.33348 0.0148566
1.86884E+05 4.511793 3.482376 3.699993 0.832148 0.0654327 1081.2212 0 1.38053E-05 3.59091 6.4546E-01 0.33395 0.0149755
1.98801E+05 4.496261 3.481828 3.604073 0.832286 0.071253 1068.7932 0 1.40167E-05 3.59029 6.4485E-01 0.33441 0.0150998
2.10766E+05 4.480568 3.481346 3.505203 0.832434 0.0800999 1055.1937 0 1.41933E-05 3.58988 6.4424E-01 0.33487 0.015229
2.22763E+05 4.464548 3.480523 3.401199 0.832599 0.093394 1048.4640 0 1.51261E-05 3.58894 6.4364E-01 0.33532 0.0153623
2.34775E+05 4.447882 3.479631 3.288588 0.832788 0.112498 1042.7285 0 1.64270E-05 3.58804 6.4304E-01 0.33576 0.0154987
2.46785E+05 4.430018 3.478357 3.161453 0.833012 0.136209 1043.7094 0 1.90114E-05 3.58668 6.4243E-01 0.33621 0.015637
2.58771E+05 4.409839 3.476564 3.007662 0.833287 0.161825 1053.3032 0 2.41324E-05 3.58478 6.4182E-01 0.33665 0.0157789
2.70701E+05 4.384426 3.473677 2.793925 0.833638 0.189076 1081.7019 0 3.74970E-05 3.5818 6.4118E-01 0.33712 0.0159287
2.82524E+05 4.336889 3.465119 2.299945 0.834082 0.216719 1171.0699 0 1.77439E-04 3.55498 6.4052E-01 0.33759 0.0160888
2.94149E+05 4.281424 3.491620 1.015501 0.835071 0.216719 1326.8511 0 1.03276E-04 3.49163 6.3987E-01 0.33805 0.0162518
2.97498E+05 4.260838 3.736950 0.835439 0.835439 0.216719 373.8492 0 2.46037E-08 3.64793 6.3987E-01 0.33805 0.0162518
0.00000E+00 4.261200 3.538377 5.000000 0.865500 0.376279 124.3356 1 6.04603E-12 3.53838 6.3504E-01 0.346078 0.013487
4.28012E+03 4.316447 3.532464 5.000000 0.866372 0.376279 141.0574 1 3.10078E-11 3.53392 6.3504E-01 0.346078 0.013487
4.28012E+03 4.322320 3.531834 5.000000 0.866372 0.376834 144.5646 1 4.17318E-11 3.53183 6.3504E-01 0.346078 0.013487
8.86483E+03 4.377640 3.525771 5.000000 0.867037 0.376834 164.1322 1 2.37709E-10 3.52729 6.3499E-01 0.346118 0.0134894
8.86483E+03 4.383524 3.525101 5.000000 0.867037 0.377767 168.3296 1 3.28965E-10 3.5251 6.3499E-01 0.346118 0.0134894
1.37602E+04 4.438149 3.518982 4.999996 0.867645 0.377767 190.9297 1 2.08006E-09 3.52052 6.3492E-01 0.346185 0.0134959
1.37602E+04 4.443937 3.518313 4.999996 0.867645 0.37097 195.8139 1 2.94895E-09 3.51831 6.3492E-01 0.346185 0.0134959
1.89833E+04 4.497087 3.512212 4.999947 0.868200 0.37097 595.0940 0 8.49839E-08 3.62287 6.3481E-01 0.346264 0.0135207
1.89833E+04 4.502691 3.511552 4.999947 0.868200 0.331049 617.1988 0 1.05287E-07 3.62067 6.3481E-01 0.346264 0.0135207
2.45312E+04 4.558679 3.505000 4.999183 0.868704 0.257851 754.7469 0 4.04109E-07 3.61481 6.3464E-01 0.346372 0.0135842
3.03868E+04 4.610693 3.498938 4.996057 0.869158 0.161997 916.5028 0 1.48236E-06 3.60866 6.3442E-01 0.346492 0.0136736
3.65256E+04 4.656819 3.493539 4.985012 0.869565 0.085694 1090.6601 0 4.77795E-06 3.60317 6.3414E-01 0.346664 0.0137812
4.29215E+04 4.692534 3.489219 4.951475 0.869927 0.0609252 1259.6636 0 1.28098E-05 3.5984 6.3382E-01 0.346878 0.0138755
4.95545E+04 4.711542 3.486102 4.871927 0.870248 0.0597316 1381.7251 0 2.51660E-05 3.59534 6.3344E-01 0.347194 0.0139328
5.64186E+04 4.709939 3.484053 4.733554 0.870535 0.0601762 1440.2320 0 3.67728E-05 3.5932 6.3303E-01 0.347553 0.0139756
6.35182E+04 4.692427 3.482909 4.552099 0.870792 0.0597663 1440.1405 0 4.22315E-05 3.59203 6.3258E-01 0.347942 0.0140223
7.08533E+04 4.666251 3.481997 4.351974 0.871020 0.059232 1414.0280 0 4.38499E-05 3.59098 6.3212E-01 0.348341 0.0140759
7.84089E+04 4.636443 3.481525 4.148218 0.871221 0.0590896 1369.5329 0 4.19992E-05 3.5906 6.3165E-01 0.348741 0.0141369
8.61578E+04 4.605316 3.480684 3.945331 0.871399 0.0597925 1333.4738 0 4.20014E-05 3.58955 6.3117E-01 0.34913 0.0142054
9.40657E+04 4.573616 3.479954 3.741532 0.871563 0.0621129 1295.9472 0 4.19264E-05 3.58878 6.3069E-01 0.34953 0.0142814
1.02096E+05 4.541013 3.478997 3.529498 0.871724 0.0677578 1264.1806 0 4.37271E-05 3.58784 6.3021E-01 0.34991 0.0143649
1.10208E+05 4.506053 3.477449 3.293082 0.871900 0.0804112 1245.6398 0 5.07403E-05 3.58622 6.2973E-01 0.35029 0.0144549
1.18361E+05 4.464537 3.474733 2.988114 0.872116 0.0983271 1250.4099 0 7.36808E-05 3.5834 6.2925E-01 0.35065 0.0145484
1.26498E+05 4.388764 3.464848 2.273054 0.872436 0.11772 1348.0113 0 2.31170E-04 3.55261 6.2875E-01 0.35104 0.014648
1.34552E+05 4.336350 3.476270 1.189282 0.873272 0.11772 1492.3400 0 1.20950E-04 3.47629 6.2822E-01 0.35144 0.0147564
1.38441E+05 4.332446 3.675467 0.874084 0.874084 0.11772 450.4694 0 2.86309E-06 3.64041 6.2822E-01 0.35144 0.0147564
