0.00000E+00 3.248100 3.527206 0.550000 0.504000 0.478562 166.7753 0 9.87587E-08 3.52721 6.9695E-01 0.284027 0.0134706
1.18185E+05 3.263273 3.529007 0.545010 0.504856 0.478562 171.1690 0 1.28055E-07 3.52901 6.9695E-01 0.284027 0.0134706
2.40066E+05 3.280162 3.533010 0.538344 0.505829 0.478562 173.4062 0 1.53833E-07 3.53302 6.9695E-01 0.284027 0.0134706
3.65882E+05 3.298469 3.540767 0.530420 0.506939 0.478562 170.8217 0 1.51956E-07 3.54077 6.9695E-01 0.284027 0.0134706
4.95831E+05 3.318254 3.554488 0.522846 0.508207 0.478562 159.9999 0 1.02141E-07 3.55449 6.9695E-01 0.284027 0.0134706
6.30044E+05 3.339551 3.571862 0.518436 0.509655 0.478562 144.7717 0 5.07209E-08 3.57186 6.9695E-01 0.284027 0.0134706
6.62511E+05 3.102698 3.352724 0.509674 0.509674 0.478562 189.7916 0 5.18338E-05 3.48406 6.9695E-01 0.284027 0.0134706
0.00000E+00 3.276200 3.512534 0.600000 0.508600 0.478562 187.2014 0 1.30359E-07 3.51253 6.9695E-01 0.284027 0.0134706
1.13421E+05 3.293016 3.512066 0.593069 0.509561 0.478562 197.2313 0 2.09728E-07 3.51207 6.9695E-01 0.284027 0.0134706
2.30854E+05 3.311737 3.513091 0.580969 0.510664 0.478562 207.5945 0 3.56278E-07 3.51309 6.9695E-01 0.284027 0.0134706
3.52561E+05 3.332067 3.519777 0.559333 0.511933 0.478562 211.7526 0 5.37519E-07 3.51978 6.9695E-01 0.284027 0.0134706
4.78747E+05 3.354049 3.546050 0.531526 0.513395 0.478562 184.1504 0 2.64617E-07 3.54604 6.9695E-01 0.284027 0.0134706
6.09511E+05 3.377677 3.580126 0.522227 0.515077 0.478562 145.4843 0 5.00168E-08 3.58011 6.9695E-01 0.284027 0.0134706
6.41190E+05 3.149858 3.352408 0.515100 0.515100 0.478562 199.2149 0 5.23856E-05 3.48936 6.9695E-01 0.284027 0.0134706
0.00000E+00 3.270100 3.509546 0.650000 0.511300 0.478405 176.4813 0 4.80849E-08 3.50955 6.9486E-01 0.285677 0.0134699
1.10690E+05 3.289235 3.507573 0.647428 0.512326 0.478405 188.1323 0 8.02276E-08 3.50757 6.9486E-01 0.285677 0.0134699
2.25570E+05 3.310443 3.505500 0.642743 0.513509 0.478405 202.2641 0 1.46031E-07 3.5055 6.9486E-01 0.285677 0.0134699
3.44904E+05 3.333412 3.503690 0.633351 0.514878 0.478405 219.2660 0 2.97950E-07 3.50369 6.9486E-01 0.285677 0.0134699
4.68884E+05 3.358147 3.503651 0.611544 0.516461 0.478405 239.2284 0 7.33800E-07 3.50365 6.9486E-01 0.285677 0.0134699
5.97581E+05 3.383415 3.527146 0.549901 0.518292 0.478405 225.7915 0 9.82595E-07 3.52714 6.9486E-01 0.285677 0.0134699
7.30926E+05 3.411486 3.630126 0.524053 0.520394 0.478405 100.0330 0 2.85992E-09 3.63013 6.9486E-01 0.285677 0.0134699
8.68487E+05 3.421242 3.545381 0.521254 0.521254 0.478405 102.6809 0 1.12840E-06 3.63019 6.9486E-01 0.285677 0.0134699
0.00000E+00 3.314000 3.504063 0.700000 0.514300 0.479514 191.2454 0 5.31185E-08 3.50406 6.9295E-01 0.28732 0.0134781
1.07738E+05 3.332542 3.501943 0.697217 0.515394 0.479514 203.8717 0 8.86417E-08 3.50194 6.9295E-01 0.28732 0.0134781
2.19845E+05 3.353216 3.499539 0.692099 0.516664 0.479514 219.5910 0 1.63744E-07 3.49954 6.9295E-01 0.28732 0.0134781
3.36595E+05 3.375714 3.497095 0.681602 0.518141 0.479514 239.2767 0 3.48658E-07 3.49709 6.9295E-01 0.28732 0.0134781
4.58165E+05 3.400032 3.495315 0.655111 0.519856 0.479514 266.0030 0 1.02180E-06 3.49532 6.9295E-01 0.28732 0.0134781
5.84588E+05 3.424290 3.533126 0.546063 0.521850 0.479514 235.9809 0 1.44113E-06 3.53313 6.9295E-01 0.28732 0.0134781
7.15771E+05 3.451854 3.827317 0.524151 0.524151 0.479514 31.7796 1 1.33696E-14 3.69677 6.9295E-01 0.28732 0.0134781
0.00000E+00 3.313000 3.509166 0.800000 0.517900 0.47157 161.6694 0 5.93568E-09 3.50917 6.9103E-01 0.289862 0.0134851
1.04252E+05 3.334036 3.506700 0.799684 0.519068 0.47157 173.2857 0 1.00700E-08 3.5067 6.9103E-01 0.289862 0.0134851
2.13038E+05 3.357377 3.503901 0.799099 0.520431 0.47157 187.3022 0 1.82533E-08 3.5039 6.9103E-01 0.289862 0.0134851
3.26631E+05 3.382685 3.500867 0.797948 0.522025 0.47157 203.9023 0 3.50930E-08 3.50087 6.9103E-01 0.289862 0.0134851
4.45183E+05 3.409895 3.497540 0.795534 0.523885 0.47157 223.8281 0 7.26384E-08 3.49754 6.9103E-01 0.289862 0.0134851
5.68647E+05 3.438851 3.493874 0.790027 0.526048 0.47157 248.2769 0 1.67191E-07 3.49387 6.9103E-01 0.289862 0.0134851
6.96712E+05 3.469301 3.489731 0.775615 0.528553 0.47157 280.3794 0 4.76976E-07 3.48973 6.9103E-01 0.289862 0.0134851
8.28755E+05 3.499761 3.485250 0.721589 0.531433 0.47157 333.3476 0 2.90910E-06 3.48525 6.9103E-01 0.289862 0.0134851
9.32436E+05 3.512620 3.509745 0.533412 0.533412 0.47157 371.0175 0 4.31828E-05 3.50692 6.9103E-01 0.289862 0.0134851
0.00000E+00 3.380900 3.507240 0.900000 0.521400 0.455306 172.1577 0 4.25341E-09 3.50724 6.8992E-01 0.291542 0.0135041
1.00963E+05 3.399472 3.505017 0.899788 0.522635 0.455306 183.0884 0 6.79324E-09 3.50502 6.8992E-01 0.291542 0.0135041
2.06593E+05 3.420318 3.502522 0.899417 0.524084 0.455306 196.2108 0 1.15134E-08 3.50252 6.8992E-01 0.291542 0.0135041
3.17165E+05 3.443119 3.499727 0.898732 0.525785 0.455306 211.8241 0 2.06806E-08 3.49973 6.8992E-01 0.291542 0.0135041
4.32803E+05 3.467818 3.496696 0.897391 0.527779 0.455306 230.2929 0 3.93754E-08 3.4967 6.8992E-01 0.291542 0.0135041
5.53400E+05 3.494263 3.493344 0.894667 0.530103 0.455306 252.4199 0 8.06003E-08 3.49334 6.8992E-01 0.291542 0.0135041
6.78541E+05 3.522194 3.489607 0.888472 0.532797 0.455306 279.5351 0 1.83219E-07 3.48961 6.8992E-01 0.291542 0.0135041
8.07459E+05 3.551252 3.485240 0.872564 0.535892 0.455306 315.2302 0 5.15877E-07 3.48524 6.8992E-01 0.291542 0.0135041
9.39044E+05 3.579904 3.479235 0.813813 0.539409 0.455306 377.5416 0 3.26960E-06 3.47924 6.8992E-01 0.291542 0.0135041
1.03836E+06 3.589271 3.479472 0.541697 0.541697 0.455306 541.3854 0 5.50906E-05 3.48223 6.8992E-01 0.291542 0.0135041
0.00000E+00 3.325500 3.518930 1.000000 0.522400 0.440769 124.6381 0 1.78159E-10 3.51893 6.8992E-01 0.2912 0.0135256
9.99566E+04 3.348738 3.516224 0.999984 0.523654 0.440769 134.4919 0 3.17217E-10 3.51622 6.8992E-01 0.2912 0.0135256
2.04611E+05 3.374437 3.513260 0.999964 0.525128 0.440769 146.2627 0 5.99248E-10 3.51326 6.8992E-01 0.2912 0.0135256
3.14239E+05 3.402214 3.510001 0.999924 0.526860 0.440769 160.2267 0 1.19660E-09 3.51 6.8992E-01 0.2912 0.0135256
4.28954E+05 3.431925 3.506506 0.999836 0.528890 0.440769 176.6652 0 2.51038E-09 3.50651 6.8992E-01 0.2912 0.0135256
5.48630E+05 3.463315 3.502746 0.999637 0.531260 0.440769 196.0033 0 5.52456E-09 3.50275 6.8992E-01 0.2912 0.0135256
6.72820E+05 3.496013 3.498778 0.999203 0.534007 0.440769 218.5476 0 1.26477E-08 3.49878 6.8992E-01 0.2912 0.0135256
8.00714E+05 3.529550 3.494644 0.998148 0.537160 0.440769 244.6410 0 2.99555E-08 3.49464 6.8992E-01 0.2912 0.0135256
9.31150E+05 3.563393 3.490337 0.995539 0.540739 0.440769 274.8499 0 7.37222E-08 3.49034 6.8992E-01 0.2912 0.0135256
1.06270E+06 3.596987 3.485795 0.988847 0.544748 0.440769 310.4134 0 1.94227E-07 3.48579 6.8992E-01 0.2912 0.0135256
1.19385E+06 3.629810 3.480718 0.970054 0.549174 0.440769 355.6114 0 6.21025E-07 3.48072 6.8992E-01 0.2912 0.0135256
1.32312E+06 3.660024 3.472627 0.884185 0.553988 0.440769 444.5321 0 6.37675E-06 3.47263 6.8992E-01 0.2912 0.0135256
1.40985E+06 3.663938 3.472422 0.556572 0.556572 0.440769 660.4779 0 5.66033E-05 3.47592 6.8992E-01 0.2912 0.0135256
0.00000E+00 3.397100 3.515701 1.100000 0.525700 0.425483 138.1577 0 2.01961E-10 3.5157 6.8992E-01 0.290984 0.0135376
9.69643E+04 3.417057 3.513368 1.099990 0.527014 0.425483 147.4993 0 3.31661E-10 3.51337 6.8992E-01 0.290984 0.0135376
1.98731E+05 3.439417 3.510761 1.099972 0.528566 0.425483 158.7108 0 5.77938E-10 3.51076 6.8992E-01 0.290984 0.0135376
3.05571E+05 3.463829 3.507886 1.099938 0.530398 0.425483 171.9669 0 1.06199E-09 3.50789 6.8992E-01 0.290984 0.0135376
4.17570E+05 3.490175 3.504756 1.099870 0.532550 0.425483 187.5733 0 2.05239E-09 3.50476 6.8992E-01 0.290984 0.0135376
5.34539E+05 3.518216 3.501377 1.099729 0.535067 0.425483 205.8385 0 4.15510E-09 3.50138 6.8992E-01 0.290984 0.0135376
6.55932E+05 3.547594 3.497804 1.099434 0.537983 0.425483 226.9843 0 8.73565E-09 3.4978 6.8992E-01 0.290984 0.0135376
7.80815E+05 3.577850 3.494080 1.098847 0.541327 0.425483 251.1929 0 1.89007E-08 3.49408 6.8992E-01 0.290984 0.0135376
9.07904E+05 3.608458 3.490252 1.097682 0.545111 0.425483 278.5874 0 4.17290E-08 3.49025 6.8992E-01 0.290984 0.0135376
1.03568E+06 3.638875 3.486376 1.095371 0.549331 0.425483 309.2635 0 9.34619E-08 3.48638 6.8992E-01 0.290984 0.0135376
1.16259E+06 3.668601 3.482444 1.090789 0.553961 0.425483 343.6104 0 2.13693E-07 3.48244 6.8992E-01 0.290984 0.0135376
1.28720E+06 3.697233 3.478410 1.081590 0.558962 0.425483 382.6385 0 5.12064E-07 3.47841 6.8992E-01 0.290984 0.0135376
1.40835E+06 3.724488 3.473980 1.061923 0.564281 0.425483 430.1228 0 1.40995E-06 3.47398 6.8992E-01 0.290984 0.0135376
1.52522E+06 3.749805 3.468050 1.009155 0.569861 0.425483 502.4341 0 6.50077E-06 3.46805 6.8992E-01 0.290984 0.0135376
1.61694E+06 3.763634 3.460933 0.801990 0.574013 0.425483 646.0095 0 4.58733E-05 3.46652 6.8992E-01 0.290984 0.0135376
1.62169E+06 3.766265 4.000000 0.574396 0.574396 0.425483 89.9311 1 3.57629E-15 3.61816 6.8992E-01 0.290984 0.0135376
0.00000E+00 3.348400 3.526227 1.200000 0.524300 0.416382 50.3256 1 1.00737E-11 3.54441 6.9295E-01 0.287842 0.0135462
9.80431E+04 3.371025 3.523633 1.199999 0.525581 0.416382 53.5043 1 1.80411E-11 3.5412 6.9295E-01 0.287842 0.0135462
2.00810E+05 3.396107 3.520843 1.199998 0.527090 0.416382 57.2445 1 3.42862E-11 3.53769 6.9295E-01 0.287842 0.0135462
3.08571E+05 3.423263 3.517680 1.199996 0.528865 0.416382 133.0663 0 9.19513E-11 3.51768 6.9295E-01 0.287842 0.0135462
4.21426E+05 3.452341 3.514374 1.199991 0.530948 0.416382 146.2525 0 1.88188E-10 3.51437 6.9295E-01 0.287842 0.0135462
5.39219E+05 3.483070 3.510803 1.199978 0.533379 0.416382 161.7216 0 4.03305E-10 3.5108 6.9295E-01 0.287842 0.0135462
6.61461E+05 3.515066 3.507050 1.199947 0.536194 0.416382 179.6294 0 8.94061E-10 3.50705 6.9295E-01 0.287842 0.0135462
7.87292E+05 3.547847 3.503169 1.199875 0.539423 0.416382 200.1034 0 2.02676E-09 3.50317 6.9295E-01 0.287842 0.0135462
9.15503E+05 3.580870 3.499209 1.199707 0.543081 0.416382 223.2052 0 4.64114E-09 3.49921 6.9295E-01 0.287842 0.0135462
1.04464E+06 3.613576 3.495233 1.199314 0.547168 0.416382 248.8775 0 1.06017E-08 3.49523 6.9295E-01 0.287842 0.0135462
1.17318E+06 3.645455 3.491304 1.198420 0.551664 0.416382 276.9788 0 2.38945E-08 3.4913 6.9295E-01 0.287842 0.0135462
1.29966E+06 3.676086 3.487431 1.196441 0.556534 0.416382 307.4883 0 5.29641E-08 3.48743 6.9295E-01 0.287842 0.0135462
1.42289E+06 3.705177 3.483621 1.192186 0.561731 0.416382 340.5835 0 1.15900E-07 3.48362 6.9295E-01 0.287842 0.0135462
1.54198E+06 3.732565 3.479738 1.183151 0.567200 0.416382 377.4273 0 2.56964E-07 3.47974 6.9295E-01 0.287842 0.0135462
1.65632E+06 3.758200 3.475489 1.163282 0.572888 0.416382 421.5023 0 6.46229E-07 3.47549 6.9295E-01 0.287842 0.0135462
1.76562E+06 3.781664 3.469347 1.105095 0.578742 0.416382 491.4116 0 2.94309E-06 3.46935 6.9295E-01 0.287842 0.0135462
1.84720E+06 3.792225 3.458784 0.825907 0.582739 0.416382 691.3097 0 8.65393E-05 3.46312 6.9295E-01 0.287842 0.0135462
1.85132E+06 3.794904 3.751537 0.583100 0.583100 0.416382 107.4284 1 4.72378E-11 3.60005 6.9295E-01 0.287842 0.0135462
0.00000E+00 3.384800 3.528649 1.300000 0.527900 0.409188 50.6571 1 4.54332E-12 3.54677 6.9502E-01 0.28676 0.0135565
9.48456E+04 3.406718 3.526287 1.300000 0.529234 0.409188 53.6949 1 7.94827E-12 3.54381 6.9502E-01 0.28676 0.0135565
1.94477E+05 3.431109 3.523505 1.299999 0.530810 0.409188 57.3723 1 1.50113E-11 3.54032 6.9502E-01 0.28676 0.0135565
2.99159E+05 3.457581 3.520529 1.299998 0.532671 0.409188 61.6520 1 2.99323E-11 3.53653 6.9502E-01 0.28676 0.0135565
4.08961E+05 3.485959 3.517296 1.299997 0.534858 0.409188 66.6486 1 6.31805E-11 3.53234 6.9502E-01 0.28676 0.0135565
5.23673E+05 3.515941 3.513860 1.299989 0.537413 0.409188 157.5811 0 2.75240E-10 3.51386 6.9502E-01 0.28676 0.0135565
6.42719E+05 3.547106 3.510254 1.299970 0.540372 0.409188 174.4725 0 5.95626E-10 3.51025 6.9502E-01 0.28676 0.0135565
7.65141E+05 3.578935 3.506571 1.299924 0.543758 0.409188 193.6004 0 1.31059E-09 3.50657 6.9502E-01 0.28676 0.0135565
8.89636E+05 3.610860 3.502803 1.299819 0.547580 0.409188 215.0421 0 2.90641E-09 3.5028 6.9502E-01 0.28676 0.0135565
1.01470E+06 3.642318 3.499042 1.299586 0.551831 0.409188 238.6144 0 6.39728E-09 3.49904 6.9502E-01 0.28676 0.0135565
1.13879E+06 3.672814 3.495367 1.299072 0.556482 0.409188 264.0602 0 1.38004E-08 3.49537 6.9502E-01 0.28676 0.0135565
1.26053E+06 3.701967 3.491804 1.297992 0.561488 0.409188 291.1601 0 2.89974E-08 3.4918 6.9502E-01 0.28676 0.0135565
1.37881E+06 3.729530 3.488366 1.295806 0.566797 0.409188 319.7893 0 5.92678E-08 3.48837 6.9502E-01 0.28676 0.0135565
1.49284E+06 3.755388 3.485024 1.291528 0.572351 0.409188 350.1085 0 1.18680E-07 3.48502 6.9502E-01 0.28676 0.0135565
1.60215E+06 3.779531 3.481698 1.283319 0.578093 0.409188 382.8405 0 2.37152E-07 3.4817 6.9502E-01 0.28676 0.0135565
1.70649E+06 3.802021 3.478170 1.267430 0.583973 0.409188 420.1416 0 4.93857E-07 3.47817 6.9502E-01 0.28676 0.0135565
1.80583E+06 3.822967 3.473857 1.234235 0.589945 0.409188 468.6164 0 1.20171E-06 3.47386 6.9502E-01 0.28676 0.0135565
1.90025E+06 3.841920 3.466233 1.134307 0.595969 0.409188 564.6582 0 7.05130E-06 3.46623 6.9502E-01 0.28676 0.0135565
1.96323E+06 3.844216 3.459048 0.722046 0.599336 0.409188 662.4685 0 8.88108E-05 3.49443 6.9502E-01 0.28676 0.0135565
1.96500E+06 3.846335 3.512704 0.599512 0.599512 0.409188 672.6962 0 6.09704E-05 3.51198 6.9502E-01 0.28676 0.0135565
0.00000E+00 3.414200 3.529911 1.400000 0.528200 0.393715 50.9291 1 2.49663E-12 3.54798 6.9502E-01 0.286698 0.0135782
9.44600E+04 3.434019 3.527757 1.400000 0.529537 0.393715 53.6905 1 4.15099E-12 3.54529 6.9502E-01 0.286698 0.0135782
1.93700E+05 3.456228 3.525309 1.400000 0.531117 0.393715 56.9921 1 7.37209E-12 3.5422 6.9502E-01 0.286698 0.0135782
2.97983E+05 3.480466 3.522572 1.399999 0.532982 0.393715 60.8756 1 1.39022E-11 3.53872 6.9502E-01 0.286698 0.0135782
4.07377E+05 3.506598 3.519624 1.399998 0.535175 0.393715 65.3837 1 2.76370E-11 3.53491 6.9502E-01 0.286698 0.0135782
5.21667E+05 3.534364 3.516481 1.399997 0.537736 0.393715 70.5801 1 5.76544E-11 3.53078 6.9502E-01 0.286698 0.0135782
6.40275E+05 3.563386 3.513156 1.399989 0.540701 0.393715 164.9262 0 3.27448E-10 3.51316 6.9502E-01 0.286698 0.0135782
7.62239E+05 3.593188 3.509700 1.399966 0.544093 0.393715 181.8074 0 6.85469E-10 3.5097 6.9502E-01 0.286698 0.0135782
8.86255E+05 3.623235 3.506218 1.399917 0.547922 0.393715 200.5781 0 1.44373E-09 3.50622 6.9502E-01 0.286698 0.0135782
1.01082E+06 3.652991 3.502743 1.399805 0.552178 0.393715 221.1366 0 3.02552E-09 3.50274 6.9502E-01 0.286698 0.0135782
1.13440E+06 3.681971 3.499304 1.399572 0.556832 0.393715 243.3202 0 6.24725E-09 3.4993 6.9502E-01 0.286698 0.0135782
1.25562E+06 3.709797 3.495983 1.399102 0.561840 0.393715 266.8022 0 1.25693E-08 3.49598 6.9502E-01 0.286698 0.0135782
1.37338E+06 3.736213 3.492770 1.398180 0.567148 0.393715 291.4302 0 2.45846E-08 3.49277 6.9502E-01 0.286698 0.0135782
1.48692E+06 3.761092 3.489679 1.396459 0.572699 0.393715 317.0621 0 4.67082E-08 3.48968 6.9502E-01 0.286698 0.0135782
1.59573E+06 3.784402 3.486740 1.393358 0.578436 0.393715 343.5789 0 8.63101E-08 3.48674 6.9502E-01 0.286698 0.0135782
1.69961E+06 3.806188 3.483887 1.387910 0.584308 0.393715 371.3277 0 1.56924E-07 3.48389 6.9502E-01 0.286698 0.0135782
1.79850E+06 3.826537 3.481005 1.378421 0.590270 0.393715 401.1976 0 2.86620E-07 3.48101 6.9502E-01 0.286698 0.0135782
1.89246E+06 3.845561 3.477903 1.361643 0.596283 0.393715 435.1455 0 5.45799E-07 3.4779 6.9502E-01 0.286698 0.0135782
1.98167E+06 3.863360 3.474141 1.329860 0.602308 0.393715 478.3326 0 1.18116E-06 3.47414 6.9502E-01 0.286698 0.0135782
2.06634E+06 3.879828 3.468174 1.253269 0.608322 0.393715 552.1275 0 4.02068E-06 3.46817 6.9502E-01 0.286698 0.0135782
2.13039E+06 3.888054 3.455344 0.925568 0.612520 0.393715 815.4759 0 9.56321E-05 3.45711 6.9502E-01 0.286698 0.0135782
2.13788E+06 3.891917 4.000000 0.613340 0.613340 0.393715 75.2901 1 1.24265E-14 3.67055 6.9502E-01 0.286698 0.0135782
0.00000E+00 3.366400 3.539283 1.500000 0.528700 0.361835 41.9526 1 2.22611E-13 3.5591 6.9295E-01 0.288592 0.0136117
9.39037E+04 3.390332 3.536786 1.500000 0.530048 0.361835 44.6462 1 4.05711E-13 3.55608 6.9295E-01 0.288592 0.0136117
1.92603E+05 3.416806 3.533992 1.500000 0.531643 0.361835 47.8520 1 7.91810E-13 3.55266 6.9295E-01 0.288592 0.0136117
2.96358E+05 3.445393 3.530861 1.500000 0.533527 0.361835 51.6347 1 1.64837E-12 3.54879 6.9295E-01 0.288592 0.0136117
4.05234E+05 3.475872 3.527580 1.500000 0.535743 0.361835 55.9981 1 3.60166E-12 3.54467 6.9295E-01 0.288592 0.0136117
5.19003E+05 3.507883 3.523977 1.500000 0.538332 0.361835 61.0843 1 8.31858E-12 3.54008 6.9295E-01 0.288592 0.0136117
6.37069E+05 3.540950 3.520252 1.499999 0.541330 0.361835 66.8670 1 1.98708E-11 3.53526 6.9295E-01 0.288592 0.0136117
7.58447E+05 3.574504 3.516447 1.499997 0.544760 0.361835 73.3638 1 4.84953E-11 3.53022 6.9295E-01 0.288592 0.0136117
8.81814E+05 3.607942 3.512619 1.499993 0.548628 0.361835 80.5554 1 1.19213E-10 3.52504 6.9295E-01 0.288592 0.0136117
1.00565E+06 3.640680 3.508840 1.499968 0.552925 0.361835 191.4477 0 8.64273E-10 3.50884 6.9295E-01 0.288592 0.0136117
1.12842E+06 3.672221 3.505136 1.499904 0.557620 0.361835 212.3405 0 1.89542E-09 3.50514 6.9295E-01 0.288592 0.0136117
1.24877E+06 3.702201 3.501591 1.499758 0.562666 0.361835 234.3719 0 4.00678E-09 3.50159 6.9295E-01 0.288592 0.0136117
1.36560E+06 3.730399 3.498226 1.499463 0.568008 0.361835 257.2703 0 8.12622E-09 3.49823 6.9295E-01 0.288592 0.0136117
1.47817E+06 3.756731 3.495071 1.498889 0.573588 0.361835 280.7538 0 1.57688E-08 3.49507 6.9295E-01 0.288592 0.0136117
1.58602E+06 3.781217 3.492120 1.497838 0.579350 0.361835 304.6484 0 2.93375E-08 3.49212 6.9295E-01 0.288592 0.0136117
1.68893E+06 3.803946 3.489364 1.495994 0.585243 0.361835 328.8672 0 5.25421E-08 3.48936 6.9295E-01 0.288592 0.0136117
1.78687E+06 3.825032 3.486715 1.492868 0.591214 0.361835 353.6508 0 9.15738E-08 3.48671 6.9295E-01 0.288592 0.0136117
1.87991E+06 3.844621 3.484085 1.487716 0.597226 0.361835 379.4248 0 1.57352E-07 3.48409 6.9295E-01 0.288592 0.0136117
1.96822E+06 3.862858 3.481511 1.479328 0.603244 0.361835 406.4533 0 2.68605E-07 3.48151 6.9295E-01 0.288592 0.0136117
2.05202E+06 3.879887 3.478850 1.465591 0.609241 0.361835 436.0166 0 4.67316E-07 3.47885 6.9295E-01 0.288592 0.0136117
2.13153E+06 3.895843 3.475797 1.442213 0.615199 0.361835 471.0991 0 8.72074E-07 3.4758 6.9295E-01 0.288592 0.0136117
2.20700E+06 3.910849 3.471789 1.397844 0.621103 0.361835 519.3138 0 1.96238E-06 3.47179 6.9295E-01 0.288592 0.0136117
2.27869E+06 3.924765 3.463352 1.264667 0.626946 0.361835 632.1185 0 1.09805E-05 3.46335 6.9295E-01 0.288592 0.0136117
2.32270E+06 3.921287 3.454067 0.965048 0.629789 0.361835 854.8504 0 9.96482E-05 3.45593 6.9295E-01 0.288592 0.0136117
2.32718E+06 3.927157 3.658534 0.630333 0.630333 0.361835 353.5075 0 2.06098E-07 3.59915 6.9295E-01 0.288592 0.0136117
0.00000E+00 3.428700 3.535022 1.600000 0.527100 0.35335 44.4389 1 3.98014E-13 3.56167 6.9295E-01 0.287532 0.0136209
9.50911E+04 3.446946 3.533089 1.600000 0.528423 0.35335 46.5552 1 6.32089E-13 3.5595 6.9295E-01 0.287532 0.0136209
1.94937E+05 3.467499 3.530893 1.600000 0.529986 0.35335 49.0723 1 1.06756E-12 3.55701 6.9295E-01 0.287532 0.0136209
2.99801E+05 3.490023 3.528453 1.600000 0.531829 0.35335 52.0061 1 1.90454E-12 3.55424 6.9295E-01 0.287532 0.0136209
4.09758E+05 3.514420 3.525742 1.600000 0.533994 0.35335 55.4176 1 3.59284E-12 3.55114 6.9295E-01 0.287532 0.0136209
5.24609E+05 3.540480 3.522889 1.600000 0.536522 0.35335 59.3026 1 7.08054E-12 3.54785 6.9295E-01 0.287532 0.0136209
6.43801E+05 3.567874 3.519743 1.599999 0.539449 0.35335 63.7628 1 1.46639E-11 3.5442 6.9295E-01 0.287532 0.0136209
7.66397E+05 3.596176 3.516551 1.599998 0.542799 0.35335 68.7129 1 3.11366E-11 3.54045 6.9295E-01 0.287532 0.0136209
8.91124E+05 3.624891 3.513293 1.599996 0.546584 0.35335 74.1629 1 6.73350E-11 3.53658 6.9295E-01 0.287532 0.0136209
1.01649E+06 3.653508 3.509989 1.599990 0.550796 0.35335 80.0839 1 1.46778E-10 3.53261 6.9295E-01 0.287532 0.0136209
1.14097E+06 3.681553 3.506740 1.599958 0.555409 0.35335 201.5926 0 1.10368E-09 3.52052 6.9295E-01 0.287532 0.0136209
1.26318E+06 3.708638 3.503592 1.599882 0.560381 0.35335 220.6122 0 2.16162E-09 3.51735 6.9295E-01 0.287532 0.0136209
1.38199E+06 3.734490 3.500573 1.599727 0.565659 0.35335 240.4804 0 4.11186E-09 3.51429 6.9295E-01 0.287532 0.0136209
1.49659E+06 3.758953 3.497693 1.599446 0.571188 0.35335 260.9958 0 7.57394E-09 3.51136 6.9295E-01 0.287532 0.0136209
1.60648E+06 3.781970 3.494930 1.598954 0.576911 0.35335 282.0626 0 1.35223E-08 3.50851 6.9295E-01 0.287532 0.0136209
1.71142E+06 3.803559 3.492348 1.598112 0.582777 0.35335 303.3952 0 2.33255E-08 3.5058 6.9295E-01 0.287532 0.0136209
1.81132E+06 3.823786 3.489964 1.596737 0.588738 0.35335 324.8196 0 3.89119E-08 3.50323 6.9295E-01 0.287532 0.0136209
1.90625E+06 3.842740 3.487577 1.594558 0.594756 0.35335 346.8950 0 6.38394E-08 3.50054 6.9295E-01 0.287532 0.0136209
1.99635E+06 3.860519 3.485316 1.591194 0.600794 0.35335 369.2452 0 1.02494E-07 3.49782 6.9295E-01 0.287532 0.0136209
2.08183E+06 3.877219 3.483180 1.586059 0.606821 0.35335 391.9248 0 1.61861E-07 3.49499 6.9295E-01 0.287532 0.0136209
2.16291E+06 3.892933 3.480958 1.578284 0.612810 0.35335 415.8573 0 2.56771E-07 3.49171 6.9295E-01 0.287532 0.0136209
2.23983E+06 3.907761 3.478627 1.566482 0.618746 0.35335 441.5408 0 4.13933E-07 3.48779 6.9295E-01 0.287532 0.0136209
2.31285E+06 3.921794 3.476131 1.548102 0.624615 0.358461 469.9776 0 6.92393E-07 3.48279 6.9295E-01 0.287532 0.0136209
2.38221E+06 3.934786 3.473141 1.517895 0.630245 0.373342 503.8582 0 1.26485E-06 3.47564 6.9283E-01 0.287612 0.013657
2.44825E+06 3.946527 3.468976 1.461349 0.635495 0.380012 554.1068 0 2.89430E-06 3.46897 6.9246E-01 0.287862 0.0137621
2.51147E+06 3.958168 3.455127 1.201714 0.640960 0.380012 767.4878 0 5.38007E-05 3.45513 6.9230E-01 0.287972 0.0138091
2.54103E+06 3.928797 3.454912 0.868216 0.642573 0.380012 727.3304 0 8.60090E-05 3.48655 6.9230E-01 0.287972 0.0138091
2.54619E+06 3.946562 4.000000 0.643229 0.643229 0.380012 92.9911 1 1.19525E-14 3.6502 6.9230E-01 0.287972 0.0138091
0.00000E+00 3.311900 3.552019 1.700000 0.519000 0.348009 31.0004 1 7.16750E-15 3.58021 6.9295E-01 0.288457 0.0136177
1.01973E+05 3.333333 3.549923 1.700000 0.520165 0.348009 32.6824 1 1.20747E-14 3.57792 6.9295E-01 0.288457 0.0136177
2.08381E+05 3.357048 3.547594 1.700000 0.521523 0.348009 34.6553 1 2.15455E-14 3.57537 6.9295E-01 0.288457 0.0136177
3.19488E+05 3.382695 3.545019 1.700000 0.523109 0.348009 36.9422 1 4.05366E-14 3.57253 6.9295E-01 0.288457 0.0136177
4.35435E+05 3.410196 3.542210 1.700000 0.524956 0.348009 39.5809 1 8.02781E-14 3.56942 6.9295E-01 0.288457 0.0136177
5.56173E+05 3.439384 3.539226 1.700000 0.527102 0.348009 42.5963 1 1.66288E-13 3.56608 6.9295E-01 0.288457 0.0136177
6.81395E+05 3.469994 3.536049 1.700000 0.529582 0.348009 46.0293 1 3.59326E-13 3.56252 6.9295E-01 0.288457 0.0136177
8.10484E+05 3.501672 3.532677 1.700000 0.532427 0.348009 49.9160 1 8.05764E-13 3.5587 6.9295E-01 0.288457 0.0136177
9.42503E+05 3.533990 3.529217 1.700000 0.535661 0.348009 54.2424 1 1.84819E-12 3.55475 6.9295E-01 0.288457 0.0136177
1.07624E+06 3.566474 3.525670 1.700000 0.539298 0.348009 59.0157 1 4.30234E-12 3.55066 6.9295E-01 0.288457 0.0136177
1.21029E+06 3.598641 3.522136 1.699999 0.543336 0.348009 64.1870 1 1.00101E-11 3.54654 6.9295E-01 0.288457 0.0136177
1.34325E+06 3.630047 3.518581 1.699999 0.547759 0.348009 69.7498 1 2.31583E-11 3.54236 6.9295E-01 0.288457 0.0136177
1.47380E+06 3.660327 3.515184 1.699997 0.552536 0.348009 75.5786 1 5.22330E-11 3.53831 6.9295E-01 0.288457 0.0136177
1.60084E+06 3.689215 3.511917 1.699992 0.557626 0.348009 81.6393 1 1.14520E-10 3.53437 6.9295E-01 0.288457 0.0136177
1.72357E+06 3.716551 3.508838 1.699984 0.562982 0.348009 87.8414 1 2.42147E-10 3.5306 6.9295E-01 0.288457 0.0136177
1.84145E+06 3.742272 3.505889 1.699929 0.568556 0.348009 221.7229 0 1.87847E-09 3.53255 6.9295E-01 0.288457 0.0136177
1.95416E+06 3.766387 3.503079 1.699813 0.574299 0.348009 240.5743 0 3.41995E-09 3.5297 6.9295E-01 0.288457 0.0136177
2.06161E+06 3.788958 3.500520 1.699598 0.580168 0.348009 259.5146 0 5.96694E-09 3.52709 6.9295E-01 0.288457 0.0136177
2.16380E+06 3.810076 3.498051 1.699244 0.586122 0.348009 278.7944 0 1.01039E-08 3.52455 6.9295E-01 0.288457 0.0136177
2.26086E+06 3.829832 3.495724 1.698681 0.592121 0.348009 298.1999 0 1.65773E-08 3.52213 6.9295E-01 0.288457 0.0136177
2.35298E+06 3.848340 3.493609 1.697792 0.598135 0.348009 317.4605 0 2.62950E-08 3.51989 6.9295E-01 0.288457 0.0136177
2.44036E+06 3.865704 3.491469 1.696452 0.604135 0.348009 337.2089 0 4.10794E-08 3.51756 6.9295E-01 0.288457 0.0136177
2.52325E+06 3.882034 3.489573 1.694490 0.610100 0.348009 356.6189 0 6.22380E-08 3.5154 6.9295E-01 0.288457 0.0136177
2.60191E+06 3.897434 3.487637 1.691648 0.616016 0.348009 376.6025 0 9.35178E-08 3.51309 6.9295E-01 0.288457 0.0136177
2.67657E+06 3.911994 3.485812 1.687610 0.621870 0.356195 396.7136 0 1.38391E-07 3.51074 6.9295E-01 0.288457 0.0136177
2.74747E+06 3.925176 3.484003 1.681937 0.627345 0.369966 416.7350 0 2.01651E-07 3.50821 6.9275E-01 0.288597 0.0136752
2.81510E+06 3.937299 3.482253 1.674089 0.632539 0.387393 436.8116 0 2.90926E-07 3.50546 6.9241E-01 0.288827 0.0137717
2.87983E+06 3.948609 3.480417 1.663162 0.637530 0.40693 457.8806 0 4.23594E-07 3.50222 6.9198E-01 0.289126 0.0138937
2.94188E+06 3.959286 3.478555 1.647776 0.642379 0.427266 480.1749 0 6.26753E-07 3.49838 6.9148E-01 0.289466 0.0140303
3.00143E+06 3.969477 3.476330 1.625313 0.647135 0.447095 506.0398 0 9.81604E-07 3.49325 6.9096E-01 0.289826 0.0141724
3.05859E+06 3.979318 3.473697 1.590174 0.651849 0.464756 537.5241 0 1.69235E-06 3.48599 6.9044E-01 0.290195 0.0143107
3.11343E+06 3.988931 3.469698 1.525715 0.656586 0.478264 584.7644 0 3.81079E-06 3.47327 6.8996E-01 0.290525 0.0144338
3.16600E+06 3.998446 3.453752 1.159658 0.661426 0.478264 877.8137 0 1.17937E-04 3.45375 6.8960E-01 0.290785 0.0145277
3.18795E+06 3.963882 3.489895 0.662620 0.662620 0.478264 968.0653 0 6.73885E-05 3.49054 6.8960E-01 0.290785 0.0145277
0.00000E+00 3.312000 3.554033 1.800000 0.515000 0.352197 29.6848 1 3.06086E-15 3.58238 6.9199E-01 0.288408 0.0136129
1.05457E+05 3.330775 3.552212 1.800000 0.516088 0.352197 31.0858 1 4.82441E-15 3.5804 6.9199E-01 0.288408 0.0136129
2.15171E+05 3.351657 3.550192 1.800000 0.517349 0.352197 32.7227 1 8.00767E-15 3.57819 6.9199E-01 0.288408 0.0136129
3.29403E+05 3.374331 3.547947 1.800000 0.518812 0.352197 34.6137 1 1.39507E-14 3.57573 6.9199E-01 0.288408 0.0136129
4.48315E+05 3.398783 3.545499 1.800000 0.520510 0.352197 36.7860 1 2.54771E-14 3.57303 6.9199E-01 0.288408 0.0136129
5.71916E+05 3.424930 3.542880 1.800000 0.522475 0.352197 39.2651 1 4.86114E-14 3.57012 6.9199E-01 0.288408 0.0136129
7.00004E+05 3.452609 3.540075 1.800000 0.524741 0.352197 42.0871 1 9.68050E-14 3.56699 6.9199E-01 0.288408 0.0136129
8.32107E+05 3.481580 3.537062 1.800000 0.527341 0.352197 45.2916 1 2.00797E-13 3.56361 6.9199E-01 0.288408 0.0136129
9.67460E+05 3.511521 3.533939 1.800000 0.530302 0.352197 48.8732 1 4.28656E-13 3.56008 6.9199E-01 0.288408 0.0136129
1.10502E+06 3.542050 3.530700 1.800000 0.533644 0.352197 52.8492 1 9.36502E-13 3.55639 6.9199E-01 0.288408 0.0136129
1.24351E+06 3.572749 3.527384 1.800000 0.537377 0.352197 57.2139 1 2.07390E-12 3.55258 6.9199E-01 0.288408 0.0136129
1.38158E+06 3.603194 3.524080 1.800000 0.541494 0.352197 61.9225 1 4.59265E-12 3.54874 6.9199E-01 0.288408 0.0136129
1.51787E+06 3.632996 3.520769 1.799999 0.545979 0.352197 66.9635 1 1.01166E-11 3.54486 6.9199E-01 0.288408 0.0136129
1.65119E+06 3.661834 3.517577 1.799998 0.550801 0.352197 72.2477 1 2.18357E-11 3.54108 6.9199E-01 0.288408 0.0136129
1.78058E+06 3.689471 3.514458 1.799997 0.555922 0.352197 77.7607 1 4.61385E-11 3.53734 6.9199E-01 0.288408 0.0136129
1.90533E+06 3.715758 3.511535 1.799993 0.561297 0.352197 83.3912 1 9.42681E-11 3.53379 6.9199E-01 0.288408 0.0136129
2.02498E+06 3.740627 3.508717 1.799986 0.566880 0.352197 89.1546 1 1.87228E-10 3.53033 6.9199E-01 0.288408 0.0136129
2.13931E+06 3.764072 3.506078 1.799971 0.572628 0.352197 221.8383 0 1.59065E-09 3.54491 6.9199E-01 0.288408 0.0136129
2.24824E+06 3.786133 3.503554 1.799896 0.578499 0.352197 239.1845 0 2.74274E-09 3.54235 6.9199E-01 0.288408 0.0136129
2.35182E+06 3.806876 3.501220 1.799748 0.584454 0.352197 256.6459 0 4.56768E-09 3.53997 6.9199E-01 0.288408 0.0136129
2.45018E+06 3.826384 3.498941 1.799492 0.590461 0.352197 274.4575 0 7.42578E-09 3.53764 6.9199E-01 0.288408 0.0136129
2.54351E+06 3.844731 3.496878 1.799103 0.596482 0.352197 292.1286 0 1.16727E-08 3.53551 6.9199E-01 0.288408 0.0136129
2.63203E+06 3.862006 3.494849 1.798523 0.602493 0.352197 310.0872 0 1.79947E-08 3.53338 6.9199E-01 0.288408 0.0136129
2.71600E+06 3.878298 3.492992 1.797656 0.608471 0.352197 327.8967 0 2.70060E-08 3.5314 6.9199E-01 0.288408 0.0136129
2.79566E+06 3.893697 3.491152 1.796420 0.614400 0.352197 345.9957 0 3.99515E-08 3.5294 6.9199E-01 0.288408 0.0136129
2.87126E+06 3.908286 3.489453 1.794691 0.620269 0.361812 363.9880 0 5.78916E-08 3.52747 6.9199E-01 0.288408 0.0136129
2.94305E+06 3.921326 3.487790 1.792341 0.625666 0.378327 381.4505 0 8.17692E-08 3.52552 6.9176E-01 0.288568 0.0136798
3.01161E+06 3.933181 3.486301 1.789215 0.630710 0.399712 398.0818 0 1.12329E-07 3.52364 6.9135E-01 0.288848 0.0137949
3.07741E+06 3.944125 3.484863 1.785082 0.635491 0.424472 414.4978 0 1.52208E-07 3.5217 6.9082E-01 0.289218 0.0139436
3.14071E+06 3.954348 3.483405 1.779690 0.640073 0.451473 431.1088 0 2.05347E-07 3.51958 6.9019E-01 0.289647 0.0141156
3.20171E+06 3.963909 3.482011 1.772768 0.644463 0.479594 447.6581 0 2.74958E-07 3.51735 6.8950E-01 0.290137 0.0143032
3.26057E+06 3.973022 3.480637 1.763783 0.648748 0.508287 464.5922 0 3.68853E-07 3.51489 6.8876E-01 0.290646 0.0144983
3.31735E+06 3.981759 3.479230 1.752040 0.652947 0.53692 482.3540 0 5.00012E-07 3.51205 6.8799E-01 0.291186 0.0146971
3.37214E+06 3.990193 3.477750 1.736467 0.657088 0.5649 501.4576 0 6.91755E-07 3.50867 6.8722E-01 0.291735 0.0148954
3.42500E+06 3.998394 3.476099 1.715227 0.661197 0.591598 522.9126 0 9.94670E-07 3.5044 6.8645E-01 0.292285 0.015089
3.47597E+06 4.006432 3.474121 1.684780 0.665301 0.616193 548.5549 0 1.53472E-06 3.49862 6.8570E-01 0.292825 0.0152734
3.52508E+06 4.014391 3.471397 1.636675 0.669442 0.6372 583.1959 0 2.75205E-06 3.48976 6.8500E-01 0.293324 0.0154432
3.57235E+06 4.022370 3.466616 1.537701 0.673688 0.650349 644.6735 0 7.69973E-06 3.47183 6.8440E-01 0.293764 0.0155878
3.60974E+06 4.027259 3.452856 1.088176 0.676988 0.650349 986.1694 0 1.12173E-04 3.45434 6.8401E-01 0.294054 0.0156783
3.61455E+06 4.029541 3.632864 0.677735 0.677735 0.650349 411.7128 0 2.45805E-06 3.60038 6.8401E-01 0.294054 0.0156783
0.00000E+00 3.231800 3.564625 1.900000 0.502800 0.347983 23.2610 1 1.60232E-15 3.59372 6.9103E-01 0.289365 0.0136079
1.17236E+05 3.246739 3.563263 1.900000 0.503628 0.347983 24.1109 1 1.61493E-15 3.59226 6.9103E-01 0.289365 0.0136079
2.38010E+05 3.263339 3.561728 1.900000 0.504567 0.347983 25.0966 1 1.62986E-15 3.59061 6.9103E-01 0.289365 0.0136079
3.62543E+05 3.281297 3.560063 1.900000 0.505634 0.347983 26.2101 1 1.64712E-15 3.58881 6.9103E-01 0.289365 0.0136079
4.91024E+05 3.300672 3.558259 1.900000 0.506847 0.347983 27.4691 1 1.66716E-15 3.58686 6.9103E-01 0.289365 0.0136079
6.23584E+05 3.321503 3.556272 1.900000 0.508229 0.347983 28.9023 1 1.69064E-15 3.58471 6.9103E-01 0.289365 0.0136079
7.60263E+05 3.343796 3.554125 1.900000 0.509804 0.347983 30.5250 1 2.70705E-15 3.58238 6.9103E-01 0.289365 0.0136079
9.00980E+05 3.367523 3.551860 1.900000 0.511596 0.347983 32.3505 1 4.80366E-15 3.5799 6.9103E-01 0.289365 0.0136079
1.04549E+06 3.392611 3.549428 1.900000 0.513633 0.347983 34.4117 1 8.84719E-15 3.57723 6.9103E-01 0.289365 0.0136079
1.19337E+06 3.418939 3.546815 1.900000 0.515940 0.347983 36.7360 1 1.68978E-14 3.57435 6.9103E-01 0.289365 0.0136079
1.34398E+06 3.446333 3.544083 1.900000 0.518544 0.347983 39.3307 1 3.32417E-14 3.57132 6.9103E-01 0.289365 0.0136079
1.49647E+06 3.474573 3.541290 1.900000 0.521465 0.347983 42.1964 1 6.68456E-14 3.5682 6.9103E-01 0.289365 0.0136079
1.64981E+06 3.503393 3.538323 1.900000 0.524721 0.347983 45.3825 1 1.37944E-13 3.56486 6.9103E-01 0.289365 0.0136079
1.80289E+06 3.532498 3.535298 1.900000 0.528320 0.347983 48.8634 1 2.88352E-13 3.56144 6.9103E-01 0.289365 0.0136079
1.95452E+06 3.561583 3.532287 1.900000 0.532264 0.347983 52.6157 1 6.04409E-13 3.558 6.9103E-01 0.289365 0.0136079
2.10358E+06 3.590353 3.529225 1.900000 0.536541 0.347983 56.6569 1 1.26990E-12 3.55448 6.9103E-01 0.289365 0.0136079
2.24908E+06 3.618544 3.526199 1.900000 0.541135 0.347983 60.9444 1 2.64628E-12 3.55097 6.9103E-01 0.289365 0.0136079
2.39020E+06 3.645941 3.523248 1.900000 0.546020 0.347983 65.4410 1 5.43242E-12 3.54751 6.9103E-01 0.289365 0.0136079
2.52633E+06 3.672378 3.520327 1.899999 0.551164 0.347983 70.1518 1 1.09910E-11 3.54406 6.9103E-01 0.289365 0.0136079
2.65706E+06 3.697746 3.517559 1.899998 0.556533 0.347983 74.9872 1 2.16682E-11 3.54075 6.9103E-01 0.289365 0.0136079
2.78214E+06 3.721982 3.514870 1.899997 0.562092 0.347983 79.9644 1 4.17991E-11 3.53751 6.9103E-01 0.289365 0.0136079
2.90149E+06 3.745063 3.512342 1.899994 0.567805 0.347983 85.0126 1 7.83680E-11 3.53442 6.9103E-01 0.289365 0.0136079
3.01512E+06 3.766999 3.509885 1.899989 0.573638 0.347983 90.1599 1 1.43726E-10 3.53139 6.9103E-01 0.289365 0.0136079
3.12314E+06 3.787818 3.507578 1.899980 0.579558 0.347983 95.3369 1 2.56361E-10 3.52851 6.9103E-01 0.289365 0.0136079
3.22572E+06 3.807567 3.505366 1.899964 0.585536 0.347983 100.5608 1 4.46839E-10 3.52573 6.9103E-01 0.289365 0.0136079
3.32305E+06 3.826289 3.503257 1.899867 0.591543 0.347983 252.8975 0 3.37032E-09 3.55353 6.9103E-01 0.289365 0.0136079
3.41538E+06 3.844037 3.501279 1.899702 0.597551 0.347983 268.7831 0 5.20814E-09 3.55151 6.9103E-01 0.289365 0.0136079
3.50294E+06 3.860877 3.499347 1.899461 0.603542 0.347983 284.9397 0 7.90373E-09 3.54953 6.9103E-01 0.289365 0.0136079
3.58600E+06 3.876873 3.497567 1.899093 0.609499 0.347983 301.0394 0 1.17104E-08 3.54769 6.9103E-01 0.289365 0.0136079
3.66481E+06 3.892085 3.495794 1.898575 0.615408 0.358467 317.4571 0 1.71260E-08 3.54583 6.9103E-01 0.289365 0.0136079
3.73962E+06 3.905551 3.494225 1.897875 0.620766 0.376607 332.7187 0 2.40032E-08 3.54417 6.9078E-01 0.289545 0.0136802
3.81113E+06 3.917687 3.492737 1.896950 0.625711 0.400332 347.3577 0 3.27499E-08 3.54256 6.9033E-01 0.289854 0.0138053
3.87992E+06 3.928809 3.491359 1.895722 0.630349 0.42814 361.4085 0 4.36614E-08 3.54103 6.8973E-01 0.290274 0.013969
3.94633E+06 3.939037 3.490049 1.894170 0.634711 0.458659 375.0079 0 5.71576E-08 3.53953 6.8901E-01 0.290774 0.0141606
4.01057E+06 3.948640 3.488835 1.892213 0.638900 0.491227 388.2331 0 7.37072E-08 3.53808 6.8821E-01 0.291333 0.0143707
4.07279E+06 3.957710 3.487697 1.889775 0.642944 0.525091 401.1917 0 9.39247E-08 3.53666 6.8734E-01 0.291953 0.0145946
4.13307E+06 3.966334 3.486620 1.886769 0.646871 0.559742 413.9763 0 1.18625E-07 3.53523 6.8642E-01 0.292602 0.0148273
4.19149E+06 3.974581 3.485650 1.883092 0.650705 0.59471 426.4449 0 1.48289E-07 3.53384 6.8547E-01 0.293282 0.0150653
4.24812E+06 3.982506 3.484708 1.878588 0.654462 0.629658 438.9501 0 1.84742E-07 3.53238 6.8449E-01 0.293981 0.0153053
4.30299E+06 3.990155 3.483771 1.873121 0.658157 0.664294 451.6507 0 2.30110E-07 3.53081 6.8350E-01 0.294701 0.0155447
4.35618E+06 3.997566 3.482891 1.866491 0.661803 0.6984 464.3748 0 2.86028E-07 3.52917 6.8250E-01 0.29542 0.0157819
4.40771E+06 4.004774 3.481963 1.858432 0.665410 0.731777 477.6709 0 3.57973E-07 3.52731 6.8151E-01 0.29615 0.0160151
4.45765E+06 4.011806 3.481101 1.848624 0.668988 0.764267 491.1222 0 4.48684E-07 3.52531 6.8052E-01 0.296869 0.0162429
4.50602E+06 4.018691 3.480216 1.836572 0.672545 0.79566 505.2393 0 5.68242E-07 3.52303 6.7954E-01 0.297589 0.0164643
4.55287E+06 4.025456 3.479306 1.821593 0.676092 0.825815 520.2474 0 7.30362E-07 3.52037 6.7858E-01 0.298298 0.0166779
4.59822E+06 4.032127 3.478231 1.802526 0.679640 0.854501 537.1544 0 9.68218E-07 3.51705 6.7764E-01 0.298998 0.0168826
4.64211E+06 4.038737 3.477088 1.777617 0.683204 0.881412 555.9517 0 1.32866E-06 3.51294 6.7673E-01 0.299667 0.0170768
4.68454E+06 4.045326 3.475619 1.743260 0.686802 0.90607 579.0411 0 1.96129E-06 3.50733 6.7587E-01 0.300317 0.0172588
4.72554E+06 4.051951 3.473670 1.691221 0.690467 0.927458 609.6767 0 3.30265E-06 3.49896 6.7507E-01 0.300916 0.0174249
4.76509E+06 4.058711 3.470252 1.593185 0.694260 0.942401 662.3616 0 8.05513E-06 3.48292 6.7436E-01 0.301446 0.0175687
4.79897E+06 4.064175 3.459962 1.122549 0.697633 0.942401 973.7614 0 1.16163E-04 3.46185 6.7386E-01 0.301826 0.0176687
4.80316E+06 4.065888 3.546276 0.730358 0.698353 0.942401 676.9591 0 7.42774E-05 3.54627 6.7386E-01 0.301826 0.0176687
4.80786E+06 3.882505 3.535022 0.698372 0.698372 0.942401 541.9431 0 7.10244E-05 3.52984 6.7386E-01 0.301826 0.0176687
0.00000E+00 3.217400 3.568661 1.950000 0.501300 0.349013 21.7548 1 1.49534E-15 3.59793 6.9103E-01 0.290345 0.0136122
1.18687E+05 3.231887 3.567356 1.950000 0.502077 0.349013 22.5216 1 1.50598E-15 3.59654 6.9103E-01 0.290345 0.0136122
2.40727E+05 3.247957 3.565893 1.950000 0.502954 0.349013 23.4071 1 1.51831E-15 3.59497 6.9103E-01 0.290345 0.0136122
3.66331E+05 3.265300 3.564308 1.950000 0.503945 0.349013 24.4039 1 1.53250E-15 3.59327 6.9103E-01 0.290345 0.0136122
4.95686E+05 3.283978 3.562588 1.950000 0.505069 0.349013 25.5282 1 1.54890E-15 3.59142 6.9103E-01 0.290345 0.0136122
6.28932E+05 3.304033 3.560736 1.950000 0.506345 0.349013 26.7955 1 1.56789E-15 3.58942 6.9103E-01 0.290345 0.0136122
7.66139E+05 3.325487 3.558749 1.950000 0.507793 0.349013 28.2238 1 1.58994E-15 3.58726 6.9103E-01 0.290345 0.0136122
9.07278E+05 3.348327 3.556606 1.950000 0.509438 0.349013 29.8350 1 1.78562E-15 3.58494 6.9103E-01 0.290345 0.0136122
1.05219E+06 3.372508 3.554302 1.950000 0.511303 0.349013 31.6524 1 3.20135E-15 3.58242 6.9103E-01 0.290345 0.0136122
1.20054E+06 3.397941 3.551852 1.950000 0.513414 0.349013 33.6927 1 5.93705E-15 3.57974 6.9103E-01 0.290345 0.0136122
1.35183E+06 3.424489 3.549310 1.950000 0.515796 0.349013 35.9640 1 1.13229E-14 3.57693 6.9103E-01 0.290345 0.0136122
1.50536E+06 3.451973 3.546612 1.950000 0.518473 0.349013 38.4992 1 2.22471E-14 3.57394 6.9103E-01 0.290345 0.0136122
1.66023E+06 3.480167 3.543793 1.950000 0.521462 0.349013 41.3064 1 4.47624E-14 3.5708 6.9103E-01 0.290345 0.0136122
1.81542E+06 3.508811 3.540906 1.950000 0.524778 0.349013 44.3832 1 9.15090E-14 3.56756 6.9103E-01 0.290345 0.0136122
1.96982E+06 3.537622 3.537994 1.950000 0.528428 0.349013 47.7210 1 1.88639E-13 3.56427 6.9103E-01 0.290345 0.0136122
2.12232E+06 3.566314 3.535022 1.950000 0.532408 0.349013 51.3309 1 3.91215E-13 3.56088 6.9103E-01 0.290345 0.0136122
2.27187E+06 3.594619 3.532070 1.950000 0.536709 0.349013 55.1791 1 8.07964E-13 3.55749 6.9103E-01 0.290345 0.0136122
2.41758E+06 3.622300 3.529149 1.950000 0.541311 0.349013 59.2491 1 1.65371E-12 3.55411 6.9103E-01 0.290345 0.0136122
2.55872E+06 3.649165 3.526298 1.950000 0.546189 0.349013 63.5079 1 3.33364E-12 3.55078 6.9103E-01 0.290345 0.0136122
2.69476E+06 3.675072 3.523465 1.949999 0.551313 0.349013 67.9613 1 6.62666E-12 3.54745 6.9103E-01 0.290345 0.0136122
2.82533E+06 3.699927 3.520798 1.949999 0.556651 0.349013 72.5167 1 1.28247E-11 3.54427 6.9103E-01 0.290345 0.0136122
2.95025E+06 3.723680 3.518172 1.949998 0.562167 0.349013 77.2158 1 2.43611E-11 3.54112 6.9103E-01 0.290345 0.0136122
3.06946E+06 3.746315 3.515729 1.949996 0.567829 0.349013 81.9598 1 4.49183E-11 3.53814 6.9103E-01 0.290345 0.0136122
3.18299E+06 3.767842 3.513361 1.949993 0.573604 0.349013 86.7866 1 8.10333E-11 3.53524 6.9103E-01 0.290345 0.0136122
3.29096E+06 3.788293 3.511118 1.949988 0.579461 0.349013 91.6509 1 1.42533E-10 3.53246 6.9103E-01 0.290345 0.0136122
3.38737E+06 3.809702 3.508764 1.949845 0.586440 0.349013 97.0650 1 1.92663E-09 3.52951 6.9103E-01 0.290345 0.0136122
3.48385E+06 3.828174 3.506711 1.949740 0.592421 0.349013 102.0277 1 3.24657E-09 3.52691 6.9103E-01 0.290345 0.0136122
3.57538E+06 3.845702 3.504770 1.949206 0.598400 0.349013 256.7260 0 2.48599E-08 3.56049 6.9103E-01 0.290345 0.0136122
3.66222E+06 3.862350 3.502838 1.948217 0.604359 0.349013 272.2080 0 3.77356E-08 3.55842 6.9103E-01 0.290345 0.0136122
3.74461E+06 3.878179 3.501060 1.946589 0.610282 0.349013 287.6943 0 5.60715E-08 3.55644 6.9103E-01 0.290345 0.0136122
3.82281E+06 3.893246 3.499266 1.944291 0.616157 0.359745 303.6258 0 8.26004E-08 3.55437 6.9103E-01 0.290345 0.0136122
3.89706E+06 3.906521 3.497582 1.940917 0.621450 0.378309 318.8042 0 1.17761E-07 3.5523 6.9077E-01 0.290525 0.0136862
3.96812E+06 3.918452 3.495985 1.936377 0.626313 0.40255 333.4917 0 1.64061E-07 3.55019 6.9031E-01 0.290845 0.0138137
4.03656E+06 3.929371 3.494403 1.930327 0.630861 0.430882 348.1083 0 2.26064E-07 3.54792 6.8969E-01 0.291274 0.0139803
4.10274E+06 3.939504 3.492794 1.922079 0.635177 0.462097 363.0287 0 3.11222E-07 3.54539 6.8896E-01 0.291794 0.0141748
4.16683E+06 3.949019 3.491229 1.911077 0.639319 0.49513 378.1858 0 4.28380E-07 3.54259 6.8813E-01 0.292374 0.0143889
4.22892E+06 3.958045 3.489606 1.896276 0.643337 0.529102 394.2284 0 5.98144E-07 3.53929 6.8725E-01 0.292993 0.0146153
4.28909E+06 3.966692 3.487843 1.875927 0.647272 0.563199 411.8621 0 8.61101E-07 3.53522 6.8633E-01 0.293653 0.0148477
4.34734E+06 3.974980 3.485832 1.847166 0.651126 0.596306 432.1594 0 1.30757E-06 3.5299 6.8539E-01 0.294322 0.015081
4.40369E+06 3.983096 3.483179 1.802433 0.654996 0.627523 458.5305 0 2.24627E-06 3.52203 6.8446E-01 0.294992 0.0153074
4.45811E+06 3.991140 3.478940 1.716747 0.658941 0.653983 501.0858 0 5.35276E-06 3.50743 6.8357E-01 0.295631 0.0155204
4.51052E+06 3.999453 3.475091 0.808051 0.663129 0.653983 1006.4185 0 8.21788E-05 3.47509 6.8280E-01 0.296191 0.0157009
4.51801E+06 3.767019 3.477485 0.663172 0.663172 0.653983 656.1185 0 6.74446E-05 3.48477 6.8280E-01 0.296191 0.0157009
0.00000E+00 3.206900 3.570860 2.000000 0.496800 0.345975 21.8002 1 1.41693E-15 3.59317 6.8992E-01 0.291325 0.0135931
1.23377E+05 3.218907 3.569789 2.000000 0.497470 0.345975 22.4554 1 1.42558E-15 3.59189 6.8992E-01 0.291325 0.0135931
2.49742E+05 3.232185 3.568602 2.000000 0.498220 0.345975 23.2051 1 1.43550E-15 3.59045 6.8992E-01 0.291325 0.0135931
3.79279E+05 3.246499 3.567317 2.000000 0.499059 0.345975 24.0529 1 1.44694E-15 3.58883 6.8992E-01 0.291325 0.0135931
5.12163E+05 3.261917 3.565916 2.000000 0.500000 0.345975 25.0021 1 1.46003E-15 3.58709 6.8992E-01 0.291325 0.0135931
6.48544E+05 3.278498 3.564397 2.000000 0.501060 0.345975 26.0560 1 1.47491E-15 3.58525 6.8992E-01 0.291325 0.0135931
7.88533E+05 3.296291 3.562769 2.000000 0.502253 0.345975 27.2514 1 1.49221E-15 3.58321 6.8992E-01 0.291325 0.0135931
9.32180E+05 3.315331 3.561020 2.000000 0.503598 0.345975 28.5976 1 1.51227E-15 3.58099 6.8992E-01 0.291325 0.0135931
1.07946E+06 3.335633 3.559137 2.000000 0.505115 0.345975 30.1052 1 1.53543E-15 3.57863 6.8992E-01 0.291325 0.0135931
1.23022E+06 3.357185 3.557139 2.000000 0.506826 0.345975 31.8112 1 1.56255E-15 3.57603 6.8992E-01 0.291325 0.0135931
1.38422E+06 3.379948 3.554979 2.000000 0.508752 0.345975 33.7139 1 2.59894E-15 3.57332 6.8992E-01 0.291325 0.0135931
1.54102E+06 3.403846 3.552680 2.000000 0.510916 0.345975 35.8559 1 4.65631E-15 3.57037 6.8992E-01 0.291325 0.0135931
1.70004E+06 3.428769 3.550308 2.000000 0.513341 0.345975 38.2498 1 8.55797E-15 3.56725 6.8992E-01 0.291325 0.0135931
1.86054E+06 3.454563 3.547807 2.000000 0.516048 0.345975 40.9033 1 1.61586E-14 3.56399 6.8992E-01 0.291325 0.0135931
2.02164E+06 3.481042 3.545179 2.000000 0.519052 0.345975 43.8454 1 3.12537E-14 3.56055 6.8992E-01 0.291325 0.0135931
2.18236E+06 3.507988 3.542468 2.000000 0.522366 0.345975 47.0801 1 6.15282E-14 3.55698 6.8992E-01 0.291325 0.0135931
2.34166E+06 3.535164 3.539769 2.000000 0.525996 0.345975 50.6106 1 1.22025E-13 3.55331 6.8992E-01 0.291325 0.0135931
2.49854E+06 3.562328 3.536984 2.000000 0.529939 0.345975 54.4256 1 2.44446E-13 3.54958 6.8992E-01 0.291325 0.0135931
2.65206E+06 3.589247 3.534216 2.000000 0.534186 0.345975 58.5210 1 4.89239E-13 3.54581 6.8992E-01 0.291325 0.0135931
2.80144E+06 3.615712 3.531437 2.000000 0.538721 0.345975 62.9086 1 9.77004E-13 3.54196 6.8992E-01 0.291325 0.0135931
2.94604E+06 3.641546 3.528719 2.000000 0.543523 0.345975 67.4935 1 1.92946E-12 3.53823 6.8992E-01 0.291325 0.0135931
3.08537E+06 3.666612 3.526077 2.000000 0.548566 0.345975 72.3611 1 3.76004E-12 3.53442 6.8992E-01 0.291325 0.0135931
3.21914E+06 3.690808 3.523437 1.999999 0.553820 0.345975 77.3918 1 7.24273E-12 3.53074 6.8992E-01 0.291325 0.0135931
3.34716E+06 3.714071 3.520957 1.999999 0.559254 0.345975 82.5915 1 1.36310E-11 3.52714 6.8992E-01 0.291325 0.0135931
3.46939E+06 3.736367 3.518501 1.999998 0.564838 0.345975 87.9715 1 2.52870E-11 3.52358 6.8992E-01 0.291325 0.0135931
3.58587E+06 3.757686 3.516219 1.999996 0.570542 0.345975 93.5034 1 4.57477E-11 3.52008 6.8992E-01 0.291325 0.0135931
3.69670E+06 3.778039 3.513986 1.999993 0.576336 0.345975 99.1579 1 8.13722E-11 3.51667 6.8992E-01 0.291325 0.0135931
3.80205E+06 3.797450 3.511870 1.999988 0.582194 0.345975 104.8987 1 1.41640E-10 3.51337 6.8992E-01 0.291325 0.0135931
3.90213E+06 3.815953 3.509851 1.999980 0.588091 0.345975 110.7401 1 2.41786E-10 3.51015 6.8992E-01 0.291325 0.0135931
3.99714E+06 3.833589 3.507893 1.999967 0.594005 0.345975 116.6672 1 4.05887E-10 3.50701 6.8992E-01 0.291325 0.0135931
4.08732E+06 3.850402 3.506057 1.999947 0.599916 0.345975 122.5643 1 6.66723E-10 3.50408 6.8992E-01 0.291325 0.0135931
4.17293E+06 3.866438 3.504288 1.999882 0.605807 0.345975 323.8519 0 3.88086E-09 3.54493 6.8992E-01 0.291325 0.0135931
4.25420E+06 3.881732 3.502566 1.999726 0.611659 0.357134 342.9057 0 5.65403E-09 3.54277 6.8992E-01 0.291325 0.0135931
4.33138E+06 3.895149 3.501023 1.999516 0.616900 0.376506 360.6199 0 7.88508E-09 3.54083 6.8965E-01 0.291515 0.0136694
4.40530E+06 3.907141 3.499559 1.999209 0.621680 0.401955 377.0668 0 1.06823E-08 3.53912 6.8917E-01 0.291845 0.0138018
4.47663E+06 3.918061 3.498190 1.998812 0.626120 0.431983 392.4974 0 1.41251E-08 3.5376 6.8853E-01 0.292294 0.0139756
4.54575E+06 3.928138 3.496895 1.998309 0.630300 0.465406 407.2755 0 1.83307E-08 3.53619 6.8776E-01 0.292834 0.0141805
4.61288E+06 3.937533 3.495716 1.997682 0.634277 0.501275 421.3786 0 2.33449E-08 3.53489 6.8688E-01 0.293444 0.0144084
4.67815E+06 3.946367 3.494612 1.996874 0.638091 0.538874 435.0529 0 2.93238E-08 3.53366 6.8593E-01 0.294123 0.0146527
4.74163E+06 3.954731 3.493575 1.995891 0.641775 0.577631 448.4947 0 3.64065E-08 3.53245 6.8492E-01 0.294843 0.0149089
4.80338E+06 3.962612 3.492684 1.994722 0.645311 0.616754 461.6331 0 4.44284E-08 3.53127 6.8386E-01 0.295592 0.0151726
4.86349E+06 3.970186 3.491796 1.993329 0.648777 0.65622 474.6432 0 5.39788E-08 3.53011 6.8278E-01 0.296372 0.0154389
4.92197E+06 3.977467 3.490995 1.991687 0.652171 0.695719 487.3097 0 6.49526E-08 3.52901 6.8167E-01 0.297171 0.015707
4.97887E+06 3.984492 3.490242 1.989761 0.655503 0.734995 500.1845 0 7.76695E-08 3.52785 6.8054E-01 0.297981 0.0159753
5.03423E+06 3.991292 3.489545 1.987520 0.658785 0.773938 513.0550 0 9.23039E-08 3.52668 6.7940E-01 0.29881 0.0162418
5.08809E+06 3.997893 3.488901 1.984888 0.662022 0.812362 525.8316 0 1.09130E-07 3.52552 6.7826E-01 0.29964 0.0165055
5.14049E+06 4.004316 3.488304 1.981849 0.665222 0.850171 538.9156 0 1.28475E-07 3.52428 6.7712E-01 0.300479 0.0167656
5.19145E+06 4.010579 3.487695 1.978346 0.668388 0.887297 552.1449 0 1.51291E-07 3.523 6.7598E-01 0.301319 0.0170211
5.24104E+06 4.016699 3.487066 1.974300 0.671526 0.923671 565.5503 0 1.78411E-07 3.52167 6.7484E-01 0.302158 0.0172717
5.28927E+06 4.022689 3.486362 1.969597 0.674639 0.959243 579.3450 0 2.11663E-07 3.52024 6.7371E-01 0.302987 0.0175165
5.33619E+06 4.028563 3.485466 1.967590 0.677730 0.994057 591.9948 0 2.50742E-07 3.51925 6.7259E-01 0.303817 0.0177556
5.38183E+06 4.034311 3.482607 1.964922 0.680791 1.02807 604.8763 0 3.39601E-07 3.5182 6.7148E-01 0.304646 0.017989
5.42624E+06 4.039950 3.423835 1.963359 0.683828 1.06135 617.4664 0 5.96388E-08 3.51729 6.7038E-01 0.305466 0.0182166
5.46948E+06 4.045476 3.410995 1.960844 0.686836 1.09384 630.1866 0 7.52862E-08 3.51631 6.6929E-01 0.306285 0.0184388
5.51158E+06 4.050904 3.404297 1.958076 0.689820 1.12557 643.2142 0 8.47725E-08 3.51527 6.6821E-01 0.307095 0.018655
5.55257E+06 4.056238 3.399679 1.955141 0.692781 1.15653 656.2977 0 9.19505E-08 3.51424 6.6714E-01 0.307904 0.0188656
5.59250E+06 4.061484 3.396110 1.952087 0.695719 1.18672 669.5687 0 9.79006E-08 3.51318 6.6609E-01 0.308704 0.0190705
5.63138E+06 4.066645 3.393133 1.948943 0.698636 1.21613 683.0601 0 1.03151E-07 3.5121 6.6504E-01 0.309503 0.0192696
5.66926E+06 4.071725 3.357354 1.301963 0.701545 1.21613 1261.8535 0 9.36988E-05 3.41979 6.6401E-01 0.310293 0.019463
5.70652E+06 4.080298 3.915539 0.706570 0.706570 1.21613 130.9497 1 1.39844E+12 3.63363 6.6401E-01 0.310293 0.019463
0.00000E+00 3.268300 3.571334 2.200000 0.507200 0.347349 23.0131 1 1.16875E-15 3.59378 6.8707E-01 0.294231 0.0136004
1.12100E+05 3.284400 3.569903 2.200000 0.508113 0.347349 23.9449 1 1.17947E-15 3.59206 6.8707E-01 0.294231 0.0136004
2.27954E+05 3.302203 3.568313 2.200000 0.509156 0.347349 25.0279 1 1.19204E-15 3.59011 6.8707E-01 0.294231 0.0136004
3.47799E+05 3.321503 3.566571 2.200000 0.510349 0.347349 26.2712 1 1.20690E-15 3.58792 6.8707E-01 0.294231 0.0136004
4.71822E+05 3.342346 3.564673 2.200000 0.511717 0.347349 27.6740 1 1.22421E-15 3.5856 6.8707E-01 0.294231 0.0136004
6.00125E+05 3.364743 3.562621 2.200000 0.513284 0.347349 29.2858 1 1.24482E-15 3.583 6.8707E-01 0.294231 0.0136004
7.32687E+05 3.388659 3.560400 2.200000 0.515078 0.347349 31.1124 1 1.26912E-15 3.58022 6.8707E-01 0.294231 0.0136004
8.69324E+05 3.414009 3.558053 2.200000 0.517128 0.347349 33.1828 1 1.29788E-15 3.57723 6.8707E-01 0.294231 0.0136004
1.00964E+06 3.440650 3.555532 2.200000 0.519463 0.347349 35.5274 1 2.22465E-15 3.57401 6.8707E-01 0.294231 0.0136004
1.15303E+06 3.468381 3.552898 2.200000 0.522109 0.347349 38.1620 1 4.38146E-15 3.57058 6.8707E-01 0.294231 0.0136004
1.29862E+06 3.496943 3.550155 2.200000 0.525088 0.347349 41.0866 1 8.85368E-15 3.56704 6.8707E-01 0.294231 0.0136004
1.44536E+06 3.526031 3.547337 2.200000 0.528417 0.347349 44.3272 1 1.82278E-14 3.56332 6.8707E-01 0.294231 0.0136004
1.59208E+06 3.555314 3.544406 2.200000 0.532104 0.347349 47.8788 1 3.81236E-14 3.55948 6.8707E-01 0.294231 0.0136004
1.73755E+06 3.584453 3.541499 2.200000 0.536144 0.347349 51.7254 1 7.97970E-14 3.55558 6.8707E-01 0.294231 0.0136004
1.88060E+06 3.613133 3.538616 2.200000 0.540524 0.347349 55.8409 1 1.66248E-13 3.55167 6.8707E-01 0.294231 0.0136004
2.02019E+06 3.641083 3.535756 2.200000 0.545222 0.347349 60.2076 1 3.43119E-13 3.54775 6.8707E-01 0.294231 0.0136004
2.15552E+06 3.668089 3.532986 2.200000 0.550205 0.347349 64.7922 1 6.95751E-13 3.54388 6.8707E-01 0.294231 0.0136004
2.28597E+06 3.694003 3.530238 2.200000 0.555439 0.347349 69.5258 1 1.38753E-12 3.54015 6.8707E-01 0.294231 0.0136004
2.41115E+06 3.718736 3.527675 2.200000 0.560885 0.347349 74.4498 1 2.68945E-12 3.53643 6.8707E-01 0.294231 0.0136004
2.53085E+06 3.742250 3.525146 2.200000 0.566504 0.347349 79.4432 1 5.10696E-12 3.53291 6.8707E-01 0.294231 0.0136004
2.64499E+06 3.764549 3.522757 2.199999 0.572261 0.347349 84.5919 1 9.44314E-12 3.52939 6.8707E-01 0.294231 0.0136004
2.75362E+06 3.785662 3.520519 2.199999 0.578119 0.347349 89.7236 1 1.69573E-11 3.52615 6.8707E-01 0.294231 0.0136004
2.85686E+06 3.805642 3.518327 2.199998 0.584047 0.347349 94.9819 1 2.98681E-11 3.5229 6.8707E-01 0.294231 0.0136004
2.95489E+06 3.824548 3.516357 2.199996 0.590016 0.347349 100.3016 1 5.09974E-11 3.51973 6.8707E-01 0.294231 0.0136004
3.04792E+06 3.842448 3.514395 2.199993 0.596001 0.347349 105.5998 1 8.56167E-11 3.51676 6.8707E-01 0.294231 0.0136004
3.13618E+06 3.859410 3.512554 2.199989 0.601980 0.347349 110.8867 1 1.40425E-10 3.51393 6.8707E-01 0.294231 0.0136004
3.21990E+06 3.875493 3.510841 2.199982 0.607929 0.347349 116.2616 1 2.25485E-10 3.51109 6.8707E-01 0.294231 0.0136004
3.29936E+06 3.890762 3.509180 2.199972 0.613834 0.360442 121.5224 1 3.55504E-10 3.50851 6.8707E-01 0.294231 0.0136004
3.37478E+06 3.903774 3.507665 2.199958 0.618957 0.383152 126.2535 1 5.29807E-10 3.50623 6.8676E-01 0.294431 0.0136892
3.44722E+06 3.915128 3.506265 2.199938 0.623506 0.413034 130.4993 1 7.56001E-10 3.50428 6.8622E-01 0.294801 0.0138431
3.51757E+06 3.925276 3.504951 2.199911 0.627642 0.448452 134.3888 1 1.04494E-09 3.50257 6.8550E-01 0.295301 0.0140456
3.58627E+06 3.934491 3.503723 2.199876 0.631467 0.488113 138.0068 1 1.40728E-09 3.50103 6.8463E-01 0.2959 0.0142853
3.65352E+06 3.942961 3.502630 2.199785 0.635048 0.530967 367.8084 0 6.64161E-09 3.56508 6.8364E-01 0.29658 0.0145541
3.71942E+06 3.950823 3.501593 2.199630 0.638435 0.57617 378.1675 0 8.14446E-09 3.56413 6.8256E-01 0.29733 0.0148443
3.78403E+06 3.958096 3.500653 2.199405 0.641625 0.622721 388.0018 0 9.82637E-09 3.56325 6.8140E-01 0.298139 0.0151504
3.84736E+06 3.964991 3.499755 2.199139 0.644711 0.67038 397.5787 0 1.17482E-08 3.5624 6.8019E-01 0.298989 0.0154659
3.90942E+06 3.971535 3.498947 2.198787 0.647696 0.718714 406.6460 0 1.38829E-08 3.56164 6.7894E-01 0.299868 0.0157889
3.97021E+06 3.977780 3.498212 2.198381 0.650597 0.767365 415.6891 0 1.62461E-08 3.56086 6.7765E-01 0.300778 0.0161165
4.02973E+06 3.983768 3.497559 2.197916 0.653430 0.816044 424.3306 0 1.88294E-08 3.56017 6.7634E-01 0.301717 0.0164461
4.08798E+06 3.989534 3.496853 2.197387 0.656205 0.864576 432.9204 0 2.18247E-08 3.55946 6.7501E-01 0.302657 0.016776
4.14499E+06 3.995107 3.496194 2.196786 0.658933 0.912767 441.3589 0 2.51417E-08 3.55878 6.7367E-01 0.303616 0.0171048
4.20077E+06 4.000510 3.495366 2.196055 0.661619 0.960493 449.5922 0 2.92284E-08 3.55814 6.7232E-01 0.304576 0.0174311
4.25533E+06 4.005763 3.494057 2.195795 0.664270 1.00766 457.6425 0 3.49455E-08 3.55756 6.7097E-01 0.305545 0.0177543
4.30870E+06 4.010879 3.459302 2.194937 0.666888 1.0542 465.8045 0 2.92676E-08 3.55692 6.6961E-01 0.306525 0.0180734
4.36090E+06 4.015875 3.429671 2.192809 0.669479 1.10005 474.3487 0 5.38478E-08 3.55611 6.6826E-01 0.307494 0.0183881
4.41197E+06 4.020769 3.421153 2.190343 0.672049 1.14517 482.9680 0 6.35298E-08 3.55527 6.6692E-01 0.308474 0.0186978
4.46190E+06 4.025569 3.416017 2.187672 0.674599 1.18949 491.6000 0 7.01894E-08 3.55442 6.6558E-01 0.309443 0.0190021
4.51073E+06 4.030284 3.412299 2.184851 0.677133 1.23302 500.2819 0 7.54880E-08 3.55356 6.6425E-01 0.310413 0.0193008
4.55848E+06 4.034913 3.400117 2.029179 0.679653 1.27254 569.4262 0 7.90596E-06 3.52961 6.6292E-01 0.311372 0.0195939
4.60530E+06 4.040396 3.376878 1.706854 0.682698 1.29839 756.3479 0 2.22531E-05 3.474 6.6171E-01 0.312262 0.0198596
4.63437E+06 4.037181 3.351775 1.132273 0.684270 1.29839 1308.7973 0 1.23867E-04 3.42113 6.6090E-01 0.312851 0.0200329
4.64970E+06 4.047756 3.573854 0.701384 0.686851 1.29839 419.6492 0 9.14382E-10 3.59934 6.6090E-01 0.312851 0.0200329
4.65032E+06 4.038450 3.571380 0.701384 0.686851 1.29839 417.9375 0 1.01958E-09 3.59747 6.6090E-01 0.312851 0.0200329
0.00000E+00 3.421700 3.565460 2.500000 0.527900 0.356484 29.5150 1 9.53388E-16 3.58686 6.8297E-01 0.298199 0.0135718
9.27533E+04 3.440778 3.563715 2.500000 0.529224 0.356484 30.9630 1 9.69132E-16 3.58469 6.8297E-01 0.298199 0.0135718
1.90157E+05 3.462103 3.561739 2.500000 0.530788 0.356484 32.6787 1 9.88334E-16 3.58222 6.8297E-01 0.298199 0.0135718
2.92467E+05 3.485410 3.559568 2.500000 0.532631 0.356484 34.6779 1 1.01172E-15 3.57945 6.8297E-01 0.298199 0.0135718
3.99755E+05 3.510582 3.557234 2.500000 0.534795 0.356484 36.9694 1 1.38358E-15 3.57648 6.8297E-01 0.298199 0.0135718
5.11822E+05 3.537386 3.554699 2.500000 0.537321 0.356484 39.6129 1 2.67166E-15 3.57318 6.8297E-01 0.298199 0.0135718
6.28125E+05 3.565473 3.552012 2.500000 0.540243 0.356484 42.6003 1 5.35520E-15 3.56968 6.8297E-01 0.298199 0.0135718
7.47750E+05 3.594399 3.549208 2.500000 0.543586 0.356484 45.9192 1 1.10327E-14 3.56605 6.8297E-01 0.298199 0.0135718
8.69454E+05 3.623654 3.546356 2.500000 0.547359 0.356484 49.5770 1 2.30649E-14 3.56227 6.8297E-01 0.298199 0.0135718
9.91789E+05 3.652722 3.543458 2.500000 0.551554 0.356484 53.5353 1 4.84845E-14 3.55841 6.8297E-01 0.298199 0.0135718
1.11327E+06 3.681128 3.540619 2.500000 0.556145 0.356484 57.7411 1 1.00891E-13 3.55457 6.8297E-01 0.298199 0.0135718
1.23256E+06 3.708491 3.537868 2.500000 0.561090 0.356484 62.1383 1 2.05954E-13 3.55078 6.8297E-01 0.298199 0.0135718
1.34856E+06 3.734548 3.535210 2.500000 0.566336 0.356484 66.6680 1 4.10093E-13 3.54711 6.8297E-01 0.298199 0.0135718
1.46049E+06 3.759155 3.532680 2.500000 0.571829 0.356484 71.2723 1 7.92028E-13 3.5436 6.8297E-01 0.298199 0.0135718
1.56786E+06 3.782266 3.530265 2.500000 0.577511 0.356484 75.9429 1 1.48362E-12 3.54018 6.8297E-01 0.298199 0.0135718
1.67042E+06 3.803908 3.528033 2.500000 0.583333 0.356484 80.6119 1 2.68151E-12 3.53696 6.8297E-01 0.298199 0.0135718
1.76811E+06 3.824157 3.525906 2.500000 0.589250 0.356484 85.2508 1 4.70401E-12 3.53392 6.8297E-01 0.298199 0.0135718
1.86098E+06 3.843111 3.523870 2.499999 0.595221 0.356484 89.8758 1 8.03170E-12 3.53101 6.8297E-01 0.298199 0.0135718
1.94917E+06 3.860878 3.522022 2.499999 0.601214 0.356484 94.4930 1 1.32845E-11 3.5282 6.8297E-01 0.298199 0.0135718
2.03286E+06 3.877568 3.520289 2.499998 0.607201 0.356484 99.0754 1 2.14189E-11 3.52552 6.8297E-01 0.298199 0.0135718
2.11228E+06 3.893274 3.518606 2.499997 0.613156 0.356484 103.5710 1 3.38326E-11 3.52302 6.8297E-01 0.298199 0.0135718
2.18764E+06 3.908093 3.517036 2.499996 0.619062 0.356484 108.0510 1 5.22754E-11 3.52059 6.8297E-01 0.298199 0.0135718
2.25919E+06 3.922111 3.515608 2.499994 0.624902 0.356484 112.5110 1 7.89607E-11 3.51824 6.8297E-01 0.298199 0.0135718
2.32714E+06 3.935401 3.514175 2.499991 0.630666 0.372139 116.9130 1 1.17827E-10 3.51601 6.8297E-01 0.298199 0.0135718
2.39173E+06 3.946119 3.512897 2.499987 0.635360 0.39879 120.5700 1 1.64385E-10 3.51423 6.8262E-01 0.298429 0.0136759
2.45431E+06 3.955089 3.511714 2.499982 0.639327 0.433596 123.6698 1 2.19011E-10 3.5128 6.8201E-01 0.298849 0.0138533
2.51596E+06 3.962876 3.510633 2.499975 0.642806 0.474789 126.4002 1 2.82121E-10 3.51158 6.8120E-01 0.299388 0.0140849
2.57714E+06 3.969773 3.509610 2.499966 0.645924 0.520999 128.8907 1 3.55032E-10 3.51048 6.8023E-01 0.300048 0.014359
2.63798E+06 3.975974 3.508682 2.499956 0.648763 0.571057 131.0796 1 4.36284E-10 3.5096 6.7913E-01 0.300798 0.0146668
2.69845E+06 3.981533 3.507826 2.499944 0.651339 0.623649 133.0962 1 5.26108E-10 3.50878 6.7793E-01 0.301627 0.0150007
2.75852E+06 3.986690 3.507042 2.499929 0.653767 0.678325 134.9434 1 6.25135E-10 3.50807 6.7665E-01 0.302517 0.0153518
2.81809E+06 3.991481 3.506291 2.499912 0.656058 0.73442 136.6771 1 7.34987E-10 3.50742 6.7530E-01 0.303447 0.0157171
2.87707E+06 3.995973 3.505593 2.499892 0.658240 0.791441 138.3179 1 8.55341E-10 3.50682 6.7390E-01 0.304406 0.0160923
2.93541E+06 4.000222 3.504905 2.499869 0.660336 0.848942 139.8758 1 9.89124E-10 3.50626 6.7247E-01 0.305406 0.0164741
2.99305E+06 4.004271 3.504190 2.499843 0.662364 0.906643 141.3184 1 1.13970E-09 3.50579 6.7101E-01 0.306415 0.0168597
3.04994E+06 4.008153 3.503237 2.499813 0.664338 0.964275 142.7377 1 1.33030E-09 3.50531 6.6953E-01 0.307445 0.017247
3.10607E+06 4.011898 3.501536 2.499799 0.666269 1.02167 144.1132 1 1.62839E-09 3.50486 6.6803E-01 0.308494 0.0176341
3.16142E+06 4.015526 3.456680 2.498854 0.668164 1.07867 386.5737 0 3.10882E-08 3.59784 6.6653E-01 0.309544 0.01802
3.21597E+06 4.019061 3.439537 2.497005 0.670034 1.13519 391.1722 0 4.48145E-08 3.59734 6.6503E-01 0.310593 0.0184036
3.26971E+06 4.022519 3.433138 2.494912 0.671884 1.19113 395.6930 0 5.13310E-08 3.59685 6.6352E-01 0.311653 0.0187842
3.32264E+06 4.025911 3.429104 2.492658 0.673718 1.24643 400.3798 0 5.60231E-08 3.59631 6.6202E-01 0.312703 0.0191611
3.37475E+06 4.029248 3.425983 2.488867 0.675540 1.30106 405.5115 0 3.78084E-07 3.59555 6.6051E-01 0.313762 0.019534
3.42605E+06 4.032544 3.423254 2.479571 0.677356 1.35494 411.8016 0 1.51397E-06 3.59417 6.5902E-01 0.314812 0.0199025
3.47654E+06 4.035828 3.419561 2.448013 0.679181 1.40797 424.2151 0 3.18967E-06 3.58988 6.5753E-01 0.315871 0.0202659
3.52618E+06 4.039203 3.414354 2.383019 0.681073 1.4598 446.8465 0 3.99542E-06 3.58109 6.5605E-01 0.316911 0.0206236
3.57477E+06 4.042796 3.406754 2.276947 0.683106 1.5096 484.8463 0 5.55146E-06 3.56634 6.5459E-01 0.31794 0.0209734
3.62195E+06 4.046797 3.394332 2.095855 0.685393 1.55486 557.8734 0 9.50356E-06 3.53969 6.5317E-01 0.31895 0.0213093
3.66732E+06 4.051653 3.363409 1.634284 0.688196 1.57772 826.6340 0 3.90299E-05 3.4605 6.5187E-01 0.319869 0.0216144
3.71026E+06 4.059387 4.000000 0.692728 0.692728 1.57772 131.0401 1 1.35060E+04 3.62975 6.5121E-01 0.320339 0.0217681
0.00000E+00 3.702600 3.551499 3.000000 0.595300 0.358159 55.8731 1 2.43372E-13 3.5515 6.7999E-01 0.301166 0.0135773
5.05098E+04 3.753851 3.546450 3.000000 0.597698 0.358159 63.2032 1 8.15008E-13 3.54647 6.7999E-01 0.301166 0.0135773
1.06052E+05 3.802288 3.541510 3.000000 0.600641 0.358159 71.1044 1 2.58613E-12 3.54152 6.7999E-01 0.301166 0.0135773
1.66420E+05 3.845842 3.537053 3.000000 0.604153 0.358159 79.0563 1 7.31207E-12 3.53707 6.7999E-01 0.301166 0.0135773
2.30752E+05 3.883562 3.533086 2.999999 0.608210 0.358159 86.7227 1 1.81179E-11 3.5331 6.7999E-01 0.301166 0.0135773
2.97655E+05 3.915501 3.529691 2.999999 0.612745 0.358159 93.8156 1 3.91607E-11 3.5297 6.7999E-01 0.301166 0.0135773
3.65546E+05 3.942388 3.526835 2.999997 0.617662 0.358159 100.2334 1 7.49180E-11 3.52684 6.7999E-01 0.301166 0.0135773
4.33006E+05 3.965193 3.524367 2.999994 0.622852 0.358159 106.0537 1 1.30286E-10 3.52437 6.7999E-01 0.301166 0.0135773
4.98986E+05 3.984832 3.522261 2.999988 0.628218 0.358159 111.3192 1 2.09541E-10 3.52227 6.7999E-01 0.301166 0.0135773
5.62830E+05 4.002047 3.520468 2.999980 0.633681 0.358159 116.1076 1 3.16674E-10 3.52048 6.7999E-01 0.301166 0.0135773
6.24194E+05 4.017396 3.518823 2.999969 0.639179 0.358159 120.5910 1 4.59059E-10 3.51883 6.7999E-01 0.301166 0.0135773
6.82945E+05 4.031291 3.517325 2.999953 0.644671 0.358159 124.8054 1 6.42903E-10 3.51733 6.7999E-01 0.301166 0.0135773
7.39079E+05 4.044031 3.516001 2.999933 0.650125 0.358159 128.7548 1 8.72526E-10 3.51601 6.7999E-01 0.301166 0.0135773
7.92666E+05 4.055837 3.514792 2.999906 0.655523 0.358159 132.5087 1 1.15663E-09 3.5148 6.7999E-01 0.301166 0.0135773
8.43812E+05 4.066876 3.513595 2.999873 0.660848 0.358159 136.1816 1 1.51227E-09 3.5136 6.7999E-01 0.301166 0.0135773
8.92637E+05 4.077273 3.512482 2.999831 0.666093 0.358159 139.7218 1 1.94487E-09 3.51248 6.7999E-01 0.301166 0.0135773
9.39271E+05 4.087125 3.511457 2.999779 0.671251 0.358159 143.1287 1 2.46344E-09 3.51146 6.7999E-01 0.301166 0.0135773
9.83841E+05 4.096507 3.510512 2.999717 0.676319 0.358159 146.4213 1 3.07898E-09 3.51052 6.7999E-01 0.301166 0.0135773
1.02647E+06 4.105477 3.509548 2.999642 0.681294 0.358159 149.7025 1 3.82662E-09 3.50955 6.7999E-01 0.301166 0.0135773
1.06727E+06 4.114084 3.508635 2.999553 0.686176 0.358159 152.9083 1 4.71067E-09 3.50864 6.7999E-01 0.301166 0.0135773
1.10635E+06 4.122365 3.507745 2.999447 0.690965 0.376138 156.0694 1 5.75810E-09 3.50775 6.7999E-01 0.301166 0.0135773
1.14382E+06 4.128167 3.506983 2.999328 0.694319 0.405322 158.4758 1 6.69164E-09 3.50699 6.7960E-01 0.301426 0.0136956
1.18116E+06 4.132591 3.506299 2.999193 0.696878 0.442565 160.4523 1 7.55686E-09 3.5063 6.7896E-01 0.301846 0.0138878
1.21946E+06 4.136229 3.505649 2.999039 0.698987 0.486462 162.1938 1 8.40258E-09 3.50565 6.7814E-01 0.302395 0.0141332
1.25884E+06 4.139269 3.505084 2.998865 0.700754 0.535598 163.6909 1 9.19605E-09 3.50509 6.7716E-01 0.303055 0.0144229
1.29913E+06 4.141840 3.504530 2.998671 0.702256 0.588609 165.0538 1 9.97861E-09 3.50453 6.7606E-01 0.303785 0.0147475
1.34004E+06 4.144047 3.504075 2.998459 0.703552 0.644328 166.2115 1 1.06896E-08 3.50408 6.7486E-01 0.304595 0.0150986
1.38136E+06 4.145981 3.503568 2.998231 0.704697 0.701853 167.3611 1 1.14392E-08 3.50357 6.7359E-01 0.305445 0.0154683
1.42288E+06 4.147713 3.503160 2.997986 0.705731 0.760497 168.3409 1 1.21183E-08 3.50316 6.7226E-01 0.306334 0.0158509
1.46445E+06 4.149298 3.502770 2.997727 0.706686 0.819744 169.2651 1 1.27913E-08 3.50277 6.7091E-01 0.307244 0.0162417
1.50598E+06 4.150778 3.502288 2.997452 0.707586 0.879283 170.2714 1 1.35619E-08 3.50229 6.6953E-01 0.308174 0.0166376
1.54739E+06 4.152181 3.501748 2.997159 0.708447 0.938844 171.3332 1 1.44185E-08 3.50175 6.6813E-01 0.309113 0.0170363
1.58862E+06 4.153530 3.500769 2.996838 0.709282 0.998252 172.9045 1 1.57777E-08 3.50077 6.6673E-01 0.310053 0.0174361
1.62965E+06 4.154848 3.494757 2.996659 0.710098 1.05742 454.3565 0 2.42555E-08 3.60211 6.6532E-01 0.311003 0.0178357
1.67044E+06 4.151220 3.438931 2.913074 0.710902 1.11701 810.9520 0 4.01223E-06 3.54625 6.6391E-01 0.311952 0.0182346
1.71109E+06 4.145351 3.426546 2.780790 0.711834 1.17731 942.0019 0 6.31424E-06 3.5337 6.6248E-01 0.312912 0.0186373
1.75108E+06 4.136194 3.414113 2.565345 0.712918 1.23728 1117.2320 0 1.07325E-05 3.52108 6.6102E-01 0.313892 0.0190458
1.79006E+06 4.120806 3.391719 2.142399 0.714283 1.29052 1429.0257 0 2.74058E-05 3.46541 6.5956E-01 0.314872 0.0194527
1.82739E+06 4.099865 3.910751 0.716842 0.716842 1.29052 191.4490 1 1.34472E+17 3.59414 6.5825E-01 0.315751 0.0198146
0.00000E+00 3.917700 3.541470 3.500000 0.691700 0.364894 80.3783 1 4.47783E-12 3.54147 6.8202E-01 0.299131 0.0135582
2.12499E+04 3.970244 3.536045 3.500000 0.693463 0.364894 91.3658 1 1.57240E-11 3.53606 6.8202E-01 0.299131 0.0135582
4.43829E+04 4.019947 3.530734 3.499999 0.695560 0.364894 103.2740 1 5.22684E-11 3.53075 6.8202E-01 0.299131 0.0135582
6.93712E+04 4.065030 3.525879 3.499998 0.698006 0.364894 115.4450 1 1.55801E-10 3.52589 6.8202E-01 0.299131 0.0135582
9.60195E+04 4.104264 3.521534 3.499994 0.700792 0.37215 127.3031 1 4.06350E-10 3.52155 6.8202E-01 0.299131 0.0135582
1.23973E+05 4.135335 3.517999 3.499985 0.703018 0.387475 137.6436 1 8.73771E-10 3.51801 6.8182E-01 0.299281 0.0136049
1.53470E+05 4.159543 3.515173 3.499966 0.704810 0.410615 146.3522 1 1.59436E-09 3.51518 6.8145E-01 0.299531 0.0137051
1.85026E+05 4.178371 3.512876 3.499933 0.706317 0.441413 153.6079 1 2.56241E-09 3.51288 6.8094E-01 0.299881 0.0138577
2.18558E+05 4.192664 3.510984 3.499879 0.707572 0.479042 159.5194 1 3.71089E-09 3.51099 6.8029E-01 0.300301 0.0140618
2.53741E+05 4.203255 3.509538 3.499803 0.708602 0.522375 164.0974 1 4.89766E-09 3.50954 6.7953E-01 0.300791 0.0143128
2.90202E+05 4.210974 3.508383 3.499704 0.709444 0.570209 167.6338 1 6.03708E-09 3.50839 6.7867E-01 0.30132 0.0146032
3.27608E+05 4.216562 3.507451 3.499583 0.710136 0.62146 170.3568 1 7.07089E-09 3.50745 6.7774E-01 0.3019 0.0149251
3.65688E+05 4.220613 3.506746 3.499442 0.710715 0.675215 172.3935 1 7.94640E-09 3.50675 6.7676E-01 0.3025 0.0152715
4.04237E+05 4.223579 3.506125 3.499284 0.711210 0.730813 174.0272 1 8.71805E-09 3.50613 6.7573E-01 0.30312 0.0156365
4.43105E+05 4.225785 3.505523 3.499111 0.711645 0.787725 175.4244 1 9.43093E-09 3.50553 6.7467E-01 0.30376 0.0160156
4.82184E+05 4.227461 3.505042 3.498924 0.712037 0.845586 176.5257 1 1.00288E-08 3.50504 6.7359E-01 0.30441 0.0164054
5.21396E+05 4.228768 3.504503 3.498724 0.712399 0.904106 177.5870 1 1.06395E-08 3.50451 6.7250E-01 0.305059 0.0168034
5.60689E+05 4.229816 3.503705 3.498509 0.712740 0.96312 178.8965 1 1.14377E-08 3.50371 6.7139E-01 0.305719 0.0172078
6.00022E+05 4.230698 3.502136 3.498420 0.713067 1.02244 181.1254 1 1.29148E-08 3.50214 6.7027E-01 0.306389 0.0176173
6.39369E+05 4.228309 3.457158 3.468677 0.713385 1.08244 707.1381 0 2.37656E-06 3.56457 6.6914E-01 0.307049 0.0180309
6.78752E+05 4.220732 3.440208 3.388470 0.713720 1.14385 839.3451 0 3.89838E-06 3.54756 6.6800E-01 0.307719 0.018451
7.18140E+05 4.210658 3.432278 3.279163 0.714101 1.20704 911.8943 0 5.13408E-06 3.53942 6.6683E-01 0.308408 0.0188828
7.57386E+05 4.198636 3.425624 3.141481 0.714545 1.27212 981.3573 0 6.64605E-06 3.53257 6.6562E-01 0.309108 0.0193295
7.96356E+05 4.184191 3.418597 2.962356 0.715099 1.33913 1066.6755 0 8.92616E-06 3.52542 6.6437E-01 0.309838 0.0197916
8.34861E+05 4.165123 3.407972 2.696122 0.715841 1.40778 1225.3586 0 1.41696E-05 3.51455 6.6308E-01 0.310578 0.0202698
8.72596E+05 4.136341 3.385388 2.192855 0.716861 1.4708 1568.5396 0 3.65394E-05 3.46368 6.6176E-01 0.311348 0.0207623
9.08900E+05 4.103465 4.000000 0.719078 0.719078 1.4708 193.4984 1 8.24837E+04 3.59366 6.6054E-01 0.312047 0.0212166
0.00000E+00 4.189400 3.523620 4.000000 0.809700 0.371044 135.9785 1 4.40448E-10 3.52362 6.8202E-01 0.29911 0.0135531
7.37221E+03 4.230038 3.519181 3.999996 0.810872 0.372199 150.3939 1 1.18283E-09 3.51919 6.8202E-01 0.29911 0.0135531
1.54178E+04 4.269459 3.514786 3.999986 0.811717 0.374398 165.9510 1 3.10508E-09 3.5148 6.8192E-01 0.2992 0.0135588
2.41430E+04 4.306950 3.510505 3.999958 0.812473 0.377849 182.3669 1 7.82870E-09 3.51052 6.8177E-01 0.29934 0.0135706
3.35689E+04 4.341754 3.506571 3.999887 0.813146 0.382796 198.9998 1 1.84238E-08 3.50658 6.8157E-01 0.29951 0.0135901
4.36628E+04 4.373156 3.502982 3.999718 0.813739 0.387619 568.1027 0 3.99982E-08 3.6121 6.8132E-01 0.299729 0.0136188
5.43595E+04 4.400685 3.499779 3.999355 0.814253 0.385072 629.3586 0 7.92552E-08 3.60888 6.8102E-01 0.299977 0.0136621
6.55792E+04 4.424170 3.496954 3.998650 0.814692 0.364553 687.5301 0 1.43053E-07 3.60602 6.8067E-01 0.300249 0.0137287
7.72403E+04 4.443704 3.494382 3.997402 0.815065 0.32375 741.7834 0 2.37673E-07 3.60341 6.8026E-01 0.300553 0.0138247
8.92666E+04 4.459565 3.492030 3.995372 0.815379 0.267529 791.2836 0 3.66209E-07 3.601 6.7980E-01 0.300871 0.0139455
1.01591E+05 4.472134 3.489947 3.992313 0.815645 0.204759 834.9729 0 5.25223E-07 3.59886 6.7930E-01 0.301223 0.0140841
1.14157E+05 4.481835 3.488175 3.988026 0.815870 0.144955 872.1605 0 7.04560E-07 3.59702 6.7876E-01 0.301586 0.0142326
1.26918E+05 4.489097 3.486825 3.982415 0.816063 0.0982361 901.7972 0 8.84034E-07 3.59561 6.7821E-01 0.301982 0.014383
1.39837E+05 4.494333 3.485858 3.975520 0.816229 0.0701196 924.3300 0 1.04745E-06 3.59459 6.7763E-01 0.302398 0.0145264
1.52883E+05 4.497927 3.485207 3.967484 0.816376 0.057905 940.7299 0 1.18473E-06 3.59388 6.7704E-01 0.302836 0.0146577
1.66033E+05 4.500206 3.484642 3.958456 0.816507 0.0542691 953.6266 0 1.30588E-06 3.59326 6.7643E-01 0.303304 0.0147786
1.79269E+05 4.501439 3.484135 3.948547 0.816625 0.0539374 963.7786 0 1.41170E-06 3.59271 6.7581E-01 0.303793 0.014895
1.92577E+05 4.501848 3.483679 3.937864 0.816735 0.0547163 971.6706 0 1.50256E-06 3.5922 6.7518E-01 0.304282 0.0150117
2.05944E+05 4.501611 3.483276 3.926518 0.816838 0.0558941 977.6572 0 1.57879E-06 3.59175 6.7455E-01 0.304782 0.0151299
2.19363E+05 4.500874 3.482913 3.914607 0.816936 0.0572516 982.1786 0 1.64273E-06 3.59133 6.7391E-01 0.305281 0.0152501
2.32828E+05 4.499749 3.482576 3.902216 0.817031 0.0587307 985.5951 0 1.69726E-06 3.59094 6.7326E-01 0.305781 0.0153726
2.46331E+05 4.498325 3.482259 3.889405 0.817124 0.0603203 988.1752 0 1.74430E-06 3.59057 6.7261E-01 0.306291 0.0154971
2.59871E+05 4.496668 3.481955 3.876225 0.817216 0.0620217 990.1161 0 1.78577E-06 3.59022 6.7196E-01 0.306791 0.0156238
2.73443E+05 4.494832 3.481658 3.862716 0.817307 0.0638382 991.6329 0 1.82334E-06 3.58987 6.7131E-01 0.3073 0.0157524
2.87046E+05 4.492856 3.481370 3.848909 0.817398 0.06578 992.8141 0 1.85782E-06 3.58952 6.7065E-01 0.3078 0.015883
3.00677E+05 4.490770 3.481102 3.834824 0.817490 0.0678447 993.5589 0 1.88836E-06 3.5892 6.6999E-01 0.30831 0.0160157
3.14335E+05 4.488598 3.480853 3.820475 0.817583 0.0700492 993.9600 0 1.91551E-06 3.58889 6.6933E-01 0.30881 0.0161504
3.28019E+05 4.486357 3.480608 3.805869 0.817677 0.0724008 994.2218 0 1.94175E-06 3.58859 6.6867E-01 0.30931 0.0162872
3.41728E+05 4.484058 3.480361 3.791012 0.817773 0.0749299 994.4450 0 1.96819E-06 3.58829 6.6801E-01 0.30981 0.0164261
3.55461E+05 4.481712 3.480104 3.775900 0.817871 0.0776403 994.7002 0 1.99621E-06 3.58797 6.6734E-01 0.31031 0.016567
3.69218E+05 4.479324 3.479833 3.760528 0.817972 0.0805555 995.0555 0 2.02675E-06 3.58765 6.6668E-01 0.31081 0.0167102
3.82997E+05 4.476898 3.479555 3.744883 0.818074 0.0836616 995.4675 0 2.05906E-06 3.58731 6.6601E-01 0.31131 0.0168556
3.96799E+05 4.474436 3.479268 3.728946 0.818180 0.087101 995.9549 0 2.09369E-06 3.58696 6.6534E-01 0.31181 0.0170031
4.10623E+05 4.471938 3.478971 3.712701 0.818288 0.0908976 996.5342 0 2.13099E-06 3.58661 6.6467E-01 0.3123 0.0171531
4.24469E+05 4.469406 3.478666 3.696129 0.818400 0.0952538 997.1943 0 2.17102E-06 3.58624 6.6400E-01 0.31279 0.0173052
4.38336E+05 4.466838 3.478351 3.679204 0.818514 0.0999937 997.9648 0 2.21443E-06 3.58587 6.6333E-01 0.31329 0.0174595
4.52223E+05 4.464234 3.478040 3.661911 0.818633 0.105196 998.7056 0 2.25909E-06 3.5855 6.6266E-01 0.31378 0.0176162
4.66131E+05 4.461594 3.477756 3.644228 0.818755 0.110951 999.1840 0 2.30163E-06 3.58515 6.6199E-01 0.31426 0.0177754
4.80059E+05 4.458915 3.477462 3.626132 0.818881 0.117352 999.7924 0 2.34824E-06 3.58479 6.6131E-01 0.31475 0.017937
4.94007E+05 4.456196 3.477157 3.607590 0.819012 0.124496 1000.5106 0 2.39893E-06 3.58443 6.6063E-01 0.31524 0.018101
5.07973E+05 4.453434 3.476841 3.588569 0.819147 0.132524 1001.3795 0 2.45455E-06 3.58405 6.5995E-01 0.31572 0.0182675
5.21957E+05 4.450625 3.476513 3.569033 0.819288 0.141544 1002.3864 0 2.51532E-06 3.58366 6.5927E-01 0.3162 0.0184364
5.35959E+05 4.447767 3.476175 3.548943 0.819433 0.151716 1003.5350 0 2.58160E-06 3.58326 6.5859E-01 0.31669 0.0186076
5.49978E+05 4.444856 3.475824 3.528256 0.819585 0.163198 1004.8267 0 2.65436E-06 3.58284 6.5791E-01 0.31717 0.0187813
5.64013E+05 4.441890 3.475472 3.506929 0.819743 0.176477 1006.1884 0 2.73239E-06 3.58243 6.5722E-01 0.31765 0.0189574
5.78063E+05 4.438865 3.475126 3.484921 0.819907 0.19135 1007.5255 0 2.81459E-06 3.58202 6.5654E-01 0.31812 0.0191353
5.92127E+05 4.435778 3.474794 3.462181 0.820079 0.20797 1008.7716 0 2.90009E-06 3.58162 6.5585E-01 0.3186 0.0193157
6.06203E+05 4.432625 3.474455 3.438646 0.820258 0.226892 1010.1548 0 2.99382E-06 3.58122 6.5516E-01 0.31908 0.0194982
6.20291E+05 4.429399 3.474107 3.414244 0.820446 0.247782 1011.6892 0 3.09698E-06 3.58081 6.5446E-01 0.31956 0.0196825
6.34389E+05 4.426098 3.473743 3.388915 0.820642 0.271462 1013.4612 0 3.21268E-06 3.58038 6.5377E-01 0.32004 0.0198691
6.48494E+05 4.422720 3.473427 3.362608 0.820849 0.297635 1014.8700 0 3.32821E-06 3.58 6.5307E-01 0.32051 0.0200574
6.62605E+05 4.419258 3.473101 3.335217 0.821066 0.325445 1016.4713 0 3.45733E-06 3.5796 6.5236E-01 0.32099 0.0202473
6.76719E+05 4.415705 3.472752 3.306651 0.821295 0.354701 1018.4188 0 3.60536E-06 3.57919 6.5166E-01 0.32147 0.0204403
6.90834E+05 4.412065 3.472461 3.276865 0.821536 0.385277 1019.9487 0 3.75473E-06 3.57883 6.5094E-01 0.32195 0.0206368
7.04946E+05 4.408320 3.472153 3.245658 0.821792 0.417002 1021.8288 0 3.92669E-06 3.57846 6.5023E-01 0.32244 0.0208369
7.19053E+05 4.404459 3.471801 3.212858 0.822062 0.449799 1024.3482 0 4.13244E-06 3.57804 6.4950E-01 0.32292 0.0210414
7.33149E+05 4.400472 3.471498 3.178294 0.822350 0.483385 1026.5988 0 4.35149E-06 3.57767 6.4877E-01 0.3234 0.0212502
7.47230E+05 4.396337 3.471157 3.141668 0.822655 0.517799 1029.5231 0 4.61485E-06 3.57726 6.4803E-01 0.32389 0.0214641
7.61291E+05 4.392036 3.470845 3.102690 0.822982 0.553225 1032.4798 0 4.91062E-06 3.57688 6.4728E-01 0.32438 0.0216833
7.75325E+05 4.387522 3.470424 3.060783 0.823332 0.589453 1036.9714 0 5.29825E-06 3.5764 6.4653E-01 0.32487 0.0219078
7.89324E+05 4.382774 3.470053 3.015527 0.823708 0.62648 1041.4632 0 5.74188E-06 3.57596 6.4577E-01 0.32536 0.0221379
8.03279E+05 4.377725 3.469597 2.966022 0.824114 0.664361 1047.4906 0 6.32152E-06 3.57543 6.4500E-01 0.32585 0.0223744
8.17179E+05 4.372302 3.469153 2.911180 0.824555 0.703078 1054.2619 0 7.04372E-06 3.57492 6.4422E-01 0.32634 0.022617
8.31009E+05 4.366381 3.468568 2.849214 0.825037 0.742666 1063.7240 0 8.06242E-06 3.57427 6.4344E-01 0.32684 0.022866
8.44752E+05 4.359766 3.467863 2.777248 0.825568 0.7831 1076.2629 0 9.54029E-06 3.57351 6.4264E-01 0.32733 0.0231219
8.58386E+05 4.352278 3.466925 2.692724 0.826103 0.823499 1094.8129 0 1.19278E-05 3.57243 6.4184E-01 0.32782 0.0233845
8.71878E+05 4.343241 3.465792 2.584075 0.826760 0.86456 1120.0799 0 1.60767E-05 3.57124 6.4106E-01 0.3283 0.0236479
8.85188E+05 4.330818 3.463607 2.422944 0.827526 0.905837 1150.4648 0 2.73218E-05 3.56223 6.4027E-01 0.32877 0.0239168
8.98249E+05 4.303366 3.457108 1.996043 0.828478 0.942389 1209.3322 0 1.56190E-04 3.5151 6.3948E-01 0.32924 0.0241885
9.04912E+05 4.277060 3.452903 1.488432 0.828360 0.942389 1306.0134 0 1.52884E-04 3.45379 6.3880E-01 0.32964 0.0244305
9.10952E+05 4.273649 3.791796 0.830106 0.830106 0.942389 130.4285 1 2.01684E-10 3.67078 6.3880E-01 0.32964 0.0244305
0.00000E+00 4.181100 3.535188 4.500000 0.824600 0.368486 116.6719 1 5.95906E-11 3.53519 6.5298E-01 0.328091 0.0135212
6.31463E+03 4.234599 3.529490 4.499999 0.825632 0.369255 133.0881 1 2.16625E-10 3.5295 6.5298E-01 0.328091 0.0135212
1.31298E+04 4.286647 3.523827 4.499998 0.826419 0.370736 151.4124 1 7.67307E-10 3.52384 6.5292E-01 0.328151 0.0135247
2.04504E+04 4.336455 3.518345 4.499991 0.827139 0.373205 171.3824 1 2.58493E-09 3.51836 6.5282E-01 0.328241 0.0135323
2.83008E+04 4.383274 3.513131 4.499967 0.827796 0.375129 192.6338 1 8.13039E-09 3.51314 6.5268E-01 0.32835 0.0135447
3.66713E+04 4.426342 3.508285 4.499894 0.828391 0.362563 567.9407 0 2.34101E-08 3.61739 6.5251E-01 0.328491 0.0135688
4.55291E+04 4.465063 3.503765 4.499686 0.828923 0.319426 655.9116 0 6.12717E-08 3.61285 6.5228E-01 0.328665 0.0136222
5.48283E+04 4.499089 3.499532 4.499154 0.829393 0.246656 746.4285 0 1.45349E-07 3.60857 6.5200E-01 0.328851 0.013711
6.45169E+04 4.528308 3.495702 4.497933 0.829804 0.160493 835.8440 0 3.09684E-07 3.60469 6.5165E-01 0.329071 0.0138273
7.45429E+04 4.552787 3.492485 4.495434 0.830163 0.0890327 919.2772 0 5.85575E-07 3.60142 6.5126E-01 0.329324 0.0139578
8.48574E+04 4.572713 3.490069 4.490939 0.830473 0.057087 991.7251 0 9.74656E-07 3.59896 6.5082E-01 0.329628 0.0140807
9.54168E+04 4.588372 3.488259 4.483785 0.830742 0.0517277 1052.4015 0 1.45597E-06 3.59713 6.5035E-01 0.329995 0.0141766
1.06183E+05 4.600092 3.486678 4.473339 0.830975 0.0523114 1103.8539 0 2.01657E-06 3.59552 6.4984E-01 0.330413 0.0142557
1.17125E+05 4.608255 3.485388 4.459214 0.831178 0.0535839 1144.8049 0 2.59767E-06 3.59421 6.4929E-01 0.330862 0.0143346
1.28217E+05 4.613302 3.484370 4.441389 0.831356 0.0549013 1175.5621 0 3.14036E-06 3.59318 6.4872E-01 0.331341 0.014417
1.39437E+05 4.615717 3.483615 4.420205 0.831513 0.0561988 1196.7463 0 3.59298E-06 3.5924 6.4813E-01 0.331831 0.0145028
1.50768E+05 4.615992 3.483023 4.396224 0.831652 0.0574685 1210.4371 0 3.94569E-06 3.59177 6.4752E-01 0.33233 0.0145919
1.62197E+05 4.614590 3.482568 4.370098 0.831777 0.0587216 1217.9731 0 4.19361E-06 3.59129 6.4690E-01 0.33284 0.0146842
1.73710E+05 4.611920 3.482216 4.342463 0.831890 0.0599691 1220.7891 0 4.34833E-06 3.5909 6.4628E-01 0.33336 0.0147792
1.85298E+05 4.608326 3.481942 4.313885 0.831994 0.0612222 1220.0828 0 4.42665E-06 3.59058 6.4565E-01 0.33387 0.0148769
1.96952E+05 4.604083 3.481721 4.284815 0.832090 0.0624965 1216.9177 0 4.44849E-06 3.59032 6.4501E-01 0.33439 0.0149772
2.08666E+05 4.599405 3.481538 4.255591 0.832180 0.0638022 1212.0640 0 4.42983E-06 3.59008 6.4437E-01 0.33491 0.0150801
2.20432E+05 4.594454 3.481390 4.226463 0.832265 0.0651515 1206.0002 0 4.38174E-06 3.58989 6.4373E-01 0.33543 0.0151854
2.32247E+05 4.589346 3.481263 4.197585 0.832345 0.0665492 1199.2185 0 4.31655E-06 3.58971 6.4308E-01 0.33595 0.0152931
2.44104E+05 4.584166 3.481140 4.169051 0.832423 0.0680043 1192.1791 0 4.24449E-06 3.58954 6.4244E-01 0.33646 0.0154032
2.56000E+05 4.578969 3.481019 4.140906 0.832499 0.0695265 1185.0572 0 4.17004E-06 3.58937 6.4180E-01 0.33698 0.0155158
2.67932E+05 4.573796 3.480898 4.113160 0.832573 0.0711191 1178.0593 0 4.09694E-06 3.58918 6.4115E-01 0.33748 0.0156306
2.79897E+05 4.568673 3.480773 4.085810 0.832646 0.0727953 1171.1305 0 4.02735E-06 3.58901 6.4051E-01 0.33799 0.0157477
2.91893E+05 4.563615 3.480652 4.058832 0.832719 0.074537 1164.4212 0 3.96072E-06 3.58883 6.3987E-01 0.33849 0.0158671
3.03918E+05 4.558630 3.480525 4.032197 0.832792 0.0763677 1157.9464 0 3.90007E-06 3.58865 6.3923E-01 0.33899 0.0159889
3.15969E+05 4.553724 3.480395 4.005865 0.832866 0.0783324 1151.7539 0 3.84502E-06 3.58847 6.3859E-01 0.33949 0.0161129
3.28046E+05 4.548895 3.480256 3.979796 0.832940 0.0804204 1145.8922 0 3.79716E-06 3.58828 6.3795E-01 0.33998 0.0162392
3.40147E+05 4.544142 3.480113 3.953942 0.833016 0.0826436 1140.3204 0 3.75533E-06 3.58808 6.3731E-01 0.34047 0.0163677
3.52270E+05 4.539460 3.479958 3.928257 0.833093 0.085009 1135.1225 0 3.72143E-06 3.58787 6.3667E-01 0.34096 0.0164988
3.64415E+05 4.534843 3.479790 3.902693 0.833173 0.0875537 1130.2814 0 3.69551E-06 3.58764 6.3603E-01 0.34144 0.016632
3.76581E+05 4.530285 3.479610 3.877201 0.833254 0.0902813 1125.7746 0 3.67702E-06 3.58741 6.3540E-01 0.34192 0.0167676
3.88768E+05 4.525780 3.479416 3.851733 0.833338 0.0932118 1121.6366 0 3.66679E-06 3.58715 6.3476E-01 0.34239 0.0169057
4.00973E+05 4.521320 3.479208 3.826237 0.833425 0.0964053 1117.8308 0 3.66426E-06 3.58689 6.3413E-01 0.34286 0.0170461
4.13197E+05 4.516898 3.478989 3.800663 0.833515 0.0999143 1114.3342 0 3.66916E-06 3.58661 6.3349E-01 0.34333 0.0171891
4.25438E+05 4.512507 3.478753 3.774957 0.833608 0.103774 1111.1694 0 3.68257E-06 3.58632 6.3286E-01 0.3438 0.0173345
4.37697E+05 4.508138 3.478505 3.749065 0.833705 0.108026 1108.3275 0 3.70389E-06 3.58601 6.3222E-01 0.34426 0.0174824
4.49973E+05 4.503784 3.478241 3.722930 0.833807 0.112669 1105.8221 0 3.73408E-06 3.58569 6.3159E-01 0.34472 0.017633
4.62264E+05 4.499438 3.477969 3.696493 0.833912 0.117915 1103.5117 0 3.77139E-06 3.58536 6.3095E-01 0.34518 0.0177861
4.74570E+05 4.495091 3.477691 3.669691 0.834023 0.123916 1101.4483 0 3.81594E-06 3.58502 6.3032E-01 0.34563 0.0179418
4.86891E+05 4.490734 3.477401 3.642456 0.834139 0.13079 1099.6044 0 3.86935E-06 3.58467 6.2968E-01 0.34608 0.0181002
4.99225E+05 4.486361 3.477090 3.614721 0.834260 0.138883 1098.1244 0 3.93513E-06 3.5843 6.2905E-01 0.34653 0.0182609
5.11572E+05 4.481963 3.476781 3.586410 0.834388 0.148134 1096.7899 0 4.00764E-06 3.58393 6.2842E-01 0.34697 0.0184245
5.23930E+05 4.477529 3.476458 3.557432 0.834523 0.158751 1095.7151 0 4.09227E-06 3.58354 6.2778E-01 0.34741 0.0185903
5.36300E+05 4.473051 3.476119 3.527693 0.834665 0.171004 1094.9541 0 4.19086E-06 3.58315 6.2715E-01 0.34785 0.0187581
5.48679E+05 4.468517 3.475765 3.497093 0.834815 0.185173 1094.5075 0 4.30443E-06 3.58273 6.2651E-01 0.34829 0.0189292
5.61066E+05 4.463919 3.475387 3.465522 0.834974 0.201554 1094.4437 0 4.43795E-06 3.58229 6.2587E-01 0.34872 0.0191022
5.73460E+05 4.459247 3.475003 3.432863 0.835143 0.220703 1094.5802 0 4.58805E-06 3.58185 6.2523E-01 0.34916 0.0192779
5.85859E+05 4.454486 3.474620 3.398961 0.835323 0.242512 1094.9064 0 4.75590E-06 3.5814 6.2459E-01 0.34959 0.019455
5.98260E+05 4.449622 3.474214 3.363642 0.835515 0.277881 1095.6460 0 4.95190E-06 3.58093 6.2395E-01 0.35002 0.0196344
6.10662E+05 4.444642 3.473843 3.326721 0.835720 0.305646 1096.3007 0 5.16397E-06 3.58049 6.2331E-01 0.35045 0.0198106
6.23061E+05 4.439565 3.473501 3.288247 0.835939 0.33594 1096.7601 0 5.39019E-06 3.58009 6.2266E-01 0.35088 0.0199937
6.35454E+05 4.434342 3.473135 3.247750 0.836175 0.368283 1097.8322 0 5.66301E-06 3.57967 6.2201E-01 0.35131 0.0201791
6.47836E+05 4.428945 3.472727 3.204865 0.836429 0.40219 1099.7053 0 5.99790E-06 3.5792 6.2135E-01 0.35175 0.0203686
6.60205E+05 4.423336 3.472283 3.159118 0.836704 0.43737 1102.3892 0 6.40827E-06 3.57869 6.2069E-01 0.35219 0.0205619
6.72552E+05 4.417471 3.471797 3.109922 0.837002 0.473501 1106.0010 0 6.91846E-06 3.57815 6.2002E-01 0.35262 0.020761
6.84873E+05 4.411302 3.471331 3.056569 0.837327 0.510821 1110.0311 0 7.53008E-06 3.57762 6.1934E-01 0.35307 0.0209653
6.97157E+05 4.404715 3.470786 2.997674 0.837683 0.549129 1115.7486 0 8.34290E-06 3.57702 6.1865E-01 0.35351 0.0211753
7.09394E+05 4.397570 3.470039 2.931384 0.838077 0.588474 1124.8711 0 9.52962E-06 3.57621 6.1795E-01 0.35395 0.0213918
7.21569E+05 4.389667 3.469274 2.854902 0.838516 0.628879 1135.8813 0 1.11643E-05 3.57539 6.1724E-01 0.3544 0.0216153
7.33665E+05 4.380610 3.468197 2.762784 0.839012 0.670388 1153.5150 0 1.38966E-05 3.57424 6.1652E-01 0.35485 0.0218451
7.45653E+05 4.369811 3.466698 2.646641 0.839529 0.712085 1182.3386 0 1.90890E-05 3.57257 6.1579E-01 0.35529 0.0220836
7.57494E+05 4.355054 3.464304 2.472783 0.840192 0.754521 1226.3290 0 3.25143E-05 3.56776 6.1507E-01 0.35573 0.022323
7.69131E+05 4.319783 3.455651 1.951517 0.841038 0.791252 1295.7532 0 1.98469E-04 3.50906 6.1436E-01 0.35616 0.0225693
7.74140E+05 4.293327 3.452613 1.526286 0.840751 0.791252 1346.0058 0 1.56734E-04 3.4565 6.1375E-01 0.35652 0.0227838
7.80472E+05 4.291954 4.000000 0.842699 0.842699 0.791252 78.8504 1 8.57025E-15 3.74088 6.1375E-01 0.35652 0.0227838
0.00000E+00 4.261200 3.536068 5.000000 0.865500 0.376279 126.3345 1 8.32000E-11 3.53607 6.3504E-01 0.346078 0.013487
4.28012E+03 4.318350 3.530012 4.999999 0.866367 0.37683 145.3786 1 3.29576E-10 3.53003 6.3504E-01 0.346078 0.013487
8.86349E+03 4.375343 3.523878 4.999997 0.867028 0.377859 167.3605 1 1.31055E-09 3.52389 6.3499E-01 0.346118 0.0134894
1.37564E+04 4.431407 3.517761 4.999989 0.867632 0.375263 192.3302 1 5.12394E-09 3.51778 6.3492E-01 0.346176 0.0134949
1.89763E+04 4.485770 3.511746 4.999953 0.868183 0.350289 590.0438 0 1.93323E-08 3.62089 6.3482E-01 0.346268 0.0135131
2.45200E+04 4.537539 3.505855 4.999820 0.868684 0.292448 714.1513 0 6.92331E-08 3.61497 6.3466E-01 0.346365 0.0135624
3.03706E+04 4.585863 3.500084 4.999337 0.869135 0.206742 855.8614 0 2.32134E-07 3.60917 6.3446E-01 0.346485 0.0136408
3.65025E+04 4.629971 3.494790 4.997754 0.869538 0.118647 1010.0533 0 7.02880E-07 3.60384 6.3420E-01 0.346637 0.0137414
4.28868E+04 4.669058 3.490272 4.993157 0.869896 0.0684882 1168.2046 0 1.86343E-06 3.59929 6.3390E-01 0.34683 0.0138453
4.94941E+04 4.702033 3.486767 4.981697 0.870214 0.0597592 1318.0404 0 4.20513E-06 3.59579 6.3355E-01 0.347096 0.0139222
5.62983E+04 4.727277 3.483882 4.957035 0.870494 0.0631785 1451.8176 0 8.15778E-06 3.59296 6.3315E-01 0.347433 0.0139696
6.32792E+04 4.742843 3.481697 4.911517 0.870743 0.0683886 1554.3413 0 1.32852E-05 3.59088 6.3272E-01 0.347822 0.0140105
7.04242E+04 4.747713 3.480178 4.840920 0.870964 0.0720784 1615.6528 0 1.80954E-05 3.58946 6.3225E-01 0.348231 0.0140524
7.77270E+04 4.742937 3.479177 4.748763 0.871161 0.0727025 1638.6391 0 2.12713E-05 3.58845 6.3176E-01 0.348671 0.0140981
8.51827E+04 4.731644 3.478469 4.644496 0.871337 0.0717682 1635.8877 0 2.27435E-05 3.58761 6.3125E-01 0.349111 0.0141501
9.27831E+04 4.716835 3.478074 4.536662 0.871493 0.0706905 1614.5246 0 2.26244E-05 3.58713 6.3074E-01 0.34956 0.0142079
1.00516E+05 4.700497 3.477885 4.430528 0.871631 0.069964 1583.0912 0 2.15596E-05 3.58692 6.3021E-01 0.35001 0.0142708
1.08365E+05 4.683769 3.477786 4.328655 0.871753 0.0696498 1548.3140 0 2.01664E-05 3.58683 6.2968E-01 0.35046 0.0143385
1.16316E+05 4.667248 3.477719 4.231939 0.871861 0.0696908 1513.6967 0 1.87712E-05 3.58678 6.2914E-01 0.35091 0.0144106
1.24354E+05 4.651227 3.477644 4.140406 0.871960 0.0700331 1481.0776 0 1.75230E-05 3.5867 6.2860E-01 0.35136 0.0144873
1.32464E+05 4.635812 3.477512 4.053632 0.872051 0.0706966 1452.1134 0 1.65410E-05 3.58652 6.2807E-01 0.3518 0.014568
1.40635E+05 4.621133 3.477347 3.971481 0.872137 0.0716819 1426.2297 0 1.57593E-05 3.58629 6.2753E-01 0.35224 0.0146528
1.48856E+05 4.606952 3.477170 3.892212 0.872221 0.0730379 1402.3231 0 1.51069E-05 3.58605 6.2699E-01 0.35267 0.0147414
1.57119E+05 4.593324 3.476968 3.815591 0.872305 0.0748351 1380.7094 0 1.46004E-05 3.58578 6.2645E-01 0.3531 0.0148337
1.65416E+05 4.580170 3.476727 3.740830 0.872392 0.0771872 1361.4537 0 1.42469E-05 3.58548 6.2592E-01 0.35352 0.0149296
1.73740E+05 4.567402 3.476424 3.667147 0.872485 0.0802551 1344.6856 0 1.40626E-05 3.58512 6.2538E-01 0.35394 0.015029
1.82085E+05 4.554922 3.476060 3.593701 0.872584 0.0842794 1330.2158 0 1.40463E-05 3.58471 6.2485E-01 0.35435 0.0151319
1.90446E+05 4.542625 3.475637 3.519610 0.872694 0.0895495 1317.9503 0 1.42055E-05 3.58423 6.2433E-01 0.35475 0.0152379
1.98818E+05 4.530396 3.475144 3.443851 0.872817 0.0965581 1307.8920 0 1.45706E-05 3.58369 6.2380E-01 0.35515 0.0153473
2.07195E+05 4.518092 3.474558 3.365148 0.872955 0.105939 1300.3014 0 1.52044E-05 3.58305 6.2328E-01 0.35554 0.0154597
2.15572E+05 4.505532 3.473851 3.281807 0.873112 0.118899 1295.5460 0 1.62091E-05 3.5823 6.2275E-01 0.35593 0.0155747
2.23943E+05 4.492501 3.473075 3.191596 0.873294 0.136311 1293.1462 0 1.76696E-05 3.58148 6.2223E-01 0.35632 0.0156918
2.32300E+05 4.478668 3.472060 3.090972 0.873507 0.157918 1296.4398 0 2.01343E-05 3.58037 6.2171E-01 0.3567 0.0158104
2.40633E+05 4.463445 3.470616 2.973417 0.873759 0.181304 1309.2621 0 2.46786E-05 3.57874 6.2119E-01 0.35708 0.0159309
2.48925E+05 4.445621 3.468889 2.824859 0.874066 0.205936 1327.8518 0 3.25488E-05 3.57706 6.2065E-01 0.35747 0.0160564
2.57154E+05 4.422374 3.465786 2.608922 0.874415 0.231287 1381.9132 0 5.64500E-05 3.57378 6.2010E-01 0.35786 0.0161888
2.65272E+05 4.371051 3.455648 1.969229 0.874941 0.254211 1461.7088 0 2.00271E-04 3.51211 6.1955E-01 0.35825 0.0163254
2.68480E+05 4.345860 3.453713 1.632285 0.874641 0.254211 1470.1495 0 1.67515E-04 3.47135 6.1907E-01 0.35859 0.0164498
2.73222E+05 4.340431 3.517983 1.004955 0.876205 0.254211 1207.3486 0 1.02204E-04 3.51799 6.1907E-01 0.35859 0.0164498
2.75815E+05 4.331272 3.754632 0.876636 0.876636 0.254211 459.8977 0 3.14039E-09 3.6375 6.1907E-01 0.35859 0.0164498
