0.00000E+00 3.126800 3.623573 0.500000 0.495700 0.480446 58.6150 0 3.78959E-11 3.62352 6.5690E-01 0.314919 0.0212111
9.66646E+04 3.129710 3.619627 0.495862 0.495862 0.480446 59.6173 0 5.82773E-11 3.62319 6.5690E-01 0.314919 0.0212111
0.00000E+00 3.350200 3.510429 0.550000 0.515000 0.480157 243.3693 0 9.59536E-07 3.51043 6.5584E-01 0.315221 0.0212121
8.21398E+04 3.364368 3.548639 0.527346 0.515915 0.480157 185.4488 0 1.63162E-07 3.54863 6.5584E-01 0.315221 0.0212121
1.65869E+05 3.379845 3.572360 0.523677 0.516937 0.480157 156.2841 0 4.68012E-08 3.57236 6.5584E-01 0.315221 0.0212121
2.51262E+05 3.396269 3.596558 0.522769 0.518076 0.480157 130.8538 0 1.22933E-08 3.59651 6.5584E-01 0.315221 0.0212121
3.38388E+05 3.402127 3.571374 0.518550 0.518550 0.480157 133.3711 0 8.34884E-08 3.59666 6.5584E-01 0.315221 0.0212121
0.00000E+00 3.406800 3.456973 0.600000 0.519000 0.48005 411.6927 0 2.83705E-05 3.45697 6.5494E-01 0.315562 0.0212189
4.78548E+04 3.375360 3.471084 0.519319 0.519319 0.48005 363.1800 0 4.63131E-05 3.47769 6.5494E-01 0.315562 0.0212189
0.00000E+00 3.384800 3.449348 0.700000 0.522500 0.480446 365.2242 0 3.96618E-06 3.44935 6.5298E-01 0.316568 0.0212362
5.65302E+04 3.381758 3.450200 0.656217 0.523057 0.480446 323.9888 0 3.47920E-06 3.4685 6.5298E-01 0.316568 0.0212362
7.70154E+04 3.400640 3.554383 0.532618 0.523556 0.480446 189.3205 0 1.78323E-07 3.55438 6.5298E-01 0.316568 0.0212362
1.55892E+05 3.406864 3.702924 0.524017 0.524017 0.480446 75.9417 1 3.89630E-12 3.55944 6.5298E-01 0.316568 0.0212362
0.00000E+00 3.369700 3.456839 0.800000 0.523900 0.473117 292.8571 0 2.96967E-07 3.45684 6.5403E-01 0.315962 0.0212495
7.60433E+04 3.387521 3.452870 0.788047 0.524967 0.473117 320.0545 0 6.45687E-07 3.45287 6.5403E-01 0.315962 0.0212495
1.53848E+05 3.406811 3.447535 0.756575 0.526169 0.473117 363.5510 0 2.24503E-06 3.44754 6.5403E-01 0.315962 0.0212495
2.23687E+05 3.419081 3.444194 0.655521 0.527227 0.473117 400.6901 0 1.06451E-05 3.45416 6.5403E-01 0.315962 0.0212495
2.33522E+05 3.425665 3.550663 0.537286 0.527528 0.473117 205.2785 0 3.10963E-07 3.5507 6.5403E-01 0.315962 0.0212495
3.15279E+05 3.433546 3.720914 0.528140 0.528140 0.473117 81.9963 1 1.44902E-12 3.55443 6.5403E-01 0.315962 0.0212495
0.00000E+00 3.522400 3.435584 0.900000 0.526700 0.461044 447.9279 0 3.31123E-06 3.43558 6.5403E-01 0.31554 0.0212692
6.52250E+04 3.527900 3.422694 0.677563 0.527574 0.461044 594.6306 0 7.43297E-05 3.43385 6.5403E-01 0.31554 0.0212692
7.42013E+04 3.532149 3.568958 0.527816 0.527816 0.461044 235.7105 0 6.97213E-07 3.56364 6.5403E-01 0.31554 0.0212692
0.00000E+00 3.381800 3.471166 1.000000 0.525200 0.444981 216.5624 0 6.49963E-09 3.47117 6.5403E-01 0.316249 0.0212964
7.50678E+04 3.399496 3.468228 0.999763 0.526283 0.444981 231.3342 0 1.07351E-08 3.46823 6.5403E-01 0.316249 0.0212964
1.51900E+05 3.418662 3.465007 0.999349 0.527505 0.444981 248.5909 0 1.85754E-08 3.46501 6.5403E-01 0.316249 0.0212964
2.30592E+05 3.438906 3.461513 0.998593 0.528880 0.444981 268.5206 0 3.35026E-08 3.46151 6.5403E-01 0.316249 0.0212964
3.11212E+05 3.460147 3.457693 0.997154 0.530425 0.444981 291.7197 0 6.34139E-08 3.45769 6.5403E-01 0.316249 0.0212964
3.93791E+05 3.482282 3.453543 0.994275 0.532156 0.444981 318.9129 0 1.27112E-07 3.45354 6.5403E-01 0.316249 0.0212964
4.78311E+05 3.505182 3.448820 0.988091 0.534088 0.444981 352.0857 0 2.80938E-07 3.44882 6.5403E-01 0.316249 0.0212964
5.64699E+05 3.528707 3.443028 0.972974 0.536238 0.444981 396.2477 0 7.64964E-07 3.44303 6.5403E-01 0.316249 0.0212964
6.52812E+05 3.551817 3.433474 0.918867 0.538622 0.444981 478.4278 0 4.73073E-06 3.43347 6.5403E-01 0.316249 0.0212964
7.24919E+05 3.556901 3.420909 0.539005 0.539005 0.444981 825.2557 0 5.48168E-05 3.42746 6.5403E-01 0.316249 0.0212964
0.00000E+00 3.382000 3.479077 1.100000 0.525800 0.433886 185.2795 0 1.03443E-09 3.47908 6.5494E-01 0.315001 0.0213122
7.46109E+04 3.399998 3.476227 1.099958 0.526917 0.433886 197.8613 0 1.70255E-09 3.47623 6.5494E-01 0.315001 0.0213122
1.51033E+05 3.419401 3.473086 1.099886 0.528179 0.433886 212.5184 0 2.92784E-09 3.47309 6.5494E-01 0.315001 0.0213122
2.29362E+05 3.439912 3.469758 1.099757 0.529600 0.433886 229.2169 0 5.19929E-09 3.46976 6.5494E-01 0.315001 0.0213122
3.09661E+05 3.461445 3.466214 1.099517 0.531198 0.433886 248.2977 0 9.54553E-09 3.46621 6.5494E-01 0.315001 0.0213122
3.91956E+05 3.483887 3.462411 1.099055 0.532987 0.433886 270.1836 0 1.81615E-08 3.46241 6.5494E-01 0.315001 0.0213122
4.76218E+05 3.507104 3.458379 1.098138 0.534986 0.433886 295.2227 0 3.57631E-08 3.45838 6.5494E-01 0.315001 0.0213122
5.62354E+05 3.530948 3.454069 1.096250 0.537210 0.433886 324.0971 0 7.34113E-08 3.45407 6.5494E-01 0.315001 0.0213122
6.50197E+05 3.555255 3.449361 1.092179 0.539674 0.433886 358.0760 0 1.60360E-07 3.44936 6.5494E-01 0.315001 0.0213122
7.39500E+05 3.579849 3.443973 1.082679 0.542392 0.433886 400.0810 0 3.94807E-07 3.44397 6.5494E-01 0.315001 0.0213122
8.29941E+05 3.604548 3.436775 1.055882 0.545374 0.433886 461.1448 0 1.37652E-06 3.43677 6.5494E-01 0.315001 0.0213122
9.23597E+05 3.629005 3.418666 0.548771 0.548771 0.433886 1017.7653 0 5.58100E-05 3.42021 6.5494E-01 0.315001 0.0213122
0.00000E+00 3.394100 3.484768 1.200000 0.530200 0.422703 167.2931 0 2.88662E-10 3.48477 6.5705E-01 0.313829 0.0213308
7.18203E+04 3.413517 3.481803 1.199988 0.531375 0.422703 179.3997 0 4.90234E-10 3.4818 6.5705E-01 0.313829 0.0213308
1.45503E+05 3.434373 3.478549 1.199968 0.532707 0.422703 193.5007 0 8.70045E-10 3.47855 6.5705E-01 0.313829 0.0213308
2.21144E+05 3.456353 3.475082 1.199929 0.534211 0.422703 209.6395 0 1.59681E-09 3.47508 6.5705E-01 0.313829 0.0213308
2.98803E+05 3.479334 3.471365 1.199855 0.535906 0.422703 228.1401 0 3.03240E-09 3.47137 6.5705E-01 0.313829 0.0213308
3.78492E+05 3.503168 3.467474 1.199709 0.537807 0.422703 249.1525 0 5.91532E-09 3.46747 6.5705E-01 0.313829 0.0213308
4.60164E+05 3.527685 3.463404 1.199411 0.539932 0.422703 272.9826 0 1.18286E-08 3.4634 6.5705E-01 0.313829 0.0213308
5.43696E+05 3.552702 3.459139 1.198792 0.542297 0.422703 300.0184 0 2.42300E-08 3.45914 6.5705E-01 0.313829 0.0213308
6.28885E+05 3.578021 3.454681 1.197482 0.544915 0.422703 330.7070 0 5.08166E-08 3.45468 6.5705E-01 0.313829 0.0213308
7.15444E+05 3.603442 3.449957 1.194643 0.547799 0.422703 365.8910 0 1.09972E-07 3.44996 6.5705E-01 0.313829 0.0213308
8.03001E+05 3.628759 3.444808 1.188278 0.550955 0.422703 407.3597 0 2.51239E-07 3.44481 6.5705E-01 0.313829 0.0213308
8.91121E+05 3.653772 3.438771 1.172945 0.554386 0.422703 459.9811 0 6.55472E-07 3.43877 6.5705E-01 0.313829 0.0213308
9.79321E+05 3.678294 3.429329 1.122637 0.558089 0.422703 549.9176 0 3.43038E-06 3.42933 6.5705E-01 0.313829 0.0213308
1.05275E+06 3.693538 3.418305 0.561030 0.561030 0.422703 1163.1047 0 5.70567E-05 3.41917 6.5705E-01 0.313829 0.0213308
0.00000E+00 3.402700 3.490166 1.300000 0.531400 0.414724 151.2127 0 1.11477E-10 3.49017 6.5902E-01 0.311775 0.021348
7.10168E+04 3.422055 3.487290 1.299996 0.532559 0.414724 162.0019 0 1.87979E-10 3.48729 6.5902E-01 0.311775 0.021348
1.43859E+05 3.442916 3.484169 1.299989 0.533872 0.414724 174.5301 0 3.30615E-10 3.48417 6.5902E-01 0.311775 0.021348
2.18622E+05 3.464864 3.480762 1.299976 0.535355 0.414724 188.9614 0 6.03844E-10 3.48076 6.5902E-01 0.311775 0.021348
2.95367E+05 3.487775 3.477224 1.299951 0.537025 0.414724 205.2727 0 1.13114E-09 3.47723 6.5902E-01 0.311775 0.021348
3.74109E+05 3.511495 3.473467 1.299902 0.538899 0.414724 223.8428 0 2.18076E-09 3.47347 6.5902E-01 0.311775 0.021348
4.54805E+05 3.535854 3.469546 1.299802 0.540993 0.414724 244.8002 0 4.29874E-09 3.46955 6.5902E-01 0.311775 0.021348
5.37341E+05 3.560663 3.465502 1.299597 0.543322 0.414724 268.3075 0 8.61614E-09 3.4655 6.5902E-01 0.311775 0.021348
6.21524E+05 3.585727 3.461322 1.299171 0.545901 0.414724 294.6411 0 1.75332E-08 3.46132 6.5902E-01 0.311775 0.021348
7.07076E+05 3.610844 3.457028 1.298278 0.548739 0.414724 324.0265 0 3.61042E-08 3.45703 6.5902E-01 0.311775 0.021348
7.93641E+05 3.635809 3.452570 1.296391 0.551845 0.414724 356.9945 0 7.55152E-08 3.45257 6.5902E-01 0.311775 0.021348
8.80795E+05 3.660427 3.447872 1.292361 0.555220 0.414724 394.4444 0 1.62015E-07 3.44787 6.5902E-01 0.311775 0.021348
9.68063E+05 3.684515 3.442790 1.283503 0.558859 0.414724 438.2861 0 3.65970E-07 3.44279 6.5902E-01 0.311775 0.021348
1.05495E+06 3.707911 3.436644 1.262512 0.562752 0.414724 495.1585 0 9.58702E-07 3.43664 6.5902E-01 0.311775 0.021348
1.14098E+06 3.729784 3.426410 1.196777 0.566883 0.414724 597.8209 0 4.52629E-06 3.42641 6.5902E-01 0.311775 0.021348
1.20812E+06 3.739628 3.396074 0.821004 0.569814 0.414724 1083.2470 0 8.49839E-05 3.4003 6.5902E-01 0.311775 0.021348
1.21167E+06 3.742475 3.518209 0.570099 0.570099 0.414724 75.4023 0 5.79791E-05 3.73604 6.5902E-01 0.311775 0.021348
0.00000E+00 3.421600 3.493669 1.400000 0.530300 0.406928 67.7551 1 2.15552E-11 3.5085 6.5902E-01 0.310698 0.0213605
7.15901E+04 3.439122 3.491108 1.399999 0.531445 0.406928 152.1570 0 9.84406E-11 3.49111 6.5902E-01 0.310698 0.0213605
1.44991E+05 3.458124 3.488323 1.399996 0.532740 0.406928 162.7574 0 1.63991E-10 3.48832 6.5902E-01 0.310698 0.0213605
2.20297E+05 3.478205 3.485354 1.399990 0.534202 0.406928 174.7968 0 2.81720E-10 3.48535 6.5902E-01 0.310698 0.0213605
2.97571E+05 3.499268 3.482139 1.399979 0.535848 0.406928 188.5571 0 5.00360E-10 3.48214 6.5902E-01 0.310698 0.0213605
3.76830E+05 3.521185 3.478780 1.399958 0.537693 0.406928 204.0495 0 9.10539E-10 3.47878 6.5902E-01 0.310698 0.0213605
4.58037E+05 3.543810 3.475242 1.399918 0.539754 0.406928 221.5290 0 1.69758E-09 3.47524 6.5902E-01 0.310698 0.0213605
5.41084E+05 3.566978 3.471609 1.399840 0.542047 0.406928 241.0026 0 3.21556E-09 3.47161 6.5902E-01 0.310698 0.0213605
6.25786E+05 3.590512 3.467833 1.399686 0.544585 0.406928 262.7453 0 6.19114E-09 3.46783 6.5902E-01 0.310698 0.0213605
7.11878E+05 3.614225 3.463970 1.399380 0.547380 0.406928 286.8260 0 1.20402E-08 3.46397 6.5902E-01 0.310698 0.0213605
7.99015E+05 3.637927 3.460023 1.398770 0.550439 0.406928 313.3960 0 2.35896E-08 3.46002 6.5902E-01 0.310698 0.0213605
8.86781E+05 3.661429 3.455991 1.397556 0.553766 0.406928 342.6707 0 4.65132E-08 3.45599 6.5902E-01 0.310698 0.0213605
9.74709E+05 3.684550 3.451865 1.395137 0.557356 0.406928 374.9570 0 9.24271E-08 3.45187 6.5902E-01 0.310698 0.0213605
1.06231E+06 3.707124 3.447494 1.390278 0.561201 0.406928 411.3422 0 1.88011E-07 3.44749 6.5902E-01 0.310698 0.0213605
1.14908E+06 3.729014 3.442847 1.380328 0.565285 0.406928 453.1777 0 3.98397E-07 3.44285 6.5902E-01 0.310698 0.0213605
1.23457E+06 3.750110 3.437247 1.358574 0.569585 0.406928 506.6143 0 9.62095E-07 3.43725 6.5902E-01 0.310698 0.0213605
1.31838E+06 3.769890 3.428348 1.298736 0.574079 0.406928 597.0218 0 3.70796E-06 3.42835 6.5902E-01 0.310698 0.0213605
1.38826E+06 3.782321 3.391218 0.851282 0.577684 0.406928 1227.7703 0 8.80753E-05 3.39331 6.5902E-01 0.310698 0.0213605
1.39255E+06 3.784752 3.692504 0.578064 0.578064 0.406928 319.1131 0 3.35817E-09 3.58372 6.5902E-01 0.310698 0.0213605
0.00000E+00 3.385800 3.504705 1.500000 0.527200 0.380489 56.1476 1 2.04614E-12 3.52176 6.5902E-01 0.311604 0.0214278
7.33880E+04 3.404008 3.502201 1.500000 0.528295 0.380489 59.1912 1 3.40192E-12 3.51867 6.5902E-01 0.311604 0.0214278
1.48534E+05 3.423678 3.499458 1.500000 0.529531 0.380489 62.6982 1 5.92115E-12 3.51526 6.5902E-01 0.311604 0.0214278
2.25530E+05 3.444410 3.496532 1.500000 0.530922 0.380489 66.6582 1 1.06754E-11 3.51157 6.5902E-01 0.311604 0.0214278
3.04441E+05 3.466113 3.493455 1.499999 0.532484 0.380489 71.1029 1 1.98692E-11 3.50765 6.5902E-01 0.311604 0.0214278
3.85294E+05 3.488670 3.490165 1.499998 0.534232 0.380489 161.0817 0 1.29243E-10 3.49017 6.5902E-01 0.311604 0.0214278
4.68067E+05 3.511942 3.486759 1.499993 0.536183 0.380489 174.9208 0 2.41397E-10 3.48676 6.5902E-01 0.311604 0.0214278
5.52675E+05 3.535776 3.483150 1.499983 0.538352 0.380489 190.5309 0 4.61482E-10 3.48315 6.5902E-01 0.311604 0.0214278
6.38964E+05 3.560006 3.479509 1.499962 0.540753 0.380489 207.7801 0 8.90157E-10 3.47951 6.5902E-01 0.311604 0.0214278
7.26705E+05 3.584457 3.475740 1.499917 0.543398 0.380489 226.9608 0 1.73864E-09 3.47574 6.5902E-01 0.311604 0.0214278
8.15589E+05 3.608947 3.471897 1.499828 0.546299 0.380489 248.1079 0 3.41633E-09 3.4719 6.5902E-01 0.311604 0.0214278
9.05239E+05 3.633292 3.468021 1.499651 0.549459 0.380489 271.2317 0 6.71453E-09 3.46802 6.5902E-01 0.311604 0.0214278
9.95219E+05 3.657313 3.464150 1.499298 0.552881 0.380489 296.3120 0 1.31349E-08 3.46415 6.5902E-01 0.311604 0.0214278
1.08506E+06 3.680842 3.460300 1.498604 0.556558 0.380489 323.3649 0 2.54989E-08 3.4603 6.5902E-01 0.311604 0.0214278
1.17426E+06 3.703730 3.456443 1.497263 0.560479 0.380489 352.5471 0 4.91834E-08 3.45644 6.5902E-01 0.311604 0.0214278
1.26236E+06 3.725856 3.452550 1.494696 0.564626 0.380489 384.1077 0 9.45835E-08 3.45255 6.5902E-01 0.311604 0.0214278
1.34893E+06 3.747127 3.448547 1.489812 0.568978 0.380489 418.6919 0 1.83204E-07 3.44855 6.5902E-01 0.311604 0.0214278
1.43359E+06 3.767485 3.444301 1.480474 0.573510 0.380489 457.6948 0 3.65136E-07 3.4443 6.5902E-01 0.311604 0.0214278
1.51603E+06 3.786902 3.439358 1.461766 0.578194 0.380489 505.3111 0 7.96340E-07 3.43936 6.5902E-01 0.311604 0.0214278
1.59604E+06 3.805314 3.432634 1.418856 0.583003 0.380489 574.3152 0 2.25151E-06 3.43263 6.5902E-01 0.311604 0.0214278
1.69439E+06 3.690670 3.421973 0.588157 0.588157 0.380489 998.3731 0 5.98156E-05 3.43079 6.5902E-01 0.311604 0.0214278
0.00000E+00 3.423600 3.504819 1.600000 0.526900 0.370285 54.7092 1 1.74694E-12 3.5303 6.5902E-01 0.310528 0.0214429
7.34756E+04 3.439310 3.502716 1.600000 0.527992 0.370285 57.1460 1 2.70100E-12 3.52792 6.5902E-01 0.310528 0.0214429
1.48704E+05 3.456437 3.500323 1.600000 0.529223 0.370285 59.9746 1 4.38278E-12 3.5252 6.5902E-01 0.310528 0.0214429
2.25777E+05 3.474605 3.497772 1.600000 0.530609 0.370285 63.1421 1 7.34690E-12 3.5223 6.5902E-01 0.310528 0.0214429
3.04759E+05 3.493748 3.495067 1.599999 0.532165 0.370285 66.6779 1 1.27120E-11 3.51919 6.5902E-01 0.310528 0.0214429
3.85678E+05 3.513778 3.492222 1.599999 0.533906 0.370285 70.6100 1 2.26530E-11 3.51591 6.5902E-01 0.310528 0.0214429
5.53182E+05 3.556033 3.485971 1.598513 0.538008 0.370285 182.7089 0 3.00354E-10 3.49961 6.5902E-01 0.310528 0.0214429
6.39533E+05 3.577988 3.482683 1.598500 0.540398 0.370285 197.8715 0 5.44240E-10 3.49631 6.5902E-01 0.310528 0.0214429
7.27337E+05 3.600289 3.479348 1.598475 0.543031 0.370285 214.5543 0 9.95226E-10 3.49295 6.5902E-01 0.310528 0.0214429
8.16291E+05 3.622772 3.475868 1.598427 0.545919 0.370285 233.0508 0 1.84381E-09 3.48945 6.5902E-01 0.310528 0.0214429
9.06021E+05 3.645266 3.472434 1.598335 0.549066 0.370285 253.0482 0 3.40676E-09 3.48599 6.5902E-01 0.310528 0.0214429
9.96094E+05 3.667598 3.468931 1.598162 0.552473 0.370285 274.8432 0 6.30980E-09 3.48244 6.5902E-01 0.310528 0.0214429
1.08604E+06 3.689606 3.465403 1.597842 0.556136 0.370285 298.3811 0 1.16517E-08 3.47886 6.5902E-01 0.310528 0.0214429
1.17537E+06 3.711138 3.461968 1.597250 0.560042 0.370285 323.3600 0 2.12435E-08 3.47533 6.5902E-01 0.310528 0.0214429
1.26361E+06 3.732068 3.458525 1.596176 0.564176 0.370285 350.0568 0 3.84635E-08 3.47173 6.5902E-01 0.310528 0.0214429
1.35033E+06 3.752295 3.455082 1.594262 0.568515 0.370285 378.4965 0 6.91508E-08 3.46802 6.5902E-01 0.310528 0.0214429
1.43515E+06 3.771749 3.451610 1.590888 0.573035 0.370285 408.9001 0 1.23988E-07 3.46408 6.5902E-01 0.310528 0.0214429
1.51777E+06 3.790389 3.448028 1.584971 0.577707 0.370285 441.8618 0 2.24165E-07 3.4597 6.5902E-01 0.310528 0.0214429
1.59794E+06 3.808198 3.444265 1.574457 0.582506 0.370285 478.3141 0 4.15559E-07 3.45451 6.5902E-01 0.310528 0.0214429
1.67552E+06 3.825186 3.439887 1.554954 0.587405 0.370285 521.7086 0 8.35167E-07 3.44749 6.5902E-01 0.310528 0.0214429
1.75040E+06 3.841374 3.433899 1.514303 0.592378 0.370285 581.6148 0 2.09921E-06 3.4359 6.5902E-01 0.310528 0.0214429
1.82257E+06 3.856282 3.417458 1.349349 0.597407 0.370285 771.0925 0 2.36022E-05 3.41746 6.5902E-01 0.310528 0.0214429
1.86648E+06 3.847649 3.387843 0.896663 0.599716 0.370285 1358.3302 0 9.27191E-05 3.3931 6.5902E-01 0.310528 0.0214429
1.87966E+06 3.864604 4.000000 0.601136 0.601136 0.370285 62.4488 1 1.50341E-14 3.69225 6.5902E-01 0.310528 0.0214429
0.00000E+00 3.401300 3.512869 1.700000 0.521900 0.363116 48.0564 1 3.04803E-13 3.5391 6.5902E-01 0.311461 0.0215147
7.65240E+04 3.415874 3.510971 1.700000 0.522911 0.363116 50.0083 1 4.53307E-13 3.53698 6.5902E-01 0.311461 0.0215147
1.54709E+05 3.431797 3.508882 1.700000 0.524044 0.363116 52.2412 1 7.01008E-13 3.53464 6.5902E-01 0.311461 0.0215147
2.34642E+05 3.448704 3.506607 1.700000 0.525314 0.363116 54.7484 1 1.11993E-12 3.53208 6.5902E-01 0.311461 0.0215147
3.16392E+05 3.466559 3.504232 1.700000 0.526734 0.363116 57.5221 1 1.83674E-12 3.52939 6.5902E-01 0.311461 0.0215147
3.99998E+05 3.485303 3.501652 1.700000 0.528319 0.363116 60.6300 1 3.11396E-12 3.52646 6.5902E-01 0.311461 0.0215147
4.85459E+05 3.504860 3.498954 1.700000 0.530082 0.363116 64.0639 1 5.41845E-12 3.52337 6.5902E-01 0.311461 0.0215147
5.72727E+05 3.525138 3.496135 1.699999 0.532040 0.363116 67.8508 1 9.66716E-12 3.52013 6.5902E-01 0.311461 0.0215147
6.61696E+05 3.546027 3.493197 1.699999 0.534206 0.363116 72.0180 1 1.76580E-11 3.51672 6.5902E-01 0.311461 0.0215147
7.52195E+05 3.567407 3.490130 1.699998 0.536594 0.363116 76.5978 1 3.29940E-11 3.51314 6.5902E-01 0.311461 0.0215147
8.43984E+05 3.589142 3.486908 1.699997 0.539217 0.363116 81.6323 1 6.30686E-11 3.50936 6.5902E-01 0.311461 0.0215147
9.36753E+05 3.611089 3.483729 1.699986 0.542083 0.363116 199.8244 0 5.05975E-10 3.51048 6.5902E-01 0.311461 0.0215147
1.03013E+06 3.633095 3.480449 1.699961 0.545200 0.363116 216.6889 0 9.17207E-10 3.50718 6.5902E-01 0.311461 0.0215147
1.12369E+06 3.655006 3.477104 1.699917 0.548567 0.363116 235.0782 0 1.66756E-09 3.5038 6.5902E-01 0.311461 0.0215147
1.21698E+06 3.676669 3.473860 1.699832 0.552182 0.363116 254.6432 0 2.99894E-09 3.50052 6.5902E-01 0.311461 0.0215147
1.30953E+06 3.697944 3.470557 1.699677 0.556035 0.363116 275.7519 0 5.38151E-09 3.49717 6.5902E-01 0.311461 0.0215147
1.40088E+06 3.718708 3.467344 1.699404 0.560111 0.363116 298.0247 0 9.52173E-09 3.4939 6.5902E-01 0.311461 0.0215147
1.49062E+06 3.738859 3.464157 1.698924 0.564391 0.363116 321.5904 0 1.66631E-08 3.49063 6.5902E-01 0.311461 0.0215147
1.57838E+06 3.758321 3.461047 1.698101 0.568852 0.363116 346.2736 0 2.87235E-08 3.48739 6.5902E-01 0.311461 0.0215147
1.66385E+06 3.777045 3.457970 1.696720 0.573470 0.363116 372.1876 0 4.89385E-08 3.48412 6.5902E-01 0.311461 0.0215147
1.74682E+06 3.795003 3.454946 1.694438 0.578218 0.363116 399.2869 0 8.24089E-08 3.48079 6.5902E-01 0.311461 0.0215147
1.82710E+06 3.812189 3.451905 1.690705 0.583071 0.363116 427.9072 0 1.38208E-07 3.47726 6.5902E-01 0.311461 0.0215147
1.90461E+06 3.828616 3.448753 1.684626 0.588005 0.363116 458.6634 0 2.33529E-07 3.47332 6.5902E-01 0.311461 0.0215147
1.97929E+06 3.844306 3.445479 1.674629 0.592998 0.363116 492.0677 0 4.01425E-07 3.46877 6.5902E-01 0.311461 0.0215147
2.05115E+06 3.859286 3.441770 1.657685 0.598029 0.363116 530.5479 0 7.29827E-07 3.46288 6.5902E-01 0.311461 0.0215147
2.12021E+06 3.873589 3.437136 1.626695 0.603077 0.363116 579.0973 0 1.51203E-06 3.45424 6.5902E-01 0.311461 0.0215147
2.18656E+06 3.887097 3.429440 1.555171 0.608130 0.363116 659.1965 0 4.82727E-06 3.43704 6.5902E-01 0.311461 0.0215147
2.24251E+06 3.896555 3.384492 0.949869 0.612264 0.363116 1528.3858 0 9.81042E-05 3.38631 6.5902E-01 0.311461 0.0215147
2.24683E+06 3.898508 3.543424 0.612772 0.612772 0.363116 117.0121 0 6.23189E-05 3.71859 6.5902E-01 0.311461 0.0215147
0.00000E+00 3.400800 3.517745 1.800000 0.520400 0.361145 45.0078 1 1.04152E-13 3.54433 6.5796E-01 0.312412 0.0214899
7.73821E+04 3.414705 3.515967 1.800000 0.521387 0.361145 46.7358 1 1.51541E-13 3.54235 6.5796E-01 0.312412 0.0214899
1.56395E+05 3.429928 3.514021 1.800000 0.522492 0.361145 48.7048 1 2.28667E-13 3.54018 6.5796E-01 0.312412 0.0214899
2.37125E+05 3.446110 3.511928 1.800000 0.523728 0.361145 50.9028 1 3.55208E-13 3.53784 6.5796E-01 0.312412 0.0214899
3.19642E+05 3.463224 3.509688 1.800000 0.525108 0.361145 53.3496 1 5.67926E-13 3.53532 6.5796E-01 0.312412 0.0214899
4.03986E+05 3.481224 3.507359 1.800000 0.526647 0.361145 56.0453 1 9.30358E-13 3.53268 6.5796E-01 0.312412 0.0214899
4.90163E+05 3.500045 3.504804 1.800000 0.528359 0.361145 59.0672 1 1.57582E-12 3.52979 6.5796E-01 0.312412 0.0214899
5.78134E+05 3.519608 3.502201 1.800000 0.530258 0.361145 62.3658 1 2.72169E-12 3.52681 6.5796E-01 0.312412 0.0214899
6.67805E+05 3.539817 3.499436 1.800000 0.532358 0.361145 66.0138 1 4.82772E-12 3.52363 6.5796E-01 0.312412 0.0214899
7.59021E+05 3.560563 3.496523 1.799999 0.534674 0.361145 70.0298 1 8.77286E-12 3.52027 6.5796E-01 0.312412 0.0214899
8.51560E+05 3.581725 3.493539 1.799999 0.537218 0.361145 74.4006 1 1.62138E-11 3.5168 6.5796E-01 0.312412 0.0214899
9.45134E+05 3.603169 3.490515 1.799998 0.540001 0.361145 79.1240 1 3.03465E-11 3.51325 6.5796E-01 0.312412 0.0214899
1.03939E+06 3.624752 3.487418 1.799997 0.543030 0.361145 84.2359 1 5.75398E-11 3.50958 6.5796E-01 0.312412 0.0214899
1.13392E+06 3.646325 3.484231 1.799989 0.546307 0.361145 205.2078 0 5.26760E-10 3.52316 6.5796E-01 0.312412 0.0214899
1.22828E+06 3.667741 3.481057 1.799968 0.549832 0.361145 222.2655 0 9.38602E-10 3.51995 6.5796E-01 0.312412 0.0214899
1.32201E+06 3.688857 3.477960 1.799923 0.553596 0.361145 240.3992 0 1.65546E-09 3.51682 6.5796E-01 0.312412 0.0214899
1.41465E+06 3.709546 3.474843 1.799839 0.557588 0.361145 259.8066 0 2.90356E-09 3.51366 6.5796E-01 0.312412 0.0214899
1.50578E+06 3.729699 3.471758 1.799693 0.561789 0.361145 280.3448 0 5.03668E-09 3.51053 6.5796E-01 0.312412 0.0214899
1.59502E+06 3.749230 3.468766 1.799446 0.566180 0.361145 301.8260 0 8.59606E-09 3.50748 6.5796E-01 0.312412 0.0214899
1.68204E+06 3.768076 3.465860 1.799036 0.570735 0.361145 324.1922 0 1.44295E-08 3.5045 6.5796E-01 0.312412 0.0214899
1.76659E+06 3.786199 3.463026 1.798358 0.575430 0.361145 347.4254 0 2.38439E-08 3.50155 6.5796E-01 0.312412 0.0214899
1.84848E+06 3.803584 3.460239 1.797272 0.580241 0.361145 371.5761 0 3.88657E-08 3.49861 6.5796E-01 0.312412 0.0214899
1.92761E+06 3.820231 3.457505 1.795563 0.585142 0.361145 396.6097 0 6.25410E-08 3.49565 6.5796E-01 0.312412 0.0214899
2.00389E+06 3.836154 3.454846 1.792914 0.590111 0.361145 422.4539 0 9.93809E-08 3.49266 6.5796E-01 0.312412 0.0214899
2.07732E+06 3.851379 3.452147 1.788840 0.595127 0.361145 449.6430 0 1.57637E-07 3.48945 6.5796E-01 0.312412 0.0214899
2.14791E+06 3.865929 3.449389 1.782587 0.600169 0.361145 478.4466 0 2.50987E-07 3.48593 6.5796E-01 0.312412 0.0214899
2.21571E+06 3.879839 3.446513 1.772920 0.605219 0.361145 509.4874 0 4.05623E-07 3.48187 6.5796E-01 0.312412 0.0214899
2.28081E+06 3.893144 3.443309 1.757641 0.610263 0.361145 544.4559 0 6.83164E-07 3.47681 6.5796E-01 0.312412 0.0214899
2.34329E+06 3.905880 3.439506 1.732089 0.615287 0.361145 586.3480 0 1.25360E-06 3.46988 6.5796E-01 0.312412 0.0214899
2.40326E+06 3.918063 3.434110 1.683324 0.620283 0.361145 645.1627 0 2.88249E-06 3.45841 6.5796E-01 0.312412 0.0214899
2.46084E+06 3.929583 3.418532 1.503054 0.625249 0.361145 816.8568 0 2.83280E-05 3.41896 6.5796E-01 0.312412 0.0214899
2.49564E+06 3.922377 3.385582 0.980237 0.627549 0.361145 1558.5978 0 1.01193E-04 3.38741 6.5796E-01 0.312412 0.0214899
2.51623E+06 3.940708 4.000000 0.630203 0.630203 0.361145 76.7701 1 1.62114E-14 3.67797 6.5796E-01 0.312412 0.0214899
0.00000E+00 3.398400 3.522548 1.900000 0.518400 0.360144 42.1055 1 3.61118E-14 3.54947 6.5705E-01 0.313309 0.0214781
7.85738E+04 3.411512 3.520896 1.900000 0.519354 0.360144 43.6163 1 5.12798E-14 3.54764 6.5705E-01 0.313309 0.0214781
1.58736E+05 3.425899 3.519123 1.900000 0.520419 0.360144 45.3260 1 7.51848E-14 3.54567 6.5705E-01 0.313309 0.0214781
2.40573E+05 3.441210 3.517195 1.900000 0.521608 0.360144 47.2355 1 1.13430E-13 3.54352 6.5705E-01 0.313309 0.0214781
3.24152E+05 3.457429 3.515135 1.900000 0.522934 0.360144 49.3562 1 1.75824E-13 3.54122 6.5705E-01 0.313309 0.0214781
4.09518E+05 3.474521 3.512950 1.900000 0.524410 0.360144 51.7032 1 2.79740E-13 3.53877 6.5705E-01 0.313309 0.0214781
4.96684E+05 3.492438 3.510643 1.900000 0.526050 0.360144 54.2953 1 4.56556E-13 3.53617 6.5705E-01 0.313309 0.0214781
5.85622E+05 3.511115 3.508174 1.900000 0.527868 0.360144 57.1676 1 7.66003E-13 3.53337 6.5705E-01 0.313309 0.0214781
6.76255E+05 3.530474 3.505638 1.900000 0.529878 0.360144 60.3036 1 1.31079E-12 3.53048 6.5705E-01 0.313309 0.0214781
7.68450E+05 3.550422 3.502936 1.900000 0.532094 0.360144 63.7653 1 2.30133E-12 3.52739 6.5705E-01 0.313309 0.0214781
8.62009E+05 3.570853 3.500158 1.900000 0.534529 0.360144 67.5329 1 4.11298E-12 3.52419 6.5705E-01 0.313309 0.0214781
9.56671E+05 3.591648 3.497313 1.900000 0.537194 0.360144 71.6182 1 7.46390E-12 3.52088 6.5705E-01 0.313309 0.0214781
1.05211E+06 3.612679 3.494398 1.899999 0.540099 0.360144 76.0365 1 1.37329E-11 3.51747 6.5705E-01 0.313309 0.0214781
1.14795E+06 3.633806 3.491425 1.899998 0.543248 0.360144 80.7937 1 2.55390E-11 3.51397 6.5705E-01 0.313309 0.0214781
1.24377E+06 3.654889 3.488385 1.899997 0.546642 0.360144 85.9048 1 4.79403E-11 3.51036 6.5705E-01 0.313309 0.0214781
1.33911E+06 3.675787 3.485355 1.899995 0.550277 0.360144 91.3221 1 9.00877E-11 3.50673 6.5705E-01 0.313309 0.0214781
1.43352E+06 3.696369 3.482358 1.899982 0.554143 0.360144 224.5556 0 8.51336E-10 3.53276 6.5705E-01 0.313309 0.0214781
1.52657E+06 3.716519 3.479389 1.899942 0.558227 0.360144 242.2847 0 1.46443E-09 3.52975 6.5705E-01 0.313309 0.0214781
1.61785E+06 3.736137 3.476497 1.899875 0.562508 0.360144 260.8872 0 2.48383E-09 3.52682 6.5705E-01 0.313309 0.0214781
1.70703E+06 3.755149 3.473670 1.899754 0.566967 0.360144 280.3598 0 4.15239E-09 3.52395 6.5705E-01 0.313309 0.0214781
1.79383E+06 3.773502 3.470903 1.899559 0.571579 0.360144 300.6529 0 6.84004E-09 3.52113 6.5705E-01 0.313309 0.0214781
1.87802E+06 3.791164 3.468214 1.899246 0.576319 0.360144 321.6471 0 1.10828E-08 3.51838 6.5705E-01 0.313309 0.0214781
1.95946E+06 3.808121 3.465611 1.898758 0.581164 0.360144 343.2836 0 1.76575E-08 3.5157 6.5705E-01 0.313309 0.0214781
2.03805E+06 3.824378 3.463082 1.897995 0.586089 0.360144 365.5404 0 2.76966E-08 3.51306 6.5705E-01 0.313309 0.0214781
2.11377E+06 3.839949 3.460626 1.896842 0.591074 0.360144 388.3999 0 4.28139E-08 3.51045 6.5705E-01 0.313309 0.0214781
2.18659E+06 3.854858 3.458225 1.895126 0.596099 0.360144 411.8903 0 6.53746E-08 3.50783 6.5705E-01 0.313309 0.0214781
2.25658E+06 3.869128 3.455867 1.892603 0.601145 0.360144 436.0727 0 9.88520E-08 3.50516 6.5705E-01 0.313309 0.0214781
2.32378E+06 3.882788 3.453523 1.888931 0.606193 0.360144 461.1227 0 1.48618E-07 3.50238 6.5705E-01 0.313309 0.0214781
2.38827E+06 3.895869 3.451108 1.883582 0.611230 0.360144 487.5110 0 2.24153E-07 3.49934 6.5705E-01 0.313309 0.0214781
2.45017E+06 3.908406 3.448681 1.875796 0.616244 0.360144 515.1905 0 3.39276E-07 3.49601 6.5705E-01 0.313309 0.0214781
2.50955E+06 3.920437 3.446044 1.864290 0.621226 0.360144 545.4728 0 5.25975E-07 3.49204 6.5705E-01 0.313309 0.0214781
2.56655E+06 3.931996 3.443039 1.846819 0.626169 0.360144 579.9460 0 8.54518E-07 3.48701 6.5705E-01 0.313309 0.0214781
2.62126E+06 3.943117 3.439440 1.818633 0.631070 0.360144 621.4319 0 1.51488E-06 3.48012 6.5705E-01 0.313309 0.0214781
2.67380E+06 3.953811 3.434283 1.766698 0.635923 0.362223 680.0099 0 3.35491E-06 3.46879 6.5705E-01 0.313309 0.0214781
2.72430E+06 3.963762 3.420168 1.591466 0.640590 0.362223 840.8521 0 2.68268E-05 3.43258 6.5697E-01 0.313359 0.0215
2.75572E+06 3.959350 3.385264 1.018988 0.642960 0.362223 1641.3615 0 1.05135E-04 3.38695 6.5697E-01 0.313359 0.0215
2.76134E+06 3.967260 3.945605 0.643745 0.643745 0.362223 120.2753 1 4.86973E-15 3.62226 6.5697E-01 0.313359 0.0215
0.00000E+00 3.342000 3.541598 2.000000 0.511400 0.35043 32.3888 1 1.84084E-15 3.56963 6.5403E-01 0.315288 0.0214997
8.32027E+04 3.354526 3.540300 2.000000 0.512259 0.35043 33.4231 1 2.51159E-15 3.56821 6.5403E-01 0.315288 0.0214997
1.67883E+05 3.368266 3.538892 2.000000 0.513212 0.35043 34.5925 1 3.52926E-15 3.56667 6.5403E-01 0.315288 0.0214997
2.54118E+05 3.382869 3.537398 2.000000 0.514269 0.35043 35.8803 1 5.06860E-15 3.56503 6.5403E-01 0.315288 0.0214997
3.41975E+05 3.398335 3.535790 2.000000 0.515441 0.35043 37.3056 1 7.45653E-15 3.56326 6.5403E-01 0.315288 0.0214997
4.31507E+05 3.414653 3.534057 2.000000 0.516738 0.35043 38.8828 1 1.12436E-14 3.56134 6.5403E-01 0.315288 0.0214997
5.22742E+05 3.431800 3.532256 2.000000 0.518173 0.35043 40.6086 1 1.73044E-14 3.55934 6.5403E-01 0.315288 0.0214997
6.15679E+05 3.449742 3.530358 2.000000 0.519759 0.35043 42.5029 1 2.72314E-14 3.55723 6.5403E-01 0.315288 0.0214997
7.10284E+05 3.468433 3.528379 2.000000 0.521509 0.35043 44.5742 1 4.37377E-14 3.55501 6.5403E-01 0.315288 0.0214997
8.06476E+05 3.487814 3.526321 2.000000 0.523436 0.35043 46.8350 1 7.16373E-14 3.5527 6.5403E-01 0.315288 0.0214997
9.04128E+05 3.507817 3.524183 2.000000 0.525554 0.35043 49.2976 1 1.19552E-13 3.55028 6.5403E-01 0.315288 0.0214997
1.00306E+06 3.528356 3.521944 2.000000 0.527876 0.35043 51.9838 1 2.03331E-13 3.54773 6.5403E-01 0.315288 0.0214997
1.10302E+06 3.549339 3.519688 2.000000 0.530415 0.35043 54.8730 1 3.49871E-13 3.54515 6.5403E-01 0.315288 0.0214997
1.20371E+06 3.570655 3.517312 2.000000 0.533180 0.35043 58.0157 1 6.12573E-13 3.54241 6.5403E-01 0.315288 0.0214997
1.30479E+06 3.592187 3.514960 2.000000 0.536179 0.35043 61.3593 1 1.07809E-12 3.53969 6.5403E-01 0.315288 0.0214997
1.40586E+06 3.613806 3.512520 2.000000 0.539417 0.35043 34.0090 1 1.33692E-12 3.63052 6.5403E-01 0.315288 0.0214997
1.50649E+06 3.635380 3.510098 2.000000 0.542893 0.35043 68.7648 1 3.42007E-12 3.53399 6.5403E-01 0.315288 0.0214997
1.60624E+06 3.656781 3.507670 2.000000 0.546604 0.35043 72.7870 1 6.10170E-12 3.53111 6.5403E-01 0.315288 0.0214997
1.70469E+06 3.677883 3.505234 1.999999 0.550540 0.35043 77.0209 1 1.08754E-11 3.5282 6.5403E-01 0.315288 0.0214997
1.80142E+06 3.698576 3.502813 1.999999 0.554687 0.35043 81.4461 1 1.92958E-11 3.52529 6.5403E-01 0.315288 0.0214997
1.89606E+06 3.718765 3.500516 1.999998 0.559029 0.35043 85.9845 1 3.37383E-11 3.52248 6.5403E-01 0.315288 0.0214997
1.98832E+06 3.738376 3.498156 1.999997 0.563544 0.35043 90.7363 1 5.88812E-11 3.5196 6.5403E-01 0.315288 0.0214997
2.07794E+06 3.757353 3.495941 1.999995 0.568211 0.35043 95.5547 1 1.00846E-10 3.51685 6.5403E-01 0.315288 0.0214997
2.16473E+06 3.775660 3.493770 1.999992 0.573007 0.35043 100.4903 1 1.70681E-10 3.51414 6.5403E-01 0.315288 0.0214997
2.24857E+06 3.793279 3.491616 1.999986 0.577908 0.35043 248.4761 0 1.46824E-09 3.55291 6.5403E-01 0.315288 0.0214997
2.32938E+06 3.810207 3.489618 1.999952 0.582894 0.35043 263.8083 0 2.23916E-09 3.55088 6.5403E-01 0.315288 0.0214997
2.40715E+06 3.826451 3.487622 1.999895 0.587943 0.35043 279.6247 0 3.37575E-09 3.54885 6.5403E-01 0.315288 0.0214997
2.48189E+06 3.842030 3.485745 1.999818 0.593036 0.35043 295.5784 0 4.99205E-09 3.54695 6.5403E-01 0.315288 0.0214997
2.55365E+06 3.856959 3.483918 1.999705 0.598152 0.35043 311.8088 0 7.27804E-09 3.54509 6.5403E-01 0.315288 0.0214997
2.62249E+06 3.871261 3.482177 1.999557 0.603276 0.35043 328.1658 0 1.04392E-08 3.54331 6.5403E-01 0.315288 0.0214997
2.68851E+06 3.884965 3.480486 1.999355 0.608390 0.35043 344.7284 0 1.47762E-08 3.54158 6.5403E-01 0.315288 0.0214997
2.75181E+06 3.898107 3.478875 1.999096 0.613486 0.35043 361.3639 0 2.06102E-08 3.53992 6.5403E-01 0.315288 0.0214997
2.81249E+06 3.910721 3.477308 1.998768 0.618554 0.35043 378.1701 0 2.84179E-08 3.5383 6.5403E-01 0.315288 0.0214997
2.87067E+06 3.922840 3.475809 1.998355 0.623587 0.350431 395.0391 0 3.86889E-08 3.53674 6.5403E-01 0.315288 0.0214997
2.92646E+06 3.934497 3.474366 1.997832 0.628578 0.350431 411.9956 0 5.20941E-08 3.53522 6.5403E-01 0.315288 0.0214997
2.97998E+06 3.945719 3.472955 1.997185 0.633522 0.369185 429.1134 0 6.95152E-08 3.53373 6.5403E-01 0.315288 0.0214997
3.03133E+06 3.953506 3.471962 1.996441 0.636865 0.387808 441.4324 0 8.51186E-08 3.53264 6.5331E-01 0.315788 0.0217025
3.08293E+06 3.961453 3.470980 1.995548 0.640374 0.40667 454.2515 0 1.04501E-07 3.53156 6.5259E-01 0.316287 0.0218957
3.13302E+06 3.969073 3.470052 1.994516 0.643811 0.425149 466.8604 0 1.27206E-07 3.5305 6.5185E-01 0.316787 0.0220912
3.18168E+06 3.976485 3.469151 1.993328 0.647229 0.443278 479.4635 0 1.54123E-07 3.52947 6.5112E-01 0.317297 0.0222828
3.22897E+06 3.983702 3.468279 1.991965 0.650625 0.461017 492.0755 0 1.85908E-07 3.52844 6.5039E-01 0.317796 0.0224692
3.27492E+06 3.990737 3.467431 1.990398 0.654001 0.478387 504.7107 0 2.23409E-07 3.52741 6.4967E-01 0.318296 0.0226514
3.31957E+06 3.997602 3.466604 1.988609 0.657355 0.495359 517.3837 0 2.67579E-07 3.52639 6.4895E-01 0.318796 0.0228298
3.36298E+06 4.004307 3.465798 1.986574 0.660686 0.511941 530.1010 0 3.19550E-07 3.52535 6.4825E-01 0.319295 0.0230039
3.40518E+06 4.010863 3.465008 1.984262 0.663995 0.528163 542.9104 0 3.80698E-07 3.5243 6.4754E-01 0.319785 0.0231737
3.44621E+06 4.017280 3.464259 1.981642 0.667283 0.543987 555.6542 0 4.51893E-07 3.52327 6.4685E-01 0.320275 0.0233383
3.48611E+06 4.023565 3.463533 1.978676 0.670548 0.559405 568.4700 0 5.35269E-07 3.52221 6.4617E-01 0.320754 0.0234987
3.52491E+06 4.029728 3.462814 1.975314 0.673793 0.574408 581.4220 0 6.33555E-07 3.52112 6.4549E-01 0.321234 0.0236548
3.56266E+06 4.035776 3.462099 1.971510 0.677017 0.589044 594.5605 0 7.49786E-07 3.51998 6.4482E-01 0.321714 0.0238064
3.59938E+06 4.041718 3.461384 1.967205 0.680221 0.603206 607.9199 0 8.87790E-07 3.51879 6.4417E-01 0.322183 0.0239526
3.63511E+06 4.047559 3.460667 1.962328 0.683406 0.616984 621.5267 0 1.05245E-06 3.51754 6.4352E-01 0.322653 0.0240953
3.66988E+06 4.053308 3.459944 1.956796 0.686574 0.630319 635.4579 0 1.25014E-06 3.51621 6.4288E-01 0.323113 0.0242323
3.70371E+06 4.058972 3.459209 1.950509 0.689727 0.643201 649.7767 0 1.48936E-06 3.51477 6.4226E-01 0.323562 0.0243647
3.73663E+06 4.064559 3.458460 1.943344 0.692866 0.65562 664.5199 0 1.78110E-06 3.51324 6.4165E-01 0.324012 0.0244922
3.76867E+06 4.070074 3.457723 1.935148 0.695993 0.667556 679.6099 0 2.13647E-06 3.51159 6.4106E-01 0.324442 0.0246148
3.79986E+06 4.075527 3.456952 1.925722 0.699111 0.678991 695.3885 0 2.58131E-06 3.50977 6.4048E-01 0.324872 0.0247323
3.83020E+06 4.080924 3.456137 1.914806 0.702223 0.689897 712.0231 0 3.14822E-06 3.50773 6.3991E-01 0.325281 0.0248445
3.85973E+06 4.086276 3.455262 1.902052 0.705333 0.700234 729.7462 0 3.88758E-06 3.50542 6.3937E-01 0.325691 0.0249512
3.88846E+06 4.091592 3.454311 1.886971 0.708446 0.709954 748.8699 0 4.87915E-06 3.50277 6.3885E-01 0.326081 0.0250517
3.91641E+06 4.096885 3.453264 1.868859 0.711567 0.718993 769.7847 0 6.25639E-06 3.49966 6.3835E-01 0.326451 0.0251459
3.94359E+06 4.102168 3.452036 1.846626 0.714706 0.727255 793.5413 0 8.29467E-06 3.49588 6.3788E-01 0.3268 0.025233
3.97001E+06 4.107462 3.450564 1.818446 0.717872 0.734579 821.3222 0 1.15357E-05 3.49113 6.3744E-01 0.32713 0.025312
3.99569E+06 4.112795 3.448781 1.780939 0.721082 0.740647 854.9851 0 1.72347E-05 3.48492 6.3705E-01 0.32743 0.0253811
4.02063E+06 4.118209 3.446345 1.726703 0.724364 0.744919 900.1956 0 2.95537E-05 3.47593 6.3672E-01 0.32768 0.0254389
4.04483E+06 4.123784 3.442512 1.632692 0.727766 0.74585 972.8971 0 7.02294E-05 3.46028 6.3649E-01 0.32786 0.0254797
4.06829E+06 4.129717 3.436069 1.142638 0.731415 0.74585 1396.7573 0 1.16206E-04 3.43607 6.3644E-01 0.3279 0.0254877
4.08004E+06 4.119497 4.000000 0.732827 0.732827 0.74585 177.2110 1 3.44784E-15 3.60598 6.3644E-01 0.3279 0.0254877
0.00000E+00 3.397300 3.531102 2.100000 0.515700 0.348193 37.5448 1 5.55480E-15 3.55854 6.5298E-01 0.316275 0.0214522
8.01138E+04 3.409338 3.529684 2.100000 0.516613 0.348193 38.7476 1 7.59706E-15 3.55699 6.5298E-01 0.316275 0.0214522
1.61763E+05 3.422598 3.528089 2.100000 0.517630 0.348193 40.1288 1 1.07593E-14 3.55523 6.5298E-01 0.316275 0.0214522
2.45031E+05 3.436733 3.526372 2.100000 0.518763 0.348193 41.6616 1 1.56224E-14 3.55334 6.5298E-01 0.316275 0.0214522
4.16677E+05 3.467600 3.522570 2.098755 0.521423 0.348193 45.2537 1 3.57812E-14 3.54913 6.5298E-01 0.316275 0.0214522
5.05125E+05 3.484281 3.520496 2.098755 0.522977 0.348193 47.3260 1 5.59638E-14 3.54681 6.5298E-01 0.316275 0.0214522
5.95315E+05 3.501740 3.518331 2.098755 0.524698 0.348193 49.5974 1 8.94794E-14 3.54439 6.5298E-01 0.316275 0.0214522
6.87188E+05 3.519916 3.516050 2.098755 0.526599 0.348193 52.0940 1 1.46422E-13 3.54183 6.5298E-01 0.316275 0.0214522
7.80635E+05 3.538739 3.513674 2.098755 0.528696 0.348193 54.8241 1 2.44629E-13 3.53914 6.5298E-01 0.316275 0.0214522
8.75489E+05 3.558122 3.511185 2.098755 0.531000 0.348193 57.8079 1 4.17303E-13 3.53631 6.5298E-01 0.316275 0.0214522
9.71523E+05 3.577969 3.508643 2.098755 0.533525 0.348193 61.0373 1 7.22697E-13 3.5334 6.5298E-01 0.316275 0.0214522
1.06845E+06 3.598167 3.505977 2.098754 0.536281 0.348193 64.5560 1 1.27538E-12 3.53034 6.5298E-01 0.316275 0.0214522
1.16591E+06 3.618593 3.503281 2.098754 0.539275 0.348193 68.3303 1 2.27328E-12 3.52722 6.5298E-01 0.316275 0.0214522
1.26352E+06 3.639119 3.500522 2.098754 0.542512 0.348193 72.3857 1 4.09470E-12 3.52401 6.5298E-01 0.316275 0.0214522
1.36085E+06 3.659609 3.497744 2.098754 0.545990 0.348193 76.7006 1 7.41265E-12 3.52075 6.5298E-01 0.316275 0.0214522
1.45745E+06 3.679933 3.494935 2.098754 0.549705 0.348193 81.2834 1 1.34718E-11 3.51743 6.5298E-01 0.316275 0.0214522
1.55288E+06 3.699966 3.492139 2.098753 0.553644 0.348193 86.1039 1 2.44465E-11 3.51409 6.5298E-01 0.316275 0.0214522
1.64672E+06 3.719600 3.489380 2.098752 0.557794 0.348193 91.1368 1 4.41258E-11 3.51078 6.5298E-01 0.316275 0.0214522
1.73861E+06 3.738742 3.486666 2.098750 0.562135 0.348193 96.3657 1 7.90480E-11 3.50749 6.5298E-01 0.316275 0.0214522
1.82822E+06 3.757322 3.484010 2.098746 0.566645 0.348193 101.7661 1 1.40194E-10 3.50424 6.5298E-01 0.316275 0.0214522
1.91530E+06 3.775288 3.481437 2.098738 0.571302 0.348193 253.1201 0 1.38874E-09 3.553 6.5298E-01 0.316275 0.0214522
1.99967E+06 3.792609 3.478908 2.098692 0.576081 0.348193 270.5766 0 2.21024E-09 3.55044 6.5298E-01 0.316275 0.0214522
2.08120E+06 3.809273 3.476515 2.098604 0.580959 0.348193 288.4023 0 3.44772E-09 3.54802 6.5298E-01 0.316275 0.0214522
2.15982E+06 3.825279 3.474160 2.098473 0.585913 0.348193 306.8004 0 5.30555E-09 3.54563 6.5298E-01 0.316275 0.0214522
2.23550E+06 3.840639 3.471885 2.098259 0.590923 0.348193 325.6065 0 8.03465E-09 3.54331 6.5298E-01 0.316275 0.0214522
2.30826E+06 3.855372 3.469734 2.097948 0.595969 0.348193 344.6422 0 1.19444E-08 3.54111 6.5298E-01 0.316275 0.0214522
2.37815E+06 3.869502 3.467590 2.097505 0.601035 0.348193 364.2504 0 1.75777E-08 3.53889 6.5298E-01 0.316275 0.0214522
2.44523E+06 3.883048 3.465583 2.096863 0.606101 0.348193 383.9276 0 2.53984E-08 3.5368 6.5298E-01 0.316275 0.0214522
2.50959E+06 3.896039 3.463584 2.095969 0.611154 0.348193 404.1204 0 3.63754E-08 3.53469 6.5298E-01 0.316275 0.0214522
2.57134E+06 3.908504 3.461681 2.094742 0.616182 0.348193 424.4773 0 5.13756E-08 3.53265 6.5298E-01 0.316275 0.0214522
2.63057E+06 3.920477 3.459799 2.093072 0.621176 0.348193 1272.0726 0 7.19970E-08 3.42214 6.5298E-01 0.316275 0.0214522
2.68740E+06 3.931990 3.457897 2.090821 0.626130 0.348193 466.7553 0 1.00509E-07 3.52843 6.5298E-01 0.316275 0.0214522
2.74193E+06 3.943075 3.456130 2.087800 0.631038 0.352709 488.2097 0 1.38486E-07 3.52633 6.5298E-01 0.316275 0.0214522
2.79428E+06 3.953015 3.454397 2.083835 0.635516 0.360587 509.1497 0 1.87505E-07 3.52418 6.5281E-01 0.316385 0.0214989
2.84480E+06 3.962076 3.452807 2.078713 0.639667 0.370985 529.2572 0 2.48987E-07 3.52205 6.5252E-01 0.316585 0.0215806
2.89382E+06 3.970467 3.451223 2.072134 0.643575 0.383181 549.4128 0 3.28863E-07 3.51977 6.5212E-01 0.316854 0.021687
2.94151E+06 3.978335 3.449579 2.063669 0.647302 0.39671 570.2156 0 4.35998E-07 3.51724 6.5165E-01 0.317174 0.0218132
2.98796E+06 3.985790 3.447870 2.052689 0.650891 0.41109 591.9451 0 5.83097E-07 3.51437 6.5112E-01 0.317544 0.021952
3.03322E+06 3.992923 3.446049 2.038248 0.654380 0.425935 615.2115 0 7.93877E-07 3.51103 6.5054E-01 0.317934 0.0220994
3.07732E+06 3.999808 3.444015 2.018758 0.657803 0.44088 641.1606 0 1.11778E-06 3.50692 6.4995E-01 0.318344 0.0222515
3.12026E+06 4.006518 3.441458 1.991209 0.661192 0.45548 672.6577 0 1.68823E-06 3.50141 6.4934E-01 0.318773 0.0224034
3.16202E+06 4.013131 3.437988 1.948560 0.664584 0.469139 714.5700 0 2.91104E-06 3.49329 6.4873E-01 0.319193 0.0225516
3.20259E+06 4.019733 3.431980 1.866727 0.668038 0.480374 785.9401 0 7.23694E-06 3.47812 6.4816E-01 0.319593 0.0226899
3.24191E+06 4.026579 3.398505 0.941534 0.671694 0.480374 1847.1208 0 9.57540E-05 3.3985 6.4769E-01 0.319933 0.0228046
3.24908E+06 3.848869 3.461567 0.671794 0.671794 0.480374 966.6148 0 6.83215E-05 3.46057 6.4769E-01 0.319933 0.0228046
0.00000E+00 3.343500 3.548712 2.200000 0.515800 0.348041 30.9944 1 1.26214E-15 3.56948 6.5193E-01 0.318221 0.0215178
7.99055E+04 3.358228 3.547260 2.200000 0.516712 0.348041 32.1848 1 1.27821E-15 3.56771 6.5193E-01 0.318221 0.0215178
1.61342E+05 3.374160 3.545663 2.200000 0.517728 0.348041 33.5496 1 1.29705E-15 3.56568 6.5193E-01 0.318221 0.0215178
2.44391E+05 3.391026 3.543973 2.200000 0.518859 0.348041 35.0401 1 1.31827E-15 3.5636 6.5193E-01 0.318221 0.0215178
3.29122E+05 3.408803 3.542164 2.200000 0.520118 0.348041 36.7046 1 1.79071E-15 3.56133 6.5193E-01 0.318221 0.0215178
4.15583E+05 3.427454 3.540265 2.200000 0.521517 0.348041 38.5557 1 2.85135E-15 3.55887 6.5193E-01 0.318221 0.0215178
5.03795E+05 3.446927 3.538256 2.200000 0.523068 0.348041 40.5710 1 4.64901E-15 3.55636 6.5193E-01 0.318221 0.0215178
5.93743E+05 3.467153 3.536138 2.200000 0.524786 0.348041 42.7929 1 7.75544E-15 3.5537 6.5193E-01 0.318221 0.0215178
6.85370E+05 3.488053 3.533967 2.200000 0.526685 0.348041 45.2356 1 1.31744E-14 3.55089 6.5193E-01 0.318221 0.0215178
7.78567E+05 3.509534 3.531721 2.200000 0.528778 0.348041 47.9096 1 2.27922E-14 3.54794 6.5193E-01 0.318221 0.0215178
8.73168E+05 3.531490 3.529414 2.200000 0.531078 0.348041 50.8234 1 4.00597E-14 3.54488 6.5193E-01 0.318221 0.0215178
9.68948E+05 3.553804 3.527045 2.200000 0.533599 0.348041 53.9852 1 7.14068E-14 3.54173 6.5193E-01 0.318221 0.0215178
1.06562E+06 3.576349 3.524675 2.200000 0.536350 0.348041 57.3954 1 1.28301E-13 3.53849 6.5193E-01 0.318221 0.0215178
1.16283E+06 3.598989 3.522206 2.200000 0.539339 0.348041 61.0652 1 2.33415E-13 3.53518 6.5193E-01 0.318221 0.0215178
1.26020E+06 3.621580 3.519787 2.200000 0.542569 0.348041 64.9992 1 4.24799E-13 3.53179 6.5193E-01 0.318221 0.0215178
1.35728E+06 3.643982 3.517325 2.200000 0.546041 0.348041 69.1630 1 7.76043E-13 3.5284 6.5193E-01 0.318221 0.0215178
1.45365E+06 3.666059 3.514896 2.200000 0.549748 0.348041 73.5753 1 1.41310E-12 3.52497 6.5193E-01 0.318221 0.0215178
1.54885E+06 3.687687 3.512496 2.200000 0.553680 0.348041 78.2203 1 2.55965E-12 3.52152 6.5193E-01 0.318221 0.0215178
1.64249E+06 3.708758 3.510099 2.200000 0.557821 0.348041 83.0732 1 4.61102E-12 3.51807 6.5193E-01 0.318221 0.0215178
1.73417E+06 3.729187 3.507851 2.199999 0.562154 0.348041 88.0986 1 8.16298E-12 3.51467 6.5193E-01 0.318221 0.0215178
1.82360E+06 3.748910 3.505549 2.199999 0.566656 0.348041 93.2645 1 1.43793E-11 3.51136 6.5193E-01 0.318221 0.0215178
1.91051E+06 3.767888 3.503407 2.199998 0.571303 0.348041 98.5505 1 2.48120E-11 3.50812 6.5193E-01 0.318221 0.0215178
1.99473E+06 3.786099 3.501293 2.199997 0.576074 0.348041 103.9448 1 4.22937E-11 3.50496 6.5193E-01 0.318221 0.0215178
2.07611E+06 3.803541 3.499278 2.199995 0.580943 0.348041 109.4382 1 7.08687E-11 3.50186 6.5193E-01 0.318221 0.0215178
2.15460E+06 3.820228 3.497327 2.199992 0.585888 0.348041 115.0160 1 1.16997E-10 3.49884 6.5193E-01 0.318221 0.0215178
2.23016E+06 3.836181 3.495463 2.199988 0.590889 0.348041 120.5869 1 1.89803E-10 3.49598 6.5193E-01 0.318221 0.0215178
2.30281E+06 3.851430 3.493681 2.199980 0.595927 0.348041 126.2605 1 3.03321E-10 3.49314 6.5193E-01 0.318221 0.0215178
2.37260E+06 3.866010 3.491938 2.199969 0.600985 0.348041 131.9116 1 4.78250E-10 3.49044 6.5193E-01 0.318221 0.0215178
2.43959E+06 3.879948 3.490301 2.199916 0.606045 0.348041 349.8214 0 2.91487E-09 3.55294 6.5193E-01 0.318221 0.0215178
2.50387E+06 3.893285 3.488696 2.199828 0.611094 0.348041 368.3604 0 4.07429E-09 3.551 6.5193E-01 0.318221 0.0215178
2.56553E+06 3.906061 3.487177 2.199709 0.616121 0.348041 387.4038 0 5.60863E-09 3.54904 6.5193E-01 0.318221 0.0215178
2.62469E+06 3.918311 3.485706 2.199533 0.621118 0.348041 406.2573 0 7.63022E-09 3.54724 6.5193E-01 0.318221 0.0215178
2.68144E+06 3.930066 3.484305 2.199303 0.626075 0.353131 425.3811 0 1.02462E-08 3.54547 6.5193E-01 0.318221 0.0215178
2.73590E+06 3.940451 3.483027 2.199013 0.630529 0.362053 443.1375 0 1.33367E-08 3.54387 6.5174E-01 0.318341 0.0215706
2.78852E+06 3.949787 3.481888 2.198655 0.634600 0.373914 459.5908 0 1.68981E-08 3.54244 6.5141E-01 0.318561 0.0216631
2.83970E+06 3.958321 3.480857 2.198197 0.638385 0.388057 475.0008 0 2.09763E-08 3.54116 6.5097E-01 0.318861 0.0217859
2.88966E+06 3.966219 3.479850 2.197645 0.641945 0.403922 489.7262 0 2.57293E-08 3.53996 6.5043E-01 0.31922 0.0219311
2.93853E+06 3.973601 3.478924 2.196987 0.645329 0.421148 503.7353 0 3.11261E-08 3.53887 6.4982E-01 0.31964 0.0220954
2.98637E+06 3.980558 3.478064 2.196210 0.648571 0.439359 517.1928 0 3.72377E-08 3.53783 6.4915E-01 0.32009 0.0222724
3.03322E+06 3.987158 3.477258 2.195301 0.651697 0.458323 530.4052 0 4.41430E-08 3.53682 6.4843E-01 0.32058 0.0224594
3.07911E+06 3.993458 3.476490 2.194246 0.654728 0.477775 543.4444 0 5.19604E-08 3.53582 6.4768E-01 0.321099 0.022653
3.12406E+06 3.999500 3.475755 2.193031 0.657681 0.497544 556.3504 0 6.08043E-08 3.53482 6.4689E-01 0.321639 0.0228513
3.16806E+06 4.005322 3.475060 2.191639 0.660569 0.51747 569.2180 0 7.07451E-08 3.53382 6.4609E-01 0.322199 0.023053
3.21114E+06 4.010953 3.474426 2.190033 0.663402 0.537487 581.7489 0 8.17826E-08 3.53286 6.4527E-01 0.322769 0.023256
3.25331E+06 4.016417 3.473811 2.188209 0.666189 0.557457 594.0795 0 9.42386E-08 3.53193 6.4444E-01 0.323348 0.0234585
3.29458E+06 4.021735 3.473203 2.186144 0.668938 0.577303 606.7158 0 1.08381E-07 3.53093 6.4360E-01 0.323938 0.0236603
3.33497E+06 4.026923 3.472620 2.183813 0.671653 0.596968 619.4783 0 1.24303E-07 3.52991 6.4276E-01 0.324528 0.0238608
3.37449E+06 4.031995 3.472084 2.181192 0.674339 0.61645 632.4180 0 1.42009E-07 3.52885 6.4191E-01 0.325117 0.0240592
3.41315E+06 4.036966 3.471551 2.178245 0.677000 0.635668 645.5330 0 1.62146E-07 3.52775 6.4107E-01 0.325717 0.0242541
3.45097E+06 4.041843 3.471003 2.174936 0.679639 0.654585 658.6145 0 1.85314E-07 3.52666 6.4023E-01 0.326317 0.0244462
3.48797E+06 4.046638 3.470456 2.171227 0.682260 0.673181 671.9281 0 2.11853E-07 3.52551 6.3940E-01 0.326906 0.024635
3.52417E+06 4.051358 3.469999 2.167077 0.684864 0.691429 685.4448 0 2.40872E-07 3.52432 6.3856E-01 0.327496 0.0248203
3.55958E+06 4.056010 3.469549 2.162429 0.687454 0.709367 699.4417 0 2.74005E-07 3.52305 6.3774E-01 0.328096 0.0250018
3.59421E+06 4.060602 3.469058 2.157208 0.690032 0.726931 713.9090 0 3.13008E-07 3.52168 6.3692E-01 0.328675 0.0251785
3.62808E+06 4.065139 3.468576 2.151345 0.692600 0.744098 728.8524 0 3.57987E-07 3.52023 6.3612E-01 0.329265 0.0253512
3.66120E+06 4.069628 3.468070 2.144739 0.695161 0.760862 744.3731 0 4.11136E-07 3.51866 6.3532E-01 0.329835 0.0255196
3.69359E+06 4.074073 3.467539 2.137280 0.697715 0.777209 760.5497 0 4.74362E-07 3.51698 6.3453E-01 0.330415 0.0256836
3.72526E+06 4.078482 3.467086 2.128839 0.700266 0.793114 777.5760 0 5.46452E-07 3.51514 6.3375E-01 0.330974 0.0258433
3.75623E+06 4.082860 3.466606 2.119224 0.702816 0.808622 795.6854 0 6.33600E-07 3.5131 6.3299E-01 0.331534 0.0259981
3.78649E+06 4.087214 3.465994 2.108179 0.705369 0.823599 815.0500 0 7.45708E-07 3.51083 6.3224E-01 0.332084 0.0261473
3.81607E+06 4.091549 3.465419 2.095432 0.707926 0.838144 835.3300 0 8.81916E-07 3.50836 6.3150E-01 0.332623 0.0262923
3.84496E+06 4.095875 3.464820 2.080537 0.710493 0.85209 857.9781 0 1.05478E-06 3.50547 6.3079E-01 0.333153 0.0264312
3.87319E+06 4.100201 3.464088 2.062875 0.713075 0.865517 882.6208 0 1.28929E-06 3.50219 6.3009E-01 0.333673 0.0265655
3.90074E+06 4.104538 3.463330 2.041502 0.715677 0.878298 910.8666 0 1.60645E-06 3.49826 6.2941E-01 0.334173 0.0266926
3.92762E+06 4.108902 3.462347 2.014874 0.718310 0.890295 943.9569 0 2.08437E-06 3.49343 6.2875E-01 0.334662 0.026813
3.95382E+06 4.113314 3.461115 1.980280 0.720987 0.901385 984.1224 0 2.86004E-06 3.48728 6.2813E-01 0.335132 0.0269269
3.97935E+06 4.117808 3.459503 1.932147 0.723727 0.911302 1037.5407 0 4.31015E-06 3.47875 6.2755E-01 0.335572 0.0270314
4.00418E+06 4.122442 3.456990 1.855384 0.726567 0.919264 1118.5247 0 8.00519E-06 3.46522 6.2702E-01 0.335962 0.0271239
4.02828E+06 4.127343 3.451040 1.665685 0.729590 0.921493 1318.4877 0 3.48701E-05 3.43106 6.2659E-01 0.336292 0.0271981
4.04303E+06 4.125394 3.442882 1.235460 0.731297 0.921493 1824.7525 0 1.28140E-04 3.3972 6.2647E-01 0.336382 0.0272173
4.04815E+06 4.131358 3.549341 0.732403 0.732403 0.921493 692.1707 0 7.44853E-05 3.55987 6.2647E-01 0.336382 0.0272173
0.00000E+00 3.386800 3.547573 2.300000 0.521700 0.342518 31.2854 1 1.15268E-15 3.57574 6.4998E-01 0.320176 0.0215183
7.58997E+04 3.402201 3.546025 2.300000 0.522710 0.342518 32.5053 1 1.16806E-15 3.57405 6.4998E-01 0.320176 0.0215183
1.53445E+05 3.418882 3.544342 2.300000 0.523843 0.342518 33.8842 1 1.18586E-15 3.5722 6.4998E-01 0.320176 0.0215183
2.32722E+05 3.436562 3.542554 2.300000 0.525113 0.342518 35.4118 1 1.59720E-15 3.57024 6.4998E-01 0.320176 0.0215183
3.13801E+05 3.455199 3.540666 2.300000 0.526532 0.342518 37.1003 1 2.53657E-15 3.56816 6.4998E-01 0.320176 0.0215183
3.96718E+05 3.474726 3.538643 2.300000 0.528116 0.342518 38.9701 1 4.13701E-15 3.56592 6.4998E-01 0.320176 0.0215183
4.81475E+05 3.495062 3.536514 2.300000 0.529880 0.342518 41.0280 1 6.90727E-15 3.56355 6.4998E-01 0.320176 0.0215183
5.68024E+05 3.516106 3.534336 2.300000 0.531837 0.342518 43.2680 1 1.17425E-14 3.56112 6.4998E-01 0.320176 0.0215183
6.56260E+05 3.537745 3.532076 2.300000 0.534003 0.342518 45.7106 1 2.03355E-14 3.55858 6.4998E-01 0.320176 0.0215183
7.46014E+05 3.559850 3.529744 2.300000 0.536392 0.342518 48.3613 1 3.57855E-14 3.55595 6.4998E-01 0.320176 0.0215183
8.37048E+05 3.582283 3.527376 2.300000 0.539016 0.342518 51.2168 1 6.36863E-14 3.55325 6.4998E-01 0.320176 0.0215183
9.29056E+05 3.604894 3.524999 2.300000 0.541884 0.342518 54.2669 1 1.14112E-13 3.55053 6.4998E-01 0.320176 0.0215183
1.02167E+06 3.627526 3.522536 2.300000 0.545003 0.342518 57.5461 1 2.06519E-13 3.54769 6.4998E-01 0.320176 0.0215183
1.11447E+06 3.650023 3.520128 2.300000 0.548374 0.342518 60.9931 1 3.72662E-13 3.54489 6.4998E-01 0.320176 0.0215183
1.20699E+06 3.672229 3.517711 2.300000 0.551993 0.342518 64.6278 1 6.71936E-13 3.54207 6.4998E-01 0.320176 0.0215183
1.29879E+06 3.694004 3.515296 2.300000 0.555851 0.342518 68.4356 1 1.20653E-12 3.53922 6.4998E-01 0.320176 0.0215183
1.38939E+06 3.715223 3.512957 2.300000 0.559934 0.342518 72.3664 1 2.14077E-12 3.53644 6.4998E-01 0.320176 0.0215183
1.47840E+06 3.735786 3.510635 2.300000 0.564221 0.342518 76.4345 1 3.76333E-12 3.53367 6.4998E-01 0.320176 0.0215183
1.56544E+06 3.755618 3.508445 2.300000 0.568690 0.342518 80.5583 1 6.48707E-12 3.53102 6.4998E-01 0.320176 0.0215183
1.65021E+06 3.774672 3.506213 2.299999 0.573317 0.342518 84.8234 1 1.11010E-11 3.52831 6.4998E-01 0.320176 0.0215183
1.73248E+06 3.792924 3.504222 2.299999 0.578075 0.342518 89.0388 1 1.84398E-11 3.52585 6.4998E-01 0.320176 0.0215183
1.81208E+06 3.810370 3.502147 2.299998 0.582938 0.342518 93.3973 1 3.04798E-11 3.5233 6.4998E-01 0.320176 0.0215183
1.88893E+06 3.827025 3.500297 2.299997 0.587884 0.342518 97.6772 1 4.89415E-11 3.52097 6.4998E-01 0.320176 0.0215183
1.96296E+06 3.842915 3.498405 2.299995 0.592888 0.342518 102.0527 1 7.79701E-11 3.5186 6.4998E-01 0.320176 0.0215183
2.03418E+06 3.858075 3.496685 2.299992 0.597930 0.342518 106.3563 1 1.21215E-10 3.51641 6.4998E-01 0.320176 0.0215183
2.10261E+06 3.872543 3.494968 2.299987 0.602993 0.342518 110.7116 1 1.86504E-10 3.51422 6.4998E-01 0.320176 0.0215183
2.16831E+06 3.886352 3.493380 2.299981 0.608058 0.342518 115.0048 1 2.81208E-10 3.51217 6.4998E-01 0.320176 0.0215183
2.23137E+06 3.899546 3.491812 2.299971 0.613110 0.342518 119.3204 1 4.19446E-10 3.51013 6.4998E-01 0.320176 0.0215183
2.29187E+06 3.912170 3.490334 2.299935 0.618140 0.342518 305.5649 0 3.34287E-09 3.58144 6.4998E-01 0.320176 0.0215183
2.34991E+06 3.924263 3.488899 2.299864 0.623137 0.342518 319.4115 0 4.52223E-09 3.57999 6.4998E-01 0.320176 0.0215183
2.40560E+06 3.935857 3.487537 2.299748 0.628093 0.348069 333.2321 0 6.03766E-09 3.5786 6.4998E-01 0.320176 0.0215183
2.45904E+06 3.945966 3.486307 2.299581 0.632481 0.357821 345.8903 0 7.79203E-09 3.57735 6.4978E-01 0.320306 0.0215755
2.51075E+06 3.954950 3.485193 2.299377 0.636441 0.370794 357.5942 0 9.79088E-09 3.57621 6.4943E-01 0.320546 0.0216758
2.56118E+06 3.963088 3.484208 2.299130 0.640084 0.386277 368.4350 0 1.20242E-08 3.5752 6.4895E-01 0.320855 0.0218093
2.61059E+06 3.970561 3.483292 2.298836 0.643481 0.403737 378.7045 0 1.45367E-08 3.57425 6.4838E-01 0.321245 0.0219684
2.65910E+06 3.977497 3.482443 2.298489 0.646683 0.422758 388.4904 0 1.73393E-08 3.57336 6.4772E-01 0.321685 0.0221479
2.70676E+06 3.983993 3.481639 2.298060 0.649729 0.442941 397.9111 0 2.04732E-08 3.57251 6.4700E-01 0.322165 0.0223421
2.75361E+06 3.990122 3.480877 2.297565 0.652649 0.463993 407.0096 0 2.39617E-08 3.5717 6.4623E-01 0.322695 0.0225481
2.79966E+06 3.995944 3.480188 2.296997 0.655464 0.485666 415.7195 0 2.77706E-08 3.57095 6.4541E-01 0.323244 0.022763
2.84490E+06 4.001506 3.479556 2.296351 0.658194 0.507797 424.1041 0 3.19292E-08 3.57025 6.4456E-01 0.323824 0.0229841
2.88934E+06 4.006845 3.478946 2.295620 0.660853 0.530192 432.3198 0 3.65284E-08 3.56957 6.4369E-01 0.324424 0.0232085
2.93298E+06 4.011993 3.478364 2.294799 0.663453 0.552716 440.3808 0 4.15937E-08 3.56891 6.4279E-01 0.325043 0.0234355
2.97582E+06 4.016976 3.477811 2.293881 0.666003 0.575299 448.3019 0 4.71551E-08 3.56827 6.4189E-01 0.325663 0.0236637
3.01786E+06 4.021815 3.477327 2.292860 0.668512 0.597835 455.8899 0 5.30995E-08 3.56769 6.4097E-01 0.326303 0.0238908
3.05912E+06 4.026527 3.476846 2.291728 0.670984 0.620237 463.4691 0 5.96855E-08 3.56709 6.4004E-01 0.326942 0.0241174
3.09959E+06 4.031128 3.476371 2.290478 0.673426 0.642469 471.0279 0 6.69592E-08 3.5665 6.3911E-01 0.327592 0.0243424
3.13930E+06 4.035629 3.475998 2.289080 0.675841 0.664482 478.1412 0 7.45269E-08 3.56599 6.3818E-01 0.328242 0.0245656
3.17824E+06 4.040042 3.475585 2.287542 0.678232 0.686287 485.4462 0 8.30935E-08 3.56543 6.3725E-01 0.328892 0.0247863
3.21644E+06 4.044373 3.475199 2.285858 0.680602 0.707829 492.6638 0 9.24029E-08 3.56488 6.3633E-01 0.329541 0.0250032
3.25390E+06 4.048633 3.474885 2.284018 0.682954 0.729059 499.5634 0 1.02198E-07 3.56439 6.3540E-01 0.330201 0.0252173
3.29063E+06 4.052825 3.474546 2.282009 0.685289 0.749987 506.6262 0 1.13169E-07 3.56386 6.3448E-01 0.330851 0.0254279
3.32666E+06 4.056957 3.474263 2.279823 0.687608 0.77065 513.4471 0 1.24808E-07 3.56337 6.3356E-01 0.3315 0.0256354
3.36200E+06 4.061034 3.473931 2.277441 0.689914 0.790984 520.5766 0 1.38080E-07 3.5628 6.3265E-01 0.33214 0.0258383
3.39665E+06 4.065058 3.473694 2.274862 0.692206 0.810969 527.2567 0 1.51774E-07 3.56232 6.3175E-01 0.33279 0.0260378
3.43063E+06 4.069034 3.473467 2.272061 0.694487 0.830626 533.9361 0 1.66726E-07 3.56183 6.3085E-01 0.333429 0.0262333
3.46396E+06 4.072967 3.473199 2.269023 0.696757 0.849934 540.9003 0 1.83703E-07 3.56127 6.2996E-01 0.334069 0.0264254
3.49665E+06 4.076857 3.472979 2.265734 0.699017 0.868884 547.6762 0 2.01814E-07 3.56073 6.2908E-01 0.334699 0.0266137
3.52871E+06 4.080710 3.472804 2.262175 0.701268 0.887557 554.2567 0 2.21133E-07 3.56022 6.2820E-01 0.335339 0.0267982
3.56015E+06 4.084526 3.472502 2.258311 0.703510 0.905865 561.6202 0 2.44554E-07 3.55954 6.2733E-01 0.335958 0.026978
3.59098E+06 4.088310 3.472370 2.254127 0.705745 0.923767 568.1363 0 2.67568E-07 3.55901 6.2647E-01 0.336588 0.0271539
3.62122E+06 4.092063 3.472108 2.249578 0.707972 0.941368 575.4548 0 2.95633E-07 3.55831 6.2562E-01 0.337198 0.0273272
3.65087E+06 4.095788 3.471850 2.244616 0.710194 0.958621 582.8726 0 3.26966E-07 3.55757 6.2478E-01 0.337817 0.0274954
3.67996E+06 4.099486 3.471550 2.242635 0.712411 0.975643 590.1817 0 3.58127E-07 3.55708 6.2395E-01 0.338427 0.02766
3.70848E+06 4.103146 3.471035 2.240460 0.714614 0.992265 598.8174 0 3.98040E-07 3.55635 6.2312E-01 0.339027 0.0278204
3.73646E+06 4.106773 3.469584 2.237912 0.716807 1.00859 613.2280 0 4.71840E-07 3.55464 6.2230E-01 0.339627 0.0279781
3.76393E+06 4.110369 3.408613 2.066518 0.718991 1.0222 1164.1053 0 1.54713E-05 3.4763 6.2149E-01 0.340226 0.0281309
3.79095E+06 4.114753 3.366553 1.442010 0.721671 1.0222 2038.8111 0 1.10273E-04 3.36655 6.2081E-01 0.340736 0.0282595
3.80937E+06 4.116758 3.618605 0.724366 0.724366 1.0222 476.4253 0 1.94145E-06 3.59914 6.2081E-01 0.340736 0.0282595
0.00000E+00 3.512300 3.540719 2.500000 0.538800 0.343667 41.6976 1 2.53717E-15 3.55948 6.4893E-01 0.321183 0.0214895
6.54824E+04 3.527574 3.539137 2.500000 0.540048 0.343667 43.4178 1 3.73772E-15 3.55745 6.4893E-01 0.321183 0.0214895
1.32825E+05 3.544231 3.537386 2.500000 0.541469 0.343667 45.3674 1 5.71925E-15 3.55526 6.4893E-01 0.321183 0.0214895
2.02120E+05 3.561952 3.535547 2.500000 0.543081 0.343667 47.5466 1 8.99507E-15 3.5529 6.4893E-01 0.321183 0.0214895
2.73419E+05 3.580635 3.533622 2.500000 0.544901 0.343667 49.9781 1 1.45183E-14 3.55035 6.4893E-01 0.321183 0.0214895
3.46717E+05 3.600145 3.531568 2.500000 0.546947 0.343667 52.6644 1 2.40684E-14 3.54764 6.4893E-01 0.321183 0.0214895
4.21939E+05 3.620324 3.529452 2.500000 0.549235 0.343667 55.6045 1 4.06973E-14 3.54482 6.4893E-01 0.321183 0.0214895
4.98927E+05 3.640997 3.527259 2.500000 0.551779 0.343667 58.8124 1 7.00719E-14 3.54187 6.4893E-01 0.321183 0.0214895
5.77438E+05 3.661976 3.525041 2.500000 0.554589 0.343667 62.2764 1 1.22031E-13 3.53883 6.4893E-01 0.321183 0.0214895
6.57141E+05 3.683068 3.522789 2.500000 0.557673 0.343667 65.9671 1 2.14349E-13 3.53577 6.4893E-01 0.321183 0.0214895
7.37627E+05 3.704077 3.520511 2.500000 0.561032 0.343667 69.9289 1 3.78549E-13 3.53258 6.4893E-01 0.321183 0.0214895
8.18434E+05 3.724820 3.518282 2.500000 0.564660 0.343667 74.0596 1 6.65746E-13 3.52946 6.4893E-01 0.321183 0.0214895
8.99067E+05 3.745127 3.516038 2.500000 0.568544 0.343667 78.4163 1 1.16889E-12 3.52626 6.4893E-01 0.321183 0.0214895
9.79033E+05 3.764858 3.513882 2.500000 0.572665 0.343667 82.9198 1 2.02752E-12 3.52311 6.4893E-01 0.321183 0.0214895
1.05787E+06 3.783901 3.511780 2.500000 0.576997 0.343667 87.5240 1 3.47299E-12 3.52005 6.4893E-01 0.321183 0.0214895
1.13518E+06 3.802182 3.509717 2.500000 0.581512 0.343667 92.2074 1 5.87197E-12 3.51707 6.4893E-01 0.321183 0.0214895
1.21061E+06 3.819660 3.507801 2.499999 0.586180 0.343667 96.9774 1 9.72118E-12 3.51414 6.4893E-01 0.321183 0.0214895
1.28392E+06 3.836323 3.505875 2.499999 0.590968 0.343667 101.7979 1 1.59167E-11 3.51128 6.4893E-01 0.321183 0.0214895
1.35492E+06 3.852182 3.504132 2.499998 0.595849 0.343667 106.5685 1 2.53957E-11 3.50862 6.4893E-01 0.321183 0.0214895
1.42351E+06 3.867267 3.502380 2.499997 0.600794 0.343667 111.4156 1 4.01072E-11 3.50595 6.4893E-01 0.321183 0.0214895
1.48961E+06 3.881616 3.500769 2.499996 0.605781 0.343667 116.1844 1 6.19422E-11 3.50347 6.4893E-01 0.321183 0.0214895
1.55324E+06 3.895277 3.499201 2.499994 0.610788 0.343667 120.9729 1 9.43872E-11 3.50104 6.4893E-01 0.321183 0.0214895
1.61441E+06 3.908291 3.497708 2.499991 0.615795 0.343667 125.7589 1 1.41659E-10 3.49867 6.4893E-01 0.321183 0.0214895
1.67318E+06 3.920706 3.496290 2.499986 0.620787 0.343667 130.4946 1 2.09356E-10 3.49643 6.4893E-01 0.321183 0.0214895
1.72962E+06 3.932570 3.494926 2.499980 0.625752 0.350355 135.1999 1 3.05474E-10 3.49426 6.4893E-01 0.321183 0.0214895
1.78382E+06 3.942624 3.493731 2.499972 0.630022 0.362096 139.3248 1 4.23024E-10 3.49243 6.4871E-01 0.321323 0.0215591
1.83645E+06 3.951340 3.492681 2.499961 0.633779 0.377742 143.0048 1 5.62635E-10 3.49083 6.4831E-01 0.321573 0.0216804
1.88812E+06 3.959080 3.491710 2.499947 0.637166 0.396507 146.3063 1 7.27249E-10 3.48946 6.4778E-01 0.321912 0.0218416
1.93915E+06 3.966062 3.490843 2.499930 0.640268 0.417777 149.3292 1 9.16942E-10 3.48825 6.4713E-01 0.322332 0.0220347
1.98964E+06 3.972438 3.490053 2.499908 0.643147 0.441046 152.1673 1 1.13459E-09 3.48712 6.4639E-01 0.322812 0.0222533
2.03965E+06 3.978318 3.489327 2.499882 0.645846 0.465881 154.7743 1 1.38035E-09 3.48613 6.4558E-01 0.323352 0.0224924
2.08916E+06 3.983789 3.488652 2.499822 0.648400 0.491918 421.9962 0 5.88060E-09 3.57998 6.4469E-01 0.323922 0.0227474
2.13815E+06 3.988919 3.488014 2.499727 0.650834 0.518853 429.9100 0 6.69976E-09 3.57938 6.4376E-01 0.324541 0.0230146
2.18659E+06 3.993764 3.487491 2.499594 0.653171 0.546483 437.5395 0 7.53856E-09 3.5788 6.4279E-01 0.325181 0.0232911
2.23445E+06 3.998371 3.486986 2.499445 0.655430 0.574564 444.8894 0 8.43806E-09 3.57825 6.4178E-01 0.325841 0.0235731
2.28170E+06 4.002776 3.486457 2.499281 0.657623 0.602913 451.9528 0 9.42879E-09 3.57775 6.4075E-01 0.326531 0.0238598
2.32832E+06 4.007011 3.486036 2.499101 0.659762 0.631416 458.7936 0 1.04294E-08 3.57726 6.3970E-01 0.32722 0.0241491
2.37429E+06 4.011100 3.485632 2.498876 0.661856 0.660004 465.4952 0 1.14964E-08 3.5768 6.3864E-01 0.32793 0.0244399
2.41961E+06 4.015066 3.485277 2.498633 0.663914 0.68855 472.0570 0 1.26055E-08 3.57635 6.3757E-01 0.32865 0.0247301
2.46426E+06 4.018924 3.484957 2.498369 0.665940 0.716977 478.4534 0 1.37648E-08 3.57592 6.3649E-01 0.329369 0.0250197
2.50826E+06 4.022689 3.484633 2.498085 0.667940 0.745245 484.9196 0 1.50112E-08 3.57548 6.3540E-01 0.330099 0.025308
2.55159E+06 4.026373 3.484391 2.497780 0.669918 0.773354 491.1818 0 1.62602E-08 3.57508 6.3432E-01 0.330829 0.0255946
2.59426E+06 4.029985 3.484117 2.497453 0.671875 0.801173 497.3705 0 1.76296E-08 3.57468 6.3323E-01 0.331558 0.0258779
2.63628E+06 4.033533 3.483897 2.497104 0.673815 0.82879 503.7461 0 1.90268E-08 3.57425 6.3215E-01 0.332288 0.0261597
2.67765E+06 4.037024 3.483728 2.496734 0.675740 0.856117 509.8492 0 2.04448E-08 3.57387 6.3107E-01 0.333018 0.0264377
2.71838E+06 4.040463 3.483456 2.496310 0.677651 0.883219 515.9787 0 2.21086E-08 3.57349 6.2999E-01 0.333757 0.0267126
2.75848E+06 4.043856 3.483286 2.495860 0.679550 0.909953 522.1252 0 2.37255E-08 3.57311 6.2891E-01 0.334487 0.0269834
2.79796E+06 4.047204 3.483022 2.495379 0.681436 0.936436 528.4472 0 2.56082E-08 3.57269 6.2784E-01 0.335217 0.027252
2.83683E+06 4.050513 3.482732 2.494864 0.683312 0.962604 534.5684 0 2.76717E-08 3.57232 6.2677E-01 0.335947 0.0275161
2.87510E+06 4.053785 3.482119 2.494674 0.685178 0.988459 540.5506 0 3.05100E-08 3.57199 6.2571E-01 0.336666 0.0277769
2.91278E+06 4.057020 3.480483 2.494452 0.687033 1.01407 546.6162 0 3.60328E-08 3.57166 6.2465E-01 0.337396 0.0280345
2.94988E+06 4.060222 3.427054 2.493208 0.688878 1.03924 553.2089 0 5.60544E-08 3.57116 6.2360E-01 0.338116 0.0282876
2.98641E+06 4.063395 3.413532 2.491607 0.690716 1.06421 559.7258 0 7.17636E-08 3.57066 6.2255E-01 0.338835 0.0285377
3.02238E+06 4.066542 3.407787 2.489362 0.692547 1.08881 566.4678 0 7.95346E-08 3.57009 6.2151E-01 0.339555 0.0287838
3.05779E+06 4.069666 3.404177 2.486999 0.694372 1.11314 573.6119 0 8.48599E-08 3.56945 6.2048E-01 0.340265 0.0290261
3.09265E+06 4.072769 3.401440 2.484551 0.696193 1.13718 580.5156 0 8.91583E-08 3.56885 6.1945E-01 0.340975 0.0292653
3.12696E+06 4.075851 3.399305 2.482040 0.698009 1.16077 587.4654 0 9.27025E-08 3.56825 6.1843E-01 0.341684 0.0294996
3.16074E+06 4.078914 3.397411 2.479475 0.699821 1.18417 594.8414 0 9.59720E-08 3.56759 6.1742E-01 0.342384 0.029731
3.19399E+06 4.081959 3.395725 2.476868 0.701629 1.20711 601.9393 0 9.89913E-08 3.56697 6.1641E-01 0.343084 0.0299584
3.22672E+06 4.084988 3.385670 2.310593 0.703434 1.22834 678.7002 0 1.07248E-05 3.54398 6.1541E-01 0.343783 0.0301829
3.25905E+06 4.088769 3.367530 2.008460 0.705699 1.24419 858.3561 0 2.44630E-05 3.49758 6.1448E-01 0.344433 0.0303877
3.28317E+06 4.090311 3.336283 1.218722 0.707437 1.24419 1682.8134 0 2.06188E-04 3.39887 6.1378E-01 0.344923 0.0305401
3.28976E+06 4.093851 3.610477 0.708775 0.708775 1.24419 444.1706 0 1.32725E-10 3.60345 6.1378E-01 0.344923 0.0305401
0.00000E+00 3.739500 3.530438 3.000000 0.602200 0.346628 72.8651 1 1.40034E-13 3.52229 6.4106E-01 0.328146 0.0214606
3.80097E+04 3.837358 3.519812 3.000000 0.604619 0.346628 93.0823 1 1.89986E-12 3.5113 6.4106E-01 0.328146 0.0214606
3.80097E+04 3.841135 3.519398 3.000000 0.604619 0.346628 95.0953 1 2.28651E-12 3.50915 6.4106E-01 0.328146 0.0214606
7.85077E+04 3.879705 3.515089 3.000000 0.607442 0.346628 104.9349 1 6.61141E-12 3.50454 6.4106E-01 0.328146 0.0214606
1.21418E+05 3.911054 3.511495 3.000000 0.610652 0.346628 113.4047 1 1.62910E-11 3.50114 6.4106E-01 0.328146 0.0214606
1.21418E+05 3.913737 3.511195 3.000000 0.610652 0.346628 115.3915 1 1.89342E-11 3.49929 6.4106E-01 0.328146 0.0214606
1.66457E+05 3.943016 3.507812 2.999999 0.614221 0.346628 124.8559 1 4.60243E-11 3.4952 6.4106E-01 0.328146 0.0214606
2.13164E+05 3.967924 3.504931 2.999998 0.618112 0.346628 133.1925 1 9.63397E-11 3.49207 6.4106E-01 0.328146 0.0214606
2.60972E+05 3.989140 3.502458 2.999995 0.622279 0.346628 141.1231 1 1.89297E-10 3.489 6.4106E-01 0.328146 0.0214606
3.09281E+05 4.007393 3.500347 2.999989 0.626669 0.346628 148.2891 1 3.41307E-10 3.4864 6.4106E-01 0.328146 0.0214606
3.57529E+05 4.023338 3.498447 2.999979 0.631228 0.346628 154.8818 1 5.78387E-10 3.48409 6.4106E-01 0.328146 0.0214606
4.05245E+05 4.037503 3.496836 2.999964 0.635906 0.346628 161.2376 1 9.46978E-10 3.4818 6.4106E-01 0.328146 0.0214606
4.52063E+05 4.050290 3.495300 2.999940 0.640659 0.356751 166.9478 1 1.46240E-09 3.47996 6.4106E-01 0.328146 0.0214606
4.97724E+05 4.059811 3.494139 2.999906 0.644386 0.356751 170.2472 1 1.94351E-09 3.47951 6.4078E-01 0.328306 0.0215643
4.97724E+05 4.060135 3.494100 2.999906 0.644386 0.37421 171.4153 1 2.05209E-09 3.4786 6.4078E-01 0.328306 0.0215643
5.43113E+05 4.067747 3.493141 2.999862 0.647422 0.37421 173.9103 1 2.56711E-09 3.47842 6.4028E-01 0.328596 0.0217439
5.43113E+05 4.068003 3.493111 2.999862 0.647422 0.397308 175.0204 1 2.70054E-09 3.47756 6.4028E-01 0.328596 0.0217439
5.89122E+05 4.074556 3.492250 2.999805 0.650014 0.42513 178.1027 1 3.41157E-09 3.47667 6.3963E-01 0.328986 0.0219811
6.35981E+05 4.080099 3.491528 2.999734 0.652266 0.456853 180.3851 1 4.07187E-09 3.47621 6.3883E-01 0.329455 0.0222671
6.83634E+05 4.084830 3.490893 2.999648 0.654246 0.491735 182.9016 1 4.93033E-09 3.47539 6.3791E-01 0.329995 0.0225936
7.31913E+05 4.088905 3.490318 2.999547 0.656008 0.529077 184.4623 1 5.60367E-09 3.47518 6.3689E-01 0.330605 0.022952
7.80628E+05 4.092451 3.489923 2.999432 0.657594 0.568237 186.3354 1 6.45827E-09 3.47461 6.3579E-01 0.331255 0.0233354
8.29601E+05 4.095574 3.489498 2.999301 0.659044 0.608749 187.4931 1 7.09377E-09 3.4745 6.3463E-01 0.331945 0.0237387
8.78679E+05 4.098309 3.489196 2.999059 0.660387 0.608749 470.1418 0 2.94720E-08 3.58294 6.3343E-01 0.332654 0.0241559
8.78679E+05 4.098355 3.489188 2.999059 0.660387 0.650211 474.0328 0 3.01240E-08 3.58213 6.3343E-01 0.332654 0.0241559
9.27740E+05 4.100833 3.488959 2.998701 0.661649 0.650211 474.4342 0 3.12855E-08 3.58261 6.3219E-01 0.333394 0.0245831
9.27740E+05 4.100867 3.488952 2.998701 0.661649 0.692319 478.2158 0 3.19736E-08 3.58183 6.3219E-01 0.333394 0.0245831
9.76690E+05 4.103166 3.488710 2.998222 0.662849 0.734871 481.1033 0 3.33819E-08 3.58175 6.3092E-01 0.334154 0.0250172
1.02545E+06 4.105307 3.488554 2.997720 0.664003 0.777598 484.7234 0 3.50383E-08 3.58149 6.2964E-01 0.334924 0.0254548
1.07398E+06 4.107315 3.488458 2.997195 0.665123 0.777598 485.3982 0 3.63258E-08 3.5818 6.2834E-01 0.335693 0.0258959
1.07398E+06 4.107325 3.488454 2.997195 0.665123 0.820392 489.1216 0 3.70589E-08 3.58104 6.2834E-01 0.335693 0.0258959
1.12222E+06 4.109240 3.488320 2.996551 0.666216 0.863219 492.4149 0 3.87067E-08 3.58081 6.2703E-01 0.336473 0.0263383
1.17015E+06 4.111080 3.488178 2.995879 0.667291 0.905946 494.6336 0 3.98632E-08 3.58077 6.2572E-01 0.337263 0.0267797
1.21775E+06 4.112866 3.487981 2.995177 0.668352 0.905946 494.9732 0 4.14936E-08 3.5811 6.2440E-01 0.338043 0.0272206
1.21775E+06 4.112863 3.487979 2.995177 0.668352 0.948523 498.7301 0 4.22934E-08 3.58035 6.2440E-01 0.338043 0.0272206
1.26500E+06 4.114593 3.487438 2.994334 0.669402 0.990892 500.8469 0 4.46940E-08 3.58033 6.2309E-01 0.338832 0.0276604
1.31190E+06 4.116340 3.484946 2.994221 0.670445 0.990892 195.7433 1 5.97908E-09 3.47358 6.2177E-01 0.339622 0.0280984
1.31190E+06 4.116344 3.484946 2.994221 0.670445 1.03298 504.7665 0 5.52550E-08 3.57994 6.2177E-01 0.339622 0.0280984
1.35842E+06 4.116697 3.425242 2.970962 0.671482 1.03298 506.5612 0 1.18527E-06 3.58025 6.2045E-01 0.340412 0.0285339
1.35842E+06 4.116329 3.425174 2.970962 0.671482 1.07492 510.8084 0 3.38666E-06 3.57933 6.2045E-01 0.340412 0.0285339
1.40461E+06 4.106857 3.412438 2.815158 0.672566 1.11681 543.2603 0 1.11635E-05 3.57524 6.1913E-01 0.341202 0.0289685
1.45038E+06 4.042407 3.346706 1.425781 0.673981 1.11681 1226.2484 0 1.27240E-04 3.40651 6.1781E-01 0.341991 0.029401
1.45039E+06 4.042189 3.346282 1.424917 0.673982 1.11681 1247.5025 0 1.27153E-04 3.4046 6.1781E-01 0.341991 0.029401
1.46396E+06 3.940396 3.577321 0.674676 0.674676 1.11681 350.7090 0 5.55196E-05 3.5965 6.1781E-01 0.341991 0.029401
0.00000E+00 3.991300 3.516721 3.500000 0.700400 0.349896 117.1813 1 8.11533E-12 3.5053 6.4003E-01 0.330085 0.0214529
1.64384E+04 4.084868 3.505932 3.499999 0.702278 0.351693 150.0155 1 1.46484E-10 3.49293 6.4003E-01 0.330085 0.0214529
3.43996E+04 4.131383 3.500401 3.499995 0.703578 0.351693 169.1591 1 6.85335E-10 3.48717 6.3983E-01 0.330255 0.0214658
3.43996E+04 4.136121 3.499843 3.499995 0.703578 0.355277 173.4694 1 9.06465E-10 3.48472 6.3983E-01 0.330255 0.0214658
5.39493E+04 4.176307 3.494896 3.499974 0.704739 0.355277 191.6032 1 3.51305E-09 3.48037 6.3954E-01 0.330505 0.0214949
5.39493E+04 4.180358 3.494375 3.499974 0.704739 0.360999 195.9370 1 4.58380E-09 3.47814 6.3954E-01 0.330505 0.0214949
7.50990E+04 4.217492 3.489719 3.499772 0.705777 0.369057 571.7915 0 5.32734E-08 3.58162 6.3916E-01 0.330815 0.0215437
9.77049E+04 4.247629 3.485875 3.498934 0.706691 0.379505 644.0274 0 1.11957E-07 3.57743 6.3869E-01 0.331195 0.0216165
1.21555E+05 4.269261 3.483086 3.497100 0.707485 0.379505 698.8668 0 1.93984E-07 3.5748 6.3814E-01 0.331615 0.0217129
1.21555E+05 4.271330 3.482802 3.497100 0.707485 0.39224 713.1959 0 2.13144E-07 3.57332 6.3814E-01 0.331615 0.0217129
1.46423E+05 4.287873 3.480626 3.493787 0.708173 0.39224 756.1601 0 3.18824E-07 3.57174 6.3751E-01 0.332085 0.0218318
1.46423E+05 4.289403 3.480429 3.493787 0.708173 0.407038 769.2324 0 3.42720E-07 3.57043 6.3751E-01 0.332085 0.0218318
1.72103E+05 4.302789 3.478568 3.488680 0.708769 0.423705 812.4685 0 4.85661E-07 3.56848 6.3683E-01 0.332585 0.0219722
1.98419E+05 4.311713 3.477263 3.481576 0.709291 0.423705 840.0303 0 6.23258E-07 3.56757 6.3611E-01 0.333115 0.0221309
1.98419E+05 4.312418 3.477159 3.481576 0.709291 0.44198 850.2149 0 6.51341E-07 3.56656 6.3611E-01 0.333115 0.0221309
2.25228E+05 4.318692 3.476165 3.472448 0.709757 0.44198 868.7657 0 7.75982E-07 3.56619 6.3534E-01 0.333674 0.0223065
2.25228E+05 4.319103 3.476099 3.472448 0.709757 0.461632 877.4774 0 8.02304E-07 3.56531 6.3534E-01 0.333674 0.0223065
2.52418E+05 4.323346 3.475336 3.461411 0.710181 0.461632 890.5469 0 9.15756E-07 3.56514 6.3454E-01 0.334233 0.0224961
2.52418E+05 4.323527 3.475298 3.461411 0.710181 0.482415 898.3185 0 9.39469E-07 3.56433 6.3454E-01 0.334233 0.0224961
2.79903E+05 4.326235 3.474635 3.448650 0.710576 0.504255 913.1634 0 1.05487E-06 3.56366 6.3371E-01 0.334812 0.0226993
3.07617E+05 4.327786 3.474198 3.434366 0.710952 0.504255 919.6578 0 1.14767E-06 3.56366 6.3286E-01 0.335401 0.0229133
3.07617E+05 4.327651 3.474197 3.434366 0.710952 0.527053 925.7770 0 1.16516E-06 3.56297 6.3286E-01 0.335401 0.0229133
3.35510E+05 4.328076 3.473737 3.418630 0.711319 0.550716 934.4175 0 1.25432E-06 3.5625 6.3199E-01 0.33599 0.0231369
3.63545E+05 4.327770 3.473503 3.401747 0.711682 0.575172 941.7641 0 1.32699E-06 3.56202 6.3111E-01 0.336589 0.0233706
3.91691E+05 4.326906 3.473245 3.383821 0.712047 0.600449 946.9646 0 1.39703E-06 3.56165 6.3022E-01 0.337188 0.0236136
4.19928E+05 4.325621 3.473034 3.365000 0.712418 0.626524 951.3103 0 1.45952E-06 3.5613 6.2931E-01 0.337797 0.0238643
4.48237E+05 4.324015 3.472917 3.345382 0.712799 0.653315 955.2814 0 1.51046E-06 3.56092 6.2839E-01 0.338397 0.0241226
4.76605E+05 4.322669 3.472846 3.325035 0.713193 0.653315 953.4840 0 1.55108E-06 3.56123 6.2747E-01 0.338997 0.0243892
4.76605E+05 4.322161 3.472878 3.325035 0.713193 0.680862 957.9132 0 1.55833E-06 3.56065 6.2747E-01 0.338997 0.0243892
5.05019E+05 4.320646 3.472735 3.303984 0.713603 0.680862 956.1792 0 1.60043E-06 3.56092 6.2653E-01 0.339606 0.0246633
5.05019E+05 4.320109 3.472769 3.303984 0.713603 0.709097 960.4499 0 1.60674E-06 3.56035 6.2653E-01 0.339606 0.0246633
5.33469E+05 4.317910 3.472767 3.282326 0.714030 0.738068 963.0131 0 1.64394E-06 3.56003 6.2559E-01 0.340206 0.0249459
5.61945E+05 4.315590 3.472647 3.260064 0.714476 0.767715 966.2107 0 1.68961E-06 3.55963 6.2463E-01 0.340806 0.0252359
5.90438E+05 4.313169 3.472652 3.237181 0.714943 0.798089 968.4901 0 1.72903E-06 3.55932 6.2367E-01 0.341406 0.0255343
6.18939E+05 4.311286 3.472782 3.213797 0.715433 0.798089 966.5161 0 1.75138E-06 3.5596 6.2271E-01 0.342006 0.0258401
6.18939E+05 4.310679 3.472820 3.213797 0.715433 0.829125 970.6271 0 1.75702E-06 3.55903 6.2271E-01 0.342006 0.0258401
6.47436E+05 4.308122 3.472785 3.189835 0.715947 0.860875 974.3963 0 1.79993E-06 3.55857 6.2173E-01 0.342605 0.0261544
6.75922E+05 4.305518 3.472999 3.165350 0.716487 0.893258 976.5493 0 1.82710E-06 3.55828 6.2075E-01 0.343195 0.0264761
7.04385E+05 4.302866 3.473038 3.140287 0.717055 0.926257 980.4300 0 1.86777E-06 3.55783 6.1976E-01 0.343785 0.0268059
7.32813E+05 4.300152 3.473051 3.114482 0.717652 0.959985 984.2433 0 1.92194E-06 3.55739 6.1877E-01 0.344375 0.027144
7.61196E+05 4.299883 3.472957 3.104740 0.718280 0.959985 982.2281 0 7.12607E-07 3.55772 6.1777E-01 0.344955 0.0274879
7.61196E+05 4.299639 3.472966 3.104740 0.718280 0.994148 987.4319 0 1.98476E-06 3.55714 6.1777E-01 0.344955 0.0274879
7.89506E+05 4.298873 3.470641 3.093048 0.718917 1.0289 990.1018 0 2.37289E-06 3.55693 6.1677E-01 0.345535 0.0278402
8.17794E+05 4.113687 3.369230 1.042855 0.719598 1.0289 1930.4635 0 1.07066E-04 3.40505 6.1577E-01 0.346115 0.028197
8.17807E+05 4.113559 3.370364 1.041426 0.719601 1.0289 1907.8128 0 1.05913E-04 3.40647 6.1577E-01 0.346115 0.028197
8.24428E+05 3.997446 3.409970 0.719847 0.719847 1.0289 1116.2004 0 7.32084E-05 3.47465 6.1577E-01 0.346115 0.028197
0.00000E+00 4.147800 3.510958 4.000000 0.794700 0.352504 150.2292 1 6.83284E-11 3.49879 6.3504E-01 0.335046 0.0213934
7.32920E+03 4.188617 3.506244 3.999999 0.795845 0.352504 166.2128 1 2.50751E-10 3.49436 6.3504E-01 0.335046 0.0213934
7.32920E+03 4.192859 3.505739 3.999999 0.795845 0.353168 169.6620 1 3.18915E-10 3.49245 6.3504E-01 0.335046 0.0213934
1.51518E+04 4.235611 3.500628 3.999996 0.796676 0.354415 189.8644 1 1.42716E-09 3.48685 6.3495E-01 0.335116 0.0213968
2.35090E+04 4.272047 3.496250 3.999983 0.797419 0.354415 208.7772 1 2.68814E-09 3.48221 6.3482E-01 0.335236 0.0214057
2.35090E+04 4.275838 3.495821 3.999983 0.797419 0.356343 212.7933 1 2.49221E-09 3.4804 6.3482E-01 0.335236 0.0214057
3.24379E+04 4.313003 3.491262 3.999803 0.798083 0.359084 635.2410 0 6.90241E-08 3.58444 6.3465E-01 0.335376 0.0214211
4.19286E+04 4.346609 3.487053 3.999186 0.798671 0.362685 731.5286 0 1.67847E-07 3.57893 6.3445E-01 0.335556 0.021443
5.19419E+04 4.376217 3.483313 3.997761 0.799185 0.367079 822.2707 0 3.48371E-07 3.57482 6.3420E-01 0.335756 0.0214727
6.24227E+04 4.401594 3.480069 3.994715 0.799628 0.371748 913.0158 0 6.73583E-07 3.57089 6.3392E-01 0.335984 0.0215112
7.33104E+04 4.422645 3.477313 3.989019 0.800007 0.374211 997.0352 0 1.17810E-06 3.56758 6.3360E-01 0.336239 0.0215611
8.45451E+04 4.439388 3.474978 3.979395 0.800329 0.369948 1071.8238 0 1.87832E-06 3.56482 6.3324E-01 0.336509 0.0216265
9.60717E+04 4.451928 3.472957 3.964527 0.800602 0.359656 1135.4090 0 2.76275E-06 3.56256 6.3284E-01 0.336799 0.0217142
1.07842E+05 4.459996 3.471390 3.943145 0.800833 0.359656 1178.4797 0 3.66266E-06 3.56133 6.3242E-01 0.337101 0.0218171
1.07842E+05 4.460437 3.471329 3.943145 0.800833 0.344964 1187.9999 0 3.78370E-06 3.56065 6.3242E-01 0.337101 0.0218171
1.19813E+05 4.465212 3.469843 3.914566 0.801032 0.344964 1220.0606 0 4.75411E-06 3.55979 6.3197E-01 0.337414 0.0219291
1.19813E+05 4.465202 3.469834 3.914566 0.801032 0.328118 1226.3842 0 4.84130E-06 3.55928 6.3197E-01 0.337414 0.0219291
1.31952E+05 4.467025 3.468515 3.878549 0.801204 0.328118 1250.5669 0 5.83878E-06 3.55855 6.3150E-01 0.337749 0.0220474
1.31952E+05 4.466604 3.468554 3.878549 0.801204 0.306992 1254.0645 0 5.87191E-06 3.55817 6.3150E-01 0.337749 0.0220474
1.44227E+05 4.465079 3.467292 3.835233 0.801357 0.292566 1275.2294 0 6.90579E-06 3.55704 6.3102E-01 0.338085 0.0221751
1.56615E+05 4.461154 3.466389 3.785366 0.801497 0.281892 1286.4101 0 7.74974E-06 3.55625 6.3052E-01 0.338432 0.0222965
1.69092E+05 4.455316 3.465572 3.729716 0.801630 0.275721 1291.9219 0 8.50172E-06 3.55556 6.3002E-01 0.33879 0.0224145
1.81640E+05 4.447979 3.465093 3.668930 0.801761 0.275036 1289.2102 0 8.95793E-06 3.55527 6.2951E-01 0.339159 0.0225311
1.94240E+05 4.439491 3.464448 3.603484 0.801896 0.280978 1289.6140 0 9.56688E-06 3.55457 6.2900E-01 0.339528 0.0226435
2.06877E+05 4.430115 3.463813 3.533535 0.802040 0.290174 1289.2398 0 1.02162E-05 3.55385 6.2849E-01 0.339907 0.0227491
2.19536E+05 4.420003 3.463174 3.458760 0.802199 0.301185 1289.4471 0 1.09532E-05 3.55305 6.2797E-01 0.340287 0.0228547
2.32201E+05 4.409192 3.462440 3.378162 0.802380 0.313053 1292.1516 0 1.19311E-05 3.55206 6.2744E-01 0.340687 0.0229618
2.44857E+05 4.397587 3.461733 3.289773 0.802589 0.325604 1294.0248 0 1.30539E-05 3.55118 6.2690E-01 0.341087 0.0230734
2.57488E+05 4.384940 3.460733 3.190131 0.802837 0.338727 1302.0239 0 1.49190E-05 3.54991 6.2634E-01 0.341487 0.0231893
2.70074E+05 4.370689 3.459315 3.072390 0.803137 0.352385 1321.0847 0 1.82596E-05 3.54798 6.2578E-01 0.341897 0.0233092
2.82588E+05 4.353578 3.457289 2.921360 0.803510 0.366605 1354.7104 0 2.48070E-05 3.54533 6.2521E-01 0.342307 0.0234354
2.94987E+05 4.329398 3.453328 2.684545 0.803993 0.381292 1443.0219 0 4.68688E-05 3.53997 6.2463E-01 0.342727 0.0235684
3.07201E+05 4.267658 3.433762 1.825982 0.804652 0.388195 1845.6937 0 1.85702E-04 3.4459 6.2405E-01 0.343127 0.023706
3.11380E+05 4.231013 3.430777 1.437459 0.804712 0.388195 1946.2064 0 1.47200E-04 3.40114 6.2379E-01 0.343307 0.0237701
3.17410E+05 4.245007 3.824377 0.806272 0.806272 0.388195 126.6714 1 2.72040E-10 3.6692 6.2379E-01 0.343307 0.0237701
0.00000E+00 4.252700 3.510194 4.500000 0.828500 0.356826 169.4871 1 1.72519E-10 3.49903 6.1504E-01 0.355041 0.021374
5.41009E+03 4.296266 3.505154 4.499998 0.829613 0.356826 188.2409 1 7.50346E-10 3.49473 6.1504E-01 0.355041 0.021374
5.41009E+03 4.300872 3.504613 4.499998 0.829613 0.357309 193.0542 1 1.00810E-09 3.49223 6.1504E-01 0.355041 0.021374
1.11683E+04 4.343863 3.499482 4.499993 0.830466 0.357309 214.8793 1 1.42064E-09 3.48747 6.1497E-01 0.355091 0.0213769
1.11683E+04 4.348401 3.498925 4.499993 0.830466 0.358298 219.6839 1 1.29654E-09 3.4854 6.1497E-01 0.355091 0.0213769
1.72857E+04 4.394406 3.493350 4.499839 0.831242 0.359779 688.5324 0 8.04707E-08 3.58832 6.1488E-01 0.355171 0.0213829
2.37859E+04 4.438066 3.488004 4.499253 0.831949 0.359198 825.4649 0 2.52230E-07 3.58135 6.1476E-01 0.355279 0.0213954
3.06692E+04 4.478448 3.482971 4.497436 0.832587 0.346653 971.6381 0 7.05057E-07 3.57538 6.1459E-01 0.355411 0.0214254
3.79199E+04 4.514577 3.478283 4.492417 0.833159 0.314575 1124.9595 0 1.80207E-06 3.57003 6.1436E-01 0.355561 0.0214866
4.55127E+04 4.545177 3.473927 4.479769 0.833667 0.273312 1271.7996 0 4.05379E-06 3.56579 6.1409E-01 0.355732 0.021584
5.34185E+04 4.568422 3.470246 4.451650 0.834114 0.224889 1411.8165 0 8.33611E-06 3.56179 6.1377E-01 0.355935 0.0216933
6.16095E+04 4.581578 3.467144 4.397296 0.834507 0.177627 1519.2130 0 1.42690E-05 3.55882 6.1341E-01 0.356149 0.0218155
7.00634E+04 4.583105 3.464734 4.309043 0.834850 0.138818 1587.9656 0 2.08192E-05 3.55647 6.1303E-01 0.356395 0.0219422
7.87630E+04 4.574035 3.463256 4.188365 0.835150 0.112229 1612.1427 0 2.55396E-05 3.55502 6.1262E-01 0.356672 0.0220633
8.76914E+04 4.557170 3.462074 4.043297 0.835413 0.0975091 1610.0385 0 2.86881E-05 3.5538 6.1219E-01 0.356959 0.0221756
9.68251E+04 4.535247 3.460940 3.881218 0.835648 0.0925499 1596.6395 0 3.12154E-05 3.55249 6.1175E-01 0.357278 0.0222809
1.06131E+05 4.510020 3.459834 3.704754 0.835866 0.0956334 1577.8658 0 3.36952E-05 3.55114 6.1130E-01 0.357597 0.0223831
1.15567E+05 4.481974 3.458609 3.509390 0.836083 0.105793 1559.8166 0 3.72202E-05 3.54969 6.1084E-01 0.357936 0.0224829
1.25083E+05 4.450008 3.456565 3.278239 0.836323 0.117874 1562.0121 0 4.65936E-05 3.54713 6.1037E-01 0.358276 0.0225824
1.34616E+05 4.408542 3.452783 2.948415 0.836627 0.130966 1610.9344 0 7.84748E-05 3.5424 6.0988E-01 0.358636 0.022689
1.44080E+05 4.325514 3.435091 2.015623 0.837106 0.140631 1961.5313 0 2.04989E-04 3.47284 6.0935E-01 0.359016 0.0228047
1.47993E+05 4.292696 3.430493 1.568705 0.837050 0.140631 2053.2300 0 1.60548E-04 3.41399 6.0898E-01 0.359276 0.0228907
1.53333E+05 4.292319 3.536678 0.909324 0.838699 0.140631 1015.2348 0 9.24783E-05 3.53544 6.0898E-01 0.359276 0.0228907
1.54998E+05 4.240063 3.545584 0.838795 0.838795 0.140631 120.3973 0 8.53055E-05 3.76915 6.0898E-01 0.359276 0.0228907
0.00000E+00 4.233200 3.522130 5.000000 0.859900 0.354244 140.0261 1 8.45500E-12 3.51417 6.0007E-01 0.370051 0.0213462
4.05609E+03 4.289007 3.515932 5.000000 0.860723 0.354244 160.4464 1 4.91713E-11 3.50842 6.0007E-01 0.370051 0.0213462
4.05609E+03 4.294936 3.515247 5.000000 0.860723 0.354527 164.8884 1 6.83397E-11 3.50595 6.0007E-01 0.370051 0.0213462
8.32202E+03 4.355360 3.508384 4.999999 0.861363 0.355062 193.8143 1 6.25300E-10 3.49765 6.0003E-01 0.370081 0.0213473
1.28141E+04 4.408488 3.502121 4.999997 0.861950 0.355062 221.1698 1 7.88818E-10 3.49182 5.9998E-01 0.370131 0.0213504
1.28141E+04 4.414134 3.501462 4.999997 0.861950 0.355923 227.2106 1 6.95819E-10 3.48933 5.9998E-01 0.370131 0.0213504
1.75521E+04 4.465364 3.495352 4.999843 0.862491 0.355923 728.3926 0 8.63056E-08 3.59274 5.9990E-01 0.370199 0.0213575
1.75521E+04 4.470791 3.494691 4.999843 0.862491 0.351577 757.1854 0 1.06443E-07 3.59027 5.9990E-01 0.370199 0.0213575
2.25406E+04 4.519546 3.488753 4.999141 0.862987 0.351577 905.2313 0 3.39368E-07 3.58484 5.9978E-01 0.370282 0.0213849
2.25406E+04 4.524683 3.488111 4.999141 0.862987 0.332615 939.5296 0 4.14374E-07 3.58246 5.9978E-01 0.370282 0.0213849
2.77732E+04 4.570235 3.482355 4.996436 0.863439 0.332615 1109.5843 0 1.24228E-06 3.57746 5.9962E-01 0.370383 0.0214427
2.77732E+04 4.574970 3.481732 4.996436 0.863439 0.296294 1148.3727 0 1.50180E-06 3.57525 5.9962E-01 0.370383 0.0214427
3.32366E+04 4.620164 3.475872 4.986826 0.863848 0.245586 1368.3062 0 4.69446E-06 3.56939 5.9942E-01 0.370496 0.0215231
3.89154E+04 4.656382 3.470788 4.956912 0.864218 0.189694 1595.5088 0 1.32834E-05 3.56376 5.9918E-01 0.37063 0.0216225
4.47970E+04 4.677323 3.466850 4.881013 0.864550 0.140297 1772.5003 0 2.83008E-05 3.55985 5.9890E-01 0.370786 0.0217274
5.08795E+04 4.677044 3.463975 4.737503 0.864848 0.105288 1873.2275 0 4.52845E-05 3.55675 5.9861E-01 0.370972 0.0218264
5.71733E+04 4.658575 3.462499 4.536155 0.865113 0.0846756 1883.2096 0 5.41766E-05 3.55516 5.9829E-01 0.37119 0.0219102
6.36880E+04 4.629199 3.461126 4.302520 0.865347 0.0746555 1859.4259 0 5.92037E-05 3.55339 5.9797E-01 0.371428 0.0219815
7.04176E+04 4.594331 3.460248 4.052590 0.865552 0.0715662 1807.6451 0 5.96338E-05 3.55236 5.9764E-01 0.371686 0.0220453
7.73364E+04 4.555863 3.458865 3.785668 0.865737 0.07406 1768.6539 0 6.40784E-05 3.55047 5.9730E-01 0.371945 0.0221066
8.44020E+04 4.512777 3.456830 3.482502 0.865919 0.0815003 1746.1405 0 7.65288E-05 3.5478 5.9696E-01 0.372205 0.0221694
9.15564E+04 4.457535 3.452956 3.062536 0.866133 0.0901429 1773.1424 0 1.25712E-04 3.54299 5.9660E-01 0.372475 0.0222329
9.87184E+04 4.366474 3.437320 2.104476 0.866480 0.0974802 2091.8031 0 2.14025E-04 3.48538 5.9621E-01 0.372775 0.0223057
1.05725E+05 4.329957 3.466357 1.135411 0.867631 0.0974802 1878.4246 0 1.15471E-04 3.45361 5.9589E-01 0.373015 0.0223672
1.09714E+05 4.329208 3.962817 0.868572 0.868572 0.0974802 135.0270 1 4.77146E-14 3.67013 5.9589E-01 0.373015 0.0223672
