0.00000E+00 3.126800 3.623573 0.500000 0.495700 0.480446 58.6150 0 3.78959E-11 3.62352 6.5690E-01 0.314919 0.0212111
9.66646E+04 3.129710 3.619627 0.495862 0.495862 0.480446 59.6173 0 5.82773E-11 3.62319 6.5690E-01 0.314919 0.0212111
0.00000E+00 3.350200 3.510429 0.550000 0.515000 0.480157 243.3693 0 9.59536E-07 3.51043 6.5584E-01 0.315221 0.0212121
8.21398E+04 3.364368 3.548639 0.527346 0.515915 0.480157 185.4488 0 1.63162E-07 3.54863 6.5584E-01 0.315221 0.0212121
1.65869E+05 3.379845 3.572360 0.523677 0.516937 0.480157 156.2841 0 4.68012E-08 3.57236 6.5584E-01 0.315221 0.0212121
2.51262E+05 3.396269 3.596558 0.522769 0.518076 0.480157 130.8538 0 1.22933E-08 3.59651 6.5584E-01 0.315221 0.0212121
3.38388E+05 3.402127 3.571374 0.518550 0.518550 0.480157 133.3711 0 8.34884E-08 3.59666 6.5584E-01 0.315221 0.0212121
0.00000E+00 3.406800 3.456973 0.600000 0.519000 0.48005 411.6927 0 2.83705E-05 3.45697 6.5494E-01 0.315562 0.0212189
4.78548E+04 3.375360 3.471084 0.519319 0.519319 0.48005 363.1800 0 4.63131E-05 3.47769 6.5494E-01 0.315562 0.0212189
0.00000E+00 3.384800 3.449348 0.700000 0.522500 0.480446 365.2242 0 3.96618E-06 3.44935 6.5298E-01 0.316568 0.0212362
5.65302E+04 3.381758 3.450200 0.656217 0.523057 0.480446 323.9888 0 3.47920E-06 3.4685 6.5298E-01 0.316568 0.0212362
7.70154E+04 3.400640 3.554383 0.532618 0.523556 0.480446 189.3205 0 1.78323E-07 3.55438 6.5298E-01 0.316568 0.0212362
1.55892E+05 3.406864 3.702924 0.524017 0.524017 0.480446 75.9417 1 3.89630E-12 3.55944 6.5298E-01 0.316568 0.0212362
0.00000E+00 3.369700 3.456839 0.800000 0.523900 0.473117 292.8571 0 2.96967E-07 3.45684 6.5403E-01 0.315962 0.0212495
7.60433E+04 3.387521 3.452870 0.788047 0.524967 0.473117 320.0545 0 6.45687E-07 3.45287 6.5403E-01 0.315962 0.0212495
1.53848E+05 3.406811 3.447535 0.756575 0.526169 0.473117 363.5510 0 2.24503E-06 3.44754 6.5403E-01 0.315962 0.0212495
2.23687E+05 3.419081 3.444194 0.655521 0.527227 0.473117 400.6901 0 1.06451E-05 3.45416 6.5403E-01 0.315962 0.0212495
2.33522E+05 3.425665 3.550663 0.537286 0.527528 0.473117 205.2785 0 3.10963E-07 3.5507 6.5403E-01 0.315962 0.0212495
3.15279E+05 3.433546 3.720914 0.528140 0.528140 0.473117 81.9963 1 1.44902E-12 3.55443 6.5403E-01 0.315962 0.0212495
0.00000E+00 3.522400 3.435584 0.900000 0.526700 0.461044 447.9279 0 3.31123E-06 3.43558 6.5403E-01 0.31554 0.0212692
6.52250E+04 3.527900 3.422694 0.677563 0.527574 0.461044 594.6306 0 7.43297E-05 3.43385 6.5403E-01 0.31554 0.0212692
7.42013E+04 3.532149 3.568958 0.527816 0.527816 0.461044 235.7105 0 6.97213E-07 3.56364 6.5403E-01 0.31554 0.0212692
0.00000E+00 3.381800 3.471166 1.000000 0.525200 0.444981 216.5624 0 6.49963E-09 3.47117 6.5403E-01 0.316249 0.0212964
7.50678E+04 3.399496 3.468228 0.999763 0.526283 0.444981 231.3342 0 1.07351E-08 3.46823 6.5403E-01 0.316249 0.0212964
1.51900E+05 3.418662 3.465007 0.999349 0.527505 0.444981 248.5909 0 1.85754E-08 3.46501 6.5403E-01 0.316249 0.0212964
2.30592E+05 3.438906 3.461513 0.998593 0.528880 0.444981 268.5206 0 3.35026E-08 3.46151 6.5403E-01 0.316249 0.0212964
3.11212E+05 3.460147 3.457693 0.997154 0.530425 0.444981 291.7197 0 6.34139E-08 3.45769 6.5403E-01 0.316249 0.0212964
3.93791E+05 3.482282 3.453543 0.994275 0.532156 0.444981 318.9129 0 1.27112E-07 3.45354 6.5403E-01 0.316249 0.0212964
4.78311E+05 3.505182 3.448820 0.988091 0.534088 0.444981 352.0857 0 2.80938E-07 3.44882 6.5403E-01 0.316249 0.0212964
5.64699E+05 3.528707 3.443028 0.972974 0.536238 0.444981 396.2477 0 7.64964E-07 3.44303 6.5403E-01 0.316249 0.0212964
6.52812E+05 3.551817 3.433474 0.918867 0.538622 0.444981 478.4278 0 4.73073E-06 3.43347 6.5403E-01 0.316249 0.0212964
7.24919E+05 3.556901 3.420909 0.539005 0.539005 0.444981 825.2557 0 5.48168E-05 3.42746 6.5403E-01 0.316249 0.0212964
0.00000E+00 3.382000 3.479077 1.100000 0.525800 0.433886 185.2795 0 1.03443E-09 3.47908 6.5494E-01 0.315001 0.0213122
7.46109E+04 3.399998 3.476227 1.099958 0.526917 0.433886 197.8613 0 1.70255E-09 3.47623 6.5494E-01 0.315001 0.0213122
1.51033E+05 3.419401 3.473086 1.099886 0.528179 0.433886 212.5184 0 2.92784E-09 3.47309 6.5494E-01 0.315001 0.0213122
2.29362E+05 3.439912 3.469758 1.099757 0.529600 0.433886 229.2169 0 5.19929E-09 3.46976 6.5494E-01 0.315001 0.0213122
3.09661E+05 3.461445 3.466214 1.099517 0.531198 0.433886 248.2977 0 9.54553E-09 3.46621 6.5494E-01 0.315001 0.0213122
3.91956E+05 3.483887 3.462411 1.099055 0.532987 0.433886 270.1836 0 1.81615E-08 3.46241 6.5494E-01 0.315001 0.0213122
4.76218E+05 3.507104 3.458379 1.098138 0.534986 0.433886 295.2227 0 3.57631E-08 3.45838 6.5494E-01 0.315001 0.0213122
5.62354E+05 3.530948 3.454069 1.096250 0.537210 0.433886 324.0971 0 7.34113E-08 3.45407 6.5494E-01 0.315001 0.0213122
6.50197E+05 3.555255 3.449361 1.092179 0.539674 0.433886 358.0760 0 1.60360E-07 3.44936 6.5494E-01 0.315001 0.0213122
7.39500E+05 3.579849 3.443973 1.082679 0.542392 0.433886 400.0810 0 3.94807E-07 3.44397 6.5494E-01 0.315001 0.0213122
8.29941E+05 3.604548 3.436775 1.055882 0.545374 0.433886 461.1448 0 1.37652E-06 3.43677 6.5494E-01 0.315001 0.0213122
9.23597E+05 3.629005 3.418666 0.548771 0.548771 0.433886 1017.7653 0 5.58100E-05 3.42021 6.5494E-01 0.315001 0.0213122
0.00000E+00 3.394100 3.484768 1.200000 0.530200 0.422703 167.2931 0 2.88662E-10 3.48477 6.5705E-01 0.313829 0.0213308
7.18203E+04 3.413517 3.481803 1.199988 0.531375 0.422703 179.3997 0 4.90234E-10 3.4818 6.5705E-01 0.313829 0.0213308
1.45503E+05 3.434373 3.478549 1.199968 0.532707 0.422703 193.5007 0 8.70045E-10 3.47855 6.5705E-01 0.313829 0.0213308
2.21144E+05 3.456353 3.475082 1.199929 0.534211 0.422703 209.6395 0 1.59681E-09 3.47508 6.5705E-01 0.313829 0.0213308
2.98803E+05 3.479334 3.471365 1.199855 0.535906 0.422703 228.1401 0 3.03240E-09 3.47137 6.5705E-01 0.313829 0.0213308
3.78492E+05 3.503168 3.467474 1.199709 0.537807 0.422703 249.1525 0 5.91532E-09 3.46747 6.5705E-01 0.313829 0.0213308
4.60164E+05 3.527685 3.463404 1.199411 0.539932 0.422703 272.9826 0 1.18286E-08 3.4634 6.5705E-01 0.313829 0.0213308
5.43696E+05 3.552702 3.459139 1.198792 0.542297 0.422703 300.0184 0 2.42300E-08 3.45914 6.5705E-01 0.313829 0.0213308
6.28885E+05 3.578021 3.454681 1.197482 0.544915 0.422703 330.7070 0 5.08166E-08 3.45468 6.5705E-01 0.313829 0.0213308
7.15444E+05 3.603442 3.449957 1.194643 0.547799 0.422703 365.8910 0 1.09972E-07 3.44996 6.5705E-01 0.313829 0.0213308
8.03001E+05 3.628759 3.444808 1.188278 0.550955 0.422703 407.3597 0 2.51239E-07 3.44481 6.5705E-01 0.313829 0.0213308
8.91121E+05 3.653772 3.438771 1.172945 0.554386 0.422703 459.9811 0 6.55472E-07 3.43877 6.5705E-01 0.313829 0.0213308
9.79321E+05 3.678294 3.429329 1.122637 0.558089 0.422703 549.9176 0 3.43038E-06 3.42933 6.5705E-01 0.313829 0.0213308
1.05275E+06 3.693538 3.418305 0.561030 0.561030 0.422703 1163.1047 0 5.70567E-05 3.41917 6.5705E-01 0.313829 0.0213308
0.00000E+00 3.402700 3.490166 1.300000 0.531400 0.414724 151.2127 0 1.11477E-10 3.49017 6.5902E-01 0.311775 0.021348
7.10168E+04 3.422055 3.487290 1.299996 0.532559 0.414724 162.0019 0 1.87979E-10 3.48729 6.5902E-01 0.311775 0.021348
1.43859E+05 3.442916 3.484169 1.299989 0.533872 0.414724 174.5301 0 3.30615E-10 3.48417 6.5902E-01 0.311775 0.021348
2.18622E+05 3.464864 3.480762 1.299976 0.535355 0.414724 188.9614 0 6.03844E-10 3.48076 6.5902E-01 0.311775 0.021348
2.95367E+05 3.487775 3.477224 1.299951 0.537025 0.414724 205.2727 0 1.13114E-09 3.47723 6.5902E-01 0.311775 0.021348
3.74109E+05 3.511495 3.473467 1.299902 0.538899 0.414724 223.8428 0 2.18076E-09 3.47347 6.5902E-01 0.311775 0.021348
4.54805E+05 3.535854 3.469546 1.299802 0.540993 0.414724 244.8002 0 4.29874E-09 3.46955 6.5902E-01 0.311775 0.021348
5.37341E+05 3.560663 3.465502 1.299597 0.543322 0.414724 268.3075 0 8.61614E-09 3.4655 6.5902E-01 0.311775 0.021348
6.21524E+05 3.585727 3.461322 1.299171 0.545901 0.414724 294.6411 0 1.75332E-08 3.46132 6.5902E-01 0.311775 0.021348
7.07076E+05 3.610844 3.457028 1.298278 0.548739 0.414724 324.0265 0 3.61042E-08 3.45703 6.5902E-01 0.311775 0.021348
7.93641E+05 3.635809 3.452570 1.296391 0.551845 0.414724 356.9945 0 7.55152E-08 3.45257 6.5902E-01 0.311775 0.021348
8.80795E+05 3.660427 3.447872 1.292361 0.555220 0.414724 394.4444 0 1.62015E-07 3.44787 6.5902E-01 0.311775 0.021348
9.68063E+05 3.684515 3.442790 1.283503 0.558859 0.414724 438.2861 0 3.65970E-07 3.44279 6.5902E-01 0.311775 0.021348
1.05495E+06 3.707911 3.436644 1.262512 0.562752 0.414724 495.1585 0 9.58702E-07 3.43664 6.5902E-01 0.311775 0.021348
1.14098E+06 3.729784 3.426410 1.196777 0.566883 0.414724 597.8209 0 4.52629E-06 3.42641 6.5902E-01 0.311775 0.021348
1.20812E+06 3.739628 3.396074 0.821004 0.569814 0.414724 1083.2470 0 8.49839E-05 3.4003 6.5902E-01 0.311775 0.021348
1.21167E+06 3.742475 3.518209 0.570099 0.570099 0.414724 75.4023 0 5.79791E-05 3.73604 6.5902E-01 0.311775 0.021348
0.00000E+00 3.421600 3.493669 1.400000 0.530300 0.406928 67.7551 1 2.15552E-11 3.5085 6.5902E-01 0.310698 0.0213605
7.15901E+04 3.439122 3.491108 1.399999 0.531445 0.406928 152.1570 0 9.84406E-11 3.49111 6.5902E-01 0.310698 0.0213605
1.44991E+05 3.458124 3.488323 1.399996 0.532740 0.406928 162.7574 0 1.63991E-10 3.48832 6.5902E-01 0.310698 0.0213605
2.20297E+05 3.478205 3.485354 1.399990 0.534202 0.406928 174.7968 0 2.81720E-10 3.48535 6.5902E-01 0.310698 0.0213605
2.97571E+05 3.499268 3.482139 1.399979 0.535848 0.406928 188.5571 0 5.00360E-10 3.48214 6.5902E-01 0.310698 0.0213605
3.76830E+05 3.521185 3.478780 1.399958 0.537693 0.406928 204.0495 0 9.10539E-10 3.47878 6.5902E-01 0.310698 0.0213605
4.58037E+05 3.543810 3.475242 1.399918 0.539754 0.406928 221.5290 0 1.69758E-09 3.47524 6.5902E-01 0.310698 0.0213605
5.41084E+05 3.566978 3.471609 1.399840 0.542047 0.406928 241.0026 0 3.21556E-09 3.47161 6.5902E-01 0.310698 0.0213605
6.25786E+05 3.590512 3.467833 1.399686 0.544585 0.406928 262.7453 0 6.19114E-09 3.46783 6.5902E-01 0.310698 0.0213605
7.11878E+05 3.614225 3.463970 1.399380 0.547380 0.406928 286.8260 0 1.20402E-08 3.46397 6.5902E-01 0.310698 0.0213605
7.99015E+05 3.637927 3.460023 1.398770 0.550439 0.406928 313.3960 0 2.35896E-08 3.46002 6.5902E-01 0.310698 0.0213605
8.86781E+05 3.661429 3.455991 1.397556 0.553766 0.406928 342.6707 0 4.65132E-08 3.45599 6.5902E-01 0.310698 0.0213605
9.74709E+05 3.684550 3.451865 1.395137 0.557356 0.406928 374.9570 0 9.24271E-08 3.45187 6.5902E-01 0.310698 0.0213605
1.06231E+06 3.707124 3.447494 1.390278 0.561201 0.406928 411.3422 0 1.88011E-07 3.44749 6.5902E-01 0.310698 0.0213605
1.14908E+06 3.729014 3.442847 1.380328 0.565285 0.406928 453.1777 0 3.98397E-07 3.44285 6.5902E-01 0.310698 0.0213605
1.23457E+06 3.750110 3.437247 1.358574 0.569585 0.406928 506.6143 0 9.62095E-07 3.43725 6.5902E-01 0.310698 0.0213605
1.31838E+06 3.769890 3.428348 1.298736 0.574079 0.406928 597.0218 0 3.70796E-06 3.42835 6.5902E-01 0.310698 0.0213605
1.38826E+06 3.782321 3.391218 0.851282 0.577684 0.406928 1227.7703 0 8.80753E-05 3.39331 6.5902E-01 0.310698 0.0213605
1.39255E+06 3.784752 3.692504 0.578064 0.578064 0.406928 319.1131 0 3.35817E-09 3.58372 6.5902E-01 0.310698 0.0213605
0.00000E+00 3.385800 3.504705 1.500000 0.527200 0.380489 56.1476 1 2.04614E-12 3.52176 6.5902E-01 0.311604 0.0214278
7.33880E+04 3.404008 3.502201 1.500000 0.528295 0.380489 59.1912 1 3.40192E-12 3.51867 6.5902E-01 0.311604 0.0214278
1.48534E+05 3.423678 3.499458 1.500000 0.529531 0.380489 62.6982 1 5.92115E-12 3.51526 6.5902E-01 0.311604 0.0214278
2.25530E+05 3.444410 3.496532 1.500000 0.530922 0.380489 66.6582 1 1.06754E-11 3.51157 6.5902E-01 0.311604 0.0214278
3.04441E+05 3.466113 3.493455 1.499999 0.532484 0.380489 71.1029 1 1.98692E-11 3.50765 6.5902E-01 0.311604 0.0214278
3.85294E+05 3.488670 3.490165 1.499998 0.534232 0.380489 161.0817 0 1.29243E-10 3.49017 6.5902E-01 0.311604 0.0214278
4.68067E+05 3.511942 3.486759 1.499993 0.536183 0.380489 174.9208 0 2.41397E-10 3.48676 6.5902E-01 0.311604 0.0214278
5.52675E+05 3.535776 3.483150 1.499983 0.538352 0.380489 190.5309 0 4.61482E-10 3.48315 6.5902E-01 0.311604 0.0214278
6.38964E+05 3.560006 3.479509 1.499962 0.540753 0.380489 207.7801 0 8.90157E-10 3.47951 6.5902E-01 0.311604 0.0214278
7.26705E+05 3.584457 3.475740 1.499917 0.543398 0.380489 226.9608 0 1.73864E-09 3.47574 6.5902E-01 0.311604 0.0214278
8.15589E+05 3.608947 3.471897 1.499828 0.546299 0.380489 248.1079 0 3.41633E-09 3.4719 6.5902E-01 0.311604 0.0214278
9.05239E+05 3.633292 3.468021 1.499651 0.549459 0.380489 271.2317 0 6.71453E-09 3.46802 6.5902E-01 0.311604 0.0214278
9.95219E+05 3.657313 3.464150 1.499298 0.552881 0.380489 296.3120 0 1.31349E-08 3.46415 6.5902E-01 0.311604 0.0214278
1.08506E+06 3.680842 3.460300 1.498604 0.556558 0.380489 323.3649 0 2.54989E-08 3.4603 6.5902E-01 0.311604 0.0214278
1.17426E+06 3.703730 3.456443 1.497263 0.560479 0.380489 352.5471 0 4.91834E-08 3.45644 6.5902E-01 0.311604 0.0214278
1.26236E+06 3.725856 3.452550 1.494696 0.564626 0.380489 384.1077 0 9.45835E-08 3.45255 6.5902E-01 0.311604 0.0214278
1.34893E+06 3.747127 3.448547 1.489812 0.568978 0.380489 418.6919 0 1.83204E-07 3.44855 6.5902E-01 0.311604 0.0214278
1.43359E+06 3.767485 3.444301 1.480474 0.573510 0.380489 457.6948 0 3.65136E-07 3.4443 6.5902E-01 0.311604 0.0214278
1.51603E+06 3.786902 3.439358 1.461766 0.578194 0.380489 505.3111 0 7.96340E-07 3.43936 6.5902E-01 0.311604 0.0214278
1.59604E+06 3.805314 3.432634 1.418856 0.583003 0.380489 574.3152 0 2.25151E-06 3.43263 6.5902E-01 0.311604 0.0214278
1.69439E+06 3.690670 3.421973 0.588157 0.588157 0.380489 998.3731 0 5.98156E-05 3.43079 6.5902E-01 0.311604 0.0214278
0.00000E+00 3.423600 3.504819 1.600000 0.526900 0.370285 54.7092 1 1.74694E-12 3.5303 6.5902E-01 0.310528 0.0214429
7.34756E+04 3.439310 3.502716 1.600000 0.527992 0.370285 57.1460 1 2.70100E-12 3.52792 6.5902E-01 0.310528 0.0214429
1.48704E+05 3.456437 3.500323 1.600000 0.529223 0.370285 59.9746 1 4.38278E-12 3.5252 6.5902E-01 0.310528 0.0214429
2.25777E+05 3.474605 3.497772 1.600000 0.530609 0.370285 63.1421 1 7.34690E-12 3.5223 6.5902E-01 0.310528 0.0214429
3.04759E+05 3.493748 3.495067 1.599999 0.532165 0.370285 66.6779 1 1.27120E-11 3.51919 6.5902E-01 0.310528 0.0214429
3.85678E+05 3.513778 3.492222 1.599999 0.533906 0.370285 70.6100 1 2.26530E-11 3.51591 6.5902E-01 0.310528 0.0214429
5.53182E+05 3.556033 3.485971 1.598513 0.538008 0.370285 182.7089 0 3.00354E-10 3.49961 6.5902E-01 0.310528 0.0214429
6.39533E+05 3.577988 3.482683 1.598500 0.540398 0.370285 197.8715 0 5.44240E-10 3.49631 6.5902E-01 0.310528 0.0214429
7.27337E+05 3.600289 3.479348 1.598475 0.543031 0.370285 214.5543 0 9.95226E-10 3.49295 6.5902E-01 0.310528 0.0214429
8.16291E+05 3.622772 3.475868 1.598427 0.545919 0.370285 233.0508 0 1.84381E-09 3.48945 6.5902E-01 0.310528 0.0214429
9.06021E+05 3.645266 3.472434 1.598335 0.549066 0.370285 253.0482 0 3.40676E-09 3.48599 6.5902E-01 0.310528 0.0214429
9.96094E+05 3.667598 3.468931 1.598162 0.552473 0.370285 274.8432 0 6.30980E-09 3.48244 6.5902E-01 0.310528 0.0214429
1.08604E+06 3.689606 3.465403 1.597842 0.556136 0.370285 298.3811 0 1.16517E-08 3.47886 6.5902E-01 0.310528 0.0214429
1.17537E+06 3.711138 3.461968 1.597250 0.560042 0.370285 323.3600 0 2.12435E-08 3.47533 6.5902E-01 0.310528 0.0214429
1.26361E+06 3.732068 3.458525 1.596176 0.564176 0.370285 350.0568 0 3.84635E-08 3.47173 6.5902E-01 0.310528 0.0214429
1.35033E+06 3.752295 3.455082 1.594262 0.568515 0.370285 378.4965 0 6.91508E-08 3.46802 6.5902E-01 0.310528 0.0214429
1.43515E+06 3.771749 3.451610 1.590888 0.573035 0.370285 408.9001 0 1.23988E-07 3.46408 6.5902E-01 0.310528 0.0214429
1.51777E+06 3.790389 3.448028 1.584971 0.577707 0.370285 441.8618 0 2.24165E-07 3.4597 6.5902E-01 0.310528 0.0214429
1.59794E+06 3.808198 3.444265 1.574457 0.582506 0.370285 478.3141 0 4.15559E-07 3.45451 6.5902E-01 0.310528 0.0214429
1.67552E+06 3.825186 3.439887 1.554954 0.587405 0.370285 521.7086 0 8.35167E-07 3.44749 6.5902E-01 0.310528 0.0214429
1.75040E+06 3.841374 3.433899 1.514303 0.592378 0.370285 581.6148 0 2.09921E-06 3.4359 6.5902E-01 0.310528 0.0214429
1.82257E+06 3.856282 3.417458 1.349349 0.597407 0.370285 771.0925 0 2.36022E-05 3.41746 6.5902E-01 0.310528 0.0214429
1.86648E+06 3.847649 3.387843 0.896663 0.599716 0.370285 1358.3302 0 9.27191E-05 3.3931 6.5902E-01 0.310528 0.0214429
1.87966E+06 3.864604 4.000000 0.601136 0.601136 0.370285 62.4488 1 1.50341E-14 3.69225 6.5902E-01 0.310528 0.0214429
0.00000E+00 3.401300 3.512869 1.700000 0.521900 0.363116 48.0564 1 3.04803E-13 3.5391 6.5902E-01 0.311461 0.0215147
7.65240E+04 3.415874 3.510971 1.700000 0.522911 0.363116 50.0083 1 4.53307E-13 3.53698 6.5902E-01 0.311461 0.0215147
1.54709E+05 3.431797 3.508882 1.700000 0.524044 0.363116 52.2412 1 7.01008E-13 3.53464 6.5902E-01 0.311461 0.0215147
2.34642E+05 3.448704 3.506607 1.700000 0.525314 0.363116 54.7484 1 1.11993E-12 3.53208 6.5902E-01 0.311461 0.0215147
3.16392E+05 3.466559 3.504232 1.700000 0.526734 0.363116 57.5221 1 1.83674E-12 3.52939 6.5902E-01 0.311461 0.0215147
3.99998E+05 3.485303 3.501652 1.700000 0.528319 0.363116 60.6300 1 3.11396E-12 3.52646 6.5902E-01 0.311461 0.0215147
4.85459E+05 3.504860 3.498954 1.700000 0.530082 0.363116 64.0639 1 5.41845E-12 3.52337 6.5902E-01 0.311461 0.0215147
5.72727E+05 3.525138 3.496135 1.699999 0.532040 0.363116 67.8508 1 9.66716E-12 3.52013 6.5902E-01 0.311461 0.0215147
6.61696E+05 3.546027 3.493197 1.699999 0.534206 0.363116 72.0180 1 1.76580E-11 3.51672 6.5902E-01 0.311461 0.0215147
7.52195E+05 3.567407 3.490130 1.699998 0.536594 0.363116 76.5978 1 3.29940E-11 3.51314 6.5902E-01 0.311461 0.0215147
8.43984E+05 3.589142 3.486908 1.699997 0.539217 0.363116 81.6323 1 6.30686E-11 3.50936 6.5902E-01 0.311461 0.0215147
9.36753E+05 3.611089 3.483729 1.699986 0.542083 0.363116 199.8244 0 5.05975E-10 3.51048 6.5902E-01 0.311461 0.0215147
1.03013E+06 3.633095 3.480449 1.699961 0.545200 0.363116 216.6889 0 9.17207E-10 3.50718 6.5902E-01 0.311461 0.0215147
1.12369E+06 3.655006 3.477104 1.699917 0.548567 0.363116 235.0782 0 1.66756E-09 3.5038 6.5902E-01 0.311461 0.0215147
1.21698E+06 3.676669 3.473860 1.699832 0.552182 0.363116 254.6432 0 2.99894E-09 3.50052 6.5902E-01 0.311461 0.0215147
1.30953E+06 3.697944 3.470557 1.699677 0.556035 0.363116 275.7519 0 5.38151E-09 3.49717 6.5902E-01 0.311461 0.0215147
1.40088E+06 3.718708 3.467344 1.699404 0.560111 0.363116 298.0247 0 9.52173E-09 3.4939 6.5902E-01 0.311461 0.0215147
1.49062E+06 3.738859 3.464157 1.698924 0.564391 0.363116 321.5904 0 1.66631E-08 3.49063 6.5902E-01 0.311461 0.0215147
1.57838E+06 3.758321 3.461047 1.698101 0.568852 0.363116 346.2736 0 2.87235E-08 3.48739 6.5902E-01 0.311461 0.0215147
1.66385E+06 3.777045 3.457970 1.696720 0.573470 0.363116 372.1876 0 4.89385E-08 3.48412 6.5902E-01 0.311461 0.0215147
1.74682E+06 3.795003 3.454946 1.694438 0.578218 0.363116 399.2869 0 8.24089E-08 3.48079 6.5902E-01 0.311461 0.0215147
1.82710E+06 3.812189 3.451905 1.690705 0.583071 0.363116 427.9072 0 1.38208E-07 3.47726 6.5902E-01 0.311461 0.0215147
1.90461E+06 3.828616 3.448753 1.684626 0.588005 0.363116 458.6634 0 2.33529E-07 3.47332 6.5902E-01 0.311461 0.0215147
1.97929E+06 3.844306 3.445479 1.674629 0.592998 0.363116 492.0677 0 4.01425E-07 3.46877 6.5902E-01 0.311461 0.0215147
2.05115E+06 3.859286 3.441770 1.657685 0.598029 0.363116 530.5479 0 7.29827E-07 3.46288 6.5902E-01 0.311461 0.0215147
2.12021E+06 3.873589 3.437136 1.626695 0.603077 0.363116 579.0973 0 1.51203E-06 3.45424 6.5902E-01 0.311461 0.0215147
2.18656E+06 3.887097 3.429440 1.555171 0.608130 0.363116 659.1965 0 4.82727E-06 3.43704 6.5902E-01 0.311461 0.0215147
2.24251E+06 3.896555 3.384492 0.949869 0.612264 0.363116 1528.3858 0 9.81042E-05 3.38631 6.5902E-01 0.311461 0.0215147
2.24683E+06 3.898508 3.543424 0.612772 0.612772 0.363116 117.0121 0 6.23189E-05 3.71859 6.5902E-01 0.311461 0.0215147
0.00000E+00 3.400800 3.517745 1.800000 0.520400 0.361145 45.0078 1 1.04152E-13 3.54433 6.5796E-01 0.312412 0.0214899
7.73821E+04 3.414705 3.515967 1.800000 0.521387 0.361145 46.7358 1 1.51541E-13 3.54235 6.5796E-01 0.312412 0.0214899
1.56395E+05 3.429928 3.514021 1.800000 0.522492 0.361145 48.7048 1 2.28667E-13 3.54018 6.5796E-01 0.312412 0.0214899
2.37125E+05 3.446110 3.511928 1.800000 0.523728 0.361145 50.9028 1 3.55208E-13 3.53784 6.5796E-01 0.312412 0.0214899
3.19642E+05 3.463224 3.509688 1.800000 0.525108 0.361145 53.3496 1 5.67926E-13 3.53532 6.5796E-01 0.312412 0.0214899
4.03986E+05 3.481224 3.507359 1.800000 0.526647 0.361145 56.0453 1 9.30358E-13 3.53268 6.5796E-01 0.312412 0.0214899
4.90163E+05 3.500045 3.504804 1.800000 0.528359 0.361145 59.0672 1 1.57582E-12 3.52979 6.5796E-01 0.312412 0.0214899
5.78134E+05 3.519608 3.502201 1.800000 0.530258 0.361145 62.3658 1 2.72169E-12 3.52681 6.5796E-01 0.312412 0.0214899
6.67805E+05 3.539817 3.499436 1.800000 0.532358 0.361145 66.0138 1 4.82772E-12 3.52363 6.5796E-01 0.312412 0.0214899
7.59021E+05 3.560563 3.496523 1.799999 0.534674 0.361145 70.0298 1 8.77286E-12 3.52027 6.5796E-01 0.312412 0.0214899
8.51560E+05 3.581725 3.493539 1.799999 0.537218 0.361145 74.4006 1 1.62138E-11 3.5168 6.5796E-01 0.312412 0.0214899
9.45134E+05 3.603169 3.490515 1.799998 0.540001 0.361145 79.1240 1 3.03465E-11 3.51325 6.5796E-01 0.312412 0.0214899
1.03939E+06 3.624752 3.487418 1.799997 0.543030 0.361145 84.2359 1 5.75398E-11 3.50958 6.5796E-01 0.312412 0.0214899
1.13392E+06 3.646325 3.484231 1.799989 0.546307 0.361145 205.2078 0 5.26760E-10 3.52316 6.5796E-01 0.312412 0.0214899
1.22828E+06 3.667741 3.481057 1.799968 0.549832 0.361145 222.2655 0 9.38602E-10 3.51995 6.5796E-01 0.312412 0.0214899
1.32201E+06 3.688857 3.477960 1.799923 0.553596 0.361145 240.3992 0 1.65546E-09 3.51682 6.5796E-01 0.312412 0.0214899
1.41465E+06 3.709546 3.474843 1.799839 0.557588 0.361145 259.8066 0 2.90356E-09 3.51366 6.5796E-01 0.312412 0.0214899
1.50578E+06 3.729699 3.471758 1.799693 0.561789 0.361145 280.3448 0 5.03668E-09 3.51053 6.5796E-01 0.312412 0.0214899
1.59502E+06 3.749230 3.468766 1.799446 0.566180 0.361145 301.8260 0 8.59606E-09 3.50748 6.5796E-01 0.312412 0.0214899
1.68204E+06 3.768076 3.465860 1.799036 0.570735 0.361145 324.1922 0 1.44295E-08 3.5045 6.5796E-01 0.312412 0.0214899
1.76659E+06 3.786199 3.463026 1.798358 0.575430 0.361145 347.4254 0 2.38439E-08 3.50155 6.5796E-01 0.312412 0.0214899
1.84848E+06 3.803584 3.460239 1.797272 0.580241 0.361145 371.5761 0 3.88657E-08 3.49861 6.5796E-01 0.312412 0.0214899
1.92761E+06 3.820231 3.457505 1.795563 0.585142 0.361145 396.6097 0 6.25410E-08 3.49565 6.5796E-01 0.312412 0.0214899
2.00389E+06 3.836154 3.454846 1.792914 0.590111 0.361145 422.4539 0 9.93809E-08 3.49266 6.5796E-01 0.312412 0.0214899
2.07732E+06 3.851379 3.452147 1.788840 0.595127 0.361145 449.6430 0 1.57637E-07 3.48945 6.5796E-01 0.312412 0.0214899
2.14791E+06 3.865929 3.449389 1.782587 0.600169 0.361145 478.4466 0 2.50987E-07 3.48593 6.5796E-01 0.312412 0.0214899
2.21571E+06 3.879839 3.446513 1.772920 0.605219 0.361145 509.4874 0 4.05623E-07 3.48187 6.5796E-01 0.312412 0.0214899
2.28081E+06 3.893144 3.443309 1.757641 0.610263 0.361145 544.4559 0 6.83164E-07 3.47681 6.5796E-01 0.312412 0.0214899
2.34329E+06 3.905880 3.439506 1.732089 0.615287 0.361145 586.3480 0 1.25360E-06 3.46988 6.5796E-01 0.312412 0.0214899
2.40326E+06 3.918063 3.434110 1.683324 0.620283 0.361145 645.1627 0 2.88249E-06 3.45841 6.5796E-01 0.312412 0.0214899
2.46084E+06 3.929583 3.418532 1.503054 0.625249 0.361145 816.8568 0 2.83280E-05 3.41896 6.5796E-01 0.312412 0.0214899
2.49564E+06 3.922377 3.385582 0.980237 0.627549 0.361145 1558.5978 0 1.01193E-04 3.38741 6.5796E-01 0.312412 0.0214899
2.51623E+06 3.940708 4.000000 0.630203 0.630203 0.361145 76.7701 1 1.62114E-14 3.67797 6.5796E-01 0.312412 0.0214899
0.00000E+00 3.398400 3.522548 1.900000 0.518400 0.360144 42.1055 1 3.61118E-14 3.54947 6.5705E-01 0.313309 0.0214781
7.85738E+04 3.411512 3.520896 1.900000 0.519354 0.360144 43.6163 1 5.12798E-14 3.54764 6.5705E-01 0.313309 0.0214781
1.58736E+05 3.425899 3.519123 1.900000 0.520419 0.360144 45.3260 1 7.51848E-14 3.54567 6.5705E-01 0.313309 0.0214781
2.40573E+05 3.441210 3.517195 1.900000 0.521608 0.360144 47.2355 1 1.13430E-13 3.54352 6.5705E-01 0.313309 0.0214781
3.24152E+05 3.457429 3.515135 1.900000 0.522934 0.360144 49.3562 1 1.75824E-13 3.54122 6.5705E-01 0.313309 0.0214781
4.09518E+05 3.474521 3.512950 1.900000 0.524410 0.360144 51.7032 1 2.79740E-13 3.53877 6.5705E-01 0.313309 0.0214781
4.96684E+05 3.492438 3.510643 1.900000 0.526050 0.360144 54.2953 1 4.56556E-13 3.53617 6.5705E-01 0.313309 0.0214781
5.85622E+05 3.511115 3.508174 1.900000 0.527868 0.360144 57.1676 1 7.66003E-13 3.53337 6.5705E-01 0.313309 0.0214781
6.76255E+05 3.530474 3.505638 1.900000 0.529878 0.360144 60.3036 1 1.31079E-12 3.53048 6.5705E-01 0.313309 0.0214781
7.68450E+05 3.550422 3.502936 1.900000 0.532094 0.360144 63.7653 1 2.30133E-12 3.52739 6.5705E-01 0.313309 0.0214781
8.62009E+05 3.570853 3.500158 1.900000 0.534529 0.360144 67.5329 1 4.11298E-12 3.52419 6.5705E-01 0.313309 0.0214781
9.56671E+05 3.591648 3.497313 1.900000 0.537194 0.360144 71.6182 1 7.46390E-12 3.52088 6.5705E-01 0.313309 0.0214781
1.05211E+06 3.612679 3.494398 1.899999 0.540099 0.360144 76.0365 1 1.37329E-11 3.51747 6.5705E-01 0.313309 0.0214781
1.14795E+06 3.633806 3.491425 1.899998 0.543248 0.360144 80.7937 1 2.55390E-11 3.51397 6.5705E-01 0.313309 0.0214781
1.24377E+06 3.654889 3.488385 1.899997 0.546642 0.360144 85.9048 1 4.79403E-11 3.51036 6.5705E-01 0.313309 0.0214781
1.33911E+06 3.675787 3.485355 1.899995 0.550277 0.360144 91.3221 1 9.00877E-11 3.50673 6.5705E-01 0.313309 0.0214781
1.43352E+06 3.696369 3.482358 1.899982 0.554143 0.360144 224.5556 0 8.51336E-10 3.53276 6.5705E-01 0.313309 0.0214781
1.52657E+06 3.716519 3.479389 1.899942 0.558227 0.360144 242.2847 0 1.46443E-09 3.52975 6.5705E-01 0.313309 0.0214781
1.61785E+06 3.736137 3.476497 1.899875 0.562508 0.360144 260.8872 0 2.48383E-09 3.52682 6.5705E-01 0.313309 0.0214781
1.70703E+06 3.755149 3.473670 1.899754 0.566967 0.360144 280.3598 0 4.15239E-09 3.52395 6.5705E-01 0.313309 0.0214781
1.79383E+06 3.773502 3.470903 1.899559 0.571579 0.360144 300.6529 0 6.84004E-09 3.52113 6.5705E-01 0.313309 0.0214781
1.87802E+06 3.791164 3.468214 1.899246 0.576319 0.360144 321.6471 0 1.10828E-08 3.51838 6.5705E-01 0.313309 0.0214781
1.95946E+06 3.808121 3.465611 1.898758 0.581164 0.360144 343.2836 0 1.76575E-08 3.5157 6.5705E-01 0.313309 0.0214781
2.03805E+06 3.824378 3.463082 1.897995 0.586089 0.360144 365.5404 0 2.76966E-08 3.51306 6.5705E-01 0.313309 0.0214781
2.11377E+06 3.839949 3.460626 1.896842 0.591074 0.360144 388.3999 0 4.28139E-08 3.51045 6.5705E-01 0.313309 0.0214781
2.18659E+06 3.854858 3.458225 1.895126 0.596099 0.360144 411.8903 0 6.53746E-08 3.50783 6.5705E-01 0.313309 0.0214781
2.25658E+06 3.869128 3.455867 1.892603 0.601145 0.360144 436.0727 0 9.88520E-08 3.50516 6.5705E-01 0.313309 0.0214781
2.32378E+06 3.882788 3.453523 1.888931 0.606193 0.360144 461.1227 0 1.48618E-07 3.50238 6.5705E-01 0.313309 0.0214781
2.38827E+06 3.895869 3.451108 1.883582 0.611230 0.360144 487.5110 0 2.24153E-07 3.49934 6.5705E-01 0.313309 0.0214781
2.45017E+06 3.908406 3.448681 1.875796 0.616244 0.360144 515.1905 0 3.39276E-07 3.49601 6.5705E-01 0.313309 0.0214781
2.50955E+06 3.920437 3.446044 1.864290 0.621226 0.360144 545.4728 0 5.25975E-07 3.49204 6.5705E-01 0.313309 0.0214781
2.56655E+06 3.931996 3.443039 1.846819 0.626169 0.360144 579.9460 0 8.54518E-07 3.48701 6.5705E-01 0.313309 0.0214781
2.62126E+06 3.943117 3.439440 1.818633 0.631070 0.360144 621.4319 0 1.51488E-06 3.48012 6.5705E-01 0.313309 0.0214781
2.67380E+06 3.953811 3.434283 1.766698 0.635923 0.362223 680.0099 0 3.35491E-06 3.46879 6.5705E-01 0.313309 0.0214781
2.72430E+06 3.963762 3.420168 1.591466 0.640590 0.362223 840.8521 0 2.68268E-05 3.43258 6.5697E-01 0.313359 0.0215
2.75572E+06 3.959350 3.385264 1.018988 0.642960 0.362223 1641.3615 0 1.05135E-04 3.38695 6.5697E-01 0.313359 0.0215
2.76134E+06 3.967260 3.945605 0.643745 0.643745 0.362223 120.2753 1 4.86973E-15 3.62226 6.5697E-01 0.313359 0.0215
0.00000E+00 3.342000 3.541598 2.000000 0.511400 0.35043 32.3888 1 1.84084E-15 3.56963 6.5403E-01 0.315288 0.0214997
8.32027E+04 3.354526 3.540300 2.000000 0.512259 0.35043 33.4231 1 2.51159E-15 3.56821 6.5403E-01 0.315288 0.0214997
1.67883E+05 3.368266 3.538892 2.000000 0.513212 0.35043 34.5925 1 3.52926E-15 3.56667 6.5403E-01 0.315288 0.0214997
2.54118E+05 3.382869 3.537398 2.000000 0.514269 0.35043 35.8803 1 5.06860E-15 3.56503 6.5403E-01 0.315288 0.0214997
3.41975E+05 3.398335 3.535790 2.000000 0.515441 0.35043 37.3056 1 7.45653E-15 3.56326 6.5403E-01 0.315288 0.0214997
4.31507E+05 3.414653 3.534057 2.000000 0.516738 0.35043 38.8828 1 1.12436E-14 3.56134 6.5403E-01 0.315288 0.0214997
5.22742E+05 3.431800 3.532256 2.000000 0.518173 0.35043 40.6086 1 1.73044E-14 3.55934 6.5403E-01 0.315288 0.0214997
6.15679E+05 3.449742 3.530358 2.000000 0.519759 0.35043 42.5029 1 2.72314E-14 3.55723 6.5403E-01 0.315288 0.0214997
7.10284E+05 3.468433 3.528379 2.000000 0.521509 0.35043 44.5742 1 4.37377E-14 3.55501 6.5403E-01 0.315288 0.0214997
8.06476E+05 3.487814 3.526321 2.000000 0.523436 0.35043 46.8350 1 7.16373E-14 3.5527 6.5403E-01 0.315288 0.0214997
9.04128E+05 3.507817 3.524183 2.000000 0.525554 0.35043 49.2976 1 1.19552E-13 3.55028 6.5403E-01 0.315288 0.0214997
1.00306E+06 3.528356 3.521944 2.000000 0.527876 0.35043 51.9838 1 2.03331E-13 3.54773 6.5403E-01 0.315288 0.0214997
1.10302E+06 3.549339 3.519688 2.000000 0.530415 0.35043 54.8730 1 3.49871E-13 3.54515 6.5403E-01 0.315288 0.0214997
1.20371E+06 3.570655 3.517312 2.000000 0.533180 0.35043 58.0157 1 6.12573E-13 3.54241 6.5403E-01 0.315288 0.0214997
1.30479E+06 3.592187 3.514960 2.000000 0.536179 0.35043 61.3593 1 1.07809E-12 3.53969 6.5403E-01 0.315288 0.0214997
1.40586E+06 3.613806 3.512520 2.000000 0.539417 0.35043 34.0090 1 1.33692E-12 3.63052 6.5403E-01 0.315288 0.0214997
1.50649E+06 3.635380 3.510098 2.000000 0.542893 0.35043 68.7648 1 3.42007E-12 3.53399 6.5403E-01 0.315288 0.0214997
1.60624E+06 3.656781 3.507670 2.000000 0.546604 0.35043 72.7870 1 6.10170E-12 3.53111 6.5403E-01 0.315288 0.0214997
1.70469E+06 3.677883 3.505234 1.999999 0.550540 0.35043 77.0209 1 1.08754E-11 3.5282 6.5403E-01 0.315288 0.0214997
1.80142E+06 3.698576 3.502813 1.999999 0.554687 0.35043 81.4461 1 1.92958E-11 3.52529 6.5403E-01 0.315288 0.0214997
1.89606E+06 3.718765 3.500516 1.999998 0.559029 0.35043 85.9845 1 3.37383E-11 3.52248 6.5403E-01 0.315288 0.0214997
1.98832E+06 3.738376 3.498156 1.999997 0.563544 0.35043 90.7363 1 5.88812E-11 3.5196 6.5403E-01 0.315288 0.0214997
2.07794E+06 3.757353 3.495941 1.999995 0.568211 0.35043 95.5547 1 1.00846E-10 3.51685 6.5403E-01 0.315288 0.0214997
2.16473E+06 3.775660 3.493770 1.999992 0.573007 0.35043 100.4903 1 1.70681E-10 3.51414 6.5403E-01 0.315288 0.0214997
2.24857E+06 3.793279 3.491616 1.999986 0.577908 0.35043 248.4761 0 1.46824E-09 3.55291 6.5403E-01 0.315288 0.0214997
2.32938E+06 3.810207 3.489618 1.999952 0.582894 0.35043 263.8083 0 2.23916E-09 3.55088 6.5403E-01 0.315288 0.0214997
2.40715E+06 3.826451 3.487622 1.999895 0.587943 0.35043 279.6247 0 3.37575E-09 3.54885 6.5403E-01 0.315288 0.0214997
2.48189E+06 3.842030 3.485745 1.999818 0.593036 0.35043 295.5784 0 4.99205E-09 3.54695 6.5403E-01 0.315288 0.0214997
2.55365E+06 3.856959 3.483918 1.999705 0.598152 0.35043 311.8088 0 7.27804E-09 3.54509 6.5403E-01 0.315288 0.0214997
2.62249E+06 3.871261 3.482177 1.999557 0.603276 0.35043 328.1658 0 1.04392E-08 3.54331 6.5403E-01 0.315288 0.0214997
2.68851E+06 3.884965 3.480486 1.999355 0.608390 0.35043 344.7284 0 1.47762E-08 3.54158 6.5403E-01 0.315288 0.0214997
2.75181E+06 3.898107 3.478875 1.999096 0.613486 0.35043 361.3639 0 2.06102E-08 3.53992 6.5403E-01 0.315288 0.0214997
2.81249E+06 3.910721 3.477308 1.998768 0.618554 0.35043 378.1701 0 2.84179E-08 3.5383 6.5403E-01 0.315288 0.0214997
2.87067E+06 3.922840 3.475809 1.998355 0.623587 0.350431 395.0391 0 3.86889E-08 3.53674 6.5403E-01 0.315288 0.0214997
2.92646E+06 3.934497 3.474366 1.997832 0.628578 0.350431 411.9956 0 5.20941E-08 3.53522 6.5403E-01 0.315288 0.0214997
2.97998E+06 3.945719 3.472955 1.997185 0.633522 0.369185 429.1134 0 6.95152E-08 3.53373 6.5403E-01 0.315288 0.0214997
3.03133E+06 3.953506 3.471962 1.996441 0.636865 0.387808 441.4324 0 8.51186E-08 3.53264 6.5331E-01 0.315788 0.0217025
3.08293E+06 3.961453 3.470980 1.995548 0.640374 0.40667 454.2515 0 1.04501E-07 3.53156 6.5259E-01 0.316287 0.0218957
3.13302E+06 3.969073 3.470052 1.994516 0.643811 0.425149 466.8604 0 1.27206E-07 3.5305 6.5185E-01 0.316787 0.0220912
3.18168E+06 3.976485 3.469151 1.993328 0.647229 0.443278 479.4635 0 1.54123E-07 3.52947 6.5112E-01 0.317297 0.0222828
3.22897E+06 3.983702 3.468279 1.991965 0.650625 0.461017 492.0755 0 1.85908E-07 3.52844 6.5039E-01 0.317796 0.0224692
3.27492E+06 3.990737 3.467431 1.990398 0.654001 0.478387 504.7107 0 2.23409E-07 3.52741 6.4967E-01 0.318296 0.0226514
3.31957E+06 3.997602 3.466604 1.988609 0.657355 0.495359 517.3837 0 2.67579E-07 3.52639 6.4895E-01 0.318796 0.0228298
3.36298E+06 4.004307 3.465798 1.986574 0.660686 0.511941 530.1010 0 3.19550E-07 3.52535 6.4825E-01 0.319295 0.0230039
3.40518E+06 4.010863 3.465008 1.984262 0.663995 0.528163 542.9104 0 3.80698E-07 3.5243 6.4754E-01 0.319785 0.0231737
3.44621E+06 4.017280 3.464259 1.981642 0.667283 0.543987 555.6542 0 4.51893E-07 3.52327 6.4685E-01 0.320275 0.0233383
3.48611E+06 4.023565 3.463533 1.978676 0.670548 0.559405 568.4700 0 5.35269E-07 3.52221 6.4617E-01 0.320754 0.0234987
3.52491E+06 4.029728 3.462814 1.975314 0.673793 0.574408 581.4220 0 6.33555E-07 3.52112 6.4549E-01 0.321234 0.0236548
3.56266E+06 4.035776 3.462099 1.971510 0.677017 0.589044 594.5605 0 7.49786E-07 3.51998 6.4482E-01 0.321714 0.0238064
3.59938E+06 4.041718 3.461384 1.967205 0.680221 0.603206 607.9199 0 8.87790E-07 3.51879 6.4417E-01 0.322183 0.0239526
3.63511E+06 4.047559 3.460667 1.962328 0.683406 0.616984 621.5267 0 1.05245E-06 3.51754 6.4352E-01 0.322653 0.0240953
3.66988E+06 4.053308 3.459944 1.956796 0.686574 0.630319 635.4579 0 1.25014E-06 3.51621 6.4288E-01 0.323113 0.0242323
3.70371E+06 4.058972 3.459209 1.950509 0.689727 0.643201 649.7767 0 1.48936E-06 3.51477 6.4226E-01 0.323562 0.0243647
3.73663E+06 4.064559 3.458460 1.943344 0.692866 0.65562 664.5199 0 1.78110E-06 3.51324 6.4165E-01 0.324012 0.0244922
3.76867E+06 4.070074 3.457723 1.935148 0.695993 0.667556 679.6099 0 2.13647E-06 3.51159 6.4106E-01 0.324442 0.0246148
3.79986E+06 4.075527 3.456952 1.925722 0.699111 0.678991 695.3885 0 2.58131E-06 3.50977 6.4048E-01 0.324872 0.0247323
3.83020E+06 4.080924 3.456137 1.914806 0.702223 0.689897 712.0231 0 3.14822E-06 3.50773 6.3991E-01 0.325281 0.0248445
3.85973E+06 4.086276 3.455262 1.902052 0.705333 0.700234 729.7462 0 3.88758E-06 3.50542 6.3937E-01 0.325691 0.0249512
3.88846E+06 4.091592 3.454311 1.886971 0.708446 0.709954 748.8699 0 4.87915E-06 3.50277 6.3885E-01 0.326081 0.0250517
3.91641E+06 4.096885 3.453264 1.868859 0.711567 0.718993 769.7847 0 6.25639E-06 3.49966 6.3835E-01 0.326451 0.0251459
3.94359E+06 4.102168 3.452036 1.846626 0.714706 0.727255 793.5413 0 8.29467E-06 3.49588 6.3788E-01 0.3268 0.025233
3.97001E+06 4.107462 3.450564 1.818446 0.717872 0.734579 821.3222 0 1.15357E-05 3.49113 6.3744E-01 0.32713 0.025312
3.99569E+06 4.112795 3.448781 1.780939 0.721082 0.740647 854.9851 0 1.72347E-05 3.48492 6.3705E-01 0.32743 0.0253811
4.02063E+06 4.118209 3.446345 1.726703 0.724364 0.744919 900.1956 0 2.95537E-05 3.47593 6.3672E-01 0.32768 0.0254389
4.04483E+06 4.123784 3.442512 1.632692 0.727766 0.74585 972.8971 0 7.02294E-05 3.46028 6.3649E-01 0.32786 0.0254797
4.06829E+06 4.129717 3.436069 1.142638 0.731415 0.74585 1396.7573 0 1.16206E-04 3.43607 6.3644E-01 0.3279 0.0254877
4.08004E+06 4.119497 4.000000 0.732827 0.732827 0.74585 177.2110 1 3.44784E-15 3.60598 6.3644E-01 0.3279 0.0254877
0.00000E+00 3.397300 3.531102 2.100000 0.515700 0.348193 37.5448 1 5.55480E-15 3.55854 6.5298E-01 0.316275 0.0214522
8.01138E+04 3.409338 3.529684 2.100000 0.516613 0.348193 38.7476 1 7.59706E-15 3.55699 6.5298E-01 0.316275 0.0214522
1.61763E+05 3.422598 3.528089 2.100000 0.517630 0.348193 40.1288 1 1.07593E-14 3.55523 6.5298E-01 0.316275 0.0214522
2.45031E+05 3.436733 3.526372 2.100000 0.518763 0.348193 41.6616 1 1.56224E-14 3.55334 6.5298E-01 0.316275 0.0214522
4.16677E+05 3.467600 3.522570 2.098755 0.521423 0.348193 45.2537 1 3.57812E-14 3.54913 6.5298E-01 0.316275 0.0214522
5.05125E+05 3.484281 3.520496 2.098755 0.522977 0.348193 47.3260 1 5.59638E-14 3.54681 6.5298E-01 0.316275 0.0214522
5.95315E+05 3.501740 3.518331 2.098755 0.524698 0.348193 49.5974 1 8.94794E-14 3.54439 6.5298E-01 0.316275 0.0214522
6.87188E+05 3.519916 3.516050 2.098755 0.526599 0.348193 52.0940 1 1.46422E-13 3.54183 6.5298E-01 0.316275 0.0214522
7.80635E+05 3.538739 3.513674 2.098755 0.528696 0.348193 54.8241 1 2.44629E-13 3.53914 6.5298E-01 0.316275 0.0214522
8.75489E+05 3.558122 3.511185 2.098755 0.531000 0.348193 57.8079 1 4.17303E-13 3.53631 6.5298E-01 0.316275 0.0214522
9.71523E+05 3.577969 3.508643 2.098755 0.533525 0.348193 61.0373 1 7.22697E-13 3.5334 6.5298E-01 0.316275 0.0214522
1.06845E+06 3.598167 3.505977 2.098754 0.536281 0.348193 64.5560 1 1.27538E-12 3.53034 6.5298E-01 0.316275 0.0214522
1.16591E+06 3.618593 3.503281 2.098754 0.539275 0.348193 68.3303 1 2.27328E-12 3.52722 6.5298E-01 0.316275 0.0214522
1.26352E+06 3.639119 3.500522 2.098754 0.542512 0.348193 72.3857 1 4.09470E-12 3.52401 6.5298E-01 0.316275 0.0214522
1.36085E+06 3.659609 3.497744 2.098754 0.545990 0.348193 76.7006 1 7.41265E-12 3.52075 6.5298E-01 0.316275 0.0214522
1.45745E+06 3.679933 3.494935 2.098754 0.549705 0.348193 81.2834 1 1.34718E-11 3.51743 6.5298E-01 0.316275 0.0214522
1.55288E+06 3.699966 3.492139 2.098753 0.553644 0.348193 86.1039 1 2.44465E-11 3.51409 6.5298E-01 0.316275 0.0214522
1.64672E+06 3.719600 3.489380 2.098752 0.557794 0.348193 91.1368 1 4.41258E-11 3.51078 6.5298E-01 0.316275 0.0214522
1.73861E+06 3.738742 3.486666 2.098750 0.562135 0.348193 96.3657 1 7.90480E-11 3.50749 6.5298E-01 0.316275 0.0214522
1.82822E+06 3.757322 3.484010 2.098746 0.566645 0.348193 101.7661 1 1.40194E-10 3.50424 6.5298E-01 0.316275 0.0214522
1.91530E+06 3.775288 3.481437 2.098738 0.571302 0.348193 253.1201 0 1.38874E-09 3.553 6.5298E-01 0.316275 0.0214522
1.99967E+06 3.792609 3.478908 2.098692 0.576081 0.348193 270.5766 0 2.21024E-09 3.55044 6.5298E-01 0.316275 0.0214522
2.08120E+06 3.809273 3.476515 2.098604 0.580959 0.348193 288.4023 0 3.44772E-09 3.54802 6.5298E-01 0.316275 0.0214522
2.15982E+06 3.825279 3.474160 2.098473 0.585913 0.348193 306.8004 0 5.30555E-09 3.54563 6.5298E-01 0.316275 0.0214522
2.23550E+06 3.840639 3.471885 2.098259 0.590923 0.348193 325.6065 0 8.03465E-09 3.54331 6.5298E-01 0.316275 0.0214522
2.30826E+06 3.855372 3.469734 2.097948 0.595969 0.348193 344.6422 0 1.19444E-08 3.54111 6.5298E-01 0.316275 0.0214522
2.37815E+06 3.869502 3.467590 2.097505 0.601035 0.348193 364.2504 0 1.75777E-08 3.53889 6.5298E-01 0.316275 0.0214522
2.44523E+06 3.883048 3.465583 2.096863 0.606101 0.348193 383.9276 0 2.53984E-08 3.5368 6.5298E-01 0.316275 0.0214522
2.50959E+06 3.896039 3.463584 2.095969 0.611154 0.348193 404.1204 0 3.63754E-08 3.53469 6.5298E-01 0.316275 0.0214522
2.57134E+06 3.908504 3.461681 2.094742 0.616182 0.348193 424.4773 0 5.13756E-08 3.53265 6.5298E-01 0.316275 0.0214522
2.63057E+06 3.920477 3.459799 2.093072 0.621176 0.348193 1272.0726 0 7.19970E-08 3.42214 6.5298E-01 0.316275 0.0214522
2.68740E+06 3.931990 3.457897 2.090821 0.626130 0.348193 466.7553 0 1.00509E-07 3.52843 6.5298E-01 0.316275 0.0214522
2.74193E+06 3.943075 3.456130 2.087800 0.631038 0.352709 488.2097 0 1.38486E-07 3.52633 6.5298E-01 0.316275 0.0214522
2.79428E+06 3.953015 3.454397 2.083835 0.635516 0.360587 509.1497 0 1.87505E-07 3.52418 6.5281E-01 0.316385 0.0214989
2.84480E+06 3.962076 3.452807 2.078713 0.639667 0.370985 529.2572 0 2.48987E-07 3.52205 6.5252E-01 0.316585 0.0215806
2.89382E+06 3.970467 3.451223 2.072134 0.643575 0.383181 549.4128 0 3.28863E-07 3.51977 6.5212E-01 0.316854 0.021687
2.94151E+06 3.978335 3.449579 2.063669 0.647302 0.39671 570.2156 0 4.35998E-07 3.51724 6.5165E-01 0.317174 0.0218132
2.98796E+06 3.985790 3.447870 2.052689 0.650891 0.41109 591.9451 0 5.83097E-07 3.51437 6.5112E-01 0.317544 0.021952
3.03322E+06 3.992923 3.446049 2.038248 0.654380 0.425935 615.2115 0 7.93877E-07 3.51103 6.5054E-01 0.317934 0.0220994
3.07732E+06 3.999808 3.444015 2.018758 0.657803 0.44088 641.1606 0 1.11778E-06 3.50692 6.4995E-01 0.318344 0.0222515
3.12026E+06 4.006518 3.441458 1.991209 0.661192 0.45548 672.6577 0 1.68823E-06 3.50141 6.4934E-01 0.318773 0.0224034
3.16202E+06 4.013131 3.437988 1.948560 0.664584 0.469139 714.5700 0 2.91104E-06 3.49329 6.4873E-01 0.319193 0.0225516
3.20259E+06 4.019733 3.431980 1.866727 0.668038 0.480374 785.9401 0 7.23694E-06 3.47812 6.4816E-01 0.319593 0.0226899
3.24191E+06 4.026579 3.398505 0.941534 0.671694 0.480374 1847.1208 0 9.57540E-05 3.3985 6.4769E-01 0.319933 0.0228046
3.24908E+06 3.848869 3.461567 0.671794 0.671794 0.480374 966.6148 0 6.83215E-05 3.46057 6.4769E-01 0.319933 0.0228046
0.00000E+00 3.343500 3.548712 2.200000 0.515800 0.348041 30.9944 1 1.26214E-15 3.56948 6.5193E-01 0.318221 0.0215178
7.99055E+04 3.358228 3.547260 2.200000 0.516712 0.348041 32.1848 1 1.27821E-15 3.56771 6.5193E-01 0.318221 0.0215178
1.61342E+05 3.374160 3.545663 2.200000 0.517728 0.348041 33.5496 1 1.29705E-15 3.56568 6.5193E-01 0.318221 0.0215178
2.44391E+05 3.391026 3.543973 2.200000 0.518859 0.348041 35.0401 1 1.31827E-15 3.5636 6.5193E-01 0.318221 0.0215178
3.29122E+05 3.408803 3.542164 2.200000 0.520118 0.348041 36.7046 1 1.79071E-15 3.56133 6.5193E-01 0.318221 0.0215178
4.15583E+05 3.427454 3.540265 2.200000 0.521517 0.348041 38.5557 1 2.85135E-15 3.55887 6.5193E-01 0.318221 0.0215178
5.03795E+05 3.446927 3.538256 2.200000 0.523068 0.348041 40.5710 1 4.64901E-15 3.55636 6.5193E-01 0.318221 0.0215178
5.93743E+05 3.467153 3.536138 2.200000 0.524786 0.348041 42.7929 1 7.75544E-15 3.5537 6.5193E-01 0.318221 0.0215178
6.85370E+05 3.488053 3.533967 2.200000 0.526685 0.348041 45.2356 1 1.31744E-14 3.55089 6.5193E-01 0.318221 0.0215178
7.78567E+05 3.509534 3.531721 2.200000 0.528778 0.348041 47.9096 1 2.27922E-14 3.54794 6.5193E-01 0.318221 0.0215178
8.73168E+05 3.531490 3.529414 2.200000 0.531078 0.348041 50.8234 1 4.00597E-14 3.54488 6.5193E-01 0.318221 0.0215178
9.68948E+05 3.553804 3.527045 2.200000 0.533599 0.348041 53.9852 1 7.14068E-14 3.54173 6.5193E-01 0.318221 0.0215178
1.06562E+06 3.576349 3.524675 2.200000 0.536350 0.348041 57.3954 1 1.28301E-13 3.53849 6.5193E-01 0.318221 0.0215178
1.16283E+06 3.598989 3.522206 2.200000 0.539339 0.348041 61.0652 1 2.33415E-13 3.53518 6.5193E-01 0.318221 0.0215178
1.26020E+06 3.621580 3.519787 2.200000 0.542569 0.348041 64.9992 1 4.24799E-13 3.53179 6.5193E-01 0.318221 0.0215178
1.35728E+06 3.643982 3.517325 2.200000 0.546041 0.348041 69.1630 1 7.76043E-13 3.5284 6.5193E-01 0.318221 0.0215178
1.45365E+06 3.666059 3.514896 2.200000 0.549748 0.348041 73.5753 1 1.41310E-12 3.52497 6.5193E-01 0.318221 0.0215178
1.54885E+06 3.687687 3.512496 2.200000 0.553680 0.348041 78.2203 1 2.55965E-12 3.52152 6.5193E-01 0.318221 0.0215178
1.64249E+06 3.708758 3.510099 2.200000 0.557821 0.348041 83.0732 1 4.61102E-12 3.51807 6.5193E-01 0.318221 0.0215178
1.73417E+06 3.729187 3.507851 2.199999 0.562154 0.348041 88.0986 1 8.16298E-12 3.51467 6.5193E-01 0.318221 0.0215178
1.82360E+06 3.748910 3.505549 2.199999 0.566656 0.348041 93.2645 1 1.43793E-11 3.51136 6.5193E-01 0.318221 0.0215178
1.91051E+06 3.767888 3.503407 2.199998 0.571303 0.348041 98.5505 1 2.48120E-11 3.50812 6.5193E-01 0.318221 0.0215178
1.99473E+06 3.786099 3.501293 2.199997 0.576074 0.348041 103.9448 1 4.22937E-11 3.50496 6.5193E-01 0.318221 0.0215178
2.07611E+06 3.803541 3.499278 2.199995 0.580943 0.348041 109.4382 1 7.08687E-11 3.50186 6.5193E-01 0.318221 0.0215178
2.15460E+06 3.820228 3.497327 2.199992 0.585888 0.348041 115.0160 1 1.16997E-10 3.49884 6.5193E-01 0.318221 0.0215178
2.23016E+06 3.836181 3.495463 2.199988 0.590889 0.348041 120.5869 1 1.89803E-10 3.49598 6.5193E-01 0.318221 0.0215178
2.30281E+06 3.851430 3.493681 2.199980 0.595927 0.348041 126.2605 1 3.03321E-10 3.49314 6.5193E-01 0.318221 0.0215178
2.37260E+06 3.866010 3.491938 2.199969 0.600985 0.348041 131.9116 1 4.78250E-10 3.49044 6.5193E-01 0.318221 0.0215178
2.43959E+06 3.879948 3.490301 2.199916 0.606045 0.348041 349.8214 0 2.91487E-09 3.55294 6.5193E-01 0.318221 0.0215178
2.50387E+06 3.893285 3.488696 2.199828 0.611094 0.348041 368.3604 0 4.07429E-09 3.551 6.5193E-01 0.318221 0.0215178
2.56553E+06 3.906061 3.487177 2.199709 0.616121 0.348041 387.4038 0 5.60863E-09 3.54904 6.5193E-01 0.318221 0.0215178
2.62469E+06 3.918311 3.485706 2.199533 0.621118 0.348041 406.2573 0 7.63022E-09 3.54724 6.5193E-01 0.318221 0.0215178
2.68144E+06 3.930066 3.484305 2.199303 0.626075 0.353131 425.3811 0 1.02462E-08 3.54547 6.5193E-01 0.318221 0.0215178
2.73590E+06 3.940451 3.483027 2.199013 0.630529 0.362053 443.1375 0 1.33367E-08 3.54387 6.5174E-01 0.318341 0.0215706
2.78852E+06 3.949787 3.481888 2.198655 0.634600 0.373914 459.5908 0 1.68981E-08 3.54244 6.5141E-01 0.318561 0.0216631
2.83970E+06 3.958321 3.480857 2.198197 0.638385 0.388057 475.0008 0 2.09763E-08 3.54116 6.5097E-01 0.318861 0.0217859
2.88966E+06 3.966219 3.479850 2.197645 0.641945 0.403922 489.7262 0 2.57293E-08 3.53996 6.5043E-01 0.31922 0.0219311
2.93853E+06 3.973601 3.478924 2.196987 0.645329 0.421148 503.7353 0 3.11261E-08 3.53887 6.4982E-01 0.31964 0.0220954
2.98637E+06 3.980558 3.478064 2.196210 0.648571 0.439359 517.1928 0 3.72377E-08 3.53783 6.4915E-01 0.32009 0.0222724
3.03322E+06 3.987158 3.477258 2.195301 0.651697 0.458323 530.4052 0 4.41430E-08 3.53682 6.4843E-01 0.32058 0.0224594
3.07911E+06 3.993458 3.476490 2.194246 0.654728 0.477775 543.4444 0 5.19604E-08 3.53582 6.4768E-01 0.321099 0.022653
3.12406E+06 3.999500 3.475755 2.193031 0.657681 0.497544 556.3504 0 6.08043E-08 3.53482 6.4689E-01 0.321639 0.0228513
3.16806E+06 4.005322 3.475060 2.191639 0.660569 0.51747 569.2180 0 7.07451E-08 3.53382 6.4609E-01 0.322199 0.023053
3.21114E+06 4.010953 3.474426 2.190033 0.663402 0.537487 581.7489 0 8.17826E-08 3.53286 6.4527E-01 0.322769 0.023256
3.25331E+06 4.016417 3.473811 2.188209 0.666189 0.557457 594.0795 0 9.42386E-08 3.53193 6.4444E-01 0.323348 0.0234585
3.29458E+06 4.021735 3.473203 2.186144 0.668938 0.577303 606.7158 0 1.08381E-07 3.53093 6.4360E-01 0.323938 0.0236603
3.33497E+06 4.026923 3.472620 2.183813 0.671653 0.596968 619.4783 0 1.24303E-07 3.52991 6.4276E-01 0.324528 0.0238608
3.37449E+06 4.031995 3.472084 2.181192 0.674339 0.61645 632.4180 0 1.42009E-07 3.52885 6.4191E-01 0.325117 0.0240592
3.41315E+06 4.036966 3.471551 2.178245 0.677000 0.635668 645.5330 0 1.62146E-07 3.52775 6.4107E-01 0.325717 0.0242541
3.45097E+06 4.041843 3.471003 2.174936 0.679639 0.654585 658.6145 0 1.85314E-07 3.52666 6.4023E-01 0.326317 0.0244462
3.48797E+06 4.046638 3.470456 2.171227 0.682260 0.673181 671.9281 0 2.11853E-07 3.52551 6.3940E-01 0.326906 0.024635
3.52417E+06 4.051358 3.469999 2.167077 0.684864 0.691429 685.4448 0 2.40872E-07 3.52432 6.3856E-01 0.327496 0.0248203
3.55958E+06 4.056010 3.469549 2.162429 0.687454 0.709367 699.4417 0 2.74005E-07 3.52305 6.3774E-01 0.328096 0.0250018
3.59421E+06 4.060602 3.469058 2.157208 0.690032 0.726931 713.9090 0 3.13008E-07 3.52168 6.3692E-01 0.328675 0.0251785
3.62808E+06 4.065139 3.468576 2.151345 0.692600 0.744098 728.8524 0 3.57987E-07 3.52023 6.3612E-01 0.329265 0.0253512
3.66120E+06 4.069628 3.468070 2.144739 0.695161 0.760862 744.3731 0 4.11136E-07 3.51866 6.3532E-01 0.329835 0.0255196
3.69359E+06 4.074073 3.467539 2.137280 0.697715 0.777209 760.5497 0 4.74362E-07 3.51698 6.3453E-01 0.330415 0.0256836
3.72526E+06 4.078482 3.467086 2.128839 0.700266 0.793114 777.5760 0 5.46452E-07 3.51514 6.3375E-01 0.330974 0.0258433
3.75623E+06 4.082860 3.466606 2.119224 0.702816 0.808622 795.6854 0 6.33600E-07 3.5131 6.3299E-01 0.331534 0.0259981
3.78649E+06 4.087214 3.465994 2.108179 0.705369 0.823599 815.0500 0 7.45708E-07 3.51083 6.3224E-01 0.332084 0.0261473
3.81607E+06 4.091549 3.465419 2.095432 0.707926 0.838144 835.3300 0 8.81916E-07 3.50836 6.3150E-01 0.332623 0.0262923
3.84496E+06 4.095875 3.464820 2.080537 0.710493 0.85209 857.9781 0 1.05478E-06 3.50547 6.3079E-01 0.333153 0.0264312
3.87319E+06 4.100201 3.464088 2.062875 0.713075 0.865517 882.6208 0 1.28929E-06 3.50219 6.3009E-01 0.333673 0.0265655
3.90074E+06 4.104538 3.463330 2.041502 0.715677 0.878298 910.8666 0 1.60645E-06 3.49826 6.2941E-01 0.334173 0.0266926
3.92762E+06 4.108902 3.462347 2.014874 0.718310 0.890295 943.9569 0 2.08437E-06 3.49343 6.2875E-01 0.334662 0.026813
3.95382E+06 4.113314 3.461115 1.980280 0.720987 0.901385 984.1224 0 2.86004E-06 3.48728 6.2813E-01 0.335132 0.0269269
3.97935E+06 4.117808 3.459503 1.932147 0.723727 0.911302 1037.5407 0 4.31015E-06 3.47875 6.2755E-01 0.335572 0.0270314
4.00418E+06 4.122442 3.456990 1.855384 0.726567 0.919264 1118.5247 0 8.00519E-06 3.46522 6.2702E-01 0.335962 0.0271239
4.02828E+06 4.127343 3.451040 1.665685 0.729590 0.921493 1318.4877 0 3.48701E-05 3.43106 6.2659E-01 0.336292 0.0271981
4.04303E+06 4.125394 3.442882 1.235460 0.731297 0.921493 1824.7525 0 1.28140E-04 3.3972 6.2647E-01 0.336382 0.0272173
4.04815E+06 4.131358 3.549341 0.732403 0.732403 0.921493 692.1707 0 7.44853E-05 3.55987 6.2647E-01 0.336382 0.0272173
0.00000E+00 3.386800 3.547573 2.300000 0.521700 0.342518 31.2854 1 1.15268E-15 3.57574 6.4998E-01 0.320176 0.0215183
7.58997E+04 3.402201 3.546025 2.300000 0.522710 0.342518 32.5053 1 1.16806E-15 3.57405 6.4998E-01 0.320176 0.0215183
1.53445E+05 3.418882 3.544342 2.300000 0.523843 0.342518 33.8842 1 1.18586E-15 3.5722 6.4998E-01 0.320176 0.0215183
2.32722E+05 3.436562 3.542554 2.300000 0.525113 0.342518 35.4118 1 1.59720E-15 3.57024 6.4998E-01 0.320176 0.0215183
3.13801E+05 3.455199 3.540666 2.300000 0.526532 0.342518 37.1003 1 2.53657E-15 3.56816 6.4998E-01 0.320176 0.0215183
3.96718E+05 3.474726 3.538643 2.300000 0.528116 0.342518 38.9701 1 4.13701E-15 3.56592 6.4998E-01 0.320176 0.0215183
4.81475E+05 3.495062 3.536514 2.300000 0.529880 0.342518 41.0280 1 6.90727E-15 3.56355 6.4998E-01 0.320176 0.0215183
5.68024E+05 3.516106 3.534336 2.300000 0.531837 0.342518 43.2680 1 1.17425E-14 3.56112 6.4998E-01 0.320176 0.0215183
6.56260E+05 3.537745 3.532076 2.300000 0.534003 0.342518 45.7106 1 2.03355E-14 3.55858 6.4998E-01 0.320176 0.0215183
7.46014E+05 3.559850 3.529744 2.300000 0.536392 0.342518 48.3613 1 3.57855E-14 3.55595 6.4998E-01 0.320176 0.0215183
8.37048E+05 3.582283 3.527376 2.300000 0.539016 0.342518 51.2168 1 6.36863E-14 3.55325 6.4998E-01 0.320176 0.0215183
9.29056E+05 3.604894 3.524999 2.300000 0.541884 0.342518 54.2669 1 1.14112E-13 3.55053 6.4998E-01 0.320176 0.0215183
1.02167E+06 3.627526 3.522536 2.300000 0.545003 0.342518 57.5461 1 2.06519E-13 3.54769 6.4998E-01 0.320176 0.0215183
1.11447E+06 3.650023 3.520128 2.300000 0.548374 0.342518 60.9931 1 3.72662E-13 3.54489 6.4998E-01 0.320176 0.0215183
1.20699E+06 3.672229 3.517711 2.300000 0.551993 0.342518 64.6278 1 6.71936E-13 3.54207 6.4998E-01 0.320176 0.0215183
1.29879E+06 3.694004 3.515296 2.300000 0.555851 0.342518 68.4356 1 1.20653E-12 3.53922 6.4998E-01 0.320176 0.0215183
1.38939E+06 3.715223 3.512957 2.300000 0.559934 0.342518 72.3664 1 2.14077E-12 3.53644 6.4998E-01 0.320176 0.0215183
1.47840E+06 3.735786 3.510635 2.300000 0.564221 0.342518 76.4345 1 3.76333E-12 3.53367 6.4998E-01 0.320176 0.0215183
1.56544E+06 3.755618 3.508445 2.300000 0.568690 0.342518 80.5583 1 6.48707E-12 3.53102 6.4998E-01 0.320176 0.0215183
1.65021E+06 3.774672 3.506213 2.299999 0.573317 0.342518 84.8234 1 1.11010E-11 3.52831 6.4998E-01 0.320176 0.0215183
1.73248E+06 3.792924 3.504222 2.299999 0.578075 0.342518 89.0388 1 1.84398E-11 3.52585 6.4998E-01 0.320176 0.0215183
1.81208E+06 3.810370 3.502147 2.299998 0.582938 0.342518 93.3973 1 3.04798E-11 3.5233 6.4998E-01 0.320176 0.0215183
1.88893E+06 3.827025 3.500297 2.299997 0.587884 0.342518 97.6772 1 4.89415E-11 3.52097 6.4998E-01 0.320176 0.0215183
1.96296E+06 3.842915 3.498405 2.299995 0.592888 0.342518 102.0527 1 7.79701E-11 3.5186 6.4998E-01 0.320176 0.0215183
2.03418E+06 3.858075 3.496685 2.299992 0.597930 0.342518 106.3563 1 1.21215E-10 3.51641 6.4998E-01 0.320176 0.0215183
2.10261E+06 3.872543 3.494968 2.299987 0.602993 0.342518 110.7116 1 1.86504E-10 3.51422 6.4998E-01 0.320176 0.0215183
2.16831E+06 3.886352 3.493380 2.299981 0.608058 0.342518 115.0048 1 2.81208E-10 3.51217 6.4998E-01 0.320176 0.0215183
2.23137E+06 3.899546 3.491812 2.299971 0.613110 0.342518 119.3204 1 4.19446E-10 3.51013 6.4998E-01 0.320176 0.0215183
2.29187E+06 3.912170 3.490334 2.299935 0.618140 0.342518 305.5649 0 3.34287E-09 3.58144 6.4998E-01 0.320176 0.0215183
2.34991E+06 3.924263 3.488899 2.299864 0.623137 0.342518 319.4115 0 4.52223E-09 3.57999 6.4998E-01 0.320176 0.0215183
2.40560E+06 3.935857 3.487537 2.299748 0.628093 0.348069 333.2321 0 6.03766E-09 3.5786 6.4998E-01 0.320176 0.0215183
2.45904E+06 3.945966 3.486307 2.299581 0.632481 0.357821 345.8903 0 7.79203E-09 3.57735 6.4978E-01 0.320306 0.0215755
2.51075E+06 3.954950 3.485193 2.299377 0.636441 0.370794 357.5942 0 9.79088E-09 3.57621 6.4943E-01 0.320546 0.0216758
2.56118E+06 3.963088 3.484208 2.299130 0.640084 0.386277 368.4350 0 1.20242E-08 3.5752 6.4895E-01 0.320855 0.0218093
2.61059E+06 3.970561 3.483292 2.298836 0.643481 0.403737 378.7045 0 1.45367E-08 3.57425 6.4838E-01 0.321245 0.0219684
2.65910E+06 3.977497 3.482443 2.298489 0.646683 0.422758 388.4904 0 1.73393E-08 3.57336 6.4772E-01 0.321685 0.0221479
2.70676E+06 3.983993 3.481639 2.298060 0.649729 0.442941 397.9111 0 2.04732E-08 3.57251 6.4700E-01 0.322165 0.0223421
2.75361E+06 3.990122 3.480877 2.297565 0.652649 0.463993 407.0096 0 2.39617E-08 3.5717 6.4623E-01 0.322695 0.0225481
2.79966E+06 3.995944 3.480188 2.296997 0.655464 0.485666 415.7195 0 2.77706E-08 3.57095 6.4541E-01 0.323244 0.022763
2.84490E+06 4.001506 3.479556 2.296351 0.658194 0.507797 424.1041 0 3.19292E-08 3.57025 6.4456E-01 0.323824 0.0229841
2.88934E+06 4.006845 3.478946 2.295620 0.660853 0.530192 432.3198 0 3.65284E-08 3.56957 6.4369E-01 0.324424 0.0232085
2.93298E+06 4.011993 3.478364 2.294799 0.663453 0.552716 440.3808 0 4.15937E-08 3.56891 6.4279E-01 0.325043 0.0234355
2.97582E+06 4.016976 3.477811 2.293881 0.666003 0.575299 448.3019 0 4.71551E-08 3.56827 6.4189E-01 0.325663 0.0236637
3.01786E+06 4.021815 3.477327 2.292860 0.668512 0.597835 455.8899 0 5.30995E-08 3.56769 6.4097E-01 0.326303 0.0238908
3.05912E+06 4.026527 3.476846 2.291728 0.670984 0.620237 463.4691 0 5.96855E-08 3.56709 6.4004E-01 0.326942 0.0241174
3.09959E+06 4.031128 3.476371 2.290478 0.673426 0.642469 471.0279 0 6.69592E-08 3.5665 6.3911E-01 0.327592 0.0243424
3.13930E+06 4.035629 3.475998 2.289080 0.675841 0.664482 478.1412 0 7.45269E-08 3.56599 6.3818E-01 0.328242 0.0245656
3.17824E+06 4.040042 3.475585 2.287542 0.678232 0.686287 485.4462 0 8.30935E-08 3.56543 6.3725E-01 0.328892 0.0247863
3.21644E+06 4.044373 3.475199 2.285858 0.680602 0.707829 492.6638 0 9.24029E-08 3.56488 6.3633E-01 0.329541 0.0250032
3.25390E+06 4.048633 3.474885 2.284018 0.682954 0.729059 499.5634 0 1.02198E-07 3.56439 6.3540E-01 0.330201 0.0252173
3.29063E+06 4.052825 3.474546 2.282009 0.685289 0.749987 506.6262 0 1.13169E-07 3.56386 6.3448E-01 0.330851 0.0254279
3.32666E+06 4.056957 3.474263 2.279823 0.687608 0.77065 513.4471 0 1.24808E-07 3.56337 6.3356E-01 0.3315 0.0256354
3.36200E+06 4.061034 3.473931 2.277441 0.689914 0.790984 520.5766 0 1.38080E-07 3.5628 6.3265E-01 0.33214 0.0258383
3.39665E+06 4.065058 3.473694 2.274862 0.692206 0.810969 527.2567 0 1.51774E-07 3.56232 6.3175E-01 0.33279 0.0260378
3.43063E+06 4.069034 3.473467 2.272061 0.694487 0.830626 533.9361 0 1.66726E-07 3.56183 6.3085E-01 0.333429 0.0262333
3.46396E+06 4.072967 3.473199 2.269023 0.696757 0.849934 540.9003 0 1.83703E-07 3.56127 6.2996E-01 0.334069 0.0264254
3.49665E+06 4.076857 3.472979 2.265734 0.699017 0.868884 547.6762 0 2.01814E-07 3.56073 6.2908E-01 0.334699 0.0266137
3.52871E+06 4.080710 3.472804 2.262175 0.701268 0.887557 554.2567 0 2.21133E-07 3.56022 6.2820E-01 0.335339 0.0267982
3.56015E+06 4.084526 3.472502 2.258311 0.703510 0.905865 561.6202 0 2.44554E-07 3.55954 6.2733E-01 0.335958 0.026978
3.59098E+06 4.088310 3.472370 2.254127 0.705745 0.923767 568.1363 0 2.67568E-07 3.55901 6.2647E-01 0.336588 0.0271539
3.62122E+06 4.092063 3.472108 2.249578 0.707972 0.941368 575.4548 0 2.95633E-07 3.55831 6.2562E-01 0.337198 0.0273272
3.65087E+06 4.095788 3.471850 2.244616 0.710194 0.958621 582.8726 0 3.26966E-07 3.55757 6.2478E-01 0.337817 0.0274954
3.67996E+06 4.099486 3.471550 2.242635 0.712411 0.975643 590.1817 0 3.58127E-07 3.55708 6.2395E-01 0.338427 0.02766
3.70848E+06 4.103146 3.471035 2.240460 0.714614 0.992265 598.8174 0 3.98040E-07 3.55635 6.2312E-01 0.339027 0.0278204
3.73646E+06 4.106773 3.469584 2.237912 0.716807 1.00859 613.2280 0 4.71840E-07 3.55464 6.2230E-01 0.339627 0.0279781
3.76393E+06 4.110369 3.408613 2.066518 0.718991 1.0222 1164.1053 0 1.54713E-05 3.4763 6.2149E-01 0.340226 0.0281309
3.79095E+06 4.114753 3.366553 1.442010 0.721671 1.0222 2038.8111 0 1.10273E-04 3.36655 6.2081E-01 0.340736 0.0282595
3.80937E+06 4.116758 3.618605 0.724366 0.724366 1.0222 476.4253 0 1.94145E-06 3.59914 6.2081E-01 0.340736 0.0282595
0.00000E+00 3.512300 3.540719 2.500000 0.538800 0.343667 41.6976 1 2.53717E-15 3.55948 6.4893E-01 0.321183 0.0214895
6.54824E+04 3.527574 3.539137 2.500000 0.540048 0.343667 43.4178 1 3.73772E-15 3.55745 6.4893E-01 0.321183 0.0214895
1.32825E+05 3.544231 3.537386 2.500000 0.541469 0.343667 45.3674 1 5.71925E-15 3.55526 6.4893E-01 0.321183 0.0214895
2.02120E+05 3.561952 3.535547 2.500000 0.543081 0.343667 47.5466 1 8.99507E-15 3.5529 6.4893E-01 0.321183 0.0214895
2.73419E+05 3.580635 3.533622 2.500000 0.544901 0.343667 49.9781 1 1.45183E-14 3.55035 6.4893E-01 0.321183 0.0214895
3.46717E+05 3.600145 3.531568 2.500000 0.546947 0.343667 52.6644 1 2.40684E-14 3.54764 6.4893E-01 0.321183 0.0214895
4.21939E+05 3.620324 3.529452 2.500000 0.549235 0.343667 55.6045 1 4.06973E-14 3.54482 6.4893E-01 0.321183 0.0214895
4.98927E+05 3.640997 3.527259 2.500000 0.551779 0.343667 58.8124 1 7.00719E-14 3.54187 6.4893E-01 0.321183 0.0214895
5.77438E+05 3.661976 3.525041 2.500000 0.554589 0.343667 62.2764 1 1.22031E-13 3.53883 6.4893E-01 0.321183 0.0214895
6.57141E+05 3.683068 3.522789 2.500000 0.557673 0.343667 65.9671 1 2.14349E-13 3.53577 6.4893E-01 0.321183 0.0214895
7.37627E+05 3.704077 3.520511 2.500000 0.561032 0.343667 69.9289 1 3.78549E-13 3.53258 6.4893E-01 0.321183 0.0214895
8.18434E+05 3.724820 3.518282 2.500000 0.564660 0.343667 74.0596 1 6.65746E-13 3.52946 6.4893E-01 0.321183 0.0214895
8.99067E+05 3.745127 3.516038 2.500000 0.568544 0.343667 78.4163 1 1.16889E-12 3.52626 6.4893E-01 0.321183 0.0214895
9.79033E+05 3.764858 3.513882 2.500000 0.572665 0.343667 82.9198 1 2.02752E-12 3.52311 6.4893E-01 0.321183 0.0214895
1.05787E+06 3.783901 3.511780 2.500000 0.576997 0.343667 87.5240 1 3.47299E-12 3.52005 6.4893E-01 0.321183 0.0214895
1.13518E+06 3.802182 3.509717 2.500000 0.581512 0.343667 92.2074 1 5.87197E-12 3.51707 6.4893E-01 0.321183 0.0214895
1.21061E+06 3.819660 3.507801 2.499999 0.586180 0.343667 96.9774 1 9.72118E-12 3.51414 6.4893E-01 0.321183 0.0214895
1.28392E+06 3.836323 3.505875 2.499999 0.590968 0.343667 101.7979 1 1.59167E-11 3.51128 6.4893E-01 0.321183 0.0214895
1.35492E+06 3.852182 3.504132 2.499998 0.595849 0.343667 106.5685 1 2.53957E-11 3.50862 6.4893E-01 0.321183 0.0214895
1.42351E+06 3.867267 3.502380 2.499997 0.600794 0.343667 111.4156 1 4.01072E-11 3.50595 6.4893E-01 0.321183 0.0214895
1.48961E+06 3.881616 3.500769 2.499996 0.605781 0.343667 116.1844 1 6.19422E-11 3.50347 6.4893E-01 0.321183 0.0214895
1.55324E+06 3.895277 3.499201 2.499994 0.610788 0.343667 120.9729 1 9.43872E-11 3.50104 6.4893E-01 0.321183 0.0214895
1.61441E+06 3.908291 3.497708 2.499991 0.615795 0.343667 125.7589 1 1.41659E-10 3.49867 6.4893E-01 0.321183 0.0214895
1.67318E+06 3.920706 3.496290 2.499986 0.620787 0.343667 130.4946 1 2.09356E-10 3.49643 6.4893E-01 0.321183 0.0214895
1.72962E+06 3.932570 3.494926 2.499980 0.625752 0.350355 135.1999 1 3.05474E-10 3.49426 6.4893E-01 0.321183 0.0214895
1.78382E+06 3.942624 3.493731 2.499972 0.630022 0.362096 139.3248 1 4.23024E-10 3.49243 6.4871E-01 0.321323 0.0215591
1.83645E+06 3.951340 3.492681 2.499961 0.633779 0.377742 143.0048 1 5.62635E-10 3.49083 6.4831E-01 0.321573 0.0216804
1.88812E+06 3.959080 3.491710 2.499947 0.637166 0.396507 146.3063 1 7.27249E-10 3.48946 6.4778E-01 0.321912 0.0218416
1.93915E+06 3.966062 3.490843 2.499930 0.640268 0.417777 149.3292 1 9.16942E-10 3.48825 6.4713E-01 0.322332 0.0220347
1.98964E+06 3.972438 3.490053 2.499908 0.643147 0.441046 152.1673 1 1.13459E-09 3.48712 6.4639E-01 0.322812 0.0222533
2.03965E+06 3.978318 3.489327 2.499882 0.645846 0.465881 154.7743 1 1.38035E-09 3.48613 6.4558E-01 0.323352 0.0224924
2.08916E+06 3.983789 3.488652 2.499822 0.648400 0.491918 421.9962 0 5.88060E-09 3.57998 6.4469E-01 0.323922 0.0227474
2.13815E+06 3.988919 3.488014 2.499727 0.650834 0.518853 429.9100 0 6.69976E-09 3.57938 6.4376E-01 0.324541 0.0230146
2.18659E+06 3.993764 3.487491 2.499594 0.653171 0.546483 437.5395 0 7.53856E-09 3.5788 6.4279E-01 0.325181 0.0232911
2.23445E+06 3.998371 3.486986 2.499445 0.655430 0.574564 444.8894 0 8.43806E-09 3.57825 6.4178E-01 0.325841 0.0235731
2.28170E+06 4.002776 3.486457 2.499281 0.657623 0.602913 451.9528 0 9.42879E-09 3.57775 6.4075E-01 0.326531 0.0238598
2.32832E+06 4.007011 3.486036 2.499101 0.659762 0.631416 458.7936 0 1.04294E-08 3.57726 6.3970E-01 0.32722 0.0241491
2.37429E+06 4.011100 3.485632 2.498876 0.661856 0.660004 465.4952 0 1.14964E-08 3.5768 6.3864E-01 0.32793 0.0244399
2.41961E+06 4.015066 3.485277 2.498633 0.663914 0.68855 472.0570 0 1.26055E-08 3.57635 6.3757E-01 0.32865 0.0247301
2.46426E+06 4.018924 3.484957 2.498369 0.665940 0.716977 478.4534 0 1.37648E-08 3.57592 6.3649E-01 0.329369 0.0250197
2.50826E+06 4.022689 3.484633 2.498085 0.667940 0.745245 484.9196 0 1.50112E-08 3.57548 6.3540E-01 0.330099 0.025308
2.55159E+06 4.026373 3.484391 2.497780 0.669918 0.773354 491.1818 0 1.62602E-08 3.57508 6.3432E-01 0.330829 0.0255946
2.59426E+06 4.029985 3.484117 2.497453 0.671875 0.801173 497.3705 0 1.76296E-08 3.57468 6.3323E-01 0.331558 0.0258779
2.63628E+06 4.033533 3.483897 2.497104 0.673815 0.82879 503.7461 0 1.90268E-08 3.57425 6.3215E-01 0.332288 0.0261597
2.67765E+06 4.037024 3.483728 2.496734 0.675740 0.856117 509.8492 0 2.04448E-08 3.57387 6.3107E-01 0.333018 0.0264377
2.71838E+06 4.040463 3.483456 2.496310 0.677651 0.883219 515.9787 0 2.21086E-08 3.57349 6.2999E-01 0.333757 0.0267126
2.75848E+06 4.043856 3.483286 2.495860 0.679550 0.909953 522.1252 0 2.37255E-08 3.57311 6.2891E-01 0.334487 0.0269834
2.79796E+06 4.047204 3.483022 2.495379 0.681436 0.936436 528.4472 0 2.56082E-08 3.57269 6.2784E-01 0.335217 0.027252
2.83683E+06 4.050513 3.482732 2.494864 0.683312 0.962604 534.5684 0 2.76717E-08 3.57232 6.2677E-01 0.335947 0.0275161
2.87510E+06 4.053785 3.482119 2.494674 0.685178 0.988459 540.5506 0 3.05100E-08 3.57199 6.2571E-01 0.336666 0.0277769
2.91278E+06 4.057020 3.480483 2.494452 0.687033 1.01407 546.6162 0 3.60328E-08 3.57166 6.2465E-01 0.337396 0.0280345
2.94988E+06 4.060222 3.427054 2.493208 0.688878 1.03924 553.2089 0 5.60544E-08 3.57116 6.2360E-01 0.338116 0.0282876
2.98641E+06 4.063395 3.413532 2.491607 0.690716 1.06421 559.7258 0 7.17636E-08 3.57066 6.2255E-01 0.338835 0.0285377
3.02238E+06 4.066542 3.407787 2.489362 0.692547 1.08881 566.4678 0 7.95346E-08 3.57009 6.2151E-01 0.339555 0.0287838
3.05779E+06 4.069666 3.404177 2.486999 0.694372 1.11314 573.6119 0 8.48599E-08 3.56945 6.2048E-01 0.340265 0.0290261
3.09265E+06 4.072769 3.401440 2.484551 0.696193 1.13718 580.5156 0 8.91583E-08 3.56885 6.1945E-01 0.340975 0.0292653
3.12696E+06 4.075851 3.399305 2.482040 0.698009 1.16077 587.4654 0 9.27025E-08 3.56825 6.1843E-01 0.341684 0.0294996
3.16074E+06 4.078914 3.397411 2.479475 0.699821 1.18417 594.8414 0 9.59720E-08 3.56759 6.1742E-01 0.342384 0.029731
3.19399E+06 4.081959 3.395725 2.476868 0.701629 1.20711 601.9393 0 9.89913E-08 3.56697 6.1641E-01 0.343084 0.0299584
3.22672E+06 4.084988 3.385670 2.310593 0.703434 1.22834 678.7002 0 1.07248E-05 3.54398 6.1541E-01 0.343783 0.0301829
3.25905E+06 4.088769 3.367530 2.008460 0.705699 1.24419 858.3561 0 2.44630E-05 3.49758 6.1448E-01 0.344433 0.0303877
3.28317E+06 4.090311 3.336283 1.218722 0.707437 1.24419 1682.8134 0 2.06188E-04 3.39887 6.1378E-01 0.344923 0.0305401
3.28976E+06 4.093851 3.610477 0.708775 0.708775 1.24419 444.1706 0 1.32725E-10 3.60345 6.1378E-01 0.344923 0.0305401
0.00000E+00 3.739500 3.530438 3.000000 0.602200 0.346628 72.8651 1 1.04791E-12 3.52229 6.4106E-01 0.328146 0.0214606
3.80097E+04 3.778600 3.526281 3.000000 0.604312 0.346628 79.7704 1 2.52726E-12 3.51895 6.4106E-01 0.328146 0.0214606
3.80097E+04 3.782534 3.525853 3.000000 0.604312 0.346628 81.4841 1 2.96216E-12 3.51686 6.4106E-01 0.328146 0.0214606
7.82135E+04 3.822722 3.521460 3.000000 0.606769 0.346628 90.5390 1 7.87593E-12 3.51165 6.4106E-01 0.328146 0.0214606
1.20596E+05 3.856055 3.517752 3.000000 0.609573 0.346628 97.8671 1 1.68460E-11 3.50872 6.4106E-01 0.328146 0.0214606
1.20596E+05 3.859041 3.517401 3.000000 0.609573 0.346628 99.6422 1 1.91750E-11 3.50686 6.4106E-01 0.328146 0.0214606
1.64989E+05 3.888677 3.514140 2.999999 0.612717 0.346628 106.8061 1 3.75890E-11 3.50422 6.4106E-01 0.328146 0.0214606
1.64989E+05 3.891158 3.513845 2.999999 0.612717 0.346628 108.5429 1 4.20226E-11 3.50251 6.4106E-01 0.328146 0.0214606
2.11077E+05 3.917173 3.510915 2.999998 0.616181 0.346628 115.3358 1 7.62234E-11 3.50022 6.4106E-01 0.328146 0.0214606
2.11077E+05 3.919185 3.510684 2.999998 0.616181 0.346628 117.0152 1 8.36614E-11 3.49863 6.4106E-01 0.328146 0.0214606
2.58424E+05 3.943519 3.507877 2.999995 0.619940 0.346628 124.5601 1 1.48800E-10 3.49567 6.4106E-01 0.328146 0.0214606
3.06529E+05 3.963451 3.505607 2.999990 0.623957 0.346628 130.7816 1 2.41017E-10 3.4936 6.4106E-01 0.328146 0.0214606
3.06529E+05 3.964715 3.505455 2.999990 0.623957 0.346628 132.2360 1 2.57706E-10 3.49231 6.4106E-01 0.328146 0.0214606
3.54877E+05 3.982325 3.503423 2.999983 0.628190 0.346628 137.6819 1 3.85995E-10 3.49087 6.4106E-01 0.328146 0.0214606
3.54877E+05 3.983315 3.503303 2.999983 0.628190 0.346628 139.0510 1 4.08501E-10 3.48969 6.4106E-01 0.328146 0.0214606
4.02993E+05 3.999040 3.501483 2.999971 0.632593 0.346628 144.0901 1 5.85731E-10 3.48847 6.4106E-01 0.328146 0.0214606
4.02993E+05 3.999813 3.501388 2.999971 0.632593 0.346628 145.3790 1 6.14944E-10 3.48737 6.4106E-01 0.328146 0.0214606
4.50478E+05 4.014020 3.499773 2.999954 0.637123 0.346628 150.1087 1 8.49565E-10 3.48629 6.4106E-01 0.328146 0.0214606
4.50478E+05 4.014623 3.499699 2.999954 0.637123 0.346628 151.3167 1 8.85982E-10 3.48528 6.4106E-01 0.328146 0.0214606
4.97019E+05 4.028073 3.498102 2.999931 0.641739 0.356436 156.6253 1 1.21906E-09 3.48365 6.4106E-01 0.328146 0.0214606
5.42392E+05 4.038496 3.496866 2.999900 0.645362 0.373357 161.3441 1 1.60831E-09 3.48196 6.4079E-01 0.328306 0.0215612
5.87497E+05 4.046860 3.495830 2.999862 0.648314 0.395769 164.7424 1 1.95819E-09 3.48103 6.4031E-01 0.328586 0.0217353
6.33229E+05 4.053843 3.494921 2.999816 0.650832 0.42279 168.0803 1 2.37965E-09 3.47988 6.3967E-01 0.328966 0.0219657
6.79819E+05 4.059756 3.494114 2.999760 0.653018 0.453556 170.6493 1 2.77844E-09 3.47916 6.3889E-01 0.329425 0.0222424
7.27213E+05 4.064803 3.493435 2.999695 0.654940 0.487375 172.6447 1 3.12410E-09 3.47874 6.3799E-01 0.329955 0.0225592
7.75246E+05 4.069015 3.492865 2.999621 0.656649 0.487375 173.8181 1 3.46594E-09 3.47881 6.3700E-01 0.330535 0.022907
7.75246E+05 4.069147 3.492849 2.999621 0.656649 0.523577 174.8010 1 3.55020E-09 3.47803 6.3700E-01 0.330535 0.022907
8.23727E+05 4.072921 3.492297 2.999538 0.658189 0.561591 176.1601 1 3.87427E-09 3.47786 6.3594E-01 0.331175 0.0232788
8.72480E+05 4.076237 3.491909 2.999447 0.659596 0.60089 177.5937 1 4.20896E-09 3.47751 6.3482E-01 0.331845 0.0236692
9.21351E+05 4.079191 3.491545 2.999348 0.660902 0.641169 178.8786 1 4.53703E-09 3.47721 6.3365E-01 0.332534 0.0240742
9.70219E+05 4.081806 3.491247 2.999242 0.662129 0.641169 179.2888 1 4.81116E-09 3.47754 6.3244E-01 0.333254 0.0244879
9.70219E+05 4.081860 3.491240 2.999242 0.662129 0.682061 180.2483 1 4.91516E-09 3.47678 6.3244E-01 0.333254 0.0244879
1.01899E+06 4.084304 3.490988 2.999129 0.663297 0.723364 181.2360 1 5.21286E-09 3.4766 6.3121E-01 0.333994 0.0249097
1.06758E+06 4.086574 3.490777 2.999010 0.664420 0.764959 182.1455 1 5.49703E-09 3.47644 6.2996E-01 0.334734 0.025336
1.11595E+06 4.088682 3.490598 2.998885 0.665511 0.764959 182.0715 1 5.65694E-09 3.47703 6.2870E-01 0.335493 0.0257642
1.11595E+06 4.088708 3.490594 2.998885 0.665511 0.806668 182.9917 1 5.77279E-09 3.47631 6.2870E-01 0.335493 0.0257642
1.16406E+06 4.090737 3.490475 2.998755 0.666576 0.848385 183.5428 1 5.94425E-09 3.47639 6.2742E-01 0.336253 0.0261938
1.21186E+06 4.092683 3.490273 2.998619 0.667624 0.889985 184.5635 1 6.31547E-09 3.47607 6.2614E-01 0.337023 0.026624
1.25935E+06 4.094564 3.490071 2.998476 0.668658 0.931596 185.0540 1 6.52452E-09 3.47616 6.2486E-01 0.337793 0.0270549
1.30651E+06 4.096396 3.489621 2.998325 0.669681 0.972993 464.5904 0 7.03502E-09 3.58312 6.2357E-01 0.338562 0.0274831
1.35332E+06 4.098186 3.488413 2.998264 0.670698 0.972993 185.8062 1 2.79886E-09 3.47649 6.2229E-01 0.339332 0.0279112
1.35332E+06 4.098194 3.488410 2.998264 0.670698 1.01421 467.3741 0 7.87373E-09 3.58292 6.2229E-01 0.339332 0.0279112
1.39978E+06 4.099875 3.438834 2.996833 0.671708 1.05528 470.3768 0 4.16965E-07 3.58268 6.2100E-01 0.340102 0.0283379
1.44589E+06 4.099100 3.422496 2.955880 0.672717 1.09614 479.4512 0 2.48601E-06 3.58167 6.1971E-01 0.340872 0.0287616
1.49167E+06 4.098270 3.416071 2.898951 0.673807 1.09614 487.6072 0 2.93961E-06 3.58133 6.1842E-01 0.341651 0.0291854
1.49167E+06 4.097550 3.415827 2.898951 0.673807 1.13695 493.5061 0 3.01921E-06 3.57996 6.1842E-01 0.341651 0.0291854
1.53679E+06 4.096022 3.410618 2.824248 0.674967 1.13695 505.6993 0 3.54903E-06 3.57925 6.1712E-01 0.342421 0.029607
1.53679E+06 4.095197 3.410271 2.824248 0.674967 1.17723 512.5022 0 3.66347E-06 3.57772 6.1712E-01 0.342421 0.029607
1.58108E+06 4.092370 3.404798 2.733598 0.676262 1.21679 538.2584 0 4.53588E-06 3.5748 6.1584E-01 0.343191 0.0300239
1.62437E+06 4.088467 3.398199 2.611241 0.677732 1.25487 577.4123 0 5.96582E-06 3.57059 6.1458E-01 0.343951 0.0304318
1.66645E+06 4.083613 3.389794 2.452978 0.679361 1.29001 633.0902 0 8.48940E-06 3.56056 6.1335E-01 0.34469 0.030825
1.70701E+06 4.076511 3.376531 2.201167 0.681446 1.3197 725.3966 0 1.47861E-05 3.52685 6.1221E-01 0.34538 0.0311889
1.74567E+06 4.060374 3.338437 1.480478 0.684261 1.3197 1223.8655 0 9.61824E-05 3.40743 6.1124E-01 0.34597 0.0314958
1.78181E+06 4.061154 4.000000 0.689268 0.689268 1.3197 148.6652 1 5.25491E+04 3.61578 6.1124E-01 0.34597 0.0314958
0.00000E+00 3.991300 3.516721 3.500000 0.700400 0.349896 117.1813 1 4.60713E-11 3.5053 6.4003E-01 0.330085 0.0214529
1.64384E+04 4.032736 3.512047 3.499999 0.702135 0.351505 130.4267 1 1.22845E-10 3.50015 6.4003E-01 0.330085 0.0214529
3.43195E+04 4.066616 3.508134 3.499997 0.703319 0.351505 142.1441 1 2.79950E-10 3.49617 6.3985E-01 0.330245 0.021464
3.43195E+04 4.070071 3.507728 3.499997 0.703319 0.354624 144.7735 1 3.21464E-10 3.49438 6.3985E-01 0.330245 0.021464
5.37318E+04 4.103175 3.503813 3.499992 0.704366 0.359527 157.8781 1 7.10881E-10 3.49011 6.3958E-01 0.330475 0.0214886
7.46920E+04 4.131659 3.500372 3.499980 0.705289 0.366381 171.1795 1 1.50093E-09 3.48552 6.3923E-01 0.330755 0.0215306
9.70621E+04 4.153191 3.497738 3.499955 0.706093 0.366381 180.2309 1 2.48516E-09 3.48345 6.3881E-01 0.331105 0.0215903
9.70621E+04 4.155315 3.497464 3.499955 0.706093 0.375144 182.6180 1 2.72809E-09 3.48207 6.3881E-01 0.331105 0.0215903
1.20636E+05 4.174352 3.495162 3.499913 0.706784 0.385706 191.9556 1 4.30646E-09 3.47962 6.3832E-01 0.331495 0.0216701
1.45197E+05 4.189307 3.493259 3.499845 0.707375 0.39786 200.0552 1 6.32992E-09 3.47737 6.3776E-01 0.331915 0.0217676
1.70545E+05 4.200845 3.491793 3.499750 0.707884 0.411459 206.4943 1 8.52180E-09 3.47567 6.3716E-01 0.332375 0.0218821
1.96514E+05 4.208893 3.490768 3.499624 0.708326 0.411459 546.2288 0 1.04131E-08 3.58394 6.3652E-01 0.332845 0.0220093
1.96514E+05 4.209649 3.490673 3.499624 0.708326 0.426254 551.9937 0 1.08515E-08 3.5831 6.3652E-01 0.332845 0.0220093
2.22967E+05 4.216317 3.489799 3.499470 0.708716 0.442078 565.8896 0 1.27275E-08 3.5823 6.3585E-01 0.333345 0.0221498
2.49801E+05 4.221368 3.489154 3.499290 0.709067 0.458788 578.3448 0 1.46788E-08 3.5814 6.3516E-01 0.333845 0.0223003
2.76934E+05 4.224894 3.488710 3.499086 0.709388 0.458788 582.5948 0 1.58000E-08 3.58154 6.3444E-01 0.334365 0.0224608
2.76934E+05 4.225203 3.488670 3.499086 0.709388 0.476278 587.0605 0 1.61942E-08 3.58086 6.3444E-01 0.334365 0.0224608
3.04308E+05 4.227907 3.488333 3.498862 0.709688 0.476278 589.6983 0 1.70850E-08 3.58108 6.3371E-01 0.334885 0.0226291
3.04308E+05 4.228135 3.488303 3.498862 0.709688 0.494477 593.9571 0 1.74565E-08 3.58042 6.3371E-01 0.334885 0.0226291
3.31878E+05 4.230398 3.488014 3.498622 0.709973 0.51327 598.1074 0 1.83260E-08 3.58029 6.3297E-01 0.335414 0.0228043
3.59610E+05 4.232170 3.487749 3.498367 0.710246 0.532641 602.0688 0 1.92457E-08 3.58006 6.3221E-01 0.335944 0.0229869
3.87479E+05 4.233579 3.487548 3.498100 0.710512 0.552562 605.1873 0 1.99984E-08 3.57988 6.3144E-01 0.336474 0.0231751
4.15467E+05 4.234655 3.487433 3.497824 0.710774 0.552562 604.8058 0 2.04486E-08 3.58019 6.3067E-01 0.337014 0.0233688
4.15467E+05 4.234722 3.487424 3.497824 0.710774 0.573002 608.4298 0 2.07697E-08 3.57961 6.3067E-01 0.337014 0.0233688
4.43559E+05 4.235667 3.487333 3.497539 0.711031 0.593899 609.5313 0 2.10592E-08 3.57965 6.2989E-01 0.337554 0.0235676
4.71746E+05 4.236430 3.487250 3.497247 0.711287 0.593899 608.4369 0 2.13768E-08 3.57999 6.2910E-01 0.338084 0.0237723
4.71746E+05 4.236465 3.487245 3.497247 0.711287 0.615272 611.9468 0 2.16856E-08 3.57943 6.2910E-01 0.338084 0.0237723
5.00018E+05 4.237155 3.487212 3.496949 0.711542 0.637102 612.4410 0 2.18105E-08 3.57951 6.2831E-01 0.338624 0.0239817
5.28370E+05 4.237747 3.487128 3.496645 0.711797 0.637102 610.9330 0 2.20880E-08 3.57987 6.2750E-01 0.339164 0.0241958
5.28370E+05 4.237764 3.487126 3.496645 0.711797 0.65935 614.3807 0 2.23827E-08 3.57932 6.2750E-01 0.339164 0.0241958
5.56796E+05 4.238313 3.487061 3.496336 0.712052 0.682033 614.5432 0 2.25071E-08 3.57941 6.2670E-01 0.339704 0.0244155
5.85291E+05 4.238816 3.487105 3.496023 0.712307 0.705158 615.4023 0 2.26511E-08 3.57937 6.2589E-01 0.340243 0.0246396
6.13852E+05 4.239283 3.487067 3.495706 0.712564 0.705158 613.5584 0 2.28222E-08 3.57975 6.2507E-01 0.340773 0.0248681
6.13852E+05 4.239287 3.487065 3.495706 0.712564 0.728718 616.9937 0 2.31178E-08 3.5792 6.2507E-01 0.340773 0.0248681
6.42476E+05 4.239732 3.487072 3.495384 0.712821 0.752645 616.9068 0 2.30945E-08 3.5793 6.2425E-01 0.341313 0.0251011
6.71159E+05 4.240158 3.487052 3.495060 0.713080 0.776993 618.3989 0 2.35227E-08 3.57914 6.2342E-01 0.341853 0.0253391
6.99899E+05 4.240573 3.487129 3.494732 0.713340 0.776993 615.5792 0 2.32812E-08 3.57967 6.2259E-01 0.342383 0.0255816
6.99899E+05 4.240572 3.487129 3.494732 0.713340 0.801761 619.0349 0 2.35848E-08 3.57911 6.2259E-01 0.342383 0.0255816
7.28693E+05 4.240975 3.487082 3.494401 0.713601 0.826928 619.6421 0 2.38426E-08 3.57909 6.2175E-01 0.342923 0.0258283
7.57538E+05 4.241374 3.487124 3.494067 0.713863 0.826928 616.7525 0 2.36477E-08 3.57962 6.2091E-01 0.343463 0.0260791
7.57538E+05 4.241370 3.487124 3.494067 0.713863 0.852441 620.2062 0 2.39560E-08 3.57907 6.2091E-01 0.343463 0.0260791
7.86433E+05 4.241761 3.487136 3.493729 0.714127 0.87836 620.7690 0 2.41168E-08 3.57905 6.2007E-01 0.343993 0.0263349
8.15375E+05 4.242148 3.487067 3.493386 0.714393 0.904654 620.5032 0 2.41897E-08 3.57915 6.1921E-01 0.344522 0.026595
8.44362E+05 4.242533 3.487046 3.493039 0.714660 0.931275 621.0509 0 2.44041E-08 3.57913 6.1836E-01 0.345062 0.026859
8.73391E+05 4.242916 3.486821 3.492683 0.714928 0.958277 621.5959 0 2.49630E-08 3.57911 6.1750E-01 0.345592 0.027128
9.02460E+05 4.243322 3.486352 3.492549 0.715198 0.98564 622.1395 0 2.59541E-08 3.57909 6.1664E-01 0.346122 0.027401
9.31567E+05 4.243727 3.484830 3.492398 0.715469 1.0134 623.5262 0 2.92494E-08 3.57893 6.1577E-01 0.346652 0.0276778
9.60711E+05 4.240338 3.434230 3.456814 0.715741 1.04154 625.4528 0 3.15094E-06 3.57858 6.1490E-01 0.347182 0.0279587
9.89919E+05 4.235854 3.420546 3.409680 0.716044 1.07052 629.7851 0 4.05721E-06 3.57786 6.1402E-01 0.347712 0.0282453
1.01910E+06 4.228907 3.414358 3.336707 0.716369 1.10012 637.0755 0 4.69605E-06 3.57671 6.1312E-01 0.348251 0.0285387
1.04823E+06 4.221337 3.409721 3.253711 0.716752 1.13056 647.4221 0 5.35433E-06 3.57525 6.1221E-01 0.348791 0.0288421
1.07722E+06 4.212852 3.405683 3.156122 0.717198 1.16169 660.2782 0 6.10988E-06 3.57364 6.1129E-01 0.349331 0.0291523
1.10602E+06 4.203522 3.401057 3.041988 0.717740 1.1935 681.8827 0 7.20228E-06 3.5711 6.1035E-01 0.349881 0.0294714
1.13453E+06 4.193272 3.395873 2.906699 0.718409 1.22596 712.2058 0 8.78014E-06 3.56792 6.0940E-01 0.350431 0.0297996
1.16264E+06 4.181671 3.389188 2.738430 0.719251 1.25869 762.1246 0 1.15016E-05 3.56317 6.0845E-01 0.350971 0.0301346
1.19020E+06 4.167062 3.379516 2.498588 0.720349 1.2903 854.8294 0 1.74358E-05 3.5555 6.0750E-01 0.351511 0.0304727
1.21698E+06 4.147019 3.361434 2.092962 0.721815 1.31477 1017.9706 0 3.72480E-05 3.50158 6.0660E-01 0.352011 0.0308021
1.23588E+06 4.120730 3.334045 1.281231 0.722917 1.31477 1709.9486 0 2.31041E-04 3.39964 6.0592E-01 0.35238 0.0310571
1.24255E+06 4.119341 3.678338 0.724307 0.724307 1.31477 398.5045 0 1.95160E-12 3.61978 6.0592E-01 0.35238 0.0310571
0.00000E+00 4.147800 3.510958 4.000000 0.794700 0.352504 150.2292 1 2.84266E-10 3.49879 6.3504E-01 0.335046 0.0213934
7.32920E+03 4.186149 3.506536 3.999998 0.795845 0.352504 165.1825 1 6.95583E-10 3.49464 6.3504E-01 0.335046 0.0213934
7.32920E+03 4.190118 3.506063 3.999998 0.795845 0.353168 168.4288 1 8.10697E-10 3.49282 6.3504E-01 0.335046 0.0213934
1.51518E+04 4.226421 3.501787 3.999991 0.796676 0.353168 184.3000 1 1.89920E-09 3.48886 6.3495E-01 0.335116 0.0213968
1.51518E+04 4.230201 3.501305 3.999991 0.796676 0.354415 187.8046 1 2.20562E-09 3.48708 6.3495E-01 0.335116 0.0213968
2.35090E+04 4.267813 3.496731 3.999971 0.797419 0.356343 207.4300 1 5.49764E-09 3.48209 6.3482E-01 0.335236 0.0214057
3.24379E+04 4.302545 3.492527 3.999922 0.798083 0.359084 609.1151 0 1.31875E-08 3.58597 6.3465E-01 0.335376 0.0214211
4.19286E+04 4.331032 3.488996 3.999803 0.798671 0.359084 679.0472 0 2.68146E-08 3.58237 6.3445E-01 0.335556 0.021443
4.19286E+04 4.333956 3.488663 3.999803 0.798671 0.362637 694.6566 0 3.00915E-08 3.58086 6.3445E-01 0.335556 0.021443
5.19416E+04 4.359142 3.485488 3.999545 0.799185 0.362637 761.6012 0 5.49813E-08 3.57808 6.3420E-01 0.335756 0.0214727
5.19416E+04 4.361711 3.485169 3.999545 0.799185 0.36712 777.3710 0 6.10299E-08 3.5767 6.3420E-01 0.335756 0.0214727
6.24218E+04 4.383492 3.482422 3.999034 0.799628 0.36712 841.3240 0 1.02672E-07 3.57435 6.3392E-01 0.335985 0.0215104
6.24218E+04 4.385699 3.482128 3.999034 0.799628 0.372128 857.2499 0 1.12673E-07 3.57305 6.3392E-01 0.335985 0.0215104
7.33081E+04 4.405990 3.479591 3.998116 0.800006 0.377371 927.6030 0 1.85215E-07 3.57035 6.3360E-01 0.336233 0.0215573
8.45398E+04 4.422831 3.477454 3.996616 0.800327 0.38056 996.5948 0 2.91490E-07 3.56751 6.3326E-01 0.336508 0.0216132
9.60608E+04 4.436529 3.475657 3.994380 0.800598 0.378165 1051.7151 0 4.10894E-07 3.56566 6.3288E-01 0.336799 0.0216851
1.07821E+05 4.446512 3.474247 3.991225 0.800826 0.378165 1091.7032 0 5.35673E-07 3.56453 6.3247E-01 0.33709 0.0217754
1.07821E+05 4.447460 3.474128 3.991225 0.800826 0.369836 1103.1357 0 5.60675E-07 3.56373 6.3247E-01 0.33709 0.0217754
1.19779E+05 4.455990 3.472768 3.987057 0.801019 0.356703 1141.7262 0 7.09010E-07 3.56254 6.3203E-01 0.337401 0.0218796
1.31898E+05 4.461976 3.471675 3.981809 0.801183 0.356703 1167.4054 0 8.49655E-07 3.56194 6.3158E-01 0.337725 0.0219929
1.31898E+05 4.462487 3.471604 3.981809 0.801183 0.339806 1176.0471 0 8.76183E-07 3.56134 6.3158E-01 0.337725 0.0219929
1.44148E+05 4.466936 3.470577 3.975464 0.801323 0.339806 1194.3913 0 1.01045E-06 3.56103 6.3110E-01 0.33805 0.0221138
1.44148E+05 4.467275 3.470528 3.975464 0.801323 0.319821 1202.1878 0 1.03666E-06 3.56047 6.3110E-01 0.33805 0.0221138
1.56505E+05 4.470647 3.469616 3.968043 0.801444 0.293408 1222.0672 0 1.18727E-06 3.55983 6.3062E-01 0.338385 0.0222415
1.68951E+05 4.472853 3.468760 3.959572 0.801551 0.271834 1237.2182 0 1.33146E-06 3.55932 6.3012E-01 0.338732 0.0223807
1.81468E+05 4.474139 3.468028 3.950162 0.801645 0.271834 1243.4245 0 1.44199E-06 3.55933 6.2961E-01 0.339079 0.0225131
1.81468E+05 4.474115 3.468022 3.950162 0.801645 0.250831 1248.5221 0 1.46097E-06 3.55892 6.2961E-01 0.339079 0.0225131
1.94045E+05 4.474617 3.467427 3.939908 0.801732 0.230934 1256.6388 0 1.57062E-06 3.55859 6.2910E-01 0.339427 0.0226458
2.06672E+05 4.474510 3.466870 3.928911 0.801811 0.212778 1261.7748 0 1.66334E-06 3.55838 6.2859E-01 0.339785 0.0227799
2.19341E+05 4.474140 3.466386 3.917269 0.801885 0.212778 1261.6890 0 1.74312E-06 3.55851 6.2807E-01 0.340143 0.0229122
2.19341E+05 4.473921 3.466406 3.917269 0.801885 0.196597 1265.2472 0 1.75274E-06 3.55818 6.2807E-01 0.340143 0.0229122
2.32045E+05 4.472950 3.466053 3.905070 0.801957 0.182542 1267.1860 0 1.81670E-06 3.55802 6.2754E-01 0.340512 0.0230439
2.44780E+05 4.471971 3.465675 3.892404 0.802025 0.182542 1264.8493 0 1.87095E-06 3.55821 6.2702E-01 0.34088 0.0231741
2.44780E+05 4.471680 3.465704 3.892404 0.802025 0.170647 1267.9607 0 1.87527E-06 3.55789 6.2702E-01 0.34088 0.0231741
2.57541E+05 4.470492 3.465308 3.879330 0.802093 0.170647 1264.7898 0 1.92835E-06 3.5581 6.2649E-01 0.341249 0.023303
2.57541E+05 4.470175 3.465341 3.879330 0.802093 0.160845 1267.6849 0 1.93184E-06 3.5578 6.2649E-01 0.341249 0.023303
2.70327E+05 4.468486 3.465063 3.865905 0.802160 0.153085 1266.9993 0 1.96960E-06 3.5577 6.2596E-01 0.341629 0.0234294
2.83134E+05 4.467007 3.464850 3.852184 0.802228 0.153085 1262.6650 0 2.00174E-06 3.55794 6.2543E-01 0.341998 0.0235563
2.83134E+05 4.466656 3.464888 3.852184 0.802228 3.33997 1265.3007 0 2.00107E-06 3.55764 6.2543E-01 0.341998 0.0235563
2.95960E+05 4.450248 3.393451 3.746357 0.802527 3.69934 1441.5081 0 5.45430E-05 3.55849 3.4525E-01 0.62088 0.0221505
3.08893E+05 4.429571 3.434828 3.590497 0.804498 4.37665 873.1748 0 1.87334E-05 3.60626 3.4494E-01 0.62104 0.0222666
3.22192E+05 4.403502 3.430584 3.399592 0.804881 5.05362 867.8927 0 2.26787E-05 3.60476 3.4441E-01 0.62128 0.0225082
3.35486E+05 4.374385 3.425061 3.163607 0.805279 5.70862 878.2945 0 2.87139E-05 3.60214 3.4382E-01 0.62153 0.0227765
3.48681E+05 4.340897 3.416163 2.847373 0.805900 6.33593 933.2761 0 4.18689E-05 3.59634 3.4322E-01 0.62179 0.0230663
3.61648E+05 4.295410 3.396742 2.283199 0.806986 6.86717 1076.7062 0 9.31835E-05 3.56189 3.4259E-01 0.62204 0.023376
3.69868E+05 4.254816 3.371716 1.452967 0.807251 6.86717 1268.3550 0 3.59977E-04 3.45393 3.4203E-01 0.62224 0.0236698
3.74157E+05 4.250159 3.614469 0.828383 0.809346 6.86717 404.4649 0 2.02801E-08 3.6373 3.4203E-01 0.62224 0.0236698
3.74328E+05 4.196407 3.603891 0.828383 0.809346 6.86717 387.2832 0 2.59145E-08 3.62872 3.4203E-01 0.62224 0.0236698
0.00000E+00 4.252700 3.510194 4.500000 0.828500 0.356826 169.4871 1 6.02660E-10 3.49903 6.1504E-01 0.355041 0.021374
5.41009E+03 4.293111 3.505522 4.499996 0.829613 0.356826 187.3297 1 1.54944E-09 3.49464 6.1504E-01 0.355041 0.021374
5.41009E+03 4.297363 3.505025 4.499996 0.829613 0.357309 191.1950 1 1.82174E-09 3.49275 6.1504E-01 0.355041 0.021374
1.11683E+04 4.337087 3.500317 4.499984 0.830466 0.357309 211.0769 1 4.63734E-09 3.48836 6.1497E-01 0.355091 0.0213769
1.11683E+04 4.341263 3.499803 4.499984 0.830466 0.358277 215.4463 1 5.45625E-09 3.48644 6.1497E-01 0.355091 0.0213769
1.72857E+04 4.383648 3.494703 4.499947 0.831242 0.359861 659.5893 0 1.52222E-08 3.58987 6.1488E-01 0.355171 0.0213829
2.37858E+04 4.423826 3.489746 4.499837 0.831949 0.361235 779.6593 0 4.36397E-08 3.58341 6.1476E-01 0.35528 0.0213945
3.06689E+04 4.461068 3.485204 4.499535 0.832587 0.355155 905.4614 0 1.11577E-07 3.57797 6.1460E-01 0.355414 0.0214169
3.79190E+04 4.494777 3.480913 4.498769 0.833159 0.336094 1031.8461 0 2.56508E-07 3.5735 6.1438E-01 0.355565 0.0214666
4.55094E+04 4.521833 3.477352 4.496989 0.833666 0.336094 1143.2472 0 5.11697E-07 3.57017 6.1413E-01 0.355736 0.0215445
4.55094E+04 4.524545 3.477007 4.496989 0.833666 0.302856 1168.4574 0 5.72085E-07 3.56869 6.1413E-01 0.355736 0.0215445
5.34085E+04 4.550062 3.473432 4.493216 0.834113 0.252964 1294.4644 0 1.13053E-06 3.56501 6.1382E-01 0.355918 0.0216463
6.15825E+04 4.569317 3.470463 4.485945 0.834504 0.252964 1387.6461 0 1.87780E-06 3.56307 6.1348E-01 0.356132 0.0217736
6.15825E+04 4.571097 3.470249 4.485945 0.834504 0.203803 1409.4028 0 2.03014E-06 3.56198 6.1348E-01 0.356132 0.0217736
6.99989E+04 4.587459 3.467599 4.473332 0.834844 0.156212 1506.2764 0 3.23375E-06 3.55972 6.1310E-01 0.356367 0.0219019
7.86278E+04 4.598383 3.465563 4.453600 0.835139 0.156212 1576.4368 0 4.60738E-06 3.55829 6.1269E-01 0.356623 0.0220322
7.86278E+04 4.599062 3.465493 4.453600 0.835139 0.11131 1589.5894 0 4.78648E-06 3.55764 6.1269E-01 0.356623 0.0220322
8.74432E+04 4.605880 3.463966 4.425655 0.835393 0.11131 1642.0924 0 6.20559E-06 3.55664 6.1227E-01 0.35691 0.0221648
8.74432E+04 4.605998 3.463968 4.425655 0.835393 0.0853038 1649.9967 0 6.30620E-06 3.55619 6.1227E-01 0.35691 0.0221648
9.64232E+04 4.608676 3.462715 4.389651 0.835614 0.070915 1692.6768 0 7.71172E-06 3.55499 6.1182E-01 0.357227 0.0222771
1.05549E+05 4.607758 3.461876 4.346760 0.835804 0.0643515 1716.8486 0 8.80518E-06 3.55416 6.1136E-01 0.357566 0.0223788
1.14803E+05 4.604000 3.461317 4.298572 0.835968 0.061964 1727.0865 0 9.51369E-06 3.55353 6.1088E-01 0.357924 0.0224748
1.24171E+05 4.598175 3.460881 4.246900 0.836111 0.0615645 1725.6808 0 9.92575E-06 3.55314 6.1040E-01 0.358293 0.0225707
1.33638E+05 4.590934 3.460749 4.193226 0.836235 0.0616461 1711.3686 0 9.88560E-06 3.55318 6.0990E-01 0.358663 0.0226676
1.43192E+05 4.582786 3.460264 4.138663 0.836345 0.0629654 1704.4607 0 1.01124E-05 3.55261 6.0940E-01 0.359042 0.0227682
1.52819E+05 4.575675 3.460035 4.083963 0.836443 0.0629654 1690.8036 0 1.02089E-05 3.55271 6.0889E-01 0.359422 0.0228711
1.52819E+05 4.574110 3.460247 4.083963 0.836443 0.0645955 1682.6112 0 9.79464E-06 3.55279 6.0889E-01 0.359422 0.0228711
1.62509E+05 4.566732 3.459824 4.029574 0.836532 0.0645955 1673.1740 0 1.00593E-05 3.55259 6.0838E-01 0.359802 0.0229778
1.62509E+05 4.565167 3.460033 4.029574 0.836532 0.0665891 1664.8620 0 9.65797E-06 3.55269 6.0838E-01 0.359802 0.0229778
1.72251E+05 4.556131 3.459823 3.975703 0.836615 0.0682959 1647.1149 0 9.51123E-06 3.55258 6.0787E-01 0.360181 0.0230872
1.82036E+05 4.547112 3.459627 3.922413 0.836695 0.0714816 1629.8013 0 9.36357E-06 3.55246 6.0735E-01 0.360561 0.0232013
1.91857E+05 4.538175 3.459247 3.869645 0.836774 0.0751631 1619.0280 0 9.42229E-06 3.55198 6.0683E-01 0.360941 0.0233154
2.01705E+05 4.530804 3.459039 3.817249 0.836854 0.0751631 1604.7985 0 9.45900E-06 3.55211 6.0631E-01 0.361311 0.0234323
2.01705E+05 4.529348 3.459199 3.817249 0.836854 0.0796123 1598.1018 0 9.15400E-06 3.55216 6.0631E-01 0.361311 0.0234323
2.11576E+05 4.520637 3.458787 3.765012 0.836938 0.0850141 1588.6470 0 9.28148E-06 3.55168 6.0579E-01 0.361681 0.0235517
2.21463E+05 4.512034 3.458683 3.712691 0.837028 0.0912138 1570.6591 0 9.11912E-06 3.55179 6.0527E-01 0.362051 0.0236718
2.31362E+05 4.504902 3.458257 3.659992 0.837125 0.0912138 1563.9003 0 9.43069E-06 3.55158 6.0475E-01 0.362421 0.0237946
2.31362E+05 4.503518 3.458385 3.659992 0.837125 0.0987289 1558.8336 0 9.18147E-06 3.55156 6.0475E-01 0.362421 0.0237946
2.41268E+05 4.495058 3.457895 3.606568 0.837233 0.107769 1553.9528 0 9.47310E-06 3.55094 6.0423E-01 0.362791 0.023919
2.51176E+05 4.486615 3.457680 3.552016 0.837353 0.118572 1540.4227 0 9.51257E-06 3.55093 6.0371E-01 0.363161 0.0240432
2.61083E+05 4.478142 3.457087 3.495868 0.837488 0.13106 1538.4611 0 9.99243E-06 3.55022 6.0319E-01 0.363521 0.0241699
2.70984E+05 4.469585 3.456602 3.437555 0.837640 0.145006 1533.3098 0 1.04177E-05 3.54978 6.0266E-01 0.363891 0.0242954
2.80875E+05 4.460874 3.456259 3.376344 0.837813 0.15959 1526.1299 0 1.07630E-05 3.54952 6.0214E-01 0.364251 0.0244231
2.90749E+05 4.451912 3.455442 3.311229 0.838011 0.174649 1531.0383 0 1.17645E-05 3.54854 6.0160E-01 0.364621 0.0245536
3.00601E+05 4.442571 3.454733 3.240806 0.838238 0.190183 1534.3635 0 1.28257E-05 3.54773 6.0106E-01 0.364991 0.0246876
3.10422E+05 4.434296 3.454030 3.162960 0.838500 0.190183 1538.3782 0 1.41828E-05 3.54738 6.0052E-01 0.365371 0.024826
3.10422E+05 4.432664 3.454105 3.162960 0.838500 0.206151 1536.3223 0 1.40001E-05 3.5471 6.0052E-01 0.365371 0.024826
3.20204E+05 4.423682 3.452997 3.074241 0.838805 0.206151 1551.2699 0 1.63719E-05 3.54621 5.9996E-01 0.365741 0.0249688
3.20204E+05 4.421894 3.453048 3.074241 0.838805 0.222618 1549.8648 0 1.62297E-05 3.54585 5.9996E-01 0.365741 0.0249688
3.29930E+05 4.409731 3.451671 2.968312 0.839166 0.239569 1575.6257 0 2.00256E-05 3.54404 5.9940E-01 0.366121 0.0251161
3.39581E+05 4.395038 3.449555 2.831045 0.839600 0.257003 1621.6819 0 2.78586E-05 3.54138 5.9884E-01 0.366491 0.0252682
3.49125E+05 4.374933 3.445923 2.623718 0.840100 0.274256 1720.8308 0 5.11231E-05 3.5367 5.9827E-01 0.366871 0.025425
3.58500E+05 4.324843 3.432087 1.926831 0.840829 0.285104 1989.2691 0 1.95959E-04 3.46249 5.9772E-01 0.367221 0.0255822
3.61949E+05 4.294842 3.429780 1.572102 0.840788 0.285104 2013.4437 0 1.61394E-04 3.41703 5.9739E-01 0.367431 0.0256805
3.67626E+05 4.298760 3.572164 0.879331 0.842630 0.285104 731.2811 0 8.94279E-05 3.57715 5.9739E-01 0.367431 0.0256805
3.69040E+05 4.234324 3.572891 0.842679 0.842679 0.285104 137.5040 0 8.57005E-05 3.75238 5.9739E-01 0.367431 0.0256805
0.00000E+00 4.233200 3.522130 5.000000 0.859900 0.354244 140.0261 1 7.36989E-11 3.51417 6.0007E-01 0.370051 0.0213462
4.05609E+03 4.285280 3.516355 5.000000 0.860723 0.354244 159.0020 1 2.45181E-10 3.50879 6.0007E-01 0.370051 0.0213462
4.05609E+03 4.290795 3.515727 5.000000 0.860723 0.354527 163.0193 1 3.01500E-10 3.50656 6.0007E-01 0.370051 0.0213462
8.32202E+03 4.341617 3.509958 4.999998 0.861363 0.354527 184.7780 1 9.82583E-10 3.50113 6.0003E-01 0.370081 0.0213473
8.32202E+03 4.347014 3.509363 4.999998 0.861363 0.355051 189.4708 1 1.20185E-09 3.49885 6.0003E-01 0.370081 0.0213473
1.28141E+04 4.401548 3.502985 4.999990 0.861950 0.35592 218.5331 1 4.44857E-09 3.49182 5.9998E-01 0.370131 0.0213504
1.75521E+04 4.454044 3.496721 4.999961 0.862491 0.35513 708.0062 0 1.73253E-08 3.59271 5.9990E-01 0.3702 0.0213573
2.25406E+04 4.503948 3.490632 4.999852 0.862987 0.342755 864.6361 0 6.09222E-08 3.58546 5.9979E-01 0.370284 0.0213748
2.77729E+04 4.546273 3.485418 4.999474 0.863439 0.342755 1008.7857 0 1.67039E-07 3.58082 5.9964E-01 0.370376 0.0214214
2.77729E+04 4.550714 3.484839 4.999474 0.863439 0.31476 1041.7830 0 1.99199E-07 3.57875 5.9964E-01 0.370376 0.0214214
3.32354E+04 4.589751 3.479837 4.998258 0.863848 0.31476 1199.9394 0 5.11031E-07 3.57457 5.9945E-01 0.370489 0.0214928
3.32354E+04 4.593813 3.479298 4.998258 0.863848 0.26598 1236.2921 0 6.02602E-07 3.57264 5.9945E-01 0.370489 0.0214928
3.89101E+04 4.632629 3.474246 4.994680 0.864217 0.212494 1432.6821 0 1.59164E-06 3.56783 5.9922E-01 0.370622 0.0215914
4.47777E+04 4.666274 3.469820 4.985275 0.864549 0.158464 1642.6306 0 3.98655E-06 3.56288 5.9896E-01 0.370767 0.0216947
5.08197E+04 4.691102 3.466414 4.963609 0.864845 0.158464 1801.1433 0 7.64963E-06 3.56033 5.9867E-01 0.370943 0.0217992
5.08197E+04 4.693153 3.466220 4.963609 0.864845 0.115445 1829.9249 0 8.30618E-06 3.55928 5.9867E-01 0.370943 0.0217992
5.70214E+04 4.710295 3.463576 4.920951 0.865111 0.115445 1965.7554 0 1.39785E-05 3.55719 5.9836E-01 0.37115 0.0218918
5.70214E+04 4.711087 3.463549 4.920951 0.865111 0.0915397 1981.2637 0 1.44829E-05 3.55661 5.9836E-01 0.37115 0.0218918
6.33737E+04 4.719004 3.461547 4.850530 0.865347 0.0915397 2082.5731 0 2.13478E-05 3.55484 5.9803E-01 0.371398 0.0219625
6.33737E+04 4.718338 3.461699 4.850530 0.865347 0.082257 2080.4764 0 2.09876E-05 3.55477 5.9803E-01 0.371398 0.0219625
6.98736E+04 4.715058 3.460454 4.752951 0.865557 0.0792183 2126.9046 0 2.59013E-05 3.55344 5.9769E-01 0.371676 0.0220174
7.65207E+04 4.703835 3.459429 4.636952 0.865743 0.0756753 2138.7376 0 2.90637E-05 3.55211 5.9734E-01 0.371965 0.0220681
8.33118E+04 4.687898 3.458752 4.512344 0.865904 0.0722069 2120.4402 0 3.00195E-05 3.55121 5.9697E-01 0.372264 0.0221244
9.02380E+04 4.669660 3.458655 4.386195 0.866044 0.0695975 2070.7574 0 2.82837E-05 3.5513 5.9659E-01 0.372564 0.0221851
9.72853E+04 4.650519 3.458021 4.262086 0.866164 0.0681556 2041.1053 0 2.82497E-05 3.55029 5.9620E-01 0.372863 0.0222497
1.04437E+05 4.631232 3.457735 4.141367 0.866268 0.0678345 1997.0061 0 2.69596E-05 3.54997 5.9581E-01 0.373173 0.0223166
1.11674E+05 4.612160 3.457442 4.024101 0.866360 0.068699 1954.6259 0 2.58311E-05 3.54967 5.9542E-01 0.373482 0.0223873
1.18979E+05 4.593452 3.457136 3.909669 0.866445 0.0705655 1916.1110 0 2.49654E-05 3.54932 5.9502E-01 0.373782 0.0224607
1.26336E+05 4.575094 3.456765 3.796858 0.866528 0.0736161 1882.2905 0 2.44947E-05 3.54888 5.9462E-01 0.374092 0.022536
1.33728E+05 4.556971 3.456259 3.683968 0.866616 3.48459 1854.0461 0 2.45863E-05 3.5483 5.9422E-01 0.374392 0.0226143
1.41140E+05 4.529890 3.381730 3.514116 0.866758 3.50784 2046.0827 0 1.37161E-04 3.5483 3.7583E-01 0.5935 0.0211217
1.48575E+05 4.482679 3.409582 3.180213 0.867976 3.95815 1397.4572 0 6.60157E-05 3.5823 3.7558E-01 0.59365 0.0212117
1.56151E+05 4.428003 3.400181 2.719966 0.868452 4.425 1478.3900 0 9.89672E-05 3.57584 3.7516E-01 0.59388 0.0213655
1.63570E+05 4.357921 3.379047 1.784262 0.869266 4.61106 1603.6909 0 2.93342E-04 3.48441 3.7470E-01 0.59412 0.0215361
1.65178E+05 4.317393 3.379239 1.531770 0.869036 4.61106 1692.9398 0 3.45434E-04 3.43809 3.7453E-01 0.59421 0.0216087
1.70581E+05 4.339939 3.631846 0.891186 0.871898 4.61106 425.4381 0 2.84560E-09 3.64673 3.7453E-01 0.59421 0.0216087
1.70673E+05 4.339021 3.630441 0.891186 0.871898 4.61106 427.9446 0 2.99320E-09 3.64584 3.7453E-01 0.59421 0.0216087
