# age(yr) logL logTe m_act mcore c/o period ip Mdot(Msun/yr) logTe X Y CNO dlogTe/dlogL 
 1.1000 3 # agb_1.10_Z0.00600000_Mdot51_eta1.00_Mc0.00_dMc0.00_Tbd6.40_L0.00_dL0.00_C0.00_Nr3.00_rates0_KOPv_KMOLv.dat 
0.0000e+00 3.2275 3.5609 1.10000 0.52746 0.4300 3.8401e+01 1 5.6234e-07 3.5609 7.114000e-01 2.825060e-01 4.072623e-03 -0.1027 
1.5163e+05 3.4155 3.5227 0.84354 0.53014 0.4300 1.7304e+02 0 3.1477e-06 3.5227 7.114000e-01 2.825060e-01 4.072623e-03 -0.1157 
2.5469e+05 3.4819 3.5841 0.53720 0.53176 0.4300 1.7398e+02 0 2.0184e-05 3.5841 7.114000e-01 2.825060e-01 4.072623e-03 999.0000 
 1.1500 3 # agb_1.15_Z0.00600000_Mdot51_eta1.00_Mc0.00_dMc0.00_Tbd6.40_L0.00_dL0.00_C0.00_Nr3.00_rates0_KOPv_KMOLv.dat 
0.0000e+00 3.2410 3.5619 1.15000 0.52776 0.4189 3.8183e+01 1 5.6105e-07 3.5619 7.110000e-01 2.829250e-01 4.076312e-03 -0.1018 
1.5056e+05 3.4256 3.5260 0.92123 0.53046 0.4189 1.5870e+02 0 2.6977e-06 3.5260 7.110000e-01 2.829250e-01 4.076312e-03 -0.1140 
2.6781e+05 3.5047 3.5829 0.53825 0.53260 0.4189 1.8473e+02 0 2.1777e-05 3.5829 7.110000e-01 2.829250e-01 4.076312e-03 999.0000 
 1.2000 3 # agb_1.20_Z0.00600000_Mdot51_eta1.00_Mc0.00_dMc0.00_Tbd6.40_L0.00_dL0.00_C0.00_Nr3.00_rates0_KOPv_KMOLv.dat 
0.0000e+00 3.3054 3.5573 1.20000 0.53062 0.4089 4.3487e+01 1 7.3790e-07 3.5573 7.111000e-01 2.828520e-01 4.079036e-03 -0.1040 
1.4655e+05 3.4554 3.5241 0.95389 0.53348 0.4089 1.6719e+02 0 2.9992e-06 3.5241 7.111000e-01 2.828520e-01 4.079036e-03 -0.1139 
2.5921e+05 3.5347 3.5840 0.54107 0.53571 0.4089 1.9477e+02 0 2.3335e-05 3.5840 7.111000e-01 2.828520e-01 4.079036e-03 999.0000 
 1.2500 3 # agb_1.25_Z0.00600000_Mdot51_eta1.00_Mc0.00_dMc0.00_Tbd6.40_L0.00_dL0.00_C0.00_Nr3.00_rates0_KOPv_KMOLv.dat 
0.0000e+00 3.3131 3.5588 1.25000 0.53085 0.4017 4.2729e+01 1 7.1945e-07 3.5588 7.118000e-01 2.821930e-01 4.081756e-03 -0.1029 
1.4594e+05 3.4627 3.5277 1.02757 0.53374 0.4017 1.5393e+02 0 2.6002e-06 3.5277 7.118000e-01 2.821930e-01 4.081756e-03 -0.1124 
2.7379e+05 3.5494 3.5827 0.54219 0.53660 0.4017 2.0315e+02 0 2.4099e-05 3.5827 7.118000e-01 2.821930e-01 4.081756e-03 999.0000 
 1.3000 3 # agb_1.30_Z0.00600000_Mdot51_eta1.00_Mc0.00_dMc0.00_Tbd6.40_L0.00_dL0.00_C0.00_Nr3.00_rates0_KOPv_KMOLv.dat 
0.0000e+00 3.2752 3.5652 1.30000 0.53184 0.3964 3.7276e+01 1 5.5335e-07 3.5652 7.129000e-01 2.810520e-01 4.083590e-03 -0.1002 
1.4413e+05 3.4501 3.5350 1.11930 0.53460 0.3964 6.9139e+01 1 1.9907e-06 3.5350 7.129000e-01 2.810520e-01 4.083590e-03 -0.1097 
2.9398e+05 3.5484 3.5834 0.54380 0.53833 0.3964 2.0094e+02 0 2.4044e-05 3.5834 7.129000e-01 2.810520e-01 4.083590e-03 999.0000 
 1.3500 3 # agb_1.35_Z0.00600000_Mdot51_eta1.00_Mc0.00_dMc0.00_Tbd6.40_L0.00_dL0.00_C0.00_Nr3.00_rates0_KOPv_KMOLv.dat 
0.0000e+00 3.3890 3.5548 1.35000 0.53480 0.3890 4.8616e+01 1 9.5280e-07 3.5548 7.139000e-01 2.800170e-01 4.085431e-03 -0.1051 
1.3989e+05 3.5027 3.5279 1.11944 0.53784 0.3890 1.5550e+02 0 2.8119e-06 3.5279 7.139000e-01 2.800170e-01 4.085431e-03 -0.1116 
2.7561e+05 3.5871 3.5853 0.54660 0.54144 0.3890 2.1443e+02 0 2.6303e-05 3.5853 7.139000e-01 2.800170e-01 4.085431e-03 999.0000 
 1.4000 4 # agb_1.40_Z0.00600000_Mdot51_eta1.00_Mc0.00_dMc0.00_Tbd6.40_L0.00_dL0.00_C0.00_Nr3.00_rates0_KOPv_KMOLv.dat 
0.0000e+00 3.2974 3.5672 1.40000 0.53421 0.3809 3.6856e+01 1 5.5463e-07 3.5672 7.142000e-01 2.797820e-01 4.088039e-03 -0.0991 
1.4003e+05 3.4698 3.5392 1.23894 0.53699 0.3809 6.5984e+01 1 1.7906e-06 3.5392 7.142000e-01 2.797820e-01 4.088039e-03 -0.1076 
3.1122e+05 3.5336 3.5209 0.59531 0.54182 0.3809 3.1329e+02 0 1.6866e-05 3.5209 7.142000e-01 2.797820e-01 4.088039e-03 -0.1226 
3.1659e+05 3.3593 3.5912 0.54718 0.54183 0.3809 1.2210e+02 0 8.6298e-06 3.5912 7.142000e-01 2.797820e-01 4.088039e-03 999.0000 
 1.4500 4 # agb_1.45_Z0.00600000_Mdot51_eta1.00_Mc0.00_dMc0.00_Tbd6.40_L0.00_dL0.00_C0.00_Nr3.00_rates0_KOPv_KMOLv.dat 
0.0000e+00 3.3263 3.5663 1.45000 0.53743 0.3735 3.8409e+01 1 6.1094e-07 3.5663 7.144000e-01 2.795550e-01 4.090927e-03 -0.0996 
1.3598e+05 3.4860 3.5398 1.28530 0.54028 0.3735 6.6409e+01 1 1.8450e-06 3.5398 7.144000e-01 2.795550e-01 4.090927e-03 -0.1081 
3.0188e+05 3.5515 3.5039 0.66130 0.54521 0.3735 3.4531e+02 0 1.2445e-05 3.5039 7.144000e-01 2.795550e-01 4.090927e-03 -0.1228 
3.3639e+05 3.2232 3.5990 0.55080 0.54533 0.3735 8.3570e+01 0 3.6475e-06 3.5990 7.144000e-01 2.795550e-01 4.090927e-03 999.0000 
 1.5000 4 # agb_1.50_Z0.00600000_Mdot51_eta1.00_Mc0.00_dMc0.00_Tbd6.40_L0.00_dL0.00_C0.00_Nr3.00_rates0_KOPv_KMOLv.dat 
0.0000e+00 3.4273 3.5571 1.50000 0.53634 0.3650 4.8595e+01 1 9.8401e-07 3.5571 7.139000e-01 2.801240e-01 4.093315e-03 -0.1034 
1.3763e+05 3.5175 3.5372 1.31444 0.53945 0.3650 7.0904e+01 1 2.0941e-06 3.5372 7.139000e-01 2.801240e-01 4.093315e-03 -0.1073 
3.0678e+05 3.5791 3.5064 0.62848 0.54486 0.3650 3.7571e+02 0 1.0280e-05 3.5064 7.139000e-01 2.801240e-01 4.093315e-03 -0.1234 
3.1910e+05 3.2626 3.5979 0.55002 0.54486 0.3650 9.2309e+01 0 4.6026e-06 3.5979 7.139000e-01 2.801240e-01 4.093315e-03 999.0000 
 1.5500 4 # agb_1.55_Z0.00600000_Mdot51_eta1.00_Mc0.00_dMc0.00_Tbd6.40_L0.00_dL0.00_C0.00_Nr3.00_rates0_KOPv_KMOLv.dat 
0.0000e+00 3.2317 3.5796 1.55000 0.52631 0.3678 2.8324e+01 1 3.5156e-07 3.5796 7.115000e-01 2.825020e-01 4.090082e-03 -0.0929 
1.5161e+05 3.4139 3.5561 1.44515 0.52895 0.3678 4.8685e+01 1 9.7499e-07 3.5561 7.115000e-01 2.825020e-01 4.090082e-03 -0.0992 
3.3233e+05 3.4873 3.5361 1.22632 0.53338 0.3678 7.0098e+01 1 2.0370e-06 3.5361 7.115000e-01 2.825020e-01 4.090082e-03 -0.1056 
5.1425e+05 3.5784 3.5840 0.54422 0.53887 0.3678 2.1360e+02 0 2.5763e-05 3.5840 7.115000e-01 2.825020e-01 4.090082e-03 999.0000 
 1.6000 4 # agb_1.60_Z0.00600000_Mdot51_eta1.00_Mc0.00_dMc0.00_Tbd6.40_L0.00_dL0.00_C0.00_Nr3.00_rates0_KOPv_KMOLv.dat 
0.0000e+00 3.3656 3.5679 1.60000 0.52726 0.3666 3.8788e+01 1 6.4714e-07 3.5679 7.107000e-01 2.832720e-01 4.089059e-03 -0.0977 
1.4980e+05 3.4704 3.5505 1.46750 0.53023 0.3666 5.5802e+01 1 1.3062e-06 3.5505 7.107000e-01 2.832720e-01 4.089059e-03 -0.0994 
3.3233e+05 3.5332 3.5266 1.16841 0.53532 0.3666 1.6208e+02 0 3.0620e-06 3.5266 7.107000e-01 2.832720e-01 4.089059e-03 -0.1089 
4.8957e+05 3.6076 3.5843 0.54538 0.54006 0.3666 2.2683e+02 0 2.7542e-05 3.5843 7.107000e-01 2.832720e-01 4.089059e-03 999.0000 
 1.6500 4 # agb_1.65_Z0.00600000_Mdot51_eta1.00_Mc0.00_dMc0.00_Tbd6.40_L0.00_dL0.00_C0.00_Nr3.00_rates0_KOPv_KMOLv.dat 
0.0000e+00 3.3711 3.5691 1.65000 0.52298 0.3660 3.8229e+01 1 6.3680e-07 3.5691 7.104000e-01 2.835450e-01 4.087120e-03 -0.0967 
1.5572e+05 3.4613 3.5542 1.52752 0.52595 0.3660 5.2334e+01 1 1.1668e-06 3.5542 7.104000e-01 2.835450e-01 4.087120e-03 -0.0976 
3.4552e+05 3.5219 3.5341 1.27316 0.53103 0.3660 7.4323e+01 1 2.3605e-06 3.5341 7.104000e-01 2.835450e-01 4.087120e-03 -0.1039 
5.3680e+05 3.6002 3.5851 0.54231 0.53716 0.3660 2.2278e+02 0 2.7102e-05 3.5851 7.104000e-01 2.835450e-01 4.087120e-03 999.0000 
 1.7000 4 # agb_1.70_Z0.00600000_Mdot51_eta1.00_Mc0.00_dMc0.00_Tbd6.40_L0.00_dL0.00_C0.00_Nr3.00_rates0_KOPv_KMOLv.dat 
0.0000e+00 3.4216 3.5655 1.70000 0.51774 0.3666 4.2417e+01 1 7.8886e-07 3.5655 7.095000e-01 2.844220e-01 4.085602e-03 -0.0973 
1.6406e+05 3.4634 3.5559 1.57486 0.52085 0.3666 5.1085e+01 1 1.1272e-06 3.5559 7.095000e-01 2.844220e-01 4.085602e-03 -0.0953 
3.6381e+05 3.5232 3.5368 1.32696 0.52614 0.3666 7.1543e+01 1 2.1878e-06 3.5368 7.095000e-01 2.844220e-01 4.085602e-03 -0.1022 
5.7962e+05 3.5949 3.5842 0.53839 0.53316 0.3666 2.2326e+02 0 2.6792e-05 3.5842 7.095000e-01 2.844220e-01 4.085602e-03 999.0000 
 1.7500 5 # agb_1.75_Z0.00600000_Mdot51_eta1.00_Mc0.00_dMc0.00_Tbd6.40_L0.00_dL0.00_C0.00_Nr3.00_rates0_KOPv_KMOLv.dat 
0.0000e+00 3.3566 3.5742 1.75000 0.51698 0.3665 3.4823e+01 1 5.4954e-07 3.5742 7.095000e-01 2.844220e-01 4.085600e-03 -0.0934 
1.6377e+05 3.4435 3.5611 1.64744 0.51987 0.3665 4.6324e+01 1 9.4406e-07 3.5611 7.095000e-01 2.844220e-01 4.085600e-03 -0.0936 
3.6419e+05 3.4987 3.5463 1.45440 0.52482 0.3665 6.0880e+01 1 1.5776e-06 3.5463 7.095000e-01 2.844220e-01 4.085600e-03 -0.0982 
5.9531e+05 3.5516 3.5097 0.94805 0.53222 0.3665 2.3699e+02 0 6.0534e-06 3.5097 7.095000e-01 2.844220e-01 4.085600e-03 -0.1095 
7.1216e+05 3.5490 3.5816 0.54032 0.53457 0.3665 2.0559e+02 0 2.4099e-05 3.5816 7.095000e-01 2.844220e-01 4.085600e-03 999.0000 
 1.8000 8 # agb_1.80_Z0.00600000_Mdot51_eta1.00_Mc0.00_dMc0.00_Tbd6.40_L0.00_dL0.00_C0.00_Nr3.00_rates0_KOPv_KMOLv.dat 
0.0000e+00 3.0392 3.6043 1.80000 0.48404 0.3697 1.5397e+01 1 1.2794e-07 3.6043 7.085000e-01 2.853960e-01 4.082943e-03 -0.0835 
2.2525e+05 3.1550 3.5930 1.76291 0.48565 0.3697 2.0893e+01 1 2.2029e-07 3.5930 7.085000e-01 2.853960e-01 4.082943e-03 -0.0831 
4.7362e+05 3.2228 3.5853 1.71829 0.48788 0.3697 2.5357e+01 1 3.0690e-07 3.5853 7.085000e-01 2.853960e-01 4.082943e-03 -0.0837 
7.5963e+05 3.2662 3.5789 1.65153 0.49122 0.3697 2.9367e+01 1 3.9264e-07 3.5789 7.085000e-01 2.853960e-01 4.082943e-03 -0.0846 
1.0730e+06 3.3124 3.5706 1.55198 0.49584 0.3697 3.5045e+01 1 5.3088e-07 3.5706 7.085000e-01 2.853960e-01 4.082943e-03 -0.0864 
1.4002e+06 3.3640 3.5586 1.39775 0.50175 0.3697 4.4360e+01 1 8.0724e-07 3.5586 7.085000e-01 2.853960e-01 4.082943e-03 -0.0900 
1.7259e+06 3.4171 3.5378 1.12350 0.50884 0.3697 6.3644e+01 1 1.6482e-06 3.5378 7.085000e-01 2.853960e-01 4.082943e-03 -0.0961 
1.9742e+06 3.4884 3.5804 0.51999 0.51420 0.3697 1.8786e+02 0 2.0941e-05 3.5804 7.085000e-01 2.853960e-01 4.082943e-03 999.0000 
 1.8500 6 # agb_1.85_Z0.00600000_Mdot51_eta1.00_Mc0.00_dMc0.00_Tbd6.40_L0.00_dL0.00_C0.00_Nr3.00_rates0_KOPv_KMOLv.dat 
0.0000e+00 3.1790 3.5939 1.85000 0.49811 0.3673 2.1170e+01 1 2.2909e-07 3.5939 7.078000e-01 2.861730e-01 4.081835e-03 -0.0864 
1.9602e+05 3.2992 3.5809 1.79613 0.50033 0.3673 2.9450e+01 1 4.0926e-07 3.5809 7.078000e-01 2.861730e-01 4.081835e-03 -0.0855 
4.2537e+05 3.3608 3.5720 1.71169 0.50386 0.3673 3.6065e+01 1 5.8076e-07 3.5720 7.078000e-01 2.861730e-01 4.081835e-03 -0.0878 
6.8995e+05 3.4145 3.5609 1.57131 0.50925 0.3673 4.5059e+01 1 8.5901e-07 3.5609 7.078000e-01 2.861730e-01 4.081835e-03 -0.0908 
9.7485e+05 3.4687 3.5429 1.32070 0.51648 0.3673 6.2045e+01 1 1.5740e-06 3.5429 7.078000e-01 2.861730e-01 4.081835e-03 -0.0968 
1.2438e+06 3.5433 3.5819 0.52989 0.52438 0.3673 2.0604e+02 0 2.3768e-05 3.5819 7.078000e-01 2.861730e-01 4.081835e-03 999.0000 
 1.9000 7 # agb_1.90_Z0.00600000_Mdot51_eta1.00_Mc0.00_dMc0.00_Tbd6.40_L0.00_dL0.00_C0.00_Nr3.00_rates0_KOPv_KMOLv.dat 
0.0000e+00 3.1391 3.5990 1.90000 0.50027 0.3675 1.8695e+01 1 1.8880e-07 3.5990 7.072000e-01 2.867550e-01 4.080210e-03 -0.0853 
1.9179e+05 3.2836 3.5843 1.85134 0.50240 0.3675 2.7491e+01 1 3.7068e-07 3.5843 7.072000e-01 2.867550e-01 4.080210e-03 -0.0855 
4.1600e+05 3.3443 3.5760 1.77500 0.50579 0.3675 3.3344e+01 1 5.1523e-07 3.5760 7.072000e-01 2.867550e-01 4.080210e-03 -0.0875 
6.7148e+05 3.4070 3.5651 1.65118 0.51090 0.3675 4.2030e+01 1 7.7268e-07 3.5651 7.072000e-01 2.867550e-01 4.080210e-03 -0.0905 
9.4915e+05 3.4657 3.5492 1.43550 0.51790 0.3675 5.6472e+01 1 1.3305e-06 3.5492 7.072000e-01 2.867550e-01 4.080210e-03 -0.0956 
1.2267e+06 3.5214 3.5115 0.91430 0.52568 0.3911 2.2523e+02 0 5.4075e-06 3.5115 7.067194e-01 2.871820e-01 4.131435e-03 -0.1081 
1.3533e+06 3.5117 3.5824 0.53346 0.52788 0.3911 1.9004e+02 0 2.2131e-05 3.5824 7.067194e-01 2.871820e-01 4.131435e-03 999.0000 
 1.9500 7 # agb_1.95_Z0.00600000_Mdot51_eta1.00_Mc0.00_dMc0.00_Tbd6.40_L0.00_dL0.00_C0.00_Nr3.00_rates0_KOPv_KMOLv.dat 
0.0000e+00 3.1534 3.5992 1.95000 0.50322 0.3668 1.8908e+01 1 1.9679e-07 3.5992 7.064000e-01 2.875380e-01 4.079817e-03 -0.0860 
1.8049e+05 3.3296 3.5816 1.90129 0.50532 0.3668 3.0093e+01 1 4.4771e-07 3.5816 7.064000e-01 2.875380e-01 4.079817e-03 -0.0861 
4.0156e+05 3.3739 3.5748 1.82087 0.50888 0.3668 3.5067e+01 1 5.7943e-07 3.5748 7.064000e-01 2.875380e-01 4.079817e-03 -0.0881 
6.5557e+05 3.4256 3.5646 1.68578 0.51439 0.3668 4.3201e+01 1 8.2985e-07 3.5646 7.064000e-01 2.875380e-01 4.079817e-03 -0.0910 
9.2402e+05 3.4904 3.5474 1.45466 0.52165 0.3668 5.9484e+01 1 1.4997e-06 3.5474 7.064000e-01 2.875380e-01 4.079817e-03 -0.0970 
1.1932e+06 3.5430 3.5037 0.84023 0.52967 0.3936 2.7344e+02 0 8.1283e-06 3.5037 7.058861e-01 2.879910e-01 4.136829e-03 -0.1092 
1.2974e+06 3.4803 3.5846 0.53657 0.53124 0.3936 1.7286e+02 0 2.0324e-05 3.5846 7.058861e-01 2.879910e-01 4.136829e-03 999.0000 
 2.0000 6 # agb_2.00_Z0.00600000_Mdot51_eta1.00_Mc0.00_dMc0.00_Tbd6.40_L0.00_dL0.00_C0.00_Nr3.00_rates0_KOPv_KMOLv.dat 
0.0000e+00 3.2785 3.5894 2.00000 0.50920 0.3664 2.5217e+01 1 3.3266e-07 3.5894 7.057000e-01 2.882210e-01 4.077950e-03 -0.0890 
1.7392e+05 3.3932 3.5766 1.93249 0.51178 0.3664 3.4783e+01 1 5.9429e-07 3.5766 7.057000e-01 2.882210e-01 4.077950e-03 -0.0886 
3.8623e+05 3.4420 3.5678 1.81912 0.51616 0.3664 4.1823e+01 1 8.1658e-07 3.5678 7.057000e-01 2.882210e-01 4.077950e-03 -0.0907 
6.2803e+05 3.5031 3.5537 1.62612 0.52271 0.3664 5.4927e+01 1 1.3305e-06 3.5537 7.057000e-01 2.882210e-01 4.077950e-03 -0.0947 
8.8502e+05 3.5519 3.5286 1.24317 0.53033 0.3860 1.5704e+02 0 3.0690e-06 3.5286 7.051748e-01 2.887000e-01 4.121610e-03 -0.1028 
1.0719e+06 3.6118 3.5813 0.54125 0.53544 0.4323 2.3679e+02 0 2.7861e-05 3.5813 7.044543e-01 2.893210e-01 4.216502e-03 999.0000 
 2.0500 6 # agb_2.05_Z0.00600000_Mdot51_eta1.00_Mc0.00_dMc0.00_Tbd6.40_L0.00_dL0.00_C0.00_Nr3.00_rates0_KOPv_KMOLv.dat 
0.0000e+00 3.2472 3.5938 2.05000 0.51274 0.3684 2.2766e+01 1 2.8445e-07 3.5938 7.047000e-01 2.892070e-01 4.075850e-03 -0.0878 
1.6831e+05 3.3841 3.5793 1.98698 0.51525 0.3684 3.3057e+01 1 5.5590e-07 3.5793 7.047000e-01 2.892070e-01 4.075850e-03 -0.0881 
3.6942e+05 3.4526 3.5690 1.88189 0.51944 0.3684 4.1545e+01 1 8.2604e-07 3.5690 7.047000e-01 2.892070e-01 4.075850e-03 -0.0906 
6.0406e+05 3.5087 3.5562 1.69805 0.52594 0.3684 5.3305e+01 1 1.2823e-06 3.5562 7.047000e-01 2.892070e-01 4.075850e-03 -0.0938 
8.5261e+05 3.5590 3.5340 1.35008 0.53346 0.3883 7.7271e+01 1 2.6730e-06 3.5340 7.041657e-01 2.896950e-01 4.120057e-03 -0.1019 
1.0572e+06 3.6243 3.5856 0.54481 0.53965 0.4453 2.3302e+02 0 2.8642e-05 3.5856 7.032747e-01 2.904640e-01 4.236167e-03 999.0000 
 2.1000 6 # agb_2.10_Z0.00600000_Mdot51_eta1.00_Mc0.00_dMc0.00_Tbd6.40_L0.00_dL0.00_C0.00_Nr3.00_rates0_KOPv_KMOLv.dat 
0.0000e+00 3.3885 3.5824 2.10000 0.52579 0.3679 3.1670e+01 1 5.2240e-07 3.5824 7.039000e-01 2.899930e-01 4.074370e-03 -0.0910 
1.4704e+05 3.4929 3.5693 2.01113 0.52873 0.3679 4.3152e+01 1 9.2897e-07 3.5693 7.039000e-01 2.899930e-01 4.074370e-03 -0.0907 
3.3180e+05 3.5411 3.5587 1.85098 0.53396 0.3679 5.3112e+01 1 1.3335e-06 3.5587 7.039000e-01 2.899930e-01 4.074370e-03 -0.0946 
5.4316e+05 3.5898 3.5410 1.56002 0.54077 0.3805 7.2142e+01 1 2.3823e-06 3.5410 7.034527e-01 2.904090e-01 4.104264e-03 -0.1014 
7.6511e+05 3.6335 3.4952 0.66744 0.54869 0.4262 4.4436e+02 0 7.7090e-06 3.4952 7.024351e-01 2.913250e-01 4.200211e-03 -0.1188 
7.7994e+05 3.1776 3.6015 0.55450 0.54869 0.4262 7.3395e+01 0 2.8840e-06 3.6015 7.024351e-01 2.913250e-01 4.200211e-03 999.0000 
 2.1500 6 # agb_2.15_Z0.00600000_Mdot51_eta1.00_Mc0.00_dMc0.00_Tbd6.40_L0.00_dL0.00_C0.00_Nr3.00_rates0_KOPv_KMOLv.dat 
0.0000e+00 3.2992 3.5923 2.15000 0.53084 0.3667 2.4718e+01 1 3.4356e-07 3.5923 7.035000e-01 2.904790e-01 4.075258e-03 -0.0881 
1.4140e+05 3.4660 3.5741 2.07330 0.53361 0.3667 3.9030e+01 1 7.6736e-07 3.5741 7.035000e-01 2.904790e-01 4.075258e-03 -0.0905 
3.1252e+05 3.5362 3.5625 1.94040 0.53834 0.3667 4.9974e+01 1 1.1858e-06 3.5625 7.035000e-01 2.904790e-01 4.075258e-03 -0.0940 
5.1302e+05 3.5883 3.5475 1.69670 0.54477 0.3785 6.5722e+01 1 1.9634e-06 3.5475 7.030790e-01 2.908720e-01 4.103395e-03 -0.0999 
7.2466e+05 3.6368 3.5112 1.12647 0.55216 0.4229 2.4221e+02 0 6.9984e-06 3.5112 7.020435e-01 2.918070e-01 4.197668e-03 -0.1133 
8.4321e+05 3.6681 3.5816 0.56099 0.55528 0.4990 2.5936e+02 0 3.1696e-05 3.5816 7.010069e-01 2.926860e-01 4.348084e-03 999.0000 
 2.2000 6 # agb_2.20_Z0.00600000_Mdot51_eta1.00_Mc0.00_dMc0.00_Tbd6.40_L0.00_dL0.00_C0.00_Nr3.00_rates0_KOPv_KMOLv.dat 
0.0000e+00 3.3476 3.5893 2.20000 0.53486 0.3677 2.7290e+01 1 4.1687e-07 3.5893 7.030000e-01 2.909680e-01 4.074434e-03 -0.0885 
1.3503e+05 3.5043 3.5716 2.11607 0.53775 0.3677 4.2197e+01 1 9.0365e-07 3.5716 7.030000e-01 2.909680e-01 4.074434e-03 -0.0913 
3.0357e+05 3.5574 3.5613 1.96588 0.54287 0.3677 5.2085e+01 1 1.3002e-06 3.5613 7.030000e-01 2.909680e-01 4.074434e-03 -0.0947 
4.9462e+05 3.6163 3.5444 1.70133 0.54942 0.3804 7.0654e+01 1 2.3014e-06 3.5444 7.025533e-01 2.913840e-01 4.104376e-03 -0.1018 
6.9888e+05 3.6590 3.4995 0.99201 0.55699 0.4295 3.1676e+02 0 1.1885e-05 3.4995 7.014679e-01 2.923600e-01 4.206537e-03 -0.1156 
7.8328e+05 3.6225 3.5820 0.56522 0.55915 0.4295 2.3195e+02 0 2.8510e-05 3.5820 7.014679e-01 2.923600e-01 4.206537e-03 999.0000 
 2.2500 5 # agb_2.25_Z0.00600000_Mdot51_eta1.00_Mc0.00_dMc0.00_Tbd6.40_L0.00_dL0.00_C0.00_Nr3.00_rates0_KOPv_KMOLv.dat 
0.0000e+00 3.5351 3.5725 2.25000 0.54544 0.3680 4.2997e+01 1 9.6383e-07 3.5725 7.025000e-01 2.914570e-01 4.072761e-03 -0.0949 
1.2179e+05 3.5935 3.5631 2.13521 0.54875 0.3680 5.2646e+01 1 1.3900e-06 3.5631 7.025000e-01 2.914570e-01 4.072761e-03 -0.0952 
2.7663e+05 3.6332 3.5516 1.92933 0.55390 0.3757 6.4843e+01 1 2.0184e-06 3.5516 7.021990e-01 2.917390e-01 4.091224e-03 -0.0999 
4.5696e+05 3.6736 3.5296 1.52876 0.56059 0.4025 9.2410e+01 1 4.1020e-06 3.5296 7.013210e-01 2.925540e-01 4.152115e-03 -0.1089 
6.3529e+05 3.7248 3.5872 0.57301 0.56778 0.4765 2.7472e+02 0 3.6141e-05 3.5872 6.998711e-01 2.938460e-01 4.300857e-03 999.0000 
 2.3000 6 # agb_2.30_Z0.00600000_Mdot51_eta1.00_Mc0.00_dMc0.00_Tbd6.40_L0.00_dL0.00_C0.00_Nr3.00_rates0_KOPv_KMOLv.dat 
0.0000e+00 3.4702 3.5805 2.30000 0.55291 0.3669 3.5600e+01 1 6.9502e-07 3.5805 7.024000e-01 2.915460e-01 4.072565e-03 -0.0928 
1.1358e+05 3.5903 3.5654 2.19336 0.55604 0.3669 5.0749e+01 1 1.3213e-06 3.5654 7.024000e-01 2.915460e-01 4.072565e-03 -0.0955 
2.5573e+05 3.6378 3.5541 2.00555 0.56081 0.3743 6.2972e+01 1 1.9454e-06 3.5541 7.021164e-01 2.918120e-01 4.090081e-03 -0.0997 
4.2191e+05 3.6854 3.5342 1.64843 0.56708 0.3994 8.7822e+01 1 3.7325e-06 3.5342 7.012872e-01 2.925820e-01 4.147440e-03 -0.1081 
5.9932e+05 3.7232 3.4955 0.67512 0.57456 0.4722 5.3591e+02 0 7.1945e-06 3.4955 6.998030e-01 2.939090e-01 4.294576e-03 -0.1342 
6.0746e+05 3.4215 3.5923 0.57959 0.57456 0.4722 1.3201e+02 0 1.2359e-05 3.5923 6.998030e-01 2.939090e-01 4.294576e-03 999.0000 
 2.3500 5 # agb_2.35_Z0.00600000_Mdot51_eta1.00_Mc0.00_dMc0.00_Tbd6.40_L0.00_dL0.00_C0.00_Nr3.00_rates0_KOPv_KMOLv.dat 
0.0000e+00 3.5661 3.5726 2.35000 0.56286 0.3669 4.4482e+01 1 1.0617e-06 3.5726 7.021000e-01 2.918360e-01 4.072152e-03 -0.0952 
1.0328e+05 3.6445 3.5605 2.22379 0.56617 0.3669 5.7686e+01 1 1.7140e-06 3.5605 7.021000e-01 2.918360e-01 4.072152e-03 -0.0973 
2.3261e+05 3.6881 3.5483 2.00396 0.57111 0.3747 7.2043e+01 1 2.5704e-06 3.5483 7.018010e-01 2.921170e-01 4.090513e-03 -0.1027 
3.8558e+05 3.7257 3.5246 1.55655 0.57759 0.4021 1.0441e+02 1 5.5081e-06 3.5246 7.009271e-01 2.929270e-01 4.151623e-03 -0.1143 
5.3761e+05 3.7738 3.5853 0.59061 0.58461 0.4784 3.0332e+02 0 3.4754e-05 3.5853 6.994594e-01 2.942340e-01 4.302882e-03 999.0000 
 2.4000 5 # agb_2.40_Z0.00600000_Mdot51_eta1.00_Mc0.00_dMc0.00_Tbd6.40_L0.00_dL0.00_C0.00_Nr3.00_rates0_KOPv_KMOLv.dat 
0.0000e+00 3.6794 3.5620 2.40000 0.57570 0.3661 5.8505e+01 1 1.8030e-06 3.5620 7.019000e-01 2.920270e-01 4.071510e-03 -0.1005 
9.0553e+04 3.7082 3.5545 2.25228 0.57909 0.3661 6.7300e+01 1 2.3442e-06 3.5545 7.019000e-01 2.920270e-01 4.071510e-03 -0.1003 
2.0833e+05 3.7374 3.5421 1.98476 0.58374 0.3800 8.2940e+01 1 3.4674e-06 3.5421 7.013682e-01 2.925260e-01 4.104048e-03 -0.1083 
3.4899e+05 3.7693 3.5081 1.34927 0.58994 0.4183 2.8474e+02 0 1.0889e-05 3.5081 7.001809e-01 2.936250e-01 4.187810e-03 -0.1229 
4.5629e+05 3.8093 3.5888 0.60041 0.59469 0.4982 3.1366e+02 0 3.2359e-05 3.5888 6.987088e-01 2.949320e-01 4.343097e-03 999.0000 
 2.6000 5 # agb_2.60_Z0.00600000_Mdot51_eta1.00_Mc0.00_dMc0.00_Tbd6.40_L0.00_dL0.00_C0.00_Nr3.00_rates0_KOPv_KMOLv.dat 
0.0000e+00 3.8224 3.5524 2.60000 0.62302 0.3677 7.8293e+01 1 3.3420e-06 3.5524 7.019000e-01 2.919790e-01 4.069119e-03 -0.1073 
5.7693e+04 3.8420 3.5447 2.41260 0.62615 0.3677 8.9231e+01 1 4.3652e-06 3.5447 7.019000e-01 2.919790e-01 4.069119e-03 -0.1111 
1.3072e+05 3.8700 3.5300 2.07910 0.63004 0.3808 1.1280e+02 1 6.9502e-06 3.5300 7.014170e-01 2.924320e-01 4.099030e-03 -0.1199 
2.1950e+05 3.8946 3.4867 1.25054 0.63526 0.4156 4.8821e+02 0 1.1561e-05 3.4867 7.003458e-01 2.934250e-01 4.172500e-03 -0.1427 
2.7892e+05 3.9185 3.5973 0.64423 0.63879 0.4746 3.4829e+02 0 2.8184e-05 3.5973 6.992080e-01 2.944440e-01 4.284112e-03 999.0000 
 2.8000 7 # agb_2.80_Z0.00600000_Mdot51_eta1.00_Mc0.00_dMc0.00_Tbd6.40_L0.00_dL0.00_C0.00_Nr3.00_rates0_KOPv_KMOLv.dat 
0.0000e+00 3.8666 3.5533 2.80000 0.67117 0.3675 8.1200e+01 1 3.7497e-06 3.5533 7.029000e-01 2.910550e-01 4.068813e-03 -0.1090 
3.5867e+04 3.9543 3.5378 2.60966 0.67374 0.3675 1.1072e+02 1 6.9183e-06 3.5378 7.029000e-01 2.910550e-01 4.068813e-03 -0.1090 
8.0560e+04 3.9804 3.5237 2.27499 0.67669 0.3787 1.3812e+02 1 1.0965e-05 3.5237 7.025092e-01 2.914200e-01 4.093688e-03 -0.1197 
1.3530e+05 4.0016 3.4901 1.55373 0.68061 0.4061 4.9455e+02 0 1.4454e-05 3.4901 7.016555e-01 2.922130e-01 4.150764e-03 -0.1197 
1.7285e+05 4.0226 3.4662 1.05448 0.68267 0.4676 9.0940e+02 0 1.4355e-05 3.4662 7.002930e-01 2.934500e-01 4.266144e-03 -0.1297 
1.9595e+05 4.0199 3.5385 0.71941 0.68611 0.4676 6.6869e+02 0 1.4256e-05 3.5385 7.002930e-01 2.934500e-01 4.266144e-03 -0.1297 
1.9758e+05 3.9730 3.5961 0.69205 0.68611 0.4676 3.7269e+02 0 2.6062e-05 3.5961 7.002930e-01 2.934500e-01 4.266144e-03 999.0000 
 3.0000 6 # agb_3.00_Z0.00600000_Mdot51_eta1.00_Mc0.00_dMc0.00_Tbd6.40_L0.00_dL0.00_C0.00_Nr3.00_rates0_KOPv_KMOLv.dat 
0.0000e+00 4.0150 3.5418 3.00000 0.72518 0.3690 1.1194e+02 1 7.3790e-06 3.5418 7.036000e-01 2.903360e-01 4.068175e-03 -0.1152 
2.1087e+04 4.0816 3.5280 2.79344 0.72723 0.3690 1.4502e+02 1 1.2706e-05 3.5280 7.036000e-01 2.903360e-01 4.068175e-03 -0.1286 
4.6838e+04 4.0981 3.5153 2.44419 0.72934 0.3784 1.7555e+02 1 1.9634e-05 3.5153 7.032939e-01 2.906210e-01 4.088432e-03 -0.1395 
7.8262e+04 4.1133 3.4916 1.87867 0.73207 0.3993 5.2807e+02 0 1.7660e-05 3.4916 7.026547e-01 2.912150e-01 4.130895e-03 -0.1626 
1.1411e+05 4.1250 3.4643 1.24118 0.73562 0.4438 1.0042e+03 0 1.8155e-05 3.4643 7.015216e-01 2.922560e-01 4.214105e-03 -0.1966 
1.4374e+05 4.1407 3.6034 0.74571 0.73929 0.5055 4.7462e+02 0 2.1577e-05 3.6034 7.004520e-01 2.932080e-01 4.323915e-03 999.0000 
 3.2000 7 # agb_3.20_Z0.00600000_Mdot51_eta1.00_Mc0.00_dMc0.00_Tbd6.40_L0.00_dL0.00_C0.00_Nr3.00_rates0_KOPv_KMOLv.dat 
0.0000e+00 4.0967 3.5379 3.20000 0.76476 0.3686 1.2941e+02 1 1.0257e-05 3.5379 6.990000e-01 2.950190e-01 4.066205e-03 -0.1178 
1.4171e+04 4.1656 3.5242 3.00729 0.76645 0.3686 1.6752e+02 1 1.7579e-05 3.5242 6.990000e-01 2.950190e-01 4.066205e-03 -0.1308 
3.1419e+04 4.1770 3.5140 2.69489 0.76809 0.3767 1.9493e+02 1 2.5119e-05 3.5140 6.987584e-01 2.952430e-01 4.083010e-03 -0.1436 
5.2131e+04 4.1881 3.4975 2.24167 0.77007 0.3932 5.0475e+02 0 2.1330e-05 3.4975 6.982746e-01 2.956920e-01 4.115937e-03 -0.1635 
7.6214e+04 4.1957 3.4762 1.73539 0.77247 0.4253 7.8238e+02 0 2.1380e-05 3.4762 6.974033e-01 2.964970e-01 4.175555e-03 -0.1850 
1.0165e+05 4.2027 3.4639 1.20963 0.77545 0.4858 1.2273e+03 0 2.1727e-05 3.4639 6.961449e-01 2.976390e-01 4.281646e-03 -0.1838 
1.2246e+05 4.2158 3.6116 0.78469 0.77866 0.5584 4.9833e+02 0 2.3281e-05 3.6116 6.951396e-01 2.985100e-01 4.408703e-03 999.0000 
 3.4000 8 # agb_3.40_Z0.00600000_Mdot51_eta1.00_Mc0.00_dMc0.00_Tbd6.40_L0.00_dL0.00_C0.00_Nr3.00_rates0_KOPv_KMOLv.dat 
0.0000e+00 4.1277 3.5400 3.40000 0.78010 0.3703 1.3079e+02 1 1.0839e-05 3.5400 6.881000e-01 3.059050e-01 4.063157e-03 -0.1172 
1.2116e+04 4.1985 3.5269 3.22595 0.78168 0.3703 1.6824e+02 1 1.8239e-05 3.5269 6.881000e-01 3.059050e-01 4.063157e-03 -0.1325 
2.6734e+04 4.2081 3.5190 2.96229 0.78316 0.3778 1.8948e+02 1 2.3933e-05 3.5190 6.878904e-01 3.060990e-01 4.078246e-03 -0.1395 
4.4366e+04 4.2179 3.5048 2.52947 0.78492 0.3925 4.5352e+02 0 2.8314e-05 3.5048 6.874819e-01 3.064770e-01 4.106705e-03 -0.1532 
6.4988e+04 4.2251 3.4873 2.06135 0.78695 0.4201 6.4804e+02 0 2.2856e-05 3.4873 6.867391e-01 3.071640e-01 4.156936e-03 -0.1820 
8.7325e+04 4.2315 3.4675 1.55280 0.78929 0.4749 1.0123e+03 0 2.3174e-05 3.4675 6.855832e-01 3.082160e-01 4.251381e-03 -0.1855 
1.0963e+05 4.2368 3.4773 1.05981 0.79239 0.5721 1.3235e+03 0 2.3496e-05 3.4773 6.842176e-01 3.094040e-01 4.418291e-03 -0.1324 
1.2171e+05 4.2451 3.6114 0.80076 0.79437 0.6234 5.2347e+02 0 2.3933e-05 3.6114 6.836913e-01 3.098370e-01 4.506459e-03 999.0000 
 3.6000 9 # agb_3.60_Z0.00600000_Mdot51_eta1.00_Mc0.00_dMc0.00_Tbd6.40_L0.00_dL0.00_C0.00_Nr3.00_rates0_KOPv_KMOLv.dat 
0.0000e+00 4.1531 3.5424 3.60000 0.79374 0.3704 1.3075e+02 1 1.1169e-05 3.5424 6.777000e-01 3.162940e-01 4.060319e-03 -0.1157 
1.0495e+04 4.2254 3.5300 3.44331 0.79524 0.3704 1.6709e+02 1 1.8450e-05 3.5300 6.777000e-01 3.162940e-01 4.060319e-03 -0.1298 
2.3051e+04 4.2380 3.5229 3.21383 0.79661 0.3774 1.8671e+02 1 2.3550e-05 3.5229 6.775167e-01 3.164620e-01 4.073966e-03 -0.1349 
3.8329e+04 4.2460 3.5117 2.83474 0.79822 0.3906 2.1921e+02 1 3.5156e-05 3.5117 6.771642e-01 3.167880e-01 4.099031e-03 -0.1474 
5.6195e+04 4.2531 3.4971 2.39136 0.79999 0.4144 5.5282e+02 0 2.4378e-05 3.4971 6.765325e-01 3.173720e-01 4.141420e-03 -0.1765 
7.5964e+04 4.2579 3.4789 1.90955 0.80188 0.4625 8.0505e+02 0 2.4660e-05 3.4789 6.755191e-01 3.182960e-01 4.222994e-03 -0.1802 
9.6386e+04 4.2609 3.4647 1.42679 0.80421 0.5586 1.1955e+03 0 2.4831e-05 3.4647 6.741627e-01 3.194790e-01 4.385303e-03 -0.1809 
1.1573e+05 4.2665 3.4971 0.96699 0.80735 0.6902 1.2866e+03 0 2.5119e-05 3.4971 6.728129e-01 3.205940e-01 4.608265e-03 -0.0615 
1.2263e+05 4.2580 3.6124 0.81486 0.80844 0.6902 5.2585e+02 0 2.4660e-05 3.6124 6.728129e-01 3.205940e-01 4.608265e-03 999.0000 
 3.8000 10 # agb_3.80_Z0.00600000_Mdot51_eta1.00_Mc0.00_dMc0.00_Tbd6.40_L0.00_dL0.00_C0.00_Nr3.00_rates0_KOPv_KMOLv.dat 
0.0000e+00 4.1780 3.5444 3.80000 0.80779 0.3718 1.3114e+02 1 1.1561e-05 3.5444 6.690000e-01 3.248840e-01 4.058100e-03 -0.1157 
9.1072e+03 4.2523 3.5323 3.65453 0.80921 0.3718 1.6744e+02 1 1.9454e-05 3.5323 6.690000e-01 3.248840e-01 4.058100e-03 -0.1287 
1.9897e+04 4.2639 3.5264 3.44920 0.81046 0.3782 1.8402e+02 1 2.3878e-05 3.5264 6.688416e-01 3.250290e-01 4.070331e-03 -0.1325 
3.2843e+04 4.2724 3.5175 3.13608 0.81187 0.3899 2.0928e+02 1 3.2359e-05 3.5175 6.685440e-01 3.253030e-01 4.092135e-03 -0.1395 
4.8156e+04 4.2795 3.5047 2.70290 0.81342 0.4098 4.9076e+02 0 2.7797e-05 3.5047 6.680243e-01 3.257840e-01 4.127147e-03 -0.1621 
6.5444e+04 4.2833 3.4894 2.25055 0.81503 0.4492 6.6875e+02 0 2.6122e-05 3.4894 6.671776e-01 3.265580e-01 4.193001e-03 -0.1721 
8.3613e+04 4.2850 3.4729 1.78147 0.81677 0.5315 9.6081e+02 0 2.6242e-05 3.4729 6.659758e-01 3.276130e-01 4.330095e-03 -0.1809 
1.0151e+05 4.2879 3.4677 1.33287 0.81905 0.6659 1.3146e+03 0 2.6424e-05 3.4677 6.645596e-01 3.287930e-01 4.554561e-03 -0.1545 
1.1812e+05 4.2934 3.5202 0.91081 0.82218 0.8148 1.1724e+03 0 2.6730e-05 3.5202 6.633229e-01 3.297690e-01 4.803922e-03 0.0555 
1.2171e+05 4.2418 3.6114 0.82901 0.82254 0.8148 5.0357e+02 0 2.4210e-05 3.6114 6.633229e-01 3.297690e-01 4.803922e-03 999.0000 
 4.0000 11 # agb_4.00_Z0.00600000_Mdot51_eta1.00_Mc0.00_dMc0.00_Tbd6.40_L0.00_dL0.00_C0.00_Nr3.00_rates0_KOPv_KMOLv.dat 
0.0000e+00 4.2017 3.5463 4.00000 0.82169 0.3723 1.3156e+02 1 1.1940e-05 3.5463 6.616000e-01 3.323760e-01 4.056122e-03 -0.1147 
7.8340e+03 4.2786 3.5345 3.87324 0.82299 0.3723 1.6789e+02 1 1.9498e-05 3.5345 6.616000e-01 3.323760e-01 4.056122e-03 -0.1263 
1.7068e+04 4.2908 3.5294 3.69880 0.82412 0.3782 1.8249e+02 1 2.3335e-05 3.5294 6.614637e-01 3.325010e-01 4.067064e-03 -0.1302 
2.8191e+04 4.2996 3.5225 3.44269 0.82541 0.3885 2.0225e+02 1 2.9444e-05 3.5225 6.612133e-01 3.327300e-01 4.086037e-03 -0.1361 
4.1286e+04 4.3056 3.5118 3.04565 0.82678 0.4052 2.3541e+02 1 3.7325e-05 3.5118 6.607868e-01 3.331250e-01 4.115052e-03 -0.1515 
5.6242e+04 4.3086 3.4995 2.62342 0.82816 0.4366 5.6337e+02 0 2.7733e-05 3.4995 6.600964e-01 3.337580e-01 4.166974e-03 -0.1755 
7.2285e+04 4.3108 3.4847 2.17913 0.82950 0.5028 7.6354e+02 0 2.7861e-05 3.4847 6.590883e-01 3.346480e-01 4.276006e-03 -0.1760 
8.8579e+04 4.3116 3.4715 1.74178 0.83105 0.6215 1.0528e+03 0 2.7925e-05 3.4715 6.577900e-01 3.357400e-01 4.471783e-03 -0.1751 
1.0428e+05 4.3151 3.4688 1.32124 0.83318 0.7887 1.3939e+03 0 2.8119e-05 3.4688 6.563665e-01 3.368740e-01 4.748518e-03 -0.1301 
1.1879e+05 4.3200 3.5220 0.92775 0.83615 0.9572 1.2045e+03 0 2.8445e-05 3.5220 6.551664e-01 3.377820e-01 5.028322e-03 0.0346 
1.2224e+05 4.2820 3.6140 0.84303 0.83658 0.9572 5.3041e+02 0 2.6062e-05 3.6140 6.551664e-01 3.377820e-01 5.028322e-03 999.0000 
 4.2000 12 # agb_4.20_Z0.00600000_Mdot51_eta1.00_Mc0.00_dMc0.00_Tbd6.40_L0.00_dL0.00_C0.00_Nr3.00_rates0_KOPv_KMOLv.dat 
0.0000e+00 4.2280 3.5476 4.20000 0.83781 0.3732 1.3336e+02 1 1.2560e-05 3.5476 6.546000e-01 3.393690e-01 4.054119e-03 -0.1152 
6.6423e+03 4.3074 3.5360 4.08535 0.83901 0.3732 1.7030e+02 1 2.0559e-05 3.5360 6.546000e-01 3.393690e-01 4.054119e-03 -0.1243 
1.4389e+04 4.3184 3.5316 3.93234 0.84002 0.3785 1.8303e+02 1 2.3933e-05 3.5316 6.544840e-01 3.394750e-01 4.063872e-03 -0.1279 
2.3629e+04 4.3288 3.5258 3.71504 0.84115 0.3876 2.0031e+02 1 2.9309e-05 3.5258 6.542765e-01 3.396650e-01 4.080313e-03 -0.1353 
3.4515e+04 4.3346 3.5179 3.39357 0.84235 0.4017 2.2471e+02 1 3.8726e-05 3.5179 6.539308e-01 3.399840e-01 4.104394e-03 -0.1451 
4.7000e+04 4.3384 3.5073 2.99385 0.84354 0.4259 4.9860e+02 0 3.0832e-05 3.5073 6.533860e-01 3.404840e-01 4.143871e-03 -0.1610 
6.0576e+04 4.3399 3.4954 2.58887 0.84460 0.4760 6.3437e+02 0 2.9785e-05 3.4954 6.525813e-01 3.412010e-01 4.225209e-03 -0.1662 
7.4871e+04 4.3395 3.4820 2.16819 0.84569 0.5688 8.3792e+02 0 2.9717e-05 3.4820 6.515046e-01 3.421180e-01 4.376228e-03 -0.1781 
8.9081e+04 4.3387 3.4721 1.76447 0.84703 0.7142 1.1001e+03 0 2.9717e-05 3.4721 6.502076e-01 3.431660e-01 4.613343e-03 -0.1671 
1.0270e+05 4.3415 3.4747 1.37492 0.84894 0.9011 1.3533e+03 0 2.9854e-05 3.4747 6.488352e-01 3.442190e-01 4.919055e-03 -0.1112 
1.1521e+05 4.3458 3.4932 1.01323 0.85154 1.0886 1.5243e+03 0 3.0200e-05 3.4932 6.476355e-01 3.450990e-01 5.227081e-03 0.0473 
1.2104e+05 4.3488 3.6228 0.85872 0.85288 1.1136 5.5962e+02 0 3.0409e-05 3.6228 6.474905e-01 3.452010e-01 5.268289e-03 999.0000 
 4.4000 14 # agb_4.40_Z0.00600000_Mdot51_eta1.00_Mc0.00_dMc0.00_Tbd6.40_L0.00_dL0.00_C0.00_Nr3.00_rates0_KOPv_KMOLv.dat 
0.0000e+00 4.2553 3.5486 4.40000 0.85574 0.3748 1.3595e+02 1 1.3335e-05 3.5486 6.486000e-01 3.453640e-01 4.052485e-03 -0.1138 
5.5069e+03 4.3402 3.5366 4.29628 0.85683 0.3748 1.7554e+02 1 2.2336e-05 3.5366 6.486000e-01 3.453640e-01 4.052486e-03 -0.1244 
1.1868e+04 4.3512 3.5327 4.16130 0.85771 0.3796 1.8727e+02 1 2.5586e-05 3.5327 6.485021e-01 3.454520e-01 4.061183e-03 -0.1288 
1.9403e+04 4.3612 3.5279 3.97630 0.85869 0.3877 2.0219e+02 1 3.0409e-05 3.5279 6.483311e-01 3.456080e-01 4.075543e-03 -0.1348 
2.8222e+04 4.3691 3.5216 3.71607 0.85972 0.3992 2.2247e+02 1 3.8194e-05 3.5216 6.480537e-01 3.458630e-01 4.095821e-03 -0.1407 
3.8484e+04 4.3732 3.5127 3.35617 0.86078 0.4174 2.5188e+02 1 3.8726e-05 3.5127 6.476269e-01 3.462560e-01 4.126029e-03 -0.1509 
4.9726e+04 4.3727 3.5040 3.00166 0.86169 0.4540 5.5334e+02 0 3.2137e-05 3.5040 6.470001e-01 3.468180e-01 4.185029e-03 -0.1708 
6.1653e+04 4.3721 3.4935 2.63030 0.86248 0.5215 6.8349e+02 0 3.2063e-05 3.4935 6.461552e-01 3.475470e-01 4.293749e-03 -0.1667 
7.4010e+04 4.3695 3.4828 2.23979 0.86332 0.6318 8.6372e+02 0 3.1842e-05 3.4828 6.450977e-01 3.484170e-01 4.471917e-03 -0.1728 
8.6289e+04 4.3676 3.4727 1.87433 0.86442 0.7897 1.1055e+03 0 3.1696e-05 3.4727 6.438704e-01 3.493780e-01 4.727533e-03 -0.1628 
9.7855e+04 4.3703 3.4814 1.52840 0.86591 0.9845 1.2363e+03 0 3.1915e-05 3.4814 6.425732e-01 3.503450e-01 5.044201e-03 -0.1015 
1.0874e+05 4.3734 3.4642 1.19990 0.86802 1.1896 1.8047e+03 0 3.2137e-05 3.4642 6.413525e-01 3.512180e-01 5.378967e-03 -0.0322 
1.1878e+05 4.3775 3.5687 0.89413 0.87069 1.3513 9.3311e+02 0 3.2434e-05 3.5687 6.404653e-01 3.518290e-01 5.643911e-03 0.2276 
1.1953e+05 4.2284 3.6154 0.87626 0.87071 1.3513 4.4890e+02 0 2.9648e-05 3.6154 6.404653e-01 3.518290e-01 5.643911e-03 999.0000 
 4.6000 15 # agb_4.60_Z0.00600000_Mdot51_eta1.00_Mc0.00_dMc0.00_Tbd6.40_L0.00_dL0.00_C0.00_Nr3.00_rates0_KOPv_KMOLv.dat 
0.0000e+00 4.2821 3.5493 4.60000 0.87440 0.3756 1.3888e+02 1 1.4158e-05 3.5493 6.440000e-01 3.499590e-01 4.050338e-03 -0.1138 
4.5034e+03 4.3759 3.5365 4.50564 0.87536 0.3754 1.8303e+02 1 2.4774e-05 3.5365 6.439999e-01 3.499590e-01 4.050520e-03 -0.1269 
9.7187e+03 4.3941 3.5320 4.37782 0.87615 0.3771 1.9842e+02 1 2.9512e-05 3.5320 6.439165e-01 3.500320e-01 4.059850e-03 -0.1303 
1.5819e+04 4.4095 3.5268 4.20043 0.87699 0.3698 2.1649e+02 1 3.6058e-05 3.5268 6.437706e-01 3.501590e-01 4.078180e-03 -0.1339 
2.2963e+04 4.4201 3.5205 3.94693 0.87787 0.3417 2.3873e+02 1 4.6026e-05 3.5205 6.435355e-01 3.503630e-01 4.107068e-03 -0.1384 
3.1196e+04 4.4238 3.5134 3.63450 0.87877 0.3028 2.6393e+02 1 4.0551e-05 3.5134 6.431800e-01 3.506780e-01 4.144958e-03 -0.1499 
4.0351e+04 4.4171 3.5071 3.31831 0.87957 0.2994 5.4317e+02 0 3.5563e-05 3.5071 6.426771e-01 3.511250e-01 4.196396e-03 -0.1634 
5.0307e+04 4.4082 3.4995 2.98306 0.88029 0.3440 6.2674e+02 0 3.4834e-05 3.4995 6.420081e-01 3.517090e-01 4.275931e-03 -0.1577 
6.0643e+04 4.4012 3.4909 2.63548 0.88089 0.4251 7.4508e+02 0 3.4277e-05 3.4909 6.411626e-01 3.524180e-01 4.405218e-03 -0.1715 
7.1066e+04 4.3970 3.4814 2.29260 0.88153 0.5453 9.1128e+02 0 3.3963e-05 3.4814 6.401553e-01 3.532240e-01 4.597250e-03 -0.1672 
8.1405e+04 4.3934 3.4741 1.96474 0.88239 0.7052 1.1079e+03 0 3.3651e-05 3.4741 6.390243e-01 3.540880e-01 4.853584e-03 -0.1574 
9.1337e+04 4.3933 3.4694 1.64933 0.88361 0.8955 1.3534e+03 0 3.3651e-05 3.4694 6.378395e-01 3.549540e-01 5.159777e-03 -0.1280 
1.0060e+05 4.3960 3.4623 1.35336 0.88527 1.0983 1.7322e+03 0 3.3884e-05 3.4623 6.366890e-01 3.557640e-01 5.487808e-03 -0.0547 
1.0927e+05 4.3991 3.4832 1.07427 0.88741 1.2866 1.7819e+03 0 3.4119e-05 3.4832 6.356931e-01 3.564420e-01 5.793593e-03 0.1060 
1.1498e+05 4.4049 3.6311 0.89427 0.88902 1.3872 5.6787e+02 0 3.4594e-05 3.6311 6.351887e-01 3.567750e-01 5.957439e-03 999.0000 
 4.8000 17 # agb_4.80_Z0.00600000_Mdot51_eta1.00_Mc0.00_dMc0.00_Tbd6.40_L0.00_dL0.00_C0.00_Nr3.00_rates0_KOPv_KMOLv.dat 
0.0000e+00 4.3111 3.5497 4.80000 0.89490 0.3770 1.4285e+02 1 1.5241e-05 3.5497 6.394000e-01 3.545550e-01 4.048338e-03 -0.1128 
3.6354e+03 4.4316 3.5336 4.70462 0.89575 0.3657 2.0253e+02 1 3.1333e-05 3.5336 6.393952e-01 3.545540e-01 4.053344e-03 -0.1267 
7.8072e+03 4.4602 3.5277 4.56713 0.89642 0.3165 2.2623e+02 1 4.0551e-05 3.5277 6.393114e-01 3.546140e-01 4.076402e-03 -0.1292 
1.2632e+04 4.4766 3.5220 4.37303 0.89711 0.2260 2.4841e+02 1 5.1404e-05 3.5220 6.391692e-01 3.547200e-01 4.111863e-03 -0.1345 
1.8301e+04 4.4837 3.5176 4.12949 0.89785 0.1252 2.6764e+02 1 4.8306e-05 3.5176 6.389538e-01 3.548930e-01 4.152148e-03 -0.1423 
2.4824e+04 4.4801 3.5127 3.87108 0.89860 0.0655 2.8488e+02 1 4.1115e-05 3.5127 6.386492e-01 3.551610e-01 4.186451e-03 -0.1442 
3.2113e+04 4.4723 3.5077 3.59279 0.89930 0.0495 3.0259e+02 1 4.0365e-05 3.5077 6.382360e-01 3.555320e-01 4.225537e-03 -0.1509 
4.0001e+04 4.4604 3.5023 3.29781 0.89989 0.0584 6.2783e+02 0 3.9264e-05 3.5023 6.376993e-01 3.560040e-01 4.286124e-03 -0.1590 
4.8403e+04 4.4476 3.4963 2.98749 0.90041 0.1029 7.0362e+02 0 3.8194e-05 3.4963 6.370333e-01 3.565710e-01 4.379303e-03 -0.1660 
5.7052e+04 4.4342 3.4893 2.67044 0.90087 0.1904 8.0390e+02 0 3.6983e-05 3.4893 6.362330e-01 3.572280e-01 4.515280e-03 -0.1637 
6.5852e+04 4.4257 3.4819 2.36510 0.90140 0.3124 9.4039e+02 0 3.6308e-05 3.4819 6.353082e-01 3.579550e-01 4.704386e-03 -0.1738 
7.4455e+04 4.4209 3.4739 2.07283 0.90207 0.4665 1.1254e+03 0 3.5892e-05 3.4739 6.342956e-01 3.587180e-01 4.944288e-03 -0.1607 
8.2705e+04 4.4191 3.4690 1.79347 0.90299 0.6463 1.3341e+03 0 3.5727e-05 3.4690 6.332372e-01 3.594840e-01 5.225348e-03 -0.1350 
9.0556e+04 4.4210 3.4726 1.52637 0.90427 0.8405 1.4990e+03 0 3.5892e-05 3.4726 6.321850e-01 3.602190e-01 5.530409e-03 -0.0786 
9.7953e+04 4.4232 3.4773 1.27325 0.90591 1.0346 1.7018e+03 0 3.6058e-05 3.4773 6.311977e-01 3.608880e-01 5.836770e-03 0.0355 
1.0491e+05 4.4260 3.5045 1.03353 0.90791 1.2065 1.6201e+03 0 3.6308e-05 3.5045 6.303648e-01 3.614370e-01 6.109297e-03 0.1826 
1.0853e+05 4.4295 3.6347 0.91402 0.90898 1.2444 5.6984e+02 0 3.6559e-05 3.6347 6.301883e-01 3.615510e-01 6.169545e-03 999.0000 
 5.0000 20 # agb_5.00_Z0.00600000_Mdot51_eta1.00_Mc0.00_dMc0.00_Tbd6.40_L0.00_dL0.00_C0.00_Nr3.00_rates0_KOPv_KMOLv.dat 
0.0000e+00 4.3458 3.5492 5.00000 0.92104 0.3775 1.4973e+02 1 1.6943e-05 3.5492 6.354000e-01 3.585510e-01 4.047713e-03 -0.1152 
2.7771e+03 4.5039 3.5283 4.89713 0.92174 0.3284 2.3545e+02 1 4.4978e-05 3.5283 6.353830e-01 3.585510e-01 4.063954e-03 -0.1298 
5.9217e+03 4.5308 3.5224 4.74816 0.92227 0.2291 2.6237e+02 1 5.9156e-05 3.5224 6.352990e-01 3.586020e-01 4.096408e-03 -0.1345 
9.5402e+03 4.5448 3.5187 4.57906 0.92281 0.1214 2.8180e+02 1 5.1880e-05 3.5187 6.351714e-01 3.586930e-01 4.132280e-03 -0.1346 
1.3711e+04 4.5475 3.5148 4.39364 0.92337 0.0594 2.9747e+02 1 4.7973e-05 3.5148 6.349931e-01 3.588430e-01 4.159565e-03 -0.1391 
1.8467e+04 4.5454 3.5112 4.18493 0.92393 0.0428 3.1205e+02 1 4.7753e-05 3.5112 6.347503e-01 3.590650e-01 4.178169e-03 -0.1452 
2.3880e+04 4.5401 3.5072 3.94922 0.92450 0.0415 3.2762e+02 1 4.7206e-05 3.5072 6.344276e-01 3.593630e-01 4.199951e-03 -0.1519 
2.9781e+04 4.5332 3.5028 3.69458 0.92500 0.0438 6.6375e+02 0 4.6452e-05 3.5028 6.340157e-01 3.597360e-01 4.235435e-03 -0.1522 
3.6078e+04 4.5211 3.4986 3.42668 0.92541 0.0488 7.1804e+02 0 4.5186e-05 3.4986 6.335107e-01 3.601790e-01 4.293328e-03 -0.1529 
4.2710e+04 4.5042 3.4940 3.14944 0.92577 0.0632 7.7730e+02 0 4.3451e-05 3.4940 6.329145e-01 3.606820e-01 4.381683e-03 -0.1547 
4.9536e+04 4.4851 3.4894 2.87030 0.92610 0.1160 8.4371e+02 0 4.1591e-05 3.4894 6.322347e-01 3.612350e-01 4.502880e-03 -0.1591 
5.6481e+04 4.4672 3.4847 2.60519 0.92646 0.2204 9.2211e+02 0 3.9902e-05 3.4847 6.314702e-01 3.618370e-01 4.658142e-03 -0.1691 
6.3377e+04 4.4572 3.4793 2.34929 0.92686 0.3527 1.0391e+03 0 3.8994e-05 3.4793 6.306298e-01 3.624740e-01 4.853418e-03 -0.1616 
7.0089e+04 4.4514 3.4739 2.10300 0.92740 0.5077 1.1889e+03 0 3.8459e-05 3.4739 6.297431e-01 3.631210e-01 5.083167e-03 -0.1457 
7.6532e+04 4.4502 3.4703 1.86715 0.92814 0.6804 1.3633e+03 0 3.8371e-05 3.4703 6.288336e-01 3.637640e-01 5.340145e-03 -0.1221 
8.2724e+04 4.4516 3.4738 1.63969 0.92914 0.8644 1.4893e+03 0 3.8459e-05 3.4738 6.279250e-01 3.643870e-01 5.615204e-03 -0.0716 
8.8597e+04 4.4532 3.4696 1.42309 0.93039 1.0515 1.7636e+03 0 3.8637e-05 3.4696 6.270462e-01 3.649730e-01 5.896367e-03 -0.0215 
9.4174e+04 4.4552 3.4724 1.21641 0.93190 1.2318 1.9883e+03 0 3.8815e-05 3.4724 6.262330e-01 3.655030e-01 6.168485e-03 0.1008 
9.9500e+04 4.4576 3.5205 1.01796 0.93367 1.3786 1.5278e+03 0 3.8994e-05 3.5205 6.255921e-01 3.659120e-01 6.390944e-03 0.3193 
1.0170e+05 4.4570 3.6259 0.94109 0.93433 1.3786 6.3817e+02 0 3.8994e-05 3.6259 6.255921e-01 3.659120e-01 6.390944e-03 999.0000 
 5.2000 23 # agb_5.20_Z0.00600000_Mdot51_eta1.00_Mc0.00_dMc0.00_Tbd6.40_L0.00_dL0.00_C0.00_Nr3.00_rates0_KOPv_KMOLv.dat 
0.0000e+00 4.3850 3.5479 5.20000 0.94623 0.3771 1.5911e+02 1 1.9320e-05 3.5479 6.320000e-01 3.619480e-01 4.048124e-03 -0.1178 
2.1516e+03 4.5676 3.5239 5.08979 0.94681 0.3004 2.6794e+02 1 6.2517e-05 3.5239 6.319740e-01 3.619500e-01 4.071212e-03 -0.1331 
4.5172e+03 4.5895 3.5192 4.97148 0.94722 0.1950 2.9212e+02 1 5.5208e-05 3.5192 6.318975e-01 3.619940e-01 4.103472e-03 -0.1329 
7.2504e+03 4.5978 3.5167 4.83724 0.94765 0.1031 3.0638e+02 1 5.3951e-05 3.5167 6.317900e-01 3.620700e-01 4.133837e-03 -0.1249 
1.0332e+04 4.6035 3.5134 4.68483 0.94807 0.0573 3.2236e+02 1 5.4576e-05 3.5134 6.316452e-01 3.621930e-01 4.155005e-03 -0.1413 
1.3860e+04 4.6020 3.5105 4.51050 0.94850 0.0449 3.3464e+02 1 5.4450e-05 3.5105 6.314526e-01 3.623690e-01 4.169385e-03 -0.1416 
1.7817e+04 4.6006 3.5072 4.31488 0.94892 0.0439 3.4972e+02 1 5.4200e-05 3.5072 6.312037e-01 3.626020e-01 4.183146e-03 -0.1448 
2.2155e+04 4.5960 3.5039 4.10151 0.94930 0.0458 3.6487e+02 1 5.3703e-05 3.5039 6.308925e-01 3.628900e-01 4.203719e-03 -0.1445 
2.6916e+04 4.5872 3.5005 3.86932 0.94968 0.0485 7.3323e+02 0 5.2602e-05 3.5005 6.305131e-01 3.632340e-01 4.235973e-03 -0.1452 
3.1894e+04 4.5753 3.4969 3.63029 0.94996 0.0526 7.8074e+02 0 5.1168e-05 3.4969 6.300675e-01 3.636270e-01 4.285277e-03 -0.1448 
3.7159e+04 4.5601 3.4934 3.38146 0.95024 0.0591 8.3070e+02 0 4.9431e-05 3.4934 6.295554e-01 3.640620e-01 4.357203e-03 -0.1505 
4.2541e+04 4.5418 3.4899 3.13278 0.95046 0.0740 8.8105e+02 0 4.7424e-05 3.4899 6.289831e-01 3.645300e-01 4.456745e-03 -0.1588 
4.8011e+04 4.5220 3.4867 2.89598 0.95068 0.1166 9.3065e+02 0 4.5290e-05 3.4867 6.283567e-01 3.650230e-01 4.584756e-03 -0.1584 
5.3543e+04 4.5022 3.4835 2.66814 0.95094 0.2166 9.8649e+02 0 4.3251e-05 3.4835 6.276845e-01 3.655380e-01 4.735758e-03 -0.1569 
5.8983e+04 4.4889 3.4796 2.44996 0.95122 0.3442 1.0706e+03 0 4.1976e-05 3.4796 6.269627e-01 3.660730e-01 4.914686e-03 -0.1502 
6.4340e+04 4.4812 3.4761 2.23822 0.95161 0.4894 1.1777e+03 0 4.1210e-05 3.4761 6.262077e-01 3.666160e-01 5.119082e-03 -0.1412 
6.9568e+04 4.4785 3.4726 2.03255 0.95215 0.6482 1.3174e+03 0 4.0926e-05 3.4726 6.254360e-01 3.671540e-01 5.343615e-03 -0.1246 
7.4588e+04 4.4795 3.4736 1.83467 0.95286 0.8178 1.4353e+03 0 4.1020e-05 3.4736 6.246559e-01 3.676840e-01 5.584415e-03 -0.0930 
7.9396e+04 4.4806 3.4844 1.64465 0.95373 0.9942 1.4421e+03 0 4.1210e-05 3.4844 6.238794e-01 3.681990e-01 5.836127e-03 -0.0473 
8.3992e+04 4.4820 3.4596 1.46245 0.95479 1.1722 2.0058e+03 0 4.1305e-05 3.4596 6.231239e-01 3.686890e-01 6.091214e-03 0.0287 
8.8393e+04 4.4836 3.4655 1.28729 0.95604 1.3433 2.1415e+03 0 4.1400e-05 3.4655 6.224183e-01 3.691380e-01 6.337646e-03 0.0995 
9.2625e+04 4.4853 3.4937 1.11816 0.95749 1.4939 1.8968e+03 0 4.1591e-05 3.4937 6.218124e-01 3.695170e-01 6.555476e-03 0.2936 
9.6436e+04 4.4887 3.6294 0.96561 0.95897 1.5813 6.4926e+02 0 4.1976e-05 3.6294 6.214680e-01 3.697290e-01 6.682393e-03 999.0000 
 5.4000 28 # agb_5.40_Z0.00600000_Mdot51_eta1.00_Mc0.00_dMc0.00_Tbd6.40_L0.00_dL0.00_C0.00_Nr3.00_rates0_KOPv_KMOLv.dat 
0.0000e+00 4.4259 3.5463 5.40000 0.96929 0.3768 1.7019e+02 1 2.2336e-05 3.5463 6.290000e-01 3.649450e-01 4.047682e-03 -0.1181 
1.6872e+03 4.6116 3.5221 5.30740 0.96977 0.2954 2.8794e+02 1 6.2373e-05 3.5221 6.289721e-01 3.649480e-01 4.071485e-03 -0.1308 
3.5244e+03 4.6321 3.5180 5.21001 0.97011 0.1979 3.1110e+02 1 5.8345e-05 3.5180 6.289058e-01 3.649850e-01 4.101135e-03 -0.1361 
5.6143e+03 4.6422 3.5158 5.09718 0.97044 0.1143 3.2572e+02 1 5.9704e-05 3.5158 6.288165e-01 3.650460e-01 4.128633e-03 -0.1302 
7.9694e+03 4.6485 3.5129 4.96821 0.97077 0.0671 3.4093e+02 1 6.0534e-05 3.5129 6.286990e-01 3.651420e-01 4.148876e-03 -0.1384 
1.0618e+04 4.6484 3.5105 4.82302 0.97109 0.0501 3.5227e+02 1 6.0534e-05 3.5105 6.285471e-01 3.652790e-01 4.162723e-03 -0.1386 
1.3575e+04 4.6473 3.5081 4.66073 0.97141 0.0466 3.6402e+02 1 6.0395e-05 3.5081 6.283551e-01 3.654580e-01 4.173786e-03 -0.1408 
1.6835e+04 4.6462 3.5052 4.48160 0.97172 0.0476 3.7856e+02 1 6.0256e-05 3.5052 6.281185e-01 3.656790e-01 4.186917e-03 -0.1391 
2.0357e+04 4.6414 3.5024 4.28910 0.97200 0.0501 7.4148e+02 0 5.9566e-05 3.5024 6.278350e-01 3.659410e-01 4.206007e-03 -0.1359 
2.4179e+04 4.6327 3.4996 4.08212 0.97227 0.0531 7.7995e+02 0 5.8479e-05 3.4996 6.275013e-01 3.662440e-01 4.233972e-03 -0.1378 
2.8183e+04 4.6223 3.4968 3.86805 0.97249 0.0570 8.2030e+02 0 5.7016e-05 3.4968 6.271194e-01 3.665820e-01 4.274106e-03 -0.1434 
3.2367e+04 4.6088 3.4940 3.64797 0.97268 0.0621 8.6030e+02 0 5.5335e-05 3.4940 6.266898e-01 3.669520e-01 4.330034e-03 -0.1508 
3.6648e+04 4.5928 3.4912 3.42745 0.97283 0.0699 8.9974e+02 0 5.3333e-05 3.4912 6.262165e-01 3.673460e-01 4.405324e-03 -0.1526 
4.1059e+04 4.5758 3.4886 3.21074 0.97299 0.0834 9.4069e+02 0 5.1286e-05 3.4886 6.257013e-01 3.677590e-01 4.502890e-03 -0.1519 
4.5517e+04 4.5583 3.4860 3.00245 0.97316 0.1117 9.8346e+02 0 4.9204e-05 3.4860 6.251500e-01 3.681840e-01 4.623678e-03 -0.1501 
4.9989e+04 4.5390 3.4836 2.80156 0.97334 0.1785 1.0245e+03 0 4.7098e-05 3.4836 6.245698e-01 3.686180e-01 4.764114e-03 -0.1485 
5.4423e+04 4.5213 3.4810 2.60925 0.97355 0.2924 1.0745e+03 0 4.5186e-05 3.4810 6.239634e-01 3.690630e-01 4.920215e-03 -0.1490 
5.8761e+04 4.5109 3.4791 2.42505 0.97379 0.4233 1.1402e+03 0 4.4157e-05 3.4791 6.233270e-01 3.695160e-01 5.096473e-03 -0.1440 
6.3073e+04 4.5056 3.4760 2.24366 0.97415 0.5660 1.2427e+03 0 4.3551e-05 3.4760 6.226737e-01 3.699690e-01 5.289353e-03 -0.1345 
6.7219e+04 4.5027 3.4747 2.07038 0.97460 0.7185 1.3427e+03 0 4.3351e-05 3.4747 6.220089e-01 3.704190e-01 5.496367e-03 -0.1110 
7.1258e+04 4.5034 3.4734 1.90125 0.97518 0.8784 1.4686e+03 0 4.3351e-05 3.4734 6.213397e-01 3.708620e-01 5.714399e-03 -0.0801 
7.5153e+04 4.5043 3.4681 1.73786 0.97588 1.0440 1.6728e+03 0 4.3451e-05 3.4681 6.206701e-01 3.712960e-01 5.941071e-03 -0.0437 
7.8901e+04 4.5053 3.4554 1.58024 0.97671 1.2117 2.0467e+03 0 4.3551e-05 3.4554 6.200102e-01 3.717160e-01 6.171872e-03 0.0439 
8.2510e+04 4.5065 3.4556 1.42805 0.97769 1.3763 2.2426e+03 0 4.3652e-05 3.4556 6.193777e-01 3.721110e-01 6.399413e-03 0.0776 
8.5990e+04 4.5078 3.4674 1.28083 0.97880 1.5320 2.2329e+03 0 4.3853e-05 3.4674 6.187911e-01 3.724720e-01 6.615615e-03 0.1916 
8.9361e+04 4.5093 3.4964 1.13771 0.98005 1.6683 1.9245e+03 0 4.3954e-05 3.4964 6.182860e-01 3.727790e-01 6.805760e-03 0.3315 
9.2647e+04 4.5109 3.5951 0.99768 0.98144 1.7525 8.9935e+02 0 4.4157e-05 3.5951 6.179787e-01 3.729630e-01 6.923646e-03 0.6868 
9.2906e+04 4.4094 3.6209 0.98839 0.98145 1.7525 5.7455e+02 0 3.4914e-05 3.6209 6.179787e-01 3.729630e-01 6.923646e-03 999.0000 
