# age(yr) logL logTe m_act mcore c/o period ip Mdot(Msun/yr) logTe X Y CNO dlogTe/dlogL 
 0.5100 3 # agb_0.510_Z0.00100000_Mdot2_eta0.40_Mc0.00_dMc0.00_Tbd6.40_L0.00_dL0.00_C0.00_Nr3.00_rates0_KOPv_KMOLv.dat 
0.0000e+00 2.8181 3.6566 0.51000 0.49797 0.5366 1.3324e+01 1 7.0958e-09 3.6566 7.405000e-01 2.585120e-01 6.637973e-04 -0.0756 
2.5868e+05 2.9399 3.6563 0.50575 0.49913 0.5366 1.6755e+01 1 2.3714e-08 3.6563 7.405000e-01 2.585120e-01 6.637973e-04 -0.0774 
5.0123e+05 2.9832 3.6719 0.50219 0.50016 0.5366 1.6250e+01 1 3.4277e-08 3.6719 7.405000e-01 2.585120e-01 6.637973e-04 999.0000 
 0.5150 4 # agb_0.515_Z0.00100000_Mdot2_eta0.40_Mc0.00_dMc0.00_Tbd6.40_L0.00_dL0.00_C0.00_Nr3.00_rates0_KOPv_KMOLv.dat 
0.0000e+00 2.8095 3.6527 0.51500 0.49802 0.5366 1.3431e+01 1 6.4565e-09 3.6527 7.405000e-01 2.585160e-01 6.637973e-04 -0.0779 
2.5011e+05 2.9508 3.6459 0.51141 0.49908 0.5366 1.8349e+01 1 2.6669e-08 3.6459 7.405000e-01 2.585160e-01 6.637973e-04 -0.0779 
5.4988e+05 2.9720 3.6570 0.50614 0.50060 0.5366 1.7682e+01 1 3.2137e-08 3.6570 7.405000e-01 2.585160e-01 6.637973e-04 -0.0764 
7.5950e+05 2.9594 3.6702 0.50386 0.50133 0.5366 1.5720e+01 1 2.7164e-08 3.6702 7.405000e-01 2.585160e-01 6.637973e-04 999.0000 
 0.5200 3 # agb_0.520_Z0.00100000_Mdot2_eta0.40_Mc0.00_dMc0.00_Tbd6.40_L0.00_dL0.00_C0.00_Nr3.00_rates0_KOPv_KMOLv.dat 
0.0000e+00 2.9325 3.6394 0.52000 0.49869 0.5349 1.8447e+01 1 2.1878e-08 3.6394 7.404000e-01 2.586250e-01 6.639447e-04 -0.0813 
2.5920e+05 3.0422 3.6471 0.50764 0.50024 0.5349 2.1587e+01 1 6.5766e-08 3.6471 7.404000e-01 2.586250e-01 6.639447e-04 -0.0813 
4.0202e+05 3.0221 3.6542 0.50592 0.50064 0.5349 1.9784e+01 1 5.2966e-08 3.6542 7.404000e-01 2.586250e-01 6.639447e-04 999.0000 
 0.5250 3 # agb_0.525_Z0.00100000_Mdot2_eta0.40_Mc0.00_dMc0.00_Tbd6.40_L0.00_dL0.00_C0.00_Nr3.00_rates0_KOPv_KMOLv.dat 
0.0000e+00 2.9223 3.6376 0.52500 0.49881 0.5214 1.8260e+01 1 1.9409e-08 3.6376 7.403000e-01 2.587090e-01 6.648358e-04 -0.0823 
2.5491e+05 3.0437 3.6364 0.51446 0.50028 0.5214 2.3249e+01 1 6.7298e-08 3.6364 7.403000e-01 2.587090e-01 6.648358e-04 -0.0821 
4.8015e+05 3.0838 3.6500 0.50671 0.50144 0.5214 2.2823e+01 1 9.7499e-08 3.6500 7.403000e-01 2.587090e-01 6.648358e-04 999.0000 
 0.5300 3 # agb_0.530_Z0.00100000_Mdot2_eta0.40_Mc0.00_dMc0.00_Tbd6.40_L0.00_dL0.00_C0.00_Nr3.00_rates0_KOPv_KMOLv.dat 
0.0000e+00 3.0029 3.6292 0.53000 0.50044 0.4632 2.2400e+01 1 4.2658e-08 3.6292 7.401000e-01 2.588960e-01 6.679484e-04 -0.0838 
2.5544e+05 3.1000 3.6468 0.50821 0.50224 0.4632 2.4037e+01 1 1.1482e-07 3.6468 7.401000e-01 2.588960e-01 6.679484e-04 -0.0838 
3.5527e+05 2.9558 3.6596 0.50753 0.50241 0.4632 1.6811e+01 1 2.6915e-08 3.6596 7.401000e-01 2.588960e-01 6.679484e-04 999.0000 
 0.5500 5 # agb_0.550_Z0.00100000_Mdot2_eta0.40_Mc0.00_dMc0.00_Tbd6.40_L0.00_dL0.00_C0.00_Nr3.00_rates0_KOPv_KMOLv.dat 
0.0000e+00 2.9027 3.6319 0.55000 0.50075 0.4199 1.7932e+01 1 1.4256e-08 3.6319 7.399000e-01 2.591650e-01 6.702441e-04 -0.0851 
2.5393e+05 2.9976 3.6260 0.54285 0.50214 0.4199 2.2437e+01 1 3.8282e-08 3.6260 7.399000e-01 2.591650e-01 6.702441e-04 -0.0851 
4.5827e+05 3.0527 3.6230 0.53827 0.50305 0.4199 2.5466e+01 1 6.7764e-08 3.6230 7.399000e-01 2.591650e-01 6.702441e-04 -0.0859 
5.5224e+05 3.0391 3.6277 0.53131 0.50410 0.4199 2.4174e+01 1 6.0674e-08 3.6277 7.399000e-01 2.591650e-01 6.702441e-04 -0.0859 
9.0119e+05 3.0661 3.6525 0.51197 0.50689 0.4199 2.1573e+01 1 7.8705e-08 3.6525 7.399000e-01 2.591650e-01 6.702441e-04 999.0000 
 0.5600 3 # agb_0.560_Z0.00100000_Mdot2_eta0.40_Mc0.00_dMc0.00_Tbd6.40_L0.00_dL0.00_C0.00_Nr3.00_rates0_KOPv_KMOLv.dat 
0.0000e+00 3.0867 3.6146 0.56000 0.50405 0.3710 2.8245e+01 1 8.6696e-08 3.6146 7.391000e-01 2.598890e-01 6.727348e-04 -0.0876 
2.4466e+05 3.1828 3.6282 0.51884 0.50615 0.3710 3.1717e+01 1 2.6122e-07 3.6282 7.391000e-01 2.598890e-01 6.727348e-04 -0.0885 
3.8810e+05 3.1605 3.6455 0.51210 0.50680 0.3710 2.6995e+01 1 2.0230e-07 3.6455 7.391000e-01 2.598890e-01 6.727348e-04 999.0000 
 0.5700 6 # agb_0.570_Z0.00100000_Mdot2_eta0.40_Mc0.00_dMc0.00_Tbd6.40_L0.00_dL0.00_C0.00_Nr3.00_rates0_KOPv_KMOLv.dat 
0.0000e+00 2.9200 3.6279 0.57000 0.50294 0.3986 1.8720e+01 1 1.5382e-08 3.6279 7.396000e-01 2.594630e-01 6.714069e-04 -0.0852 
2.4146e+05 3.0281 3.6195 0.56343 0.50427 0.3986 2.4418e+01 1 4.7206e-08 3.6195 7.396000e-01 2.594630e-01 6.714069e-04 -0.0852 
4.6201e+05 3.0680 3.6172 0.55748 0.50542 0.3986 2.6840e+01 1 7.2444e-08 3.6172 7.396000e-01 2.594630e-01 6.714069e-04 -0.0873 
5.4247e+05 3.0440 3.6214 0.55137 0.50636 0.3986 2.5053e+01 1 5.8345e-08 3.6214 7.396000e-01 2.594630e-01 6.714069e-04 -0.0873 
8.8378e+05 3.0751 3.6286 0.53102 0.50921 0.3986 2.5652e+01 1 8.5507e-08 3.6286 7.396000e-01 2.594630e-01 6.714069e-04 -0.0872 
1.1292e+06 3.1263 3.6489 0.51605 0.51087 0.3986 2.4642e+01 1 1.3964e-07 3.6489 7.396000e-01 2.594630e-01 6.714069e-04 999.0000 
 0.5800 6 # agb_0.580_Z0.00100000_Mdot2_eta0.40_Mc0.00_dMc0.00_Tbd6.40_L0.00_dL0.00_C0.00_Nr3.00_rates0_KOPv_KMOLv.dat 
0.0000e+00 2.9371 3.6257 0.58000 0.50438 0.3969 1.9462e+01 1 1.7378e-08 3.6257 7.395000e-01 2.594760e-01 6.713528e-04 -0.0856 
2.3836e+05 3.0374 3.6178 0.57309 0.50574 0.3969 2.4931e+01 1 4.9317e-08 3.6178 7.395000e-01 2.594760e-01 6.713528e-04 -0.0856 
4.5791e+05 3.0769 3.6153 0.56676 0.50694 0.3969 2.7433e+01 1 7.5683e-08 3.6153 7.395000e-01 2.594760e-01 6.713528e-04 -0.0877 
5.3669e+05 3.0486 3.6192 0.56056 0.50788 0.3969 2.5466e+01 1 5.8479e-08 3.6192 7.395000e-01 2.594760e-01 6.713528e-04 -0.0877 
8.7133e+05 3.0892 3.6240 0.53904 0.51076 0.3969 2.7021e+01 1 9.5719e-08 3.6240 7.395000e-01 2.594760e-01 6.713528e-04 -0.0880 
1.1386e+06 3.1441 3.6471 0.51828 0.51288 0.3969 2.5731e+01 1 1.6520e-07 3.6471 7.395000e-01 2.594760e-01 6.713528e-04 999.0000 
 0.5900 5 # agb_0.590_Z0.00100000_Mdot2_eta0.40_Mc0.00_dMc0.00_Tbd6.40_L0.00_dL0.00_C0.00_Nr3.00_rates0_KOPv_KMOLv.dat 
0.0000e+00 2.9571 3.6234 0.59000 0.50599 0.3976 2.0351e+01 1 2.0230e-08 3.6234 7.394000e-01 2.595980e-01 6.714799e-04 -0.0863 
2.4086e+05 3.0368 3.6174 0.58157 0.50748 0.3976 2.4783e+01 1 4.6881e-08 3.6174 7.394000e-01 2.595980e-01 6.714799e-04 -0.0878 
5.2791e+05 3.0757 3.6161 0.56725 0.50965 0.3976 2.7211e+01 1 7.4302e-08 3.6161 7.394000e-01 2.595980e-01 6.714799e-04 -0.0878 
8.6131e+05 3.1143 3.6222 0.54054 0.51274 0.3976 2.8617e+01 1 1.2190e-07 3.6222 7.394000e-01 2.595980e-01 6.714799e-04 -0.0875 
1.1007e+06 3.1595 3.6465 0.51988 0.51458 0.3976 2.6536e+01 1 1.9055e-07 3.6465 7.394000e-01 2.595980e-01 6.714799e-04 999.0000 
 0.6000 5 # agb_0.600_Z0.00100000_Mdot2_eta0.40_Mc0.00_dMc0.00_Tbd6.40_L0.00_dL0.00_C0.00_Nr3.00_rates0_KOPv_KMOLv.dat 
0.0000e+00 2.9649 3.6223 0.60000 0.50769 0.4026 2.0623e+01 1 2.0797e-08 3.6223 7.395000e-01 2.595240e-01 6.711460e-04 -0.0867 
2.3591e+05 3.0449 3.6162 0.59171 0.50918 0.4026 2.5153e+01 1 4.8417e-08 3.6162 7.395000e-01 2.595240e-01 6.711460e-04 -0.0875 
5.1599e+05 3.0909 3.6138 0.57737 0.51133 0.4026 2.8195e+01 1 8.2414e-08 3.6138 7.395000e-01 2.595240e-01 6.711460e-04 -0.0882 
8.4772e+05 3.1207 3.6189 0.54951 0.51451 0.4026 2.9419e+01 1 1.2503e-07 3.6189 7.395000e-01 2.595240e-01 6.711460e-04 -0.0873 
1.1058e+06 3.1754 3.6460 0.52203 0.51677 0.4026 2.7376e+01 1 2.1979e-07 3.6460 7.395000e-01 2.595240e-01 6.711460e-04 999.0000 
 0.6200 3 # agb_0.62_Z0.00100000_Mdot2_eta0.40_Mc0.00_dMc0.00_Tbd6.40_L0.00_dL0.00_C0.00_Nr3.00_rates0_KOPv_KMOLv.dat 
0.0000e+00 3.1251 3.6078 0.62000 0.51226 0.3971 3.0239e+01 1 9.4406e-08 3.6078 7.390000e-01 2.600400e-01 6.715154e-04 -0.0901 
2.2554e+05 3.2132 3.6033 0.57959 0.51445 0.3971 3.8012e+01 1 2.7861e-07 3.6033 7.390000e-01 2.600400e-01 6.715154e-04 -0.0891 
4.5717e+05 3.2808 3.6404 0.52192 0.51692 0.3971 3.4588e+01 1 6.2517e-07 3.6404 7.390000e-01 2.600400e-01 6.715154e-04 999.0000 
 0.6500 4 # agb_0.65_Z0.00100000_Mdot2_eta0.40_Mc0.00_dMc0.00_Tbd6.40_L0.00_dL0.00_C0.00_Nr3.00_rates0_KOPv_KMOLv.dat 
0.0000e+00 3.0834 3.6111 0.65000 0.51465 0.4188 2.6703e+01 1 5.3703e-08 3.6111 7.393000e-01 2.596250e-01 6.702758e-04 -0.0882 
2.1885e+05 3.1591 3.6050 0.63167 0.51651 0.4188 3.2536e+01 1 1.2560e-07 3.6050 7.393000e-01 2.596250e-01 6.702758e-04 -0.0905 
4.9452e+05 3.1904 3.6049 0.59394 0.51948 0.4188 3.5598e+01 1 2.0559e-07 3.6049 7.393000e-01 2.596250e-01 6.702758e-04 -0.0891 
7.7259e+05 3.2616 3.6413 0.52822 0.52291 0.4188 3.2975e+01 1 4.9888e-07 3.6413 7.393000e-01 2.596250e-01 6.702758e-04 999.0000 
 0.6600 5 # agb_0.66_Z0.00100000_Mdot2_eta0.40_Mc0.00_dMc0.00_Tbd6.40_L0.00_dL0.00_C0.00_Nr3.00_rates0_KOPv_KMOLv.dat 
0.0000e+00 3.0547 3.6138 0.66000 0.51595 0.4279 2.4656e+01 1 3.8371e-08 3.6138 7.395000e-01 2.594600e-01 6.697537e-04 -0.0885 
2.1518e+05 3.1308 3.6074 0.64732 0.51764 0.4279 2.9991e+01 1 8.7498e-08 3.6074 7.395000e-01 2.594600e-01 6.697537e-04 -0.0886 
4.8175e+05 3.1701 3.6049 0.62196 0.52030 0.4279 3.3492e+01 1 1.4655e-07 3.6049 7.395000e-01 2.594600e-01 6.697537e-04 -0.0903 
7.9467e+05 3.2065 3.6104 0.56649 0.52421 0.4279 3.6063e+01 1 2.7164e-07 3.6104 7.395000e-01 2.594600e-01 6.697537e-04 -0.0876 
9.7967e+05 3.2415 3.6433 0.53107 0.52585 0.4279 3.1238e+01 1 3.9994e-07 3.6433 7.395000e-01 2.594600e-01 6.697537e-04 999.0000 
 0.6800 4 # agb_0.68_Z0.00100000_Mdot2_eta0.40_Mc0.00_dMc0.00_Tbd6.40_L0.00_dL0.00_C0.00_Nr3.00_rates0_KOPv_KMOLv.dat 
0.0000e+00 3.0902 3.6108 0.68000 0.51789 0.4328 2.6484e+01 1 5.0003e-08 3.6108 7.396000e-01 2.594870e-01 6.694658e-04 -0.0891 
2.0962e+05 3.1840 3.6028 0.66181 0.51975 0.4328 3.3810e+01 1 1.3964e-07 3.6028 7.396000e-01 2.594870e-01 6.694658e-04 -0.0891 
4.7822e+05 3.2140 3.6013 0.62219 0.52283 0.4328 3.7258e+01 1 2.2751e-07 3.6013 7.396000e-01 2.594870e-01 6.694658e-04 -0.0900 
7.7902e+05 3.2727 3.6416 0.53223 0.52708 0.4328 3.3447e+01 1 5.4075e-07 3.6416 7.396000e-01 2.594870e-01 6.694658e-04 999.0000 
 0.7000 5 # agb_0.70_Z0.00100000_Mdot2_eta0.40_Mc0.00_dMc0.00_Tbd6.40_L0.00_dL0.00_C0.00_Nr3.00_rates0_KOPv_KMOLv.dat 
0.0000e+00 3.1097 3.6094 0.70000 0.51953 0.4393 2.7322e+01 1 5.5463e-08 3.6094 7.396000e-01 2.594200e-01 6.690886e-04 -0.0894 
2.0677e+05 3.1912 3.6022 0.68183 0.52143 0.4393 3.3881e+01 1 1.3677e-07 3.6022 7.396000e-01 2.594200e-01 6.690886e-04 -0.0894 
4.7000e+05 3.2286 3.5995 0.64167 0.52455 0.4393 3.8166e+01 1 2.3988e-07 3.5995 7.396000e-01 2.594200e-01 6.690886e-04 -0.0893 
7.7647e+05 3.2692 3.6230 0.54308 0.52912 0.4393 3.7687e+01 1 5.3580e-07 3.6230 7.396000e-01 2.594200e-01 6.690886e-04 -0.0891 
7.7916e+05 3.3676 3.6364 0.53440 0.52912 0.4393 8.4891e+01 0 1.3709e-06 3.6364 7.396000e-01 2.594200e-01 6.690886e-04 999.0000 
 0.7200 5 # agb_0.72_Z0.00100000_Mdot2_eta0.40_Mc0.00_dMc0.00_Tbd6.40_L0.00_dL0.00_C0.00_Nr3.00_rates0_KOPv_KMOLv.dat 
0.0000e+00 3.0858 3.6120 0.72000 0.52096 0.4483 2.5298e+01 1 3.9902e-08 3.6120 7.398000e-01 2.592590e-01 6.686511e-04 -0.0888 
2.0210e+05 3.1717 3.6043 0.70727 0.52270 0.4483 3.1598e+01 1 1.0023e-07 3.6043 7.398000e-01 2.592590e-01 6.686511e-04 -0.0896 
4.6018e+05 3.2001 3.6020 0.68095 0.52554 0.4483 3.4513e+01 1 1.4997e-07 3.6020 7.398000e-01 2.592590e-01 6.686511e-04 -0.0896 
7.5826e+05 3.2434 3.5999 0.62214 0.52968 0.4483 3.9716e+01 1 3.0409e-07 3.5999 7.398000e-01 2.592590e-01 6.686511e-04 -0.0887 
9.9747e+05 3.3057 3.6393 0.53847 0.53301 0.4483 3.5923e+01 1 7.2611e-07 3.6393 7.398000e-01 2.592590e-01 6.686511e-04 999.0000 
 0.7500 6 # agb_0.75_Z0.00100000_Mdot2_eta0.40_Mc0.00_dMc0.00_Tbd6.40_L0.00_dL0.00_C0.00_Nr3.00_rates0_KOPv_KMOLv.dat 
0.0000e+00 3.0868 3.6128 0.75000 0.52283 0.4549 2.4678e+01 1 3.5318e-08 3.6128 7.398000e-01 2.591930e-01 6.683091e-04 -0.0892 
2.0191e+05 3.1539 3.6067 0.73896 0.52458 0.4549 2.9397e+01 1 7.2778e-08 3.6067 7.398000e-01 2.591930e-01 6.683091e-04 -0.0907 
4.4710e+05 3.2034 3.6021 0.71830 0.52723 0.4549 3.3774e+01 1 1.3122e-07 3.6021 7.398000e-01 2.591930e-01 6.683091e-04 -0.0901 
7.4144e+05 3.2375 3.5993 0.67236 0.53128 0.4549 3.7955e+01 1 2.2646e-07 3.5993 7.398000e-01 2.591930e-01 6.683091e-04 -0.0886 
1.0499e+06 3.2823 3.6112 0.56444 0.53636 0.4549 8.3625e+01 0 5.6885e-07 3.6112 7.398000e-01 2.591930e-01 6.683091e-04 -0.0887 
1.0543e+06 3.4199 3.6354 0.54147 0.53637 0.4549 9.5162e+01 0 2.1928e-06 3.6354 7.398000e-01 2.591930e-01 6.683091e-04 999.0000 
 0.7600 5 # agb_0.76_Z0.00100000_Mdot2_eta0.40_Mc0.00_dMc0.00_Tbd6.40_L0.00_dL0.00_C0.00_Nr3.00_rates0_KOPv_KMOLv.dat 
0.0000e+00 3.1027 3.6117 0.76000 0.52396 0.4577 2.5426e+01 1 3.9719e-08 3.6117 7.397000e-01 2.593070e-01 6.683269e-04 -0.0893 
1.9672e+05 3.1816 3.6045 0.74796 0.52572 0.4577 3.1228e+01 1 9.2683e-08 3.6045 7.397000e-01 2.593070e-01 6.683269e-04 -0.0903 
4.4574e+05 3.2145 3.6014 0.72370 0.52857 0.4577 3.4516e+01 1 1.4322e-07 3.6014 7.397000e-01 2.593070e-01 6.683269e-04 -0.0901 
7.3621e+05 3.2543 3.5979 0.67046 0.53276 0.4577 3.9589e+01 1 2.7102e-07 3.5979 7.397000e-01 2.593070e-01 6.683269e-04 -0.0892 
1.0332e+06 3.3118 3.6405 0.54306 0.53785 0.4577 3.5848e+01 1 7.4645e-07 3.6405 7.397000e-01 2.593070e-01 6.683269e-04 999.0000 
 0.7800 4 # agb_0.78_Z0.00100000_Mdot2_eta0.40_Mc0.00_dMc0.00_Tbd6.40_L0.00_dL0.00_C0.00_Nr3.00_rates0_KOPv_KMOLv.dat 
0.0000e+00 3.2176 3.6023 0.78000 0.52791 0.4591 3.3178e+01 1 1.1641e-07 3.6023 7.393000e-01 2.597210e-01 6.686223e-04 -0.0904 
1.9110e+05 3.2882 3.5952 0.74585 0.53022 0.4591 4.0686e+01 1 2.7353e-07 3.5952 7.393000e-01 2.597210e-01 6.686223e-04 -0.0898 
4.4024e+05 3.3273 3.5914 0.65903 0.53417 0.4591 9.6059e+01 0 5.9566e-07 3.5914 7.393000e-01 2.597210e-01 6.686223e-04 -0.0899 
6.3820e+05 3.3902 3.6361 0.54256 0.53728 0.4591 8.8286e+01 0 1.6293e-06 3.6361 7.393000e-01 2.597210e-01 6.686223e-04 999.0000 
 0.8000 3 # agb_0.80_Z0.00100000_Mdot2_eta0.40_Mc0.00_dMc0.00_Tbd6.40_L0.00_dL0.00_C0.00_Nr3.00_rates0_KOPv_KMOLv.dat 
0.0000e+00 3.3432 3.5918 0.80000 0.53251 0.4589 4.4507e+01 1 3.8019e-07 3.5918 7.389000e-01 2.600210e-01 6.689429e-04 -0.0914 
1.8361e+05 3.3990 3.5844 0.69067 0.53547 0.4589 1.1503e+02 0 1.0641e-06 3.5844 7.389000e-01 2.600210e-01 6.689429e-04 -0.0903 
3.4487e+05 3.4608 3.6328 0.54346 0.53811 0.4589 1.0629e+02 0 3.2584e-06 3.6328 7.389000e-01 2.600210e-01 6.689429e-04 999.0000 
 0.8500 5 # agb_0.85_Z0.00100000_Mdot2_eta0.40_Mc0.00_dMc0.00_Tbd6.40_L0.00_dL0.00_C0.00_Nr3.00_rates0_KOPv_KMOLv.dat 
0.0000e+00 3.1971 3.6069 0.85000 0.53119 0.4588 2.9570e+01 1 7.1614e-08 3.6069 7.349000e-01 2.641420e-01 6.749945e-04 -0.0890 
1.8595e+05 3.2601 3.6007 0.82980 0.53336 0.4588 3.5157e+01 1 1.4588e-07 3.6007 7.349000e-01 2.641420e-01 6.749945e-04 -0.0902 
4.1975e+05 3.3131 3.5948 0.78604 0.53689 0.4588 4.1591e+01 1 2.9648e-07 3.5948 7.349000e-01 2.641420e-01 6.749945e-04 -0.0900 
6.9723e+05 3.3557 3.5900 0.66955 0.54224 0.4588 1.0215e+02 0 7.5162e-07 3.5900 7.349000e-01 2.641420e-01 6.749945e-04 -0.0900 
8.6581e+05 3.4031 3.6364 0.55023 0.54493 0.4588 8.9492e+01 0 1.7660e-06 3.6364 7.349000e-01 2.641420e-01 6.749945e-04 999.0000 
 0.9000 4 # agb_0.90_Z0.00100000_Mdot2_eta0.40_Mc0.00_dMc0.00_Tbd6.40_L0.00_dL0.00_C0.00_Nr3.00_rates0_KOPv_KMOLv.dat 
0.0000e+00 3.3058 3.5994 0.90000 0.53562 0.4455 3.7023e+01 1 1.7783e-07 3.5994 7.330000e-01 2.660290e-01 6.761747e-04 -0.0906 
1.7597e+05 3.3752 3.5915 0.85326 0.53829 0.4455 4.5774e+01 1 4.2462e-07 3.5915 7.330000e-01 2.660290e-01 6.761747e-04 -0.0904 
4.1217e+05 3.4163 3.5841 0.71517 0.54312 0.4455 1.1613e+02 0 1.1324e-06 3.5841 7.330000e-01 2.660290e-01 6.761747e-04 -0.0909 
5.7815e+05 3.4675 3.6337 0.55158 0.54622 0.4455 1.0567e+02 0 3.3037e-06 3.6337 7.330000e-01 2.660290e-01 6.761747e-04 999.0000 
 0.9500 5 # agb_0.95_Z0.00100000_Mdot2_eta0.40_Mc0.00_dMc0.00_Tbd6.40_L0.00_dL0.00_C0.00_Nr3.00_rates0_KOPv_KMOLv.dat 
0.0000e+00 3.2372 3.6078 0.95000 0.53722 0.4356 2.9864e+01 1 7.4473e-08 3.6078 7.308000e-01 2.682390e-01 6.788181e-04 -0.0888 
1.6965e+05 3.3143 3.6003 0.93206 0.53937 0.4356 3.6692e+01 1 1.7219e-07 3.6003 7.308000e-01 2.682390e-01 6.788181e-04 -0.0906 
3.9744e+05 3.3454 3.5961 0.88933 0.54324 0.4356 4.1047e+01 1 2.7479e-07 3.5961 7.308000e-01 2.682390e-01 6.788181e-04 -0.0902 
6.5733e+05 3.3957 3.5883 0.78477 0.54887 0.4356 5.0779e+01 1 6.8234e-07 3.5883 7.308000e-01 2.682390e-01 6.788181e-04 -0.0903 
8.6613e+05 3.4624 3.6352 0.55871 0.55366 0.4356 1.0189e+02 0 2.9992e-06 3.6352 7.308000e-01 2.682390e-01 6.788181e-04 999.0000 
 1.0000 4 # agb_1.00_Z0.00100000_Mdot2_eta0.40_Mc0.00_dMc0.00_Tbd6.40_L0.00_dL0.00_C0.00_Nr3.00_rates0_KOPv_KMOLv.dat 
0.0000e+00 3.3673 3.5985 1.00000 0.54201 0.4194 3.9514e+01 1 2.3335e-07 3.5985 7.288000e-01 2.701430e-01 6.795408e-04 -0.0902 
1.6532e+05 3.4259 3.5912 0.94634 0.54493 0.4194 4.7758e+01 1 5.0466e-07 3.5912 7.288000e-01 2.701430e-01 6.795408e-04 -0.0900 
3.8827e+05 3.4735 3.5808 0.78007 0.55029 0.4194 1.2575e+02 0 1.5276e-06 3.5808 7.288000e-01 2.701430e-01 6.795408e-04 -0.0911 
5.4547e+05 3.5198 3.6322 0.55899 0.55378 0.4194 1.1893e+02 0 5.2966e-06 3.6322 7.288000e-01 2.701430e-01 6.795408e-04 999.0000 
 1.0500 5 # agb_1.05_Z0.00100000_Mdot2_eta0.40_Mc0.00_dMc0.00_Tbd6.40_L0.00_dL0.00_C0.00_Nr3.00_rates0_KOPv_KMOLv.dat 
0.0000e+00 3.3191 3.6049 1.05000 0.54148 0.4078 3.3686e+01 1 1.2218e-07 3.6049 7.277000e-01 2.712690e-01 6.802142e-04 -0.0894 
1.6629e+05 3.3729 3.5992 1.02314 0.54409 0.4078 3.9284e+01 1 2.2856e-07 3.5992 7.277000e-01 2.712690e-01 6.802142e-04 -0.0895 
3.8382e+05 3.4266 3.5919 0.95840 0.54864 0.4078 4.7253e+01 1 4.8641e-07 3.5919 7.277000e-01 2.712690e-01 6.802142e-04 -0.0901 
6.3718e+05 3.4726 3.5813 0.77116 0.55544 0.4078 1.2621e+02 0 1.5631e-06 3.5813 7.277000e-01 2.712690e-01 6.802142e-04 -0.0914 
7.7916e+05 3.5113 3.6334 0.56362 0.55852 0.4078 1.1457e+02 0 4.7315e-06 3.6334 7.277000e-01 2.712690e-01 6.802142e-04 999.0000 
 1.1000 4 # agb_1.10_Z0.00100000_Mdot2_eta0.40_Mc0.00_dMc0.00_Tbd6.40_L0.00_dL0.00_C0.00_Nr3.00_rates0_KOPv_KMOLv.dat 
0.0000e+00 3.4084 3.5993 1.10000 0.54828 0.3963 4.0355e+01 1 2.5704e-07 3.5993 7.265000e-01 2.725000e-01 6.808113e-04 -0.0896 
1.5564e+05 3.4597 3.5927 1.04624 0.55133 0.3963 4.7752e+01 1 5.0933e-07 3.5927 7.265000e-01 2.725000e-01 6.808113e-04 -0.0895 
3.6484e+05 3.5146 3.5809 0.88221 0.55696 0.3963 6.2750e+01 1 1.5488e-06 3.5809 7.265000e-01 2.725000e-01 6.808113e-04 -0.0907 
5.2770e+05 3.5703 3.6307 0.56682 0.56143 0.3963 1.3325e+02 0 8.3176e-06 3.6307 7.265000e-01 2.725000e-01 6.808113e-04 999.0000 
 1.1500 4 # agb_1.15_Z0.00100000_Mdot2_eta0.40_Mc0.00_dMc0.00_Tbd6.40_L0.00_dL0.00_C0.00_Nr3.00_rates0_KOPv_KMOLv.dat 
0.0000e+00 3.4069 3.6016 1.15000 0.54969 0.3865 3.8705e+01 1 2.1878e-07 3.6016 7.258000e-01 2.732420e-01 6.813601e-04 -0.0891 
1.5125e+05 3.4746 3.5937 1.10301 0.55270 0.3865 4.7418e+01 1 4.9659e-07 3.5937 7.258000e-01 2.732420e-01 6.813601e-04 -0.0890 
3.5932e+05 3.5153 3.5847 0.97202 0.55833 0.3865 5.8182e+01 1 1.1350e-06 3.5847 7.258000e-01 2.732420e-01 6.813601e-04 -0.0902 
5.5468e+05 3.5804 3.6314 0.56970 0.56449 0.3865 1.3479e+02 0 8.9950e-06 3.6314 7.258000e-01 2.732420e-01 6.813601e-04 999.0000 
 1.2000 5 # agb_1.20_Z0.00100000_Mdot2_eta0.40_Mc0.00_dMc0.00_Tbd6.40_L0.00_dL0.00_C0.00_Nr3.00_rates0_KOPv_KMOLv.dat 
0.0000e+00 3.3637 3.6072 1.20000 0.54907 0.3783 3.3570e+01 1 1.2303e-07 3.6072 7.258000e-01 2.731940e-01 6.817984e-04 -0.0886 
1.5221e+05 3.4229 3.6012 1.17547 0.55175 0.3783 3.9506e+01 1 2.3878e-07 3.6012 7.258000e-01 2.731940e-01 6.817984e-04 -0.0891 
3.5505e+05 3.4699 3.5949 1.11808 0.55654 0.3783 4.6270e+01 1 4.5290e-07 3.5949 7.258000e-01 2.731940e-01 6.817984e-04 -0.0892 
5.8954e+05 3.5152 3.5851 0.97446 0.56362 0.3783 5.7929e+01 1 1.1246e-06 3.5851 7.258000e-01 2.731940e-01 6.817984e-04 -0.0901 
7.7702e+05 3.5787 3.6318 0.57495 0.56970 0.3783 1.3273e+02 0 8.5901e-06 3.6318 7.258000e-01 2.731940e-01 6.817984e-04 999.0000 
 1.2500 5 # agb_1.25_Z0.00100000_Mdot2_eta0.40_Mc0.00_dMc0.00_Tbd6.40_L0.00_dL0.00_C0.00_Nr3.00_rates0_KOPv_KMOLv.dat 
0.0000e+00 3.3921 3.6066 1.25000 0.55188 0.3733 3.4781e+01 1 1.4289e-07 3.6066 7.262000e-01 2.727600e-01 6.819925e-04 -0.0884 
1.4793e+05 3.4465 3.6010 1.22337 0.55466 0.3733 4.0499e+01 1 2.6546e-07 3.6010 7.262000e-01 2.727600e-01 6.819925e-04 -0.0888 
3.4650e+05 3.4924 3.5946 1.16021 0.55968 0.3733 4.7417e+01 1 5.0234e-07 3.5946 7.262000e-01 2.727600e-01 6.819925e-04 -0.0888 
5.7422e+05 3.5407 3.5837 0.99747 0.56705 0.3733 6.0615e+01 1 1.3459e-06 3.5837 7.262000e-01 2.727600e-01 6.819925e-04 -0.0900 
7.4658e+05 3.6015 3.6326 0.57784 0.57284 0.3733 1.3797e+02 0 1.0495e-05 3.6326 7.262000e-01 2.727600e-01 6.819925e-04 999.0000 
 1.3000 6 # agb_1.30_Z0.00100000_Mdot2_eta0.40_Mc0.00_dMc0.00_Tbd6.40_L0.00_dL0.00_C0.00_Nr3.00_rates0_KOPv_KMOLv.dat 
0.0000e+00 3.3736 3.6102 1.30000 0.55609 0.3679 3.2116e+01 1 1.0423e-07 3.6102 7.268000e-01 2.722360e-01 6.823959e-04 -0.0882 
1.3992e+05 3.4397 3.6038 1.28043 0.55863 0.3679 3.8282e+01 1 2.1330e-07 3.6038 7.268000e-01 2.722360e-01 6.823959e-04 -0.0875 
3.2980e+05 3.4782 3.5988 1.23445 0.56327 0.3679 4.3410e+01 1 3.5400e-07 3.5988 7.268000e-01 2.722360e-01 6.823959e-04 -0.0885 
5.4589e+05 3.5292 3.5903 1.12964 0.57003 0.3679 5.3048e+01 1 7.9433e-07 3.5903 7.268000e-01 2.722360e-01 6.823959e-04 -0.0894 
7.6019e+05 3.5902 3.5712 0.72670 0.57705 0.9130 1.8955e+02 0 6.1518e-06 3.5712 7.252752e-01 2.735470e-01 8.940824e-04 -0.0963 
8.1616e+05 3.4717 3.6347 0.58328 0.57769 0.9130 1.0050e+02 0 2.8840e-06 3.6347 7.252752e-01 2.735470e-01 8.940824e-04 999.0000 
 1.3500 5 # agb_1.35_Z0.00100000_Mdot2_eta0.40_Mc0.00_dMc0.00_Tbd6.40_L0.00_dL0.00_C0.00_Nr3.00_rates0_KOPv_KMOLv.dat 
0.0000e+00 3.4450 3.6058 1.35000 0.55904 0.3601 3.7079e+01 1 1.8836e-07 3.6058 7.267000e-01 2.723060e-01 6.828361e-04 -0.0880 
1.3543e+05 3.5096 3.5990 1.31728 0.56195 0.3601 4.4401e+01 1 3.9174e-07 3.5990 7.267000e-01 2.723060e-01 6.828361e-04 -0.0875 
3.2377e+05 3.5476 3.5926 1.23446 0.56747 0.3601 5.1561e+01 1 7.1285e-07 3.5926 7.267000e-01 2.723060e-01 6.828361e-04 -0.0887 
5.3557e+05 3.5984 3.5775 0.99739 0.57442 0.6273 7.0449e+01 1 2.4210e-06 3.5775 7.255685e-01 2.733290e-01 7.904792e-04 -0.0912 
6.5673e+05 3.6551 3.6254 0.58200 0.57653 1.8562 1.6485e+02 0 1.7865e-05 3.6254 7.222376e-01 2.761500e-01 1.296944e-03 999.0000 
 1.4000 5 # agb_1.40_Z0.00100000_Mdot2_eta0.40_Mc0.00_dMc0.00_Tbd6.40_L0.00_dL0.00_C0.00_Nr3.00_rates0_KOPv_KMOLv.dat 
0.0000e+00 3.4923 3.6035 1.40000 0.56341 0.3509 4.0344e+01 1 2.6915e-07 3.6035 7.262000e-01 2.727720e-01 6.832458e-04 -0.0878 
1.3084e+05 3.5459 3.5973 1.35658 0.56656 0.3509 4.7322e+01 1 5.1168e-07 3.5973 7.262000e-01 2.727720e-01 6.832458e-04 -0.0876 
3.1115e+05 3.5901 3.5891 1.24478 0.57248 0.3509 5.6947e+01 1 1.0641e-06 3.5891 7.262000e-01 2.727720e-01 6.832458e-04 -0.0888 
5.1456e+05 3.6385 3.5679 0.82603 0.57991 0.6499 1.9370e+02 0 6.6834e-06 3.5679 7.249842e-01 2.738680e-01 8.024085e-04 -0.0948 
5.8812e+05 3.6095 3.6264 0.58532 0.58008 2.3595 1.4680e+02 0 1.1220e-05 3.6264 7.205296e-01 2.776060e-01 1.514425e-03 999.0000 
 1.4500 5 # agb_1.45_Z0.00100000_Mdot2_eta0.40_Mc0.00_dMc0.00_Tbd6.40_L0.00_dL0.00_C0.00_Nr3.00_rates0_KOPv_KMOLv.dat 
0.0000e+00 3.4780 3.6064 1.45000 0.56063 0.3443 3.7792e+01 1 2.0701e-07 3.6064 7.256000e-01 2.733450e-01 6.837015e-04 -0.0873 
1.3436e+05 3.5309 3.6007 1.41625 0.56375 0.3443 4.3948e+01 1 3.8194e-07 3.6007 7.256000e-01 2.733450e-01 6.837015e-04 -0.0873 
3.1885e+05 3.5744 3.5939 1.33498 0.56956 0.3443 5.1531e+01 1 7.2111e-07 3.5939 7.256000e-01 2.733450e-01 6.837015e-04 -0.0875 
5.2662e+05 3.6237 3.5801 1.11849 0.57676 0.6167 6.8313e+01 1 2.1429e-06 3.5801 7.244829e-01 2.743530e-01 7.923460e-04 -0.0908 
6.6205e+05 3.6893 3.6275 0.58480 0.57976 1.8285 1.7380e+02 0 2.4210e-05 3.6275 7.213726e-01 2.769700e-01 1.283047e-03 999.0000 
 1.5000 7 # agb_1.50_Z0.00100000_Mdot2_eta0.40_Mc0.00_dMc0.00_Tbd6.40_L0.00_dL0.00_C0.00_Nr3.00_rates0_KOPv_KMOLv.dat 
0.0000e+00 3.3535 3.6186 1.50000 0.55248 0.3391 2.7054e+01 1 5.2966e-08 3.6186 7.259000e-01 2.731200e-01 6.840388e-04 -0.0866 
1.4118e+05 3.4231 3.6123 1.49076 0.55485 0.3391 3.2273e+01 1 1.0889e-07 3.6123 7.259000e-01 2.731200e-01 6.840388e-04 -0.0876 
3.3033e+05 3.4706 3.6077 1.47048 0.55910 0.3391 3.6684e+01 1 1.8365e-07 3.6077 7.259000e-01 2.731200e-01 6.840388e-04 -0.0874 
5.5884e+05 3.5047 3.6034 1.42653 0.56483 0.5103 4.0909e+01 1 2.8642e-07 3.6034 7.251202e-01 2.738300e-01 7.539971e-04 -0.0874 
7.8436e+05 3.5635 3.5903 1.33575 0.57041 1.1639 5.1856e+01 1 6.5766e-07 3.5903 7.231102e-01 2.755710e-01 1.021529e-03 -0.0936 
1.0089e+06 3.6239 3.5600 1.05782 0.57641 2.6708 1.6098e+02 0 2.7990e-06 3.5600 7.198687e-01 2.781590e-01 1.669336e-03 -0.1129 
1.1310e+06 3.6734 3.6191 0.58326 0.57797 5.0296 1.8135e+02 0 2.1777e-05 3.6191 7.157913e-01 2.811240e-01 2.771078e-03 999.0000 
 1.5500 7 # agb_1.55_Z0.00100000_Mdot2_eta0.40_Mc0.00_dMc0.00_Tbd6.40_L0.00_dL0.00_C0.00_Nr3.00_rates0_KOPv_KMOLv.dat 
0.0000e+00 3.3440 3.6209 1.55000 0.54969 0.3348 2.5706e+01 1 4.3152e-08 3.6209 7.260000e-01 2.729960e-01 6.841098e-04 -0.0871 
1.4340e+05 3.4142 3.6147 1.54271 0.55202 0.3348 3.0680e+01 1 8.8920e-08 3.6147 7.260000e-01 2.729960e-01 6.841098e-04 -0.0869 
3.4000e+05 3.4553 3.6107 1.52627 0.55629 0.3348 3.4225e+01 1 1.3932e-07 3.6107 7.260000e-01 2.729960e-01 6.841098e-04 -0.0864 
5.6812e+05 3.4978 3.6062 1.49385 0.56167 0.4973 3.8679e+01 1 2.2909e-07 3.6062 7.252582e-01 2.736720e-01 7.502833e-04 -0.0867 
8.0474e+05 3.5474 3.5956 1.42668 0.56728 1.1096 4.6827e+01 1 4.4771e-07 3.5956 7.233636e-01 2.753150e-01 9.997349e-04 -0.0905 
1.0359e+06 3.6067 3.5732 1.26342 0.57293 2.5198 6.5471e+01 1 1.2853e-06 3.5732 7.203230e-01 2.777510e-01 1.600461e-03 -0.1072 
1.2288e+06 3.6776 3.6181 0.58321 0.57766 4.7666 1.8462e+02 0 2.2803e-05 3.6181 7.164585e-01 2.805710e-01 2.635756e-03 999.0000 
 1.6000 6 # agb_1.60_Z0.00100000_Mdot2_eta0.40_Mc0.00_dMc0.00_Tbd6.40_L0.00_dL0.00_C0.00_Nr3.00_rates0_KOPv_KMOLv.dat 
0.0000e+00 3.4502 3.6131 1.60000 0.54513 0.3331 3.2527e+01 1 1.1324e-07 3.6131 7.261000e-01 2.728760e-01 6.838495e-04 -0.0868 
1.5676e+05 3.4965 3.6086 1.58011 0.54842 0.3331 3.6826e+01 1 1.8793e-07 3.6086 7.261000e-01 2.728760e-01 6.838495e-04 -0.0864 
3.6792e+05 3.5529 3.6024 1.53656 0.55447 0.3331 4.3352e+01 1 3.6392e-07 3.6024 7.261000e-01 2.728760e-01 6.838495e-04 -0.0873 
6.1023e+05 3.5944 3.5946 1.44351 0.56193 0.5941 5.1104e+01 1 6.8391e-07 3.5946 7.250446e-01 2.738280e-01 7.865935e-04 -0.0871 
8.4588e+05 3.6508 3.5701 1.19311 0.56901 1.6865 7.4722e+01 1 2.3823e-06 3.5701 7.223779e-01 2.760600e-01 1.218674e-03 -0.1039 
1.0005e+06 3.7103 3.6202 0.57713 0.57183 4.0774 1.9687e+02 0 3.1989e-05 3.6202 7.182011e-01 2.792110e-01 2.235860e-03 999.0000 
 1.6500 12 # agb_1.65_Z0.00100000_Mdot2_eta0.40_Mc0.00_dMc0.00_Tbd6.40_L0.00_dL0.00_C0.00_Nr3.00_rates0_KOPv_KMOLv.dat 
0.0000e+00 3.1441 3.6403 1.65000 0.51536 0.3336 1.4987e+01 1 4.7098e-09 3.6403 7.267000e-01 2.722780e-01 6.832174e-04 -0.0811 
2.0916e+05 3.1870 3.6367 1.64896 0.51728 0.3336 1.6646e+01 1 7.2611e-09 3.6367 7.267000e-01 2.722780e-01 6.832174e-04 -0.0790 
4.6616e+05 3.2398 3.6323 1.64715 0.52024 0.3336 1.8946e+01 1 1.2388e-08 3.6323 7.267000e-01 2.722780e-01 6.832174e-04 -0.0796 
7.6741e+05 3.2868 3.6282 1.64385 0.52460 0.3336 2.1309e+01 1 1.9999e-08 3.6282 7.267000e-01 2.722780e-01 6.832174e-04 -0.0806 
1.0911e+06 3.3253 3.6247 1.63814 0.53029 0.3336 2.3492e+01 1 2.9785e-08 3.6247 7.267000e-01 2.722780e-01 6.832174e-04 -0.0822 
1.4052e+06 3.3729 3.6191 1.62854 0.53543 0.7051 2.6775e+01 1 4.9317e-08 3.6191 7.258056e-01 2.730300e-01 8.251637e-04 -0.0852 
1.7036e+06 3.4352 3.6089 1.61192 0.53995 1.6888 3.2531e+01 1 9.7724e-08 3.6089 7.240755e-01 2.743660e-01 1.216681e-03 -0.0916 
2.0089e+06 3.4845 3.5963 1.58043 0.54486 3.3684 3.9420e+01 1 1.7701e-07 3.5963 7.216200e-01 2.760890e-01 1.945306e-03 -0.0984 
2.3098e+06 3.5301 3.5820 1.52127 0.55034 5.5388 4.8527e+01 1 3.3113e-07 3.5820 7.186780e-01 2.779790e-01 2.990058e-03 -0.1084 
2.5926e+06 3.5790 3.5644 1.40693 0.55683 7.6812 6.2813e+01 1 7.3282e-07 3.5644 7.157932e-01 2.797150e-01 4.125154e-03 -0.1175 
2.8510e+06 3.6308 3.5403 1.11809 0.56488 9.4213 1.8553e+02 0 2.7542e-06 3.5403 7.133997e-01 2.810960e-01 5.120828e-03 -0.1253 
3.0051e+06 3.6816 3.6112 0.57483 0.56982 10.3273 2.0074e+02 0 2.5586e-05 3.6112 7.121278e-01 2.818080e-01 5.667476e-03 999.0000 
 1.7000 8 # agb_1.70_Z0.00100000_Mdot2_eta0.40_Mc0.00_dMc0.00_Tbd6.40_L0.00_dL0.00_C0.00_Nr3.00_rates0_KOPv_KMOLv.dat 
0.0000e+00 3.3841 3.6221 1.70000 0.53939 0.3306 2.6159e+01 1 4.7424e-08 3.6221 7.264000e-01 2.725560e-01 6.830689e-04 -0.0864 
1.6132e+05 3.4369 3.6170 1.69223 0.54217 0.3306 2.9994e+01 1 8.2224e-08 3.6170 7.264000e-01 2.725560e-01 6.830689e-04 -0.0850 
3.8574e+05 3.4722 3.6135 1.67461 0.54746 0.3306 3.2994e+01 1 1.2134e-07 3.6135 7.264000e-01 2.725560e-01 6.830689e-04 -0.0846 
6.3112e+05 3.5279 3.6080 1.64381 0.55345 0.5211 3.8404e+01 1 2.2594e-07 3.6080 7.255811e-01 2.732990e-01 7.580917e-04 -0.0864 
8.9038e+05 3.5729 3.5968 1.57886 0.55970 1.2758 4.6194e+01 1 4.1687e-07 3.5968 7.235305e-01 2.750520e-01 1.054110e-03 -0.0924 
1.1387e+06 3.6301 3.5758 1.43633 0.56558 2.9674 6.2784e+01 1 1.0715e-06 3.5758 7.203603e-01 2.775200e-01 1.752126e-03 -0.1057 
1.3818e+06 3.6812 3.5257 0.86186 0.57246 5.5225 2.9905e+02 0 1.0765e-05 3.5257 7.164181e-01 2.803050e-01 2.898040e-03 -0.1246 
1.4660e+06 3.6207 3.6192 0.57946 0.57429 5.7893 1.6191e+02 0 1.3335e-05 3.6192 7.160506e-01 2.805460e-01 3.021948e-03 999.0000 
 1.7500 9 # agb_1.75_Z0.00100000_Mdot2_eta0.40_Mc0.00_dMc0.00_Tbd6.40_L0.00_dL0.00_C0.00_Nr3.00_rates0_KOPv_KMOLv.dat 
0.0000e+00 3.3010 3.6304 1.75000 0.54150 0.3293 2.0835e+01 1 1.8707e-08 3.6304 7.258000e-01 2.731380e-01 6.828895e-04 -0.0834 
1.6139e+05 3.3380 3.6275 1.74668 0.54382 0.3293 2.2796e+01 1 2.7290e-08 3.6275 7.258000e-01 2.731380e-01 6.828895e-04 -0.0841 
3.6356e+05 3.3975 3.6224 1.74049 0.54757 0.3293 2.6440e+01 1 5.0234e-08 3.6224 7.258000e-01 2.731380e-01 6.828895e-04 -0.0853 
6.0115e+05 3.4453 3.6176 1.72889 0.55216 0.4590 2.9997e+01 1 8.3176e-08 3.6176 7.252064e-01 2.736800e-01 7.345051e-04 -0.0835 
8.5695e+05 3.4915 3.6110 1.70696 0.55702 0.9291 3.4483e+01 1 1.3932e-07 3.6110 7.237064e-01 2.749920e-01 9.210135e-04 -0.0867 
1.1162e+06 3.5415 3.5990 1.66391 0.56188 2.0191 4.1801e+01 1 2.5882e-07 3.5990 7.212837e-01 2.769660e-01 1.367603e-03 -0.0970 
1.3691e+06 3.5954 3.5826 1.57921 0.56675 3.8800 5.3417e+01 1 5.5335e-07 3.5826 7.180789e-01 2.793500e-01 2.182158e-03 -0.1055 
1.6152e+06 3.6465 3.5596 1.38770 0.57254 6.2647 7.4161e+01 1 1.5031e-06 3.5596 7.144549e-01 2.818290e-01 3.313543e-03 -0.1193 
1.8260e+06 3.7118 3.6094 0.58562 0.57959 8.2805 2.1471e+02 0 3.2584e-05 3.6094 7.115116e-01 2.837260e-01 4.341953e-03 999.0000 
 1.8000 9 # agb_1.80_Z0.00100000_Mdot2_eta0.40_Mc0.00_dMc0.00_Tbd6.40_L0.00_dL0.00_C0.00_Nr3.00_rates0_KOPv_KMOLv.dat 
0.0000e+00 3.3194 3.6307 1.80000 0.55075 0.3265 2.1197e+01 1 2.0464e-08 3.6307 7.256000e-01 2.733210e-01 6.829087e-04 -0.0830 
1.4315e+05 3.3669 3.6267 1.79681 0.55289 0.3265 2.3834e+01 1 3.3189e-08 3.6267 7.256000e-01 2.733210e-01 6.829087e-04 -0.0833 
3.3402e+05 3.4025 3.6235 1.79005 0.55666 0.3265 2.6084e+01 1 4.8084e-08 3.6235 7.256000e-01 2.733210e-01 6.829087e-04 -0.0830 
5.4847e+05 3.4576 3.6181 1.77789 0.56104 0.4490 3.0115e+01 1 8.5704e-08 3.6181 7.250458e-01 2.738270e-01 7.313467e-04 -0.0831 
7.8246e+05 3.5035 3.6117 1.75468 0.56576 0.8870 3.4564e+01 1 1.4322e-07 3.6117 7.236398e-01 2.750590e-01 9.040253e-04 -0.0909 
1.0133e+06 3.5633 3.5991 1.71137 0.57009 1.9057 4.2849e+01 1 2.9242e-07 3.5991 7.213377e-01 2.769460e-01 1.316834e-03 -0.0979 
1.2494e+06 3.6137 3.5832 1.62180 0.57488 3.6695 5.4256e+01 1 6.0534e-07 3.5832 7.182492e-01 2.792700e-01 2.075701e-03 -0.1069 
1.4768e+06 3.6659 3.5599 1.42046 0.58026 6.0025 7.5770e+01 1 1.6866e-06 3.5599 7.146573e-01 2.817670e-01 3.158178e-03 -0.1198 
1.6733e+06 3.7303 3.6129 0.59240 0.58679 8.1313 2.1465e+02 0 3.6559e-05 3.6129 7.115061e-01 2.838370e-01 4.220125e-03 999.0000 
 1.8500 6 # agb_1.85_Z0.00100000_Mdot2_eta0.40_Mc0.00_dMc0.00_Tbd6.40_L0.00_dL0.00_C0.00_Nr3.00_rates0_KOPv_KMOLv.dat 
0.0000e+00 3.5263 3.6146 1.85000 0.57577 0.3247 3.4336e+01 1 1.4962e-07 3.6146 7.251000e-01 2.739040e-01 6.826194e-04 -0.0869 
1.0944e+05 3.5885 3.6088 1.83168 0.57858 0.3247 4.0377e+01 1 2.8907e-07 3.6088 7.251000e-01 2.739040e-01 6.826194e-04 -0.0892 
2.6722e+05 3.6142 3.6053 1.78974 0.58329 0.4077 4.3913e+01 1 4.0551e-07 3.6053 7.246507e-01 2.743210e-01 7.151818e-04 -0.0887 
4.4726e+05 3.6613 3.5969 1.70446 0.58888 0.7581 5.2213e+01 1 7.7268e-07 3.5969 7.232421e-01 2.755910e-01 8.524926e-04 -0.0887 
6.3438e+05 3.7097 3.5768 1.50125 0.59431 1.8135 7.0472e+01 1 2.0045e-06 3.5768 7.204478e-01 2.779670e-01 1.268100e-03 -0.1037 
8.0407e+05 3.7726 3.6230 0.60429 0.59896 3.9662 2.1159e+02 0 4.0365e-05 3.6230 7.163450e-01 2.811730e-01 2.155866e-03 999.0000 
 1.9000 6 # agb_1.90_Z0.00100000_Mdot2_eta0.40_Mc0.00_dMc0.00_Tbd6.40_L0.00_dL0.00_C0.00_Nr3.00_rates0_KOPv_KMOLv.dat 
0.0000e+00 3.5870 3.6110 1.90000 0.58556 0.3235 3.8876e+01 1 2.5177e-07 3.6110 7.247000e-01 2.742900e-01 6.825680e-04 -0.0885 
1.0279e+05 3.6327 3.6060 1.87029 0.58868 0.3235 4.4200e+01 1 4.2170e-07 3.6060 7.247000e-01 2.742900e-01 6.825680e-04 -0.0887 
2.4395e+05 3.6733 3.6005 1.80479 0.59363 0.4114 5.0456e+01 1 7.1450e-07 3.6005 7.242335e-01 2.747220e-01 7.166834e-04 -0.0879 
4.0794e+05 3.7165 3.5905 1.66288 0.59952 0.8031 6.1275e+01 1 1.4655e-06 3.5905 7.227224e-01 2.760820e-01 8.676376e-04 -0.0923 
5.7587e+05 3.7663 3.5555 1.19884 0.60516 2.0114 2.0594e+02 0 7.6913e-06 3.5555 7.196902e-01 2.786420e-01 1.335430e-03 -0.1129 
6.6550e+05 3.8005 3.6189 0.61156 0.60557 4.6451 2.3127e+02 0 4.2954e-05 3.6189 7.148043e-01 2.824390e-01 2.413027e-03 999.0000 
 1.9500 7 # agb_1.95_Z0.00100000_Mdot2_eta0.40_Mc0.00_dMc0.00_Tbd6.40_L0.00_dL0.00_C0.00_Nr3.00_rates0_KOPv_KMOLv.dat 
0.0000e+00 3.5299 3.6176 1.95000 0.60226 0.3217 3.2929e+01 1 1.2972e-07 3.6176 7.245000e-01 2.744760e-01 6.823344e-04 -0.0871 
8.6226e+04 3.5808 3.6129 1.93478 0.60458 0.3217 3.7553e+01 1 2.2233e-07 3.6129 7.245000e-01 2.744760e-01 6.823344e-04 -0.0867 
2.0253e+05 3.6127 3.6092 1.90531 0.60749 0.4355 4.1219e+01 1 3.2285e-07 3.6092 7.239123e-01 2.750200e-01 7.264528e-04 -0.0850 
3.4634e+05 3.6553 3.6020 1.84510 0.61140 0.7449 4.7748e+01 1 5.5590e-07 3.6020 7.226071e-01 2.762020e-01 8.485797e-04 -0.0910 
4.9972e+05 3.7089 3.5879 1.71630 0.61528 1.5153 6.0621e+01 1 1.2474e-06 3.5879 7.202051e-01 2.782960e-01 1.154601e-03 -0.1010 
6.5651e+05 3.7603 3.5569 1.34156 0.61935 3.0853 9.4733e+01 1 5.0816e-06 3.5569 7.166713e-01 2.811870e-01 1.790725e-03 -0.1219 
7.5578e+05 3.8176 3.6209 0.62561 0.62054 5.5726 2.3111e+02 0 4.4668e-05 3.6209 7.121218e-01 2.846600e-01 2.850975e-03 999.0000 
 2.0000 7 # agb_2.00_Z0.00100000_Mdot2_eta0.40_Mc0.00_dMc0.00_Tbd6.40_L0.00_dL0.00_C0.00_Nr3.00_rates0_KOPv_KMOLv.dat 
0.0000e+00 3.5286 3.6189 2.00000 0.60283 0.3210 3.2118e+01 1 1.1776e-07 3.6189 7.248000e-01 2.741650e-01 6.823556e-04 -0.0873 
8.6307e+04 3.5699 3.6152 1.98665 0.60512 0.3210 3.5729e+01 1 1.8239e-07 3.6152 7.248000e-01 2.741650e-01 6.823556e-04 -0.0897 
1.9944e+05 3.6126 3.6107 1.96110 0.60789 0.4297 4.0168e+01 1 2.9309e-07 3.6107 7.242413e-01 2.746810e-01 7.243583e-04 -0.0876 
3.4308e+05 3.6483 3.6045 1.90980 0.61170 0.7243 4.5478e+01 1 4.6238e-07 3.6045 7.230000e-01 2.758060e-01 8.401645e-04 -0.0902 
4.9503e+05 3.7026 3.5919 1.80619 0.61538 1.4448 5.6705e+01 1 9.8401e-07 3.5919 7.207377e-01 2.777820e-01 1.125029e-03 -0.0998 
6.5247e+05 3.7533 3.5682 1.54491 0.61924 2.9080 8.0107e+01 1 2.9107e-06 3.5682 7.174199e-01 2.805060e-01 1.712961e-03 -0.1185 
7.8630e+05 3.8156 3.6217 0.62745 0.62242 5.2349 2.2788e+02 0 4.4566e-05 3.6217 7.131582e-01 2.837750e-01 2.691184e-03 999.0000 
 2.0500 5 # agb_2.05_Z0.00100000_Mdot2_eta0.40_Mc0.00_dMc0.00_Tbd6.40_L0.00_dL0.00_C0.00_Nr3.00_rates0_KOPv_KMOLv.dat 
0.0000e+00 3.6891 3.6062 2.05000 0.62241 0.3192 4.6699e+01 1 5.4576e-07 3.6062 7.252000e-01 2.737530e-01 6.823381e-04 -0.0895 
6.9184e+04 3.7350 3.6009 2.00705 0.62508 0.3192 5.3354e+01 1 9.3111e-07 3.6009 7.252000e-01 2.737530e-01 6.823381e-04 -0.0921 
1.6874e+05 3.7576 3.5965 1.91188 0.62882 0.4538 5.8903e+01 1 1.3772e-06 3.5965 7.245265e-01 2.743750e-01 7.336254e-04 -0.0934 
2.8776e+05 3.7986 3.5841 1.68745 0.63346 0.8634 7.4065e+01 1 3.1915e-06 3.5841 7.229022e-01 2.758410e-01 8.906985e-04 -0.0950 
4.0989e+05 3.8504 3.6279 0.64298 0.63777 2.0119 2.2800e+02 0 4.8195e-05 3.6279 7.197102e-01 2.785900e-01 1.330098e-03 999.0000 
 2.1000 6 # agb_2.10_Z0.00100000_Mdot2_eta0.40_Mc0.00_dMc0.00_Tbd6.40_L0.00_dL0.00_C0.00_Nr3.00_rates0_KOPv_KMOLv.dat 
0.0000e+00 3.6806 3.6083 2.10000 0.62959 0.3190 4.4721e+01 1 4.6238e-07 3.6083 7.257000e-01 2.733430e-01 6.821331e-04 -0.0894 
6.4961e+04 3.7330 3.6026 2.06075 0.63213 0.3190 5.1808e+01 1 8.3560e-07 3.6026 7.257000e-01 2.733430e-01 6.821331e-04 -0.0920 
1.5561e+05 3.7599 3.5981 1.97846 0.63547 0.4446 5.7429e+01 1 1.2560e-06 3.5981 7.250809e-01 2.739140e-01 7.297474e-04 -0.0930 
2.6597e+05 3.7992 3.5876 1.79385 0.63970 0.8099 7.0068e+01 1 2.6122e-06 3.5876 7.236236e-01 2.752310e-01 8.693338e-04 -0.0946 
3.8383e+05 3.8439 3.5417 0.99844 0.64387 1.7900 3.2669e+02 0 2.9717e-05 3.5417 7.207913e-01 2.776870e-01 1.242244e-03 -0.1226 
4.1244e+05 3.7419 3.6230 0.64707 0.64151 4.5952 1.8586e+02 0 3.0061e-05 3.6230 7.146774e-01 2.826730e-01 2.355589e-03 999.0000 
 2.1500 5 # agb_2.15_Z0.00100000_Mdot2_eta0.40_Mc0.00_dMc0.00_Tbd6.40_L0.00_dL0.00_C0.00_Nr3.00_rates0_KOPv_KMOLv.dat 
0.0000e+00 3.7668 3.6020 2.15000 0.64520 0.3179 5.4194e+01 1 1.0186e-06 3.6020 7.264000e-01 2.726330e-01 6.820458e-04 -0.0907 
5.5852e+04 3.8128 3.5961 2.07838 0.64787 0.3179 6.2623e+01 1 1.8155e-06 3.5961 7.264000e-01 2.726330e-01 6.820458e-04 -0.0917 
1.3359e+05 3.8420 3.5891 1.91714 0.65140 0.4523 7.2442e+01 1 3.1915e-06 3.5891 7.257522e-01 2.732300e-01 7.325551e-04 -0.0928 
2.2893e+05 3.8749 3.5690 1.42752 0.65583 0.8672 1.0364e+02 1 1.1995e-05 3.5690 7.241361e-01 2.746890e-01 8.888928e-04 -0.0993 
2.9466e+05 3.9213 3.6301 0.66221 0.65684 2.1756 2.5506e+02 0 5.6754e-05 3.6301 7.204196e-01 2.779070e-01 1.382424e-03 999.0000 
 2.2000 5 # agb_2.20_Z0.00100000_Mdot2_eta0.40_Mc0.00_dMc0.00_Tbd6.40_L0.00_dL0.00_C0.00_Nr3.00_rates0_KOPv_KMOLv.dat 
0.0000e+00 3.7691 3.6031 2.20000 0.65554 0.3169 5.3340e+01 1 9.6383e-07 3.6031 7.271000e-01 2.718240e-01 6.819779e-04 -0.0905 
5.0234e+04 3.8077 3.5982 2.14115 0.65792 0.3169 6.0149e+01 1 1.5596e-06 3.5982 7.271000e-01 2.718240e-01 6.819779e-04 -0.0929 
1.1860e+05 3.8359 3.5927 2.01955 0.66088 0.4354 6.7947e+01 1 2.5177e-06 3.5927 7.265412e-01 2.723380e-01 7.262797e-04 -0.0931 
2.0373e+05 3.8691 3.5794 1.71445 0.66474 0.7697 8.6523e+01 1 6.1376e-06 3.5794 7.252280e-01 2.735250e-01 8.520064e-04 -0.0974 
2.8817e+05 3.9215 3.6330 0.67309 0.66801 1.6745 2.4489e+02 0 5.6754e-05 3.6330 7.225085e-01 2.759040e-01 1.190280e-03 999.0000 
 2.2500 6 # agb_2.25_Z0.00100000_Mdot2_eta0.40_Mc0.00_dMc0.00_Tbd6.40_L0.00_dL0.00_C0.00_Nr3.00_rates0_KOPv_KMOLv.dat 
0.0000e+00 3.7760 3.6038 2.25000 0.66816 0.3158 5.3126e+01 1 9.5940e-07 3.6038 7.281000e-01 2.709160e-01 6.820080e-04 -0.0901 
4.3446e+04 3.8263 3.5980 2.19375 0.67028 0.3158 6.1576e+01 1 1.7338e-06 3.5980 7.281000e-01 2.709160e-01 6.820080e-04 -0.0912 
1.0370e+05 3.8487 3.5932 2.07601 0.67293 0.4246 6.8369e+01 1 2.6122e-06 3.5932 7.275973e-01 2.713780e-01 7.226177e-04 -0.0938 
1.7749e+05 3.8805 3.5815 1.80603 0.67626 0.7173 8.4746e+01 1 5.7677e-06 3.5815 7.264474e-01 2.724170e-01 8.326786e-04 -0.0984 
2.5920e+05 3.9207 3.5683 0.73149 0.67988 1.4614 4.0455e+02 0 1.8578e-05 3.5683 7.241013e-01 2.744830e-01 1.110996e-03 -0.1398 
2.6131e+05 3.9445 3.6339 0.68510 0.67988 1.4614 2.5166e+02 0 5.9841e-05 3.6339 7.241013e-01 2.744830e-01 1.110996e-03 999.0000 
 2.3000 6 # agb_2.30_Z0.00100000_Mdot2_eta0.40_Mc0.00_dMc0.00_Tbd6.40_L0.00_dL0.00_C0.00_Nr3.00_rates0_KOPv_KMOLv.dat 
0.0000e+00 3.7812 3.6047 2.30000 0.68004 0.3149 5.2710e+01 1 9.3756e-07 3.6047 7.289000e-01 2.701080e-01 6.819642e-04 -0.0896 
3.8592e+04 3.8327 3.5989 2.24742 0.68196 0.3149 6.1155e+01 1 1.7061e-06 3.5989 7.289000e-01 2.701080e-01 6.819642e-04 -0.0901 
9.0677e+04 3.8579 3.5942 2.14261 0.68422 0.4137 6.7922e+01 1 2.5763e-06 3.5942 7.284551e-01 2.705160e-01 7.186344e-04 -0.0925 
1.5559e+05 3.8865 3.5843 1.91382 0.68715 0.6666 8.1511e+01 1 5.0466e-06 3.5843 7.274706e-01 2.714050e-01 8.134074e-04 -0.0984 
2.2818e+05 3.9242 3.5445 0.94553 0.69031 1.2663 4.0024e+02 0 1.9231e-05 3.5445 7.255120e-01 2.731380e-01 1.037251e-03 -0.1298 
2.3859e+05 3.7851 3.6303 0.69335 0.68817 3.5964 1.8009e+02 0 3.5645e-05 3.6303 7.192767e-01 2.784630e-01 1.936440e-03 999.0000 
 2.3500 6 # agb_2.35_Z0.00100000_Mdot2_eta0.40_Mc0.00_dMc0.00_Tbd6.40_L0.00_dL0.00_C0.00_Nr3.00_rates0_KOPv_KMOLv.dat 
0.0000e+00 3.7917 3.6050 2.35000 0.69156 0.3151 5.3026e+01 1 9.7051e-07 3.6050 7.295000e-01 2.695010e-01 6.820442e-04 -0.0893 
3.3933e+04 3.8465 3.5990 2.29954 0.69329 0.3151 6.1942e+01 1 1.8113e-06 3.5990 7.295000e-01 2.695010e-01 6.820442e-04 -0.0924 
8.0496e+04 3.8661 3.5949 2.19915 0.69535 0.4059 6.7676e+01 1 2.5645e-06 3.5949 7.291003e-01 2.698670e-01 7.156281e-04 -0.0931 
1.3698e+05 3.8968 3.5858 1.99312 0.69789 0.6295 8.0465e+01 1 4.8865e-06 3.5858 7.282409e-01 2.706420e-01 7.991237e-04 -0.0988 
2.0163e+05 3.9333 3.5531 1.21194 0.70074 1.1333 3.0260e+02 0 3.7757e-05 3.5531 7.265543e-01 2.721390e-01 9.868255e-04 -0.1246 
2.3008e+05 3.9589 3.6308 0.70545 0.69982 2.6011 2.6029e+02 0 6.1944e-05 3.6308 7.224744e-01 2.756610e-01 1.538215e-03 999.0000 
 2.4000 6 # agb_2.40_Z0.00100000_Mdot2_eta0.40_Mc0.00_dMc0.00_Tbd6.40_L0.00_dL0.00_C0.00_Nr3.00_rates0_KOPv_KMOLv.dat 
0.0000e+00 3.8064 3.6049 2.40000 0.70367 0.3148 5.3910e+01 1 1.0471e-06 3.6049 7.302000e-01 2.687940e-01 6.820226e-04 -0.0881 
3.0550e+04 3.8601 3.5990 2.34734 0.70531 0.3148 6.2805e+01 1 1.9364e-06 3.5990 7.302000e-01 2.687940e-01 6.820226e-04 -0.0922 
7.0566e+04 3.8831 3.5948 2.24939 0.70710 0.3992 6.9060e+01 1 2.8184e-06 3.5948 7.298372e-01 2.691250e-01 7.130554e-04 -0.0950 
1.1985e+05 3.9116 3.5863 2.05192 0.70934 0.6001 8.1174e+01 1 5.1404e-06 3.5863 7.290752e-01 2.698120e-01 7.876587e-04 -0.1021 
1.7709e+05 3.9465 3.5612 1.40264 0.71193 1.0344 2.5404e+02 0 2.6242e-05 3.5612 7.275976e-01 2.711270e-01 9.488353e-04 -0.1201 
2.1649e+05 3.9942 3.6348 0.71789 0.71251 2.1468 2.6755e+02 0 6.7143e-05 3.6348 7.243632e-01 2.739450e-01 1.361453e-03 999.0000 
 2.6000 6 # agb_2.60_Z0.00100000_Mdot2_eta0.40_Mc0.00_dMc0.00_Tbd6.40_L0.00_dL0.00_C0.00_Nr3.00_rates0_KOPv_KMOLv.dat 
0.0000e+00 3.9077 3.6008 2.60000 0.74980 0.3139 6.4215e+01 1 2.2182e-06 3.6008 7.305000e-01 2.684540e-01 6.824703e-04 -0.0880 
1.8907e+04 3.9579 3.5950 2.53146 0.75108 0.3139 7.4436e+01 1 4.0272e-06 3.5950 7.305000e-01 2.684540e-01 6.824703e-04 -0.0934 
4.3350e+04 3.9732 3.5911 2.41005 0.75238 0.3810 8.0800e+01 1 5.5335e-06 3.5911 7.302351e-01 2.686950e-01 7.067779e-04 -0.0980 
7.2995e+04 3.9958 3.5824 2.17287 0.75394 0.5299 9.4589e+01 1 9.8855e-06 3.5824 7.297028e-01 2.691720e-01 7.610921e-04 -0.1127 
1.0828e+05 4.0245 3.5553 1.34613 0.75579 0.8238 3.3066e+02 0 4.3053e-05 3.5553 7.286822e-01 2.700850e-01 8.685046e-04 -0.1359 
1.3717e+05 4.0346 3.6406 0.76181 0.75673 1.6166 2.6369e+02 0 7.3790e-05 3.6406 7.260236e-01 2.724500e-01 1.158615e-03 999.0000 
 2.8000 6 # agb_2.80_Z0.00100000_Mdot2_eta0.40_Mc0.00_dMc0.00_Tbd6.40_L0.00_dL0.00_C0.00_Nr3.00_rates0_KOPv_KMOLv.dat 
0.0000e+00 4.0203 3.5954 2.80000 0.78217 0.3130 7.9060e+01 1 5.3703e-06 3.5954 7.239000e-01 2.750340e-01 6.823562e-04 -0.0925 
1.3607e+04 4.0636 3.5892 2.69426 0.78338 0.3130 9.1317e+01 1 9.4624e-06 3.5892 7.239000e-01 2.750340e-01 6.823562e-04 -0.0996 
3.0806e+04 4.0766 3.5840 2.50659 0.78453 0.3751 1.0077e+02 1 1.3772e-05 3.5840 7.236717e-01 2.752400e-01 7.044729e-04 -0.1085 
5.2146e+04 4.0937 3.5721 2.08111 0.78595 0.5106 1.2475e+02 1 3.0549e-05 3.5721 7.232070e-01 2.756560e-01 7.529410e-04 -0.1224 
7.7477e+04 4.1138 3.5467 1.24120 0.78761 0.7903 4.6908e+02 0 2.0797e-05 3.5467 7.222282e-01 2.765340e-01 8.529917e-04 -0.2090 
1.0054e+05 4.1230 3.6433 0.79446 0.78901 1.5746 3.0181e+02 0 7.9616e-05 3.6433 7.194316e-01 2.790470e-01 1.134108e-03 999.0000 
 3.0000 7 # agb_3.00_Z0.00100000_Mdot2_eta0.40_Mc0.00_dMc0.00_Tbd6.40_L0.00_dL0.00_C0.00_Nr3.00_rates0_KOPv_KMOLv.dat 
0.0000e+00 4.0538 3.5970 3.00000 0.79625 0.3154 8.0201e+01 1 5.9566e-06 3.5970 7.101000e-01 2.889180e-01 6.816962e-04 -0.0934 
1.1734e+04 4.0989 3.5909 2.89830 0.79741 0.3154 9.2693e+01 1 1.0544e-05 3.5909 7.101000e-01 2.889180e-01 6.816962e-04 -0.0976 
2.6319e+04 4.1120 3.5863 2.72643 0.79848 0.3715 1.0133e+02 1 1.4791e-05 3.5863 7.099063e-01 2.890920e-01 7.012474e-04 -0.1052 
4.4384e+04 4.1292 3.5769 2.37021 0.79978 0.4894 1.2026e+02 1 2.8119e-05 3.5769 7.095238e-01 2.894330e-01 7.423788e-04 -0.1173 
6.5956e+04 4.1458 3.5510 1.50266 0.80124 0.7178 4.0817e+02 0 3.0549e-05 3.5510 7.087546e-01 2.901220e-01 8.218419e-04 -0.1613 
9.0678e+04 4.1482 3.5499 0.94297 0.80311 1.2905 6.3041e+02 0 1.9143e-05 3.5499 7.067336e-01 2.919430e-01 1.019554e-03 -0.1229 
9.7560e+04 4.1266 3.6411 0.80786 0.80228 3.6289 3.0577e+02 0 7.5336e-05 3.6411 6.996883e-01 2.981090e-01 1.885431e-03 999.0000 
 3.2000 8 # agb_3.20_Z0.00100000_Mdot2_eta0.40_Mc0.00_dMc0.00_Tbd6.40_L0.00_dL0.00_C0.00_Nr3.00_rates0_KOPv_KMOLv.dat 
0.0000e+00 4.0833 3.5987 3.20000 0.80968 0.3191 8.0873e+01 1 6.4269e-06 3.5987 6.977000e-01 3.013060e-01 6.813336e-04 -0.0930 
1.0128e+04 4.1244 3.5934 3.10968 0.81076 0.3191 9.2014e+01 1 1.0740e-05 3.5934 6.977000e-01 3.013060e-01 6.813336e-04 -0.1006 
2.2497e+04 4.1397 3.5893 2.96274 0.81173 0.3688 9.9914e+01 1 1.4723e-05 3.5893 6.975380e-01 3.014510e-01 6.984073e-04 -0.1032 
3.7906e+04 4.1522 3.5828 2.69159 0.81290 0.4693 1.1261e+02 1 2.3067e-05 3.5828 6.972275e-01 3.017270e-01 7.329940e-04 -0.1114 
5.6227e+04 4.1686 3.5632 1.97602 0.81420 0.6470 1.5683e+02 1 7.7090e-05 3.5632 6.966514e-01 3.022420e-01 7.938924e-04 -0.1338 
7.7339e+04 4.1874 3.5442 1.30190 0.81570 1.0158 5.4172e+02 0 2.0941e-05 3.5442 6.953698e-01 3.033970e-01 9.184606e-04 -0.1825 
9.9582e+04 4.1902 3.6167 0.83104 0.81761 2.0482 4.2701e+02 0 3.0409e-05 3.6167 6.923697e-01 3.060360e-01 1.274384e-03 -0.0612 
9.9832e+04 4.3489 3.6511 0.82205 0.81659 16.4607 4.5233e+02 0 3.8548e-05 3.6511 6.371967e-01 3.526030e-01 9.739730e-03 999.0000 
 3.4000 8 # agb_3.40_Z0.00100000_Mdot2_eta0.40_Mc0.00_dMc0.00_Tbd6.40_L0.00_dL0.00_C0.00_Nr3.00_rates0_KOPv_KMOLv.dat 
0.0000e+00 4.1117 3.6003 3.40000 0.82241 0.3227 8.1638e+01 1 6.9663e-06 3.6003 6.871000e-01 3.118960e-01 6.808190e-04 -0.0911 
8.6013e+03 4.1528 3.5952 3.32002 0.82340 0.3227 9.2462e+01 1 1.1429e-05 3.5952 6.871000e-01 3.118960e-01 6.808190e-04 -0.0975 
1.9534e+04 4.1640 3.5920 3.18743 0.82433 0.3673 9.8695e+01 1 1.4655e-05 3.5920 6.869626e-01 3.120180e-01 6.958828e-04 -0.0979 
3.2561e+04 4.1789 3.5866 2.96384 0.82537 0.4548 1.0951e+02 1 2.1727e-05 3.5866 6.867062e-01 3.122450e-01 7.254587e-04 -0.1052 
4.8222e+04 4.1925 3.5745 2.49235 0.82654 0.6015 1.3398e+02 1 4.4875e-05 3.5745 6.862500e-01 3.126510e-01 7.747909e-04 -0.1229 
6.6208e+04 4.2089 3.5512 1.64249 0.82775 0.8526 4.3318e+02 0 3.0690e-05 3.5512 6.853960e-01 3.134210e-01 8.578184e-04 -0.1981 
8.6131e+04 4.2279 3.5323 1.13868 0.82936 1.5266 7.4414e+02 0 2.3014e-05 3.5323 6.834274e-01 3.151630e-01 1.082091e-03 -0.1453 
9.9643e+04 4.2347 3.6474 0.83510 0.82997 3.3067 3.5695e+02 0 5.4075e-05 3.6474 6.791876e-01 3.187660e-01 1.709532e-03 999.0000 
 3.6000 9 # agb_3.60_Z0.00100000_Mdot2_eta0.40_Mc0.00_dMc0.00_Tbd6.40_L0.00_dL0.00_C0.00_Nr3.00_rates0_KOPv_KMOLv.dat 
0.0000e+00 4.1415 3.6016 3.60000 0.83670 0.3292 8.2981e+01 1 7.7446e-06 3.6016 6.774000e-01 3.215870e-01 6.798488e-04 -0.0910 
7.5210e+03 4.1790 3.5970 3.52223 0.83766 0.3292 9.2936e+01 1 1.2162e-05 3.5970 6.774000e-01 3.215870e-01 6.798488e-04 -0.0971 
1.6509e+04 4.1920 3.5939 3.40590 0.83848 0.3697 9.9026e+01 1 1.5524e-05 3.5939 6.772832e-01 3.216910e-01 6.931969e-04 -0.0994 
2.7432e+04 4.2061 3.5895 3.21540 0.83941 0.4468 1.0811e+02 1 2.1727e-05 3.5895 6.770706e-01 3.218780e-01 7.186031e-04 -0.1024 
4.0625e+04 4.2194 3.5806 2.85422 0.84046 0.5707 1.2564e+02 1 3.7239e-05 3.5806 6.767048e-01 3.222030e-01 7.591989e-04 -0.1154 
5.5755e+04 4.2326 3.5594 1.99513 0.84152 0.7618 3.5621e+02 0 5.4075e-05 3.5594 6.760731e-01 3.227720e-01 8.208529e-04 -0.1545 
7.2771e+04 4.2489 3.5374 1.46052 0.84275 1.2261 5.9547e+02 0 2.4155e-05 3.5374 6.747064e-01 3.239870e-01 9.704213e-04 -0.1654 
9.0143e+04 4.2510 3.5336 1.04347 0.84414 2.3107 8.3770e+02 0 2.4266e-05 3.5336 6.721269e-01 3.262010e-01 1.331517e-03 -0.1069 
9.8346e+04 4.2536 3.6432 0.84995 0.84411 4.7299 3.8060e+02 0 4.6881e-05 3.6432 6.670610e-01 3.303730e-01 2.211246e-03 999.0000 
 3.8000 10 # agb_3.80_Z0.00100000_Mdot2_eta0.40_Mc0.00_dMc0.00_Tbd6.40_L0.00_dL0.00_C0.00_Nr3.00_rates0_KOPv_KMOLv.dat 
0.0000e+00 4.1711 3.6026 3.80000 0.85184 0.3353 8.4581e+01 1 8.6696e-06 3.6026 6.694000e-01 3.295800e-01 6.788926e-04 -0.0903 
6.2981e+03 4.2079 3.5982 3.72922 0.85271 0.3353 9.4303e+01 1 1.3397e-05 3.5982 6.694000e-01 3.295800e-01 6.788926e-04 -0.0964 
1.3865e+04 4.2188 3.5957 3.62675 0.85345 0.3713 9.9403e+01 1 1.6406e-05 3.5957 6.693030e-01 3.296650e-01 6.904926e-04 -0.0974 
2.2929e+04 4.2289 3.5924 3.47503 0.85427 0.4380 1.0601e+02 1 2.0989e-05 3.5924 6.691312e-01 3.298150e-01 7.119536e-04 -0.1018 
3.3691e+04 4.2431 3.5861 3.22435 0.85517 0.5404 1.1842e+02 1 3.1261e-05 3.5861 6.688482e-01 3.300650e-01 7.447487e-04 -0.1075 
4.6145e+04 4.2547 3.5758 2.74855 0.85609 0.6859 1.4145e+02 1 6.0117e-05 3.5758 6.683913e-01 3.304760e-01 7.906936e-04 -0.1247 
6.0052e+04 4.2689 3.5554 1.96150 0.85697 0.9400 4.0670e+02 0 4.0926e-05 3.5554 6.676253e-01 3.311610e-01 8.702054e-04 -0.1973 
7.5266e+04 4.2819 3.5299 1.47119 0.85800 1.5541 6.8080e+02 0 2.6062e-05 3.5299 6.661110e-01 3.324780e-01 1.065024e-03 -0.1647 
9.0460e+04 4.2837 3.5278 1.08855 0.85923 2.8072 9.1357e+02 0 2.6182e-05 3.5278 6.635259e-01 3.346420e-01 1.480393e-03 -0.1014 
9.9601e+04 4.2892 3.6496 0.86476 0.85973 5.0918 3.8319e+02 0 4.9888e-05 3.6496 6.592191e-01 3.381060e-01 2.309007e-03 999.0000 
 4.0000 11 # agb_4.00_Z0.00100000_Mdot2_eta0.40_Mc0.00_dMc0.00_Tbd6.40_L0.00_dL0.00_C0.00_Nr3.00_rates0_KOPv_KMOLv.dat 
0.0000e+00 4.2270 3.6011 4.00000 0.87586 0.3401 9.2268e+01 1 1.2794e-05 3.6011 6.632000e-01 3.357730e-01 6.783685e-04 -0.0893 
4.8510e+03 4.2594 3.5971 3.92338 0.87663 0.3401 1.0183e+02 1 1.8923e-05 3.5971 6.632000e-01 3.357730e-01 6.783685e-04 -0.0948 
1.0621e+04 4.2676 3.5948 3.81585 0.87726 0.3718 1.0665e+02 1 2.2594e-05 3.5948 6.631213e-01 3.358420e-01 6.883962e-04 -0.0979 
1.7451e+04 4.2777 3.5915 3.65895 0.87794 0.4290 1.1367e+02 1 2.8774e-05 3.5915 6.629855e-01 3.359600e-01 7.064091e-04 -0.1016 
2.5543e+04 4.2888 3.5865 3.41037 0.87868 0.5144 1.2474e+02 1 4.0738e-05 3.5865 6.627658e-01 3.361520e-01 7.332294e-04 -0.1098 
3.4941e+04 4.2991 3.5763 2.95620 0.87946 0.6301 1.4733e+02 1 7.3451e-05 3.5763 6.624177e-01 3.364640e-01 7.692390e-04 -0.1289 
4.5616e+04 4.3099 3.5593 2.22356 0.88022 0.8140 1.9680e+02 1 5.1880e-05 3.5593 6.618437e-01 3.369810e-01 8.258401e-04 -0.1861 
5.7405e+04 4.3184 3.5407 1.78493 0.88101 1.2232 5.6391e+02 0 2.8314e-05 3.5407 6.607619e-01 3.379340e-01 9.527760e-04 -0.1561 
6.9505e+04 4.3298 3.5223 1.42956 0.88184 2.0030 8.3187e+02 0 2.9107e-05 3.5223 6.590349e-01 3.394090e-01 1.201234e-03 -0.1469 
8.1347e+04 4.3313 3.5278 1.10072 0.88295 3.2960 1.0055e+03 0 2.9174e-05 3.5278 6.565249e-01 3.414790e-01 1.635170e-03 -0.0497 
8.9075e+04 4.3365 3.6509 0.88888 0.88362 5.4001 4.1088e+02 0 4.6559e-05 3.6509 6.526638e-01 3.445530e-01 2.407751e-03 999.0000 
 4.2000 12 # agb_4.20_Z0.00100000_Mdot2_eta0.40_Mc0.00_dMc0.00_Tbd6.40_L0.00_dL0.00_C0.00_Nr3.00_rates0_KOPv_KMOLv.dat 
0.0000e+00 4.2623 3.6014 4.20000 0.89104 0.3427 9.5800e+01 1 1.5453e-05 3.6014 6.554000e-01 3.435680e-01 6.778899e-04 -0.0902 
4.0871e+03 4.2922 3.5975 4.12407 0.89174 0.3427 1.0505e+02 1 2.2233e-05 3.5975 6.554000e-01 3.435680e-01 6.778899e-04 -0.0958 
8.8367e+03 4.3029 3.5951 4.01931 0.89230 0.3714 1.1052e+02 1 2.6977e-05 3.5951 6.553336e-01 3.436250e-01 6.867700e-04 -0.1007 
1.4496e+04 4.3100 3.5923 3.87041 0.89291 0.4223 1.1654e+02 1 3.2885e-05 3.5923 6.552204e-01 3.437220e-01 7.025022e-04 -0.1057 
2.1229e+04 4.3199 3.5878 3.63923 0.89359 0.4965 1.2652e+02 1 4.4771e-05 3.5878 6.550413e-01 3.438780e-01 7.253565e-04 -0.1146 
2.8953e+04 4.3297 3.5793 3.25036 0.89428 0.5942 1.4516e+02 1 7.2611e-05 3.5793 6.547634e-01 3.441260e-01 7.551767e-04 -0.1227 
3.7793e+04 4.3371 3.5645 2.53215 0.89496 0.7353 1.8636e+02 1 7.4817e-05 3.5645 6.543244e-01 3.445220e-01 7.978006e-04 -0.1604 
4.7691e+04 4.3447 3.5505 2.05634 0.89565 1.0291 4.8203e+02 0 3.3497e-05 3.5505 6.535304e-01 3.452260e-01 8.869117e-04 -0.1567 
5.8124e+04 4.3521 3.5304 1.70131 0.89629 1.5905 6.9558e+02 0 3.0620e-05 3.5304 6.522489e-01 3.463320e-01 1.060274e-03 -0.1535 
6.8581e+04 4.3614 3.5178 1.38732 0.89707 2.5164 9.5502e+02 0 3.1261e-05 3.5178 6.504171e-01 3.478630e-01 1.356876e-03 -0.1197 
7.8653e+04 4.3630 3.5308 1.08640 0.89817 3.8986 1.0633e+03 0 3.1405e-05 3.5308 6.479288e-01 3.498740e-01 1.827038e-03 0.0554 
8.4872e+04 4.3676 3.6516 0.90412 0.89878 6.0182 4.3075e+02 0 4.4771e-05 3.6516 6.442042e-01 3.527880e-01 2.620810e-03 999.0000 
 4.4000 14 # agb_4.40_Z0.00100000_Mdot2_eta0.40_Mc0.00_dMc0.00_Tbd6.40_L0.00_dL0.00_C0.00_Nr3.00_rates0_KOPv_KMOLv.dat 
0.0000e+00 4.2941 3.6016 4.40000 0.91292 0.3436 9.9035e+01 1 1.8155e-05 3.6016 6.502000e-01 3.487630e-01 6.774898e-04 -0.0946 
3.2209e+03 4.3209 3.5981 4.33079 0.91352 0.3436 1.0755e+02 1 2.5119e-05 3.5981 6.502000e-01 3.487630e-01 6.774898e-04 -0.1033 
6.8958e+03 4.3294 3.5961 4.23988 0.91399 0.3681 1.1207e+02 1 2.9444e-05 3.5961 6.501480e-01 3.488070e-01 6.849587e-04 -0.1029 
1.1192e+04 4.3388 3.5935 4.11351 0.91448 0.4107 1.1800e+02 1 3.5810e-05 3.5935 6.500624e-01 3.488800e-01 6.978774e-04 -0.1051 
1.6234e+04 4.3459 3.5903 3.93312 0.91500 0.4717 1.2523e+02 1 4.4771e-05 3.5903 6.499309e-01 3.489930e-01 7.163429e-04 -0.1102 
2.2049e+04 4.3551 3.5843 3.65545 0.91555 0.5486 1.3818e+02 1 6.3096e-05 3.5843 6.497362e-01 3.491640e-01 7.395260e-04 -0.1189 
2.8688e+04 4.3643 3.5751 3.15925 0.91611 0.6435 1.6185e+02 1 1.1298e-04 3.5751 6.494483e-01 3.494230e-01 7.678424e-04 -0.1368 
3.6116e+04 4.3707 3.5617 2.55352 0.91664 0.8013 2.0135e+02 1 6.1376e-05 3.5617 6.489946e-01 3.498290e-01 8.148678e-04 -0.2011 
4.4284e+04 4.3760 3.5487 2.16658 0.91714 1.1019 5.0109e+02 0 3.3343e-05 3.5487 6.482409e-01 3.504920e-01 9.051099e-04 -0.1532 
5.2778e+04 4.3821 3.5322 1.86602 0.91760 1.6091 6.7351e+02 0 3.2810e-05 3.5322 6.471372e-01 3.514380e-01 1.060242e-03 -0.1503 
6.1377e+04 4.3885 3.5190 1.58895 0.91813 2.3712 8.8830e+02 0 3.3266e-05 3.5190 6.456693e-01 3.526620e-01 1.300901e-03 -0.1329 
6.9716e+04 4.3896 3.5150 1.32281 0.91883 3.4262 1.0885e+03 0 3.3343e-05 3.5150 6.438059e-01 3.541710e-01 1.650406e-03 -0.0803 
7.7659e+04 4.3910 3.5374 1.06816 0.91992 4.7965 1.0838e+03 0 3.3497e-05 3.5374 6.414870e-01 3.559950e-01 2.135820e-03 0.1111 
8.2190e+04 4.3949 3.6503 0.92628 0.92046 6.7419 4.5322e+02 0 4.2658e-05 3.6503 6.381568e-01 3.585480e-01 2.895156e-03 999.0000 
 4.6000 16 # agb_4.60_Z0.00100000_Mdot2_eta0.40_Mc0.00_dMc0.00_Tbd6.40_L0.00_dL0.00_C0.00_Nr3.00_rates0_KOPv_KMOLv.dat 
0.0000e+00 4.3233 3.6018 4.60000 0.93419 0.3445 1.0197e+02 1 2.0989e-05 3.6018 6.458000e-01 3.531590e-01 6.771663e-04 -0.0954 
2.5333e+03 4.3511 3.5983 4.53614 0.93470 0.3445 1.1082e+02 1 2.9107e-05 3.5983 6.458000e-01 3.531590e-01 6.771663e-04 -0.1014 
5.3920e+03 4.3577 3.5966 4.45518 0.93508 0.3657 1.1463e+02 1 3.3113e-05 3.5966 6.457589e-01 3.531930e-01 6.835129e-04 -0.1033 
8.6861e+03 4.3664 3.5944 4.34662 0.93548 0.4018 1.1987e+02 1 3.9264e-05 3.5944 6.456932e-01 3.532480e-01 6.942988e-04 -0.1062 
1.2511e+04 4.3731 3.5919 4.19790 0.93589 0.4528 1.2584e+02 1 4.7206e-05 3.5919 6.455952e-01 3.533310e-01 7.094884e-04 -0.1084 
1.6896e+04 4.3821 3.5880 3.98315 0.93633 0.5158 1.3521e+02 1 6.1660e-05 3.5880 6.454549e-01 3.534520e-01 7.282246e-04 -0.1125 
2.1888e+04 4.3900 3.5811 3.64776 0.93678 0.5897 1.5086e+02 1 9.0157e-05 3.5811 6.452559e-01 3.536290e-01 7.500863e-04 -0.1260 
2.7499e+04 4.3986 3.5702 3.05081 0.93724 0.6872 1.8189e+02 1 1.1588e-04 3.5702 6.449697e-01 3.538860e-01 7.788478e-04 -0.1565 
3.3726e+04 4.4025 3.5600 2.59413 0.93766 0.8573 2.1440e+02 1 5.4828e-05 3.5600 6.445124e-01 3.542930e-01 8.290203e-04 -0.1746 
4.0435e+04 4.4048 3.5480 2.27351 0.93801 1.1469 5.1531e+02 0 3.4594e-05 3.5480 6.438219e-01 3.548960e-01 9.151966e-04 -0.1531 
4.7415e+04 4.4099 3.5343 2.01538 0.93835 1.5896 6.5662e+02 0 3.4995e-05 3.5343 6.428859e-01 3.556960e-01 1.049261e-03 -0.1520 
5.4388e+04 4.4142 3.5223 1.77561 0.93869 2.2118 8.2681e+02 0 3.5318e-05 3.5223 6.417016e-01 3.566840e-01 1.242940e-03 -0.1443 
6.1321e+04 4.4193 3.5138 1.53794 0.93918 3.0323 1.0266e+03 0 3.5727e-05 3.5138 6.402592e-01 3.578570e-01 1.508468e-03 -0.1068 
6.8010e+04 4.4202 3.5144 1.30800 0.93986 4.0683 1.1836e+03 0 3.5810e-05 3.5144 6.385261e-01 3.592310e-01 1.861558e-03 -0.0342 
7.4326e+04 4.4216 3.5376 1.09004 0.94086 5.3179 1.1375e+03 0 3.5975e-05 3.5376 6.364683e-01 3.608240e-01 2.316797e-03 0.1541 
7.8521e+04 4.4254 3.6538 0.94709 0.94160 6.9375 4.6086e+02 0 4.4157e-05 3.6538 6.337372e-01 3.628940e-01 2.961496e-03 999.0000 
 4.8000 19 # agb_4.80_Z0.00100000_Mdot2_eta0.40_Mc0.00_dMc0.00_Tbd6.40_L0.00_dL0.00_C0.00_Nr3.00_rates0_KOPv_KMOLv.dat 
0.0000e+00 4.3754 3.5997 4.80000 0.96213 0.3445 1.1144e+02 1 3.0761e-05 3.5997 6.417000e-01 3.572550e-01 6.770917e-04 -0.0961 
1.8663e+03 4.4028 3.5963 4.73108 0.96255 0.3445 1.2104e+02 1 4.2560e-05 3.5963 6.417001e-01 3.572540e-01 6.770990e-04 -0.1006 
3.9433e+03 4.4104 3.5945 4.64416 0.96287 0.3628 1.2550e+02 1 4.8865e-05 3.5945 6.416682e-01 3.572810e-01 6.826065e-04 -0.1039 
6.3080e+03 4.4216 3.5921 4.52610 0.96318 0.3926 1.3218e+02 1 5.9704e-05 3.5921 6.416183e-01 3.573210e-01 6.919547e-04 -0.1050 
9.0533e+03 4.4323 3.5889 4.35678 0.96351 0.4284 1.4069e+02 1 7.5683e-05 3.5889 6.415453e-01 3.573810e-01 7.053756e-04 -0.1101 
1.2165e+04 4.4459 3.5841 4.10022 0.96385 0.4420 1.5411e+02 1 1.0641e-04 3.5841 6.414406e-01 3.574670e-01 7.234318e-04 -0.1173 
1.5768e+04 4.4541 3.5769 3.67239 0.96421 0.3965 1.7440e+02 1 1.6749e-04 3.5769 6.412886e-01 3.575960e-01 7.468339e-04 -0.1329 
1.9836e+04 4.4556 3.5690 3.20797 0.96458 0.3385 1.9846e+02 1 9.4842e-05 3.5690 6.410620e-01 3.577930e-01 7.751401e-04 -0.1778 
2.4394e+04 4.4488 3.5629 2.84621 0.96492 0.4022 2.1795e+02 1 6.1944e-05 3.5629 6.407241e-01 3.580930e-01 8.132416e-04 -0.1582 
2.9318e+04 4.4461 3.5560 2.55721 0.96521 0.5824 2.4091e+02 1 4.3853e-05 3.5560 6.402472e-01 3.585140e-01 8.688411e-04 -0.1403 
3.4500e+04 4.4477 3.5506 2.32668 0.96547 0.8599 5.4268e+02 0 3.8194e-05 3.5506 6.396150e-01 3.590630e-01 9.501220e-04 -0.1280 
3.9769e+04 4.4495 3.5376 2.11877 0.96568 1.2433 6.6571e+02 0 3.8282e-05 3.5376 6.388251e-01 3.597390e-01 1.063486e-03 -0.1394 
4.5107e+04 4.4496 3.5259 1.91933 0.96592 1.7441 8.0801e+02 0 3.8282e-05 3.5259 6.378769e-01 3.605330e-01 1.215225e-03 -0.1470 
5.0426e+04 4.4511 3.5167 1.72206 0.96622 2.3713 9.7002e+02 0 3.8459e-05 3.5167 6.367688e-01 3.614420e-01 1.411277e-03 -0.1230 
5.5626e+04 4.4517 3.5116 1.52880 0.96664 3.1331 1.1315e+03 0 3.8548e-05 3.5116 6.354874e-01 3.624710e-01 1.659094e-03 -0.0728 
6.0653e+04 4.4524 3.5134 1.34157 0.96723 4.0267 1.2553e+03 0 3.8548e-05 3.5134 6.340256e-01 3.636220e-01 1.964344e-03 0.0496 
6.5423e+04 4.4534 3.5288 1.16342 0.96805 5.0491 1.2461e+03 0 3.8637e-05 3.5288 6.323614e-01 3.649080e-01 2.334633e-03 0.1616 
6.9889e+04 4.4548 3.6054 0.99605 0.96913 6.2516 7.2493e+02 0 3.8815e-05 3.6054 6.303651e-01 3.664240e-01 2.802332e-03 0.4778 
7.0552e+04 4.4181 3.6509 0.97448 0.96896 9.1845 4.5376e+02 0 4.4875e-05 3.6509 6.249731e-01 3.704590e-01 4.117892e-03 999.0000 
 5.0000 22 # agb_5.00_Z0.00100000_Mdot2_eta0.40_Mc0.00_dMc0.00_Tbd6.40_L0.00_dL0.00_C0.00_Nr3.00_rates0_KOPv_KMOLv.dat 
0.0000e+00 4.4271 3.5976 5.00000 0.98990 0.3463 1.2185e+02 1 4.5082e-05 3.5976 6.385000e-01 3.604500e-01 6.770034e-04 -0.0925 
1.3692e+03 4.4744 3.5921 4.90985 0.99025 0.3306 1.3964e+02 1 7.7268e-05 3.5921 6.385009e-01 3.604480e-01 6.780089e-04 -0.1028 
2.8839e+03 4.4903 3.5891 4.78525 0.99050 0.2934 1.4890e+02 1 9.8855e-05 3.5891 6.384754e-01 3.604660e-01 6.852870e-04 -0.1074 
4.6029e+03 4.4984 3.5863 4.61614 0.99075 0.2212 1.5708e+02 1 1.2134e-04 3.5863 6.384332e-01 3.604960e-01 6.974354e-04 -0.1083 
6.5804e+03 4.5040 3.5836 4.37834 0.99100 0.1328 1.6633e+02 1 1.5241e-04 3.5836 6.383698e-01 3.605430e-01 7.136889e-04 -0.1170 
8.8603e+03 4.5090 3.5781 4.01744 0.99127 0.0712 1.8263e+02 1 2.0749e-04 3.5781 6.382782e-01 3.606160e-01 7.320556e-04 -0.1300 
1.1475e+04 4.5075 3.5728 3.65994 0.99155 0.0546 1.9843e+02 1 1.2078e-04 3.5728 6.381460e-01 3.607280e-01 7.519236e-04 -0.1530 
1.4460e+04 4.5038 3.5682 3.35752 0.99183 0.0545 2.1303e+02 1 8.5114e-05 3.5682 6.379582e-01 3.608940e-01 7.743139e-04 -0.1449 
1.7764e+04 4.5007 3.5639 3.09392 0.99209 0.0612 2.2800e+02 1 6.4714e-05 3.5639 6.377018e-01 3.611200e-01 8.035723e-04 -0.1398 
2.1346e+04 4.4984 3.5596 2.85913 0.99233 0.0781 2.4391e+02 1 5.1168e-05 3.5596 6.373649e-01 3.614160e-01 8.443137e-04 -0.1399 
2.5103e+04 4.4945 3.5560 2.65403 0.99253 0.1342 5.0996e+02 0 4.2462e-05 3.5560 6.369390e-01 3.617860e-01 8.994646e-04 -0.1358 
2.9040e+04 4.4930 3.5513 2.47120 0.99271 0.2795 5.6494e+02 0 4.2364e-05 3.5513 6.364193e-01 3.622340e-01 9.707818e-04 -0.1282 
3.3043e+04 4.4905 3.5473 2.29843 0.99287 0.5690 6.2168e+02 0 4.2073e-05 3.5473 6.358048e-01 3.627580e-01 1.059218e-03 -0.1260 
3.7140e+04 4.4881 3.5436 2.12862 0.99304 0.9676 6.8470e+02 0 4.1879e-05 3.5436 6.350908e-01 3.633610e-01 1.169600e-03 -0.1131 
4.1198e+04 4.4869 3.5277 1.96437 0.99320 1.4542 8.4601e+02 0 4.1783e-05 3.5277 6.342741e-01 3.640380e-01 1.306917e-03 -0.1301 
4.5272e+04 4.4826 3.5184 1.80085 0.99343 2.0291 9.8526e+02 0 4.1400e-05 3.5184 6.333537e-01 3.647880e-01 1.474272e-03 -0.1193 
4.9252e+04 4.4840 3.5122 1.64070 0.99374 2.6866 1.1349e+03 0 4.1495e-05 3.5122 6.323353e-01 3.656040e-01 1.672918e-03 -0.0807 
5.3122e+04 4.4844 3.5102 1.48473 0.99415 3.4308 1.2655e+03 0 4.1495e-05 3.5102 6.312047e-01 3.664960e-01 1.907555e-03 -0.0232 
5.6825e+04 4.4852 3.5184 1.33526 0.99469 4.2523 1.2960e+03 0 4.1591e-05 3.5184 6.299620e-01 3.674600e-01 2.179726e-03 0.0833 
6.0359e+04 4.4861 3.5274 1.19230 0.99540 5.1475 1.3274e+03 0 4.1687e-05 3.5274 6.285930e-01 3.685080e-01 2.493335e-03 0.2168 
6.3716e+04 4.4871 3.5757 1.05611 0.99630 6.1489 9.6390e+02 0 4.1783e-05 3.5757 6.270200e-01 3.696960e-01 2.867446e-03 0.5311 
6.5100e+04 4.4879 3.6545 1.00225 0.99652 7.6420 5.0083e+02 0 4.3152e-05 3.6545 6.245341e-01 3.715520e-01 3.476770e-03 999.0000 
