# age(yr) logL logTe m_act mcore c/o period ip Mdot(Msun/yr) logTe X Y CNO dlogTe/dlogL 
 0.5000 3 # agb_0.500_Z0.07000000_Mdot44_eta12.00_Mc0.00_dMc0.00_Tbd6.40_L0.00_dL0.00_C0.00_Nr3.00_rates0_KOPv_KMOLv.dat 
0.0000e+00 2.9252 3.5251 0.50000 0.49283 0.4689 9.0660e+01 0 4.1976e-08 3.5251 5.440000e-01 3.864450e-01 4.681414e-02 -0.1106 
5.4459e+04 2.8427 3.5511 0.49679 0.49326 0.4689 6.0118e+01 0 2.5410e-08 3.5511 5.440000e-01 3.864450e-01 4.681414e-02 -0.1103 
8.7239e+04 3.0626 3.5438 0.49562 0.49341 0.4689 1.0512e+02 0 8.1846e-08 3.5438 5.440000e-01 3.864450e-01 4.681414e-02 999.0000 
 0.5050 3 # agb_0.505_Z0.07000000_Mdot44_eta12.00_Mc0.00_dMc0.00_Tbd6.40_L0.00_dL0.00_C0.00_Nr3.00_rates0_KOPv_KMOLv.dat 
0.0000e+00 2.9853 3.5171 0.50500 0.49714 0.4689 1.1038e+02 0 5.8345e-08 3.5171 5.440000e-01 3.864450e-01 4.681414e-02 -0.1113 
5.2708e+04 2.9010 3.5485 0.50080 0.49763 0.4689 6.9641e+01 0 3.4041e-08 3.5485 5.440000e-01 3.864450e-01 4.681414e-02 -0.1081 
7.9017e+04 3.0859 3.5453 0.49984 0.49775 0.4689 1.0842e+02 0 9.0782e-08 3.5453 5.440000e-01 3.864450e-01 4.681414e-02 999.0000 
 0.5100 3 # agb_0.510_Z0.07000000_Mdot44_eta12.00_Mc0.00_dMc0.00_Tbd6.40_L0.00_dL0.00_C0.00_Nr3.00_rates0_KOPv_KMOLv.dat 
0.0000e+00 3.0230 3.5117 0.51000 0.50150 0.4689 1.2496e+02 0 7.1614e-08 3.5117 5.440000e-01 3.864440e-01 4.681424e-02 -0.1124 
5.0994e+04 2.9391 3.5472 0.50500 0.50204 0.4689 7.6133e+01 0 4.1020e-08 3.5472 5.440000e-01 3.864440e-01 4.681424e-02 -0.1055 
7.3157e+04 3.0909 3.5464 0.50418 0.50212 0.4689 1.0771e+02 0 9.1201e-08 3.5464 5.440000e-01 3.864440e-01 4.681424e-02 999.0000 
 0.5150 3 # agb_0.515_Z0.07000000_Mdot44_eta12.00_Mc0.00_dMc0.00_Tbd6.40_L0.00_dL0.00_C0.00_Nr3.00_rates0_KOPv_KMOLv.dat 
0.0000e+00 3.0682 3.5050 0.51500 0.50568 0.4689 1.4537e+02 0 9.2470e-08 3.5050 5.440000e-01 3.864310e-01 4.681443e-02 -0.1127 
4.9460e+04 2.9769 3.5473 0.50891 0.50627 0.4689 8.2182e+01 0 4.9204e-08 3.5473 5.440000e-01 3.864310e-01 4.681443e-02 -0.1022 
6.6302e+04 3.0665 3.5490 0.50833 0.50632 0.4689 9.8973e+01 0 7.8343e-08 3.5490 5.440000e-01 3.864310e-01 4.681443e-02 999.0000 
 0.5400 3 # agb_0.540_Z0.07000000_Mdot44_eta12.00_Mc0.00_dMc0.00_Tbd6.40_L0.00_dL0.00_C0.00_Nr3.00_rates0_KOPv_KMOLv.dat 
0.0000e+00 3.2335 3.4760 0.54000 0.52428 0.4691 2.6114e+02 0 2.3988e-07 3.4760 5.440000e-01 3.864750e-01 4.681974e-02 -0.1142 
4.2864e+04 3.1518 3.5122 0.53133 0.52507 0.4691 1.5982e+02 0 1.3305e-07 3.5122 5.440000e-01 3.864750e-01 4.681974e-02 -0.0929 
5.5405e+04 3.1920 3.5149 0.53025 0.52512 0.4691 1.7094e+02 0 1.6406e-07 3.5149 5.440000e-01 3.864750e-01 4.681974e-02 999.0000 
 0.5500 3 # agb_0.550_Z0.07000000_Mdot44_eta12.00_Mc0.00_dMc0.00_Tbd6.40_L0.00_dL0.00_C0.00_Nr3.00_rates0_KOPv_KMOLv.dat 
0.0000e+00 3.2854 3.4671 0.55000 0.53152 0.4690 3.1225e+02 0 3.2285e-07 3.4671 5.440000e-01 3.863860e-01 4.681749e-02 -0.1136 
4.0418e+04 3.2268 3.5030 0.53962 0.53237 0.4690 2.0235e+02 0 2.0324e-07 3.5030 5.440000e-01 3.863860e-01 4.681749e-02 -0.0854 
5.4673e+04 3.2974 3.5092 0.53761 0.53248 0.4690 2.2488e+02 0 2.9309e-07 3.5092 5.440000e-01 3.863860e-01 4.681749e-02 999.0000 
 0.6000 3 # agb_0.600_Z0.07000000_Mdot44_eta12.00_Mc0.00_dMc0.00_Tbd6.40_L0.00_dL0.00_C0.00_Nr3.00_rates0_KOPv_KMOLv.dat 
0.0000e+00 3.3260 3.4221 0.60000 0.53492 0.4688 4.7283e+02 0 1.2417e-06 3.4221 5.440000e-01 3.863940e-01 4.681319e-02 -0.1604 
3.9452e+04 3.2454 3.4859 0.54795 0.53583 0.4688 2.4234e+02 0 2.3714e-07 3.4859 5.440000e-01 3.863940e-01 4.681319e-02 -0.1539 
6.7108e+04 3.4421 3.5063 0.54171 0.53639 0.4688 3.1662e+02 0 1.3521e-07 3.5063 5.440000e-01 3.863940e-01 4.681319e-02 999.0000 
 0.6200 5 # agb_0.62_Z0.07000000_Mdot44_eta12.00_Mc0.00_dMc0.00_Tbd6.40_L0.00_dL0.00_C0.00_Nr3.00_rates0_KOPv_KMOLv.dat 
0.0000e+00 3.2674 3.4224 0.62000 0.52719 0.4686 4.0153e+02 0 5.3088e-07 3.4224 5.440000e-01 3.863900e-01 4.681460e-02 -0.1737 
1.0578e+04 3.1578 3.4425 0.61888 0.52722 0.4686 2.6321e+02 0 1.4322e-07 3.4425 5.440000e-01 3.863900e-01 4.681460e-02 -0.1737 
4.1816e+04 3.1775 3.4592 0.56341 0.52799 0.4686 2.5786e+02 0 1.7620e-07 3.4592 5.440000e-01 3.863900e-01 4.681460e-02 -0.1782 
8.3386e+04 3.2165 3.4818 0.54317 0.52888 0.4686 2.3746e+02 0 2.0989e-07 3.4818 5.440000e-01 3.863900e-01 4.681460e-02 -0.1782 
1.2476e+05 3.2331 3.5125 0.53484 0.52983 0.4686 1.9006e+02 0 2.0464e-07 3.5125 5.440000e-01 3.863900e-01 4.681460e-02 999.0000 
 0.6500 3 # agb_0.65_Z0.07000000_Mdot44_eta12.00_Mc0.00_dMc0.00_Tbd6.40_L0.00_dL0.00_C0.00_Nr3.00_rates0_KOPv_KMOLv.dat 
0.0000e+00 3.3934 3.4026 0.65000 0.54431 0.4689 6.0903e+02 0 3.3651e-06 3.4026 5.440000e-01 3.864020e-01 4.681788e-02 -0.1819 
3.6612e+04 3.3249 3.4785 0.55849 0.54531 0.4689 3.0397e+02 0 3.6898e-07 3.4785 5.440000e-01 3.864020e-01 4.681788e-02 -0.1655 
6.3675e+04 3.5023 3.5106 0.55121 0.54598 0.4689 3.4303e+02 0 2.1528e-07 3.5106 5.440000e-01 3.864020e-01 4.681788e-02 999.0000 
 0.6600 3 # agb_0.66_Z0.07000000_Mdot44_eta12.00_Mc0.00_dMc0.00_Tbd6.40_L0.00_dL0.00_C0.00_Nr3.00_rates0_KOPv_KMOLv.dat 
0.0000e+00 3.3958 3.4040 0.66000 0.55162 0.4689 5.9610e+02 0 3.3884e-06 3.4040 5.440000e-01 3.864020e-01 4.681907e-02 -0.1822 
3.4713e+04 3.3188 3.4740 0.56840 0.55257 0.4689 3.0719e+02 0 3.5318e-07 3.4740 5.440000e-01 3.864020e-01 4.681907e-02 -0.1609 
6.3477e+04 3.5031 3.5106 0.55867 0.55336 0.4689 3.3963e+02 0 2.0417e-07 3.5106 5.440000e-01 3.864020e-01 4.681907e-02 999.0000 
 0.6800 5 # agb_0.68_Z0.07000000_Mdot44_eta12.00_Mc0.00_dMc0.00_Tbd6.40_L0.00_dL0.00_C0.00_Nr3.00_rates0_KOPv_KMOLv.dat 
0.0000e+00 3.3255 3.4096 0.68000 0.53505 0.4683 4.7177e+02 0 1.2735e-06 3.4096 5.440000e-01 3.864010e-01 4.681413e-02 -0.1868 
3.8352e+04 3.3377 3.4214 0.59900 0.53591 0.4683 4.8905e+02 0 1.4723e-06 3.4214 5.440000e-01 3.864010e-01 4.681413e-02 -0.1868 
3.9393e+04 3.2326 3.4388 0.59811 0.53593 0.4683 3.3154e+02 0 1.8030e-07 3.4388 5.440000e-01 3.864010e-01 4.681413e-02 -0.1924 
7.8671e+04 3.2569 3.4854 0.54889 0.53691 0.4683 2.4934e+02 0 2.5293e-07 3.4854 5.440000e-01 3.864010e-01 4.681413e-02 -0.1924 
1.0059e+05 3.4205 3.5063 0.54251 0.53729 0.4683 3.0126e+02 0 5.7810e-07 3.5063 5.440000e-01 3.864010e-01 4.681413e-02 999.0000 
 0.7200 3 # agb_0.72_Z0.07000000_Mdot44_eta12.00_Mc0.00_dMc0.00_Tbd6.40_L0.00_dL0.00_C0.00_Nr3.00_rates0_KOPv_KMOLv.dat 
0.0000e+00 3.5989 3.3667 0.72000 0.56827 0.4683 1.2103e+03 0 5.4075e-06 3.3667 5.440000e-01 3.864050e-01 4.681725e-02 -0.1749 
3.0544e+04 3.5389 3.5134 0.57497 0.56967 0.4683 3.4957e+02 0 2.4210e-07 3.5134 5.440000e-01 3.864050e-01 4.681725e-02 -0.1544 
3.1845e+04 3.4754 3.5128 0.57469 0.56968 0.4683 3.0511e+02 0 6.8077e-07 3.5128 5.440000e-01 3.864050e-01 4.681725e-02 999.0000 
 0.7500 3 # agb_0.75_Z0.07000000_Mdot44_eta12.00_Mc0.00_dMc0.00_Tbd6.40_L0.00_dL0.00_C0.00_Nr3.00_rates0_KOPv_KMOLv.dat 
0.0000e+00 3.5479 3.3745 0.75000 0.56933 0.4680 9.7179e+02 0 4.8084e-06 3.3745 5.440000e-01 3.864080e-01 4.681596e-02 -0.1996 
3.0247e+04 3.4877 3.4254 0.61391 0.57054 0.4680 6.4526e+02 0 4.1879e-06 3.4254 5.440000e-01 3.864080e-01 4.681596e-02 -0.1901 
4.8485e+04 3.6321 3.5106 0.57677 0.57115 0.4680 4.4005e+02 0 8.4723e-07 3.5106 5.440000e-01 3.864080e-01 4.681596e-02 999.0000 
 0.7600 3 # agb_0.76_Z0.07000000_Mdot44_eta12.00_Mc0.00_dMc0.00_Tbd6.40_L0.00_dL0.00_C0.00_Nr3.00_rates0_KOPv_KMOLv.dat 
0.0000e+00 3.5417 3.3752 0.76000 0.56826 0.4680 9.4083e+02 0 4.7424e-06 3.3752 5.440000e-01 3.864080e-01 4.681696e-02 -0.2037 
3.0581e+04 3.4694 3.4168 0.62574 0.56947 0.4680 6.5771e+02 0 4.0087e-06 3.4168 5.440000e-01 3.864080e-01 4.681696e-02 -0.1993 
5.0296e+04 3.6332 3.5133 0.57542 0.57016 0.4680 4.3155e+02 0 7.6384e-07 3.5133 5.440000e-01 3.864080e-01 4.681696e-02 999.0000 
 0.7800 3 # agb_0.78_Z0.07000000_Mdot44_eta12.00_Mc0.00_dMc0.00_Tbd6.40_L0.00_dL0.00_C0.00_Nr3.00_rates0_KOPv_KMOLv.dat 
0.0000e+00 3.5752 3.3688 0.78000 0.56998 0.4686 1.0485e+03 0 5.1168e-06 3.3688 5.440000e-01 3.864130e-01 4.682060e-02 -0.2061 
3.0156e+04 3.5093 3.4072 0.63641 0.57127 0.4686 7.7132e+02 0 4.3954e-06 3.4072 5.440000e-01 3.864130e-01 4.682060e-02 -0.2059 
4.8694e+04 3.6613 3.5133 0.57745 0.57196 0.4686 4.5824e+02 0 1.0471e-06 3.5133 5.440000e-01 3.864130e-01 4.682060e-02 999.0000 
 0.8000 3 # agb_0.80_Z0.07000000_Mdot44_eta12.00_Mc0.00_dMc0.00_Tbd6.40_L0.00_dL0.00_C0.00_Nr3.00_rates0_KOPv_KMOLv.dat 
0.0000e+00 3.5579 3.3729 0.80000 0.56967 0.4680 9.5066e+02 0 4.9204e-06 3.3729 5.440000e-01 3.864110e-01 4.682606e-02 -0.2116 
3.0198e+04 3.4908 3.3974 0.66399 0.57090 0.4680 7.7801e+02 0 4.2170e-06 3.3974 5.440000e-01 3.864110e-01 4.682606e-02 -0.2164 
5.2925e+04 3.6601 3.5127 0.57740 0.57184 0.4680 4.5951e+02 0 1.0617e-06 3.5127 5.440000e-01 3.864110e-01 4.682606e-02 999.0000 
 0.8500 3 # agb_0.85_Z0.07000000_Mdot44_eta12.00_Mc0.00_dMc0.00_Tbd6.40_L0.00_dL0.00_C0.00_Nr3.00_rates0_KOPv_KMOLv.dat 
0.0000e+00 3.5739 3.3736 0.85000 0.57562 0.4682 9.2711e+02 0 5.1050e-06 3.3736 5.440000e-01 3.864160e-01 4.681862e-02 -0.2150 
2.8890e+04 3.5024 3.3885 0.71451 0.57685 0.4682 8.0919e+02 0 4.3251e-06 3.3885 5.440000e-01 3.864160e-01 4.681862e-02 -0.2277 
5.7399e+04 3.5658 3.5125 0.58332 0.57824 0.4682 3.6945e+02 0 3.3113e-07 3.5125 5.440000e-01 3.864160e-01 4.681862e-02 999.0000 
 0.9000 5 # agb_0.90_Z0.07000000_Mdot44_eta12.00_Mc0.00_dMc0.00_Tbd6.40_L0.00_dL0.00_C0.00_Nr3.00_rates0_KOPv_KMOLv.dat 
0.0000e+00 3.5928 3.3732 0.90000 0.57499 0.4682 9.2229e+02 0 5.3333e-06 3.3732 5.440000e-01 3.864180e-01 4.682553e-02 -0.2183 
2.8922e+04 3.5323 3.3797 0.76206 0.57627 0.4682 8.8277e+02 0 4.6345e-06 3.3797 5.440000e-01 3.864180e-01 4.682553e-02 -0.2183 
4.2555e+04 3.6486 3.3651 0.71071 0.57669 0.4682 1.3880e+03 0 6.0534e-06 3.3651 5.440000e-01 3.864180e-01 4.682553e-02 -0.2352 
5.7881e+04 3.5617 3.4345 0.61044 0.57775 0.4682 7.0530e+02 0 4.9659e-06 3.4345 5.440000e-01 3.864180e-01 4.682553e-02 -0.2352 
7.3084e+04 3.6661 3.5164 0.58348 0.57832 0.4682 4.4643e+02 0 9.1622e-07 3.5164 5.440000e-01 3.864180e-01 4.682553e-02 999.0000 
 0.9500 5 # agb_0.95_Z0.07000000_Mdot44_eta12.00_Mc0.00_dMc0.00_Tbd6.40_L0.00_dL0.00_C0.00_Nr3.00_rates0_KOPv_KMOLv.dat 
0.0000e+00 3.6403 3.3680 0.95000 0.58117 0.4682 1.0226e+03 0 5.9429e-06 3.3680 5.440000e-01 3.864200e-01 4.682235e-02 -0.2199 
2.7649e+04 3.5755 3.3729 0.80178 0.58255 0.4682 9.8689e+02 0 5.1168e-06 3.3729 5.440000e-01 3.864200e-01 4.682235e-02 -0.2199 
4.1125e+04 3.7012 3.3547 0.74249 0.58304 0.4682 1.6474e+03 0 6.8391e-06 3.3547 5.440000e-01 3.864200e-01 4.682235e-02 -0.2387 
5.5240e+04 3.6090 3.4088 0.63966 0.58414 0.4682 9.4577e+02 0 5.5335e-06 3.4088 5.440000e-01 3.864200e-01 4.682235e-02 -0.2387 
6.9107e+04 3.7016 3.5159 0.59023 0.58471 0.4682 4.8017e+02 0 1.3366e-06 3.5159 5.440000e-01 3.864200e-01 4.682235e-02 999.0000 
 1.0000 5 # agb_1.00_Z0.07000000_Mdot44_eta12.00_Mc0.00_dMc0.00_Tbd6.40_L0.00_dL0.00_C0.00_Nr3.00_rates0_KOPv_KMOLv.dat 
0.0000e+00 3.6701 3.3681 1.00000 0.58857 0.4577 1.0430e+03 0 6.3680e-06 3.3681 5.372000e-01 3.924600e-01 4.739684e-02 -0.2184 
1.4627e+04 3.7354 3.3479 0.93600 0.58915 0.4577 1.5341e+03 0 7.3961e-06 3.3479 5.372000e-01 3.924600e-01 4.739684e-02 -0.2184 
2.6074e+04 3.6133 3.3693 0.84943 0.58998 0.4577 1.0531e+03 0 5.5847e-06 3.3693 5.372000e-01 3.924600e-01 4.739684e-02 -0.2400 
5.2223e+04 3.6396 3.3857 0.68348 0.59163 0.4577 1.1727e+03 0 5.9293e-06 3.3857 5.372000e-01 3.924600e-01 4.739684e-02 -0.2400 
6.8334e+04 3.7527 3.5201 0.59800 0.59251 0.4577 5.1226e+02 0 1.8578e-06 3.5201 5.372000e-01 3.924600e-01 4.739684e-02 999.0000 
 1.0500 4 # agb_1.05_Z0.07000000_Mdot44_eta12.00_Mc0.00_dMc0.00_Tbd6.40_L0.00_dL0.00_C0.00_Nr3.00_rates0_KOPv_KMOLv.dat 
0.0000e+00 3.6634 3.3746 1.05000 0.59105 0.4524 9.2829e+02 0 6.2661e-06 3.3746 5.390000e-01 3.905890e-01 4.741974e-02 -0.2145 
2.5619e+04 3.5998 3.3759 0.90620 0.59241 0.4524 9.0893e+02 0 5.4200e-06 3.3759 5.390000e-01 3.905890e-01 4.741974e-02 -0.2396 
5.1241e+04 3.6313 3.3698 0.74715 0.59398 0.4524 1.2248e+03 0 5.8210e-06 3.3698 5.390000e-01 3.905890e-01 4.741974e-02 -0.2272 
7.4448e+04 3.7718 3.5213 0.60106 0.59554 0.4524 5.2684e+02 0 2.1380e-06 3.5213 5.390000e-01 3.905890e-01 4.741974e-02 999.0000 
 1.1000 5 # agb_1.10_Z0.07000000_Mdot44_eta12.00_Mc0.00_dMc0.00_Tbd6.40_L0.00_dL0.00_C0.00_Nr3.00_rates0_KOPv_KMOLv.dat 
0.0000e+00 3.7079 3.3696 1.10000 0.59483 0.4477 1.0281e+03 0 6.9502e-06 3.3696 5.402000e-01 3.894500e-01 4.743845e-02 -0.2160 
2.4868e+04 3.6479 3.3687 0.94604 0.59629 0.4477 1.0375e+03 0 6.0534e-06 3.3687 5.402000e-01 3.894500e-01 4.743845e-02 -0.2401 
4.9729e+04 3.6818 3.3594 0.77694 0.59799 0.4477 1.4529e+03 0 6.5464e-06 3.3594 5.402000e-01 3.894500e-01 4.743845e-02 -0.2316 
7.4296e+04 3.7190 3.5149 0.60573 0.59986 0.4477 4.9202e+02 0 1.5241e-06 3.5149 5.402000e-01 3.894500e-01 4.743845e-02 -0.1078 
7.5366e+04 3.5803 3.5144 0.60490 0.59988 0.4477 3.6310e+02 0 3.0339e-07 3.5144 5.402000e-01 3.894500e-01 4.743845e-02 999.0000 
 1.1500 6 # agb_1.15_Z0.07000000_Mdot44_eta12.00_Mc0.00_dMc0.00_Tbd6.40_L0.00_dL0.00_C0.00_Nr3.00_rates0_KOPv_KMOLv.dat 
0.0000e+00 3.7189 3.3717 1.15000 0.59397 0.4406 9.9292e+02 0 7.1285e-06 3.3717 5.410000e-01 3.885030e-01 4.746541e-02 -0.2139 
2.4962e+04 3.6657 3.3687 0.99471 0.59546 0.4406 1.0328e+03 0 6.3096e-06 3.3687 5.410000e-01 3.885030e-01 4.746541e-02 -0.2139 
3.4922e+04 3.7317 3.3501 0.95201 0.59583 0.4406 1.4688e+03 0 7.3451e-06 3.3501 5.410000e-01 3.885030e-01 4.746541e-02 -0.2365 
5.0019e+04 3.6932 3.3539 0.82427 0.59721 0.4406 1.4844e+03 0 6.7143e-06 3.3539 5.410000e-01 3.885030e-01 4.746541e-02 -0.2365 
7.4982e+04 3.7108 3.4213 0.64176 0.59918 0.4406 1.0588e+03 0 6.9984e-06 3.4213 5.410000e-01 3.885030e-01 4.746541e-02 -0.2402 
8.5250e+04 3.7369 3.5195 0.60509 0.59964 0.4406 4.9221e+02 0 1.5276e-06 3.5195 5.410000e-01 3.885030e-01 4.746541e-02 999.0000 
 1.2000 6 # agb_1.20_Z0.07000000_Mdot44_eta12.00_Mc0.00_dMc0.00_Tbd6.40_L0.00_dL0.00_C0.00_Nr3.00_rates0_KOPv_KMOLv.dat 
0.0000e+00 3.7142 3.3775 1.20000 0.59129 0.4311 8.9860e+02 0 7.0469e-06 3.3775 5.412000e-01 3.882580e-01 4.750328e-02 -0.2101 
2.5537e+04 3.6503 3.3768 1.04710 0.59280 0.4311 8.8582e+02 0 6.0814e-06 3.3768 5.412000e-01 3.882580e-01 4.750328e-02 -0.2101 
5.0031e+04 3.7683 3.3392 0.88847 0.59447 0.4311 1.8709e+03 0 7.9799e-06 3.3392 5.412000e-01 3.882580e-01 4.750328e-02 -0.2296 
5.0982e+04 3.6900 3.3543 0.88139 0.59455 0.4311 1.3822e+03 0 6.6681e-06 3.3543 5.412000e-01 3.882580e-01 4.750328e-02 -0.2296 
7.6452e+04 3.7081 3.3750 0.69930 0.59653 0.4311 1.4731e+03 0 6.9502e-06 3.3750 5.412000e-01 3.882580e-01 4.750328e-02 -0.2431 
9.2537e+04 3.7927 3.5236 0.60293 0.59758 0.4311 5.3887e+02 0 2.3878e-06 3.5236 5.412000e-01 3.882580e-01 4.750328e-02 999.0000 
 1.2500 5 # agb_1.25_Z0.07000000_Mdot44_eta12.00_Mc0.00_dMc0.00_Tbd6.40_L0.00_dL0.00_C0.00_Nr3.00_rates0_KOPv_KMOLv.dat 
0.0000e+00 3.7138 3.3823 1.25000 0.59040 0.4248 8.2889e+02 0 7.0469e-06 3.3823 5.418000e-01 3.877240e-01 4.751713e-02 -0.2066 
2.5637e+04 3.6570 3.3803 1.09999 0.59191 0.4248 8.3336e+02 0 6.1802e-06 3.3803 5.418000e-01 3.877240e-01 4.751713e-02 -0.2215 
5.1426e+04 3.6758 3.3605 0.93598 0.59367 0.4248 1.2002e+03 0 6.4565e-06 3.3605 5.418000e-01 3.877240e-01 4.751713e-02 -0.2415 
7.6934e+04 3.7071 3.3568 0.75716 0.59565 0.4248 1.6103e+03 0 6.9343e-06 3.3568 5.418000e-01 3.877240e-01 4.751713e-02 -0.2297 
9.9289e+04 3.8175 3.5268 0.60265 0.59742 0.4248 5.5390e+02 0 2.7290e-06 3.5268 5.418000e-01 3.877240e-01 4.751713e-02 999.0000 
 1.3000 6 # agb_1.30_Z0.07000000_Mdot44_eta12.00_Mc0.00_dMc0.00_Tbd6.40_L0.00_dL0.00_C0.00_Nr3.00_rates0_KOPv_KMOLv.dat 
0.0000e+00 3.7424 3.3812 1.30000 0.59745 0.4179 8.6100e+02 0 7.5162e-06 3.3812 5.424000e-01 3.870830e-01 4.754475e-02 -0.2065 
2.4262e+04 3.6912 3.3780 1.14681 0.59898 0.4179 8.8504e+02 0 6.6834e-06 3.3780 5.424000e-01 3.870830e-01 4.754475e-02 -0.2240 
4.8609e+04 3.7208 3.3552 0.98000 0.60076 0.4179 1.3353e+03 0 7.1614e-06 3.3552 5.424000e-01 3.870830e-01 4.754475e-02 -0.2420 
7.2933e+04 3.7386 3.3498 0.79661 0.60278 0.4179 1.7568e+03 0 7.4473e-06 3.3498 5.424000e-01 3.870830e-01 4.754475e-02 -0.2329 
9.7012e+04 3.7504 3.5075 0.61229 0.60491 0.4179 5.5852e+02 0 2.8576e-06 3.5075 5.424000e-01 3.870830e-01 4.754475e-02 -0.1094 
1.0283e+05 3.6341 3.5167 0.61005 0.60503 0.4179 3.9810e+02 0 5.0466e-07 3.5167 5.424000e-01 3.870830e-01 4.754475e-02 999.0000 
 1.3500 7 # agb_1.35_Z0.07000000_Mdot44_eta12.00_Mc0.00_dMc0.00_Tbd6.40_L0.00_dL0.00_C0.00_Nr3.00_rates0_KOPv_KMOLv.dat 
0.0000e+00 3.6977 3.3948 1.35000 0.59116 0.4139 6.6693e+02 0 6.7920e-06 3.3948 5.433000e-01 3.861480e-01 4.756031e-02 -0.1977 
2.5565e+04 3.6258 3.3980 1.21467 0.59259 0.4139 6.0702e+02 0 5.3703e-06 3.3980 5.433000e-01 3.861480e-01 4.756031e-02 -0.1977 
5.1009e+04 3.6684 3.3741 1.06493 0.59425 0.4139 9.3077e+02 0 6.3387e-06 3.3741 5.433000e-01 3.861480e-01 4.756031e-02 -0.2065 
6.7392e+04 3.7949 3.3375 0.97631 0.59524 0.4139 1.8515e+03 0 8.4918e-06 3.3375 5.433000e-01 3.861480e-01 4.756031e-02 -0.2065 
7.6470e+04 3.6885 3.3552 0.89941 0.59613 0.4139 1.3420e+03 0 6.6374e-06 3.3552 5.433000e-01 3.861480e-01 4.756031e-02 -0.2294 
1.0171e+05 3.7123 3.3669 0.71938 0.59818 0.4139 1.5582e+03 0 7.0146e-06 3.3669 5.433000e-01 3.861480e-01 4.756031e-02 -0.2294 
1.1965e+05 3.7994 3.5224 0.60506 0.59948 0.4139 5.5153e+02 0 2.6792e-06 3.5224 5.433000e-01 3.861480e-01 4.756031e-02 999.0000 
 1.4000 7 # agb_1.40_Z0.07000000_Mdot44_eta12.00_Mc0.00_dMc0.00_Tbd6.40_L0.00_dL0.00_C0.00_Nr3.00_rates0_KOPv_KMOLv.dat 
0.0000e+00 3.7309 3.3921 1.40000 0.59230 0.4104 7.1250e+02 0 7.3282e-06 3.3921 5.434000e-01 3.860150e-01 4.758072e-02 -0.1985 
2.5280e+04 3.6682 3.3926 1.25452 0.59384 0.4104 6.8064e+02 0 6.3387e-06 3.3926 5.434000e-01 3.860150e-01 4.758072e-02 -0.1985 
5.0537e+04 3.7033 3.3690 1.09472 0.59563 0.4104 1.0269e+03 0 6.8707e-06 3.3690 5.434000e-01 3.860150e-01 4.758072e-02 -0.2063 
6.7040e+04 3.8273 3.3327 0.99915 0.59673 0.4104 2.0348e+03 0 9.1411e-06 3.3327 5.434000e-01 3.860150e-01 4.758072e-02 -0.2063 
7.5657e+04 3.7323 3.3473 0.92045 0.59765 0.4104 1.5545e+03 0 7.3451e-06 3.3473 5.434000e-01 3.860150e-01 4.758072e-02 -0.2287 
1.0075e+05 3.7449 3.3610 0.73061 0.59986 0.4104 1.7425e+03 0 7.5683e-06 3.3610 5.434000e-01 3.860150e-01 4.758072e-02 -0.2287 
1.1918e+05 3.8215 3.5277 0.60646 0.60130 0.4104 5.5115e+02 0 2.6730e-06 3.5277 5.434000e-01 3.860150e-01 4.758072e-02 999.0000 
 1.4500 8 # agb_1.45_Z0.07000000_Mdot44_eta12.00_Mc0.00_dMc0.00_Tbd6.40_L0.00_dL0.00_C0.00_Nr3.00_rates0_KOPv_KMOLv.dat 
0.0000e+00 3.6949 3.4032 1.45000 0.58386 0.4079 5.7672e+02 0 4.4157e-06 3.4032 5.432000e-01 3.861860e-01 4.758336e-02 -0.1902 
2.6942e+04 3.6248 3.4070 1.32171 0.58535 0.4079 5.1832e+02 0 2.5061e-06 3.4070 5.432000e-01 3.861860e-01 4.758336e-02 -0.1902 
5.3773e+04 3.6689 3.3841 1.17669 0.58708 0.4079 7.7859e+02 0 6.3533e-06 3.3841 5.432000e-01 3.861860e-01 4.758336e-02 -0.1901 
8.0541e+04 3.6949 3.3618 1.01538 0.58903 0.4079 1.1507e+03 0 6.7453e-06 3.3618 5.432000e-01 3.861860e-01 4.758336e-02 -0.1901 
9.2676e+04 3.7543 3.3436 0.96311 0.58961 0.4079 1.6210e+03 0 7.7268e-06 3.3436 5.432000e-01 3.861860e-01 4.758336e-02 -0.2091 
1.0720e+05 3.7079 3.3478 0.83974 0.59116 0.4079 1.5925e+03 0 6.9502e-06 3.3478 5.432000e-01 3.861860e-01 4.758336e-02 -0.2091 
1.3357e+05 3.7237 3.4037 0.65106 0.59341 0.4079 1.2587e+03 0 7.2111e-06 3.4037 5.432000e-01 3.861860e-01 4.758336e-02 -0.2330 
1.4519e+05 3.7412 3.5202 0.59934 0.59399 0.4079 4.9816e+02 0 1.6181e-06 3.5202 5.432000e-01 3.861860e-01 4.758336e-02 999.0000 
 1.5000 7 # agb_1.50_Z0.07000000_Mdot44_eta12.00_Mc0.00_dMc0.00_Tbd6.40_L0.00_dL0.00_C0.00_Nr3.00_rates0_KOPv_KMOLv.dat 
0.0000e+00 3.7423 3.3979 1.50000 0.59115 0.4061 6.5176e+02 0 7.5162e-06 3.3979 5.424000e-01 3.870610e-01 4.759023e-02 -0.1932 
2.5488e+04 3.6769 3.3997 1.35619 0.59274 0.4061 6.0697e+02 0 5.5590e-06 3.3997 5.424000e-01 3.870610e-01 4.759023e-02 -0.1979 
5.0872e+04 3.7202 3.3754 1.19754 0.59460 0.4061 9.2910e+02 0 7.1450e-06 3.3754 5.424000e-01 3.870610e-01 4.759023e-02 -0.2192 
7.6242e+04 3.7419 3.3530 1.02365 0.59670 0.4061 1.3721e+03 0 7.5162e-06 3.3530 5.424000e-01 3.870610e-01 4.759023e-02 -0.2411 
1.0143e+05 3.7599 3.3415 0.83569 0.59897 0.4061 1.9004e+03 0 7.8343e-06 3.3415 5.424000e-01 3.870610e-01 4.759023e-02 -0.2428 
1.2646e+05 3.7668 3.4310 0.63855 0.60134 0.4061 1.1049e+03 0 7.9616e-06 3.4310 5.424000e-01 3.870610e-01 4.759023e-02 -0.1523 
1.3611e+05 3.7466 3.5222 0.60697 0.60180 0.4061 4.8956e+02 0 1.4859e-06 3.5222 5.424000e-01 3.870610e-01 4.759023e-02 999.0000 
 1.5500 8 # agb_1.55_Z0.07000000_Mdot44_eta12.00_Mc0.00_dMc0.00_Tbd6.40_L0.00_dL0.00_C0.00_Nr3.00_rates0_KOPv_KMOLv.dat 
0.0000e+00 3.7339 3.4033 1.55000 0.58708 0.4044 5.9184e+02 0 5.1286e-06 3.4033 5.423000e-01 3.871360e-01 4.759643e-02 -0.1887 
2.6197e+04 3.6767 3.4041 1.41227 0.58867 0.4044 5.6244e+02 0 3.8726e-06 3.4041 5.423000e-01 3.871360e-01 4.759643e-02 -0.1887 
5.2527e+04 3.7013 3.3850 1.25686 0.59056 0.4044 7.8253e+02 0 6.8391e-06 3.3850 5.423000e-01 3.871360e-01 4.759643e-02 -0.1897 
7.8631e+04 3.7266 3.3621 1.08644 0.59267 0.4044 1.1591e+03 0 7.2611e-06 3.3621 5.423000e-01 3.871360e-01 4.759643e-02 -0.1897 
9.3496e+04 3.8272 3.3324 1.00655 0.59366 0.4044 2.0262e+03 0 9.1411e-06 3.3324 5.423000e-01 3.871360e-01 4.759643e-02 -0.2082 
1.0450e+05 3.7498 3.3421 0.90346 0.59496 0.4044 1.7222e+03 0 7.6560e-06 3.3421 5.423000e-01 3.871360e-01 4.759643e-02 -0.2082 
1.3019e+05 3.7650 3.3676 0.70600 0.59737 0.4044 1.7712e+03 0 7.9250e-06 3.3676 5.423000e-01 3.871360e-01 4.759643e-02 -0.2321 
1.4634e+05 3.8140 3.5264 0.60378 0.59856 0.4044 5.5069e+02 0 2.6546e-06 3.5264 5.423000e-01 3.871360e-01 4.759643e-02 999.0000 
 1.6000 7 # agb_1.60_Z0.07000000_Mdot44_eta12.00_Mc0.00_dMc0.00_Tbd6.40_L0.00_dL0.00_C0.00_Nr3.00_rates0_KOPv_KMOLv.dat 
0.0000e+00 3.7352 3.4070 1.60000 0.58929 0.4035 5.5802e+02 0 3.8637e-06 3.4070 5.416000e-01 3.878150e-01 4.759664e-02 -0.1862 
2.5817e+04 3.6669 3.4110 1.47076 0.59086 0.4035 4.9882e+02 0 2.1184e-06 3.4110 5.416000e-01 3.878150e-01 4.759664e-02 -0.1861 
5.1610e+04 3.7034 3.3909 1.32196 0.59271 0.4035 7.1262e+02 0 6.8707e-06 3.3909 5.416000e-01 3.878150e-01 4.759664e-02 -0.2028 
7.7194e+04 3.7375 3.3673 1.15757 0.59478 0.4035 1.0703e+03 0 7.4302e-06 3.3673 5.416000e-01 3.878150e-01 4.759664e-02 -0.2257 
1.0271e+05 3.7549 3.3463 0.97931 0.59704 0.4035 1.5608e+03 0 7.7446e-06 3.3463 5.416000e-01 3.878150e-01 4.759664e-02 -0.2455 
1.2809e+05 3.7658 3.3456 0.78584 0.59944 0.4035 1.9626e+03 0 7.9433e-06 3.3456 5.416000e-01 3.878150e-01 4.759664e-02 -0.2340 
1.5170e+05 3.8354 3.5299 0.60667 0.60165 0.4035 5.5768e+02 0 2.8314e-06 3.5299 5.416000e-01 3.878150e-01 4.759664e-02 999.0000 
 1.6500 8 # agb_1.65_Z0.07000000_Mdot44_eta12.00_Mc0.00_dMc0.00_Tbd6.40_L0.00_dL0.00_C0.00_Nr3.00_rates0_KOPv_KMOLv.dat 
0.0000e+00 3.7535 3.4072 1.65000 0.59323 0.4026 5.6456e+02 0 4.1305e-06 3.4072 5.411000e-01 3.882960e-01 4.759752e-02 -0.1857 
2.4989e+04 3.6949 3.4092 1.51793 0.59483 0.4026 5.2449e+02 0 2.7733e-06 3.4092 5.411000e-01 3.882960e-01 4.759752e-02 -0.1859 
4.9999e+04 3.7318 3.3891 1.36686 0.59671 0.4026 7.4915e+02 0 7.3451e-06 3.3891 5.411000e-01 3.882960e-01 4.759752e-02 -0.2021 
7.4976e+04 3.7519 3.3686 1.19878 0.59884 0.4026 1.0585e+03 0 7.6913e-06 3.3686 5.411000e-01 3.882960e-01 4.759752e-02 -0.2250 
9.9671e+04 3.7766 3.3455 1.01889 0.60113 0.4026 1.5918e+03 0 8.1470e-06 3.3455 5.411000e-01 3.882960e-01 4.759752e-02 -0.2446 
1.2436e+05 3.7861 3.3402 0.82262 0.60358 0.4026 2.0669e+03 0 8.3176e-06 3.3402 5.411000e-01 3.882960e-01 4.759752e-02 -0.2377 
1.4873e+05 3.7881 3.4698 0.62395 0.60603 0.4026 8.3685e+02 0 8.3560e-06 3.4698 5.411000e-01 3.882960e-01 4.759752e-02 -0.1218 
1.5655e+05 3.7195 3.5171 0.61187 0.60632 0.4026 4.7866e+02 0 1.3305e-06 3.5171 5.411000e-01 3.882960e-01 4.759752e-02 999.0000 
 1.7000 9 # agb_1.70_Z0.07000000_Mdot44_eta12.00_Mc0.00_dMc0.00_Tbd6.40_L0.00_dL0.00_C0.00_Nr3.00_rates0_KOPv_KMOLv.dat 
0.0000e+00 3.7405 3.4131 1.70000 0.58950 0.4021 5.0630e+02 0 2.3823e-06 3.4131 5.406000e-01 3.887770e-01 4.759579e-02 -0.1813 
2.5624e+04 3.6878 3.4153 1.58251 0.59108 0.4021 4.7103e+02 0 1.5922e-06 3.4153 5.406000e-01 3.887770e-01 4.759579e-02 -0.1813 
5.1429e+04 3.7136 3.3992 1.44020 0.59295 0.4021 6.2729e+02 0 6.6527e-06 3.3992 5.406000e-01 3.887770e-01 4.759579e-02 -0.1806 
7.7108e+04 3.7331 3.3806 1.27937 0.59507 0.4021 8.6029e+02 0 7.3621e-06 3.3806 5.406000e-01 3.887770e-01 4.759579e-02 -0.1806 
1.0248e+05 3.7589 3.3572 1.10541 0.59736 0.4021 1.2805e+03 0 7.8163e-06 3.3572 5.406000e-01 3.887770e-01 4.759579e-02 -0.1926 
1.1690e+05 3.8428 3.3316 1.02286 0.59840 0.4021 2.0829e+03 0 9.4842e-06 3.3316 5.406000e-01 3.887770e-01 4.759579e-02 -0.1926 
1.2766e+05 3.7783 3.3386 0.91810 0.59978 0.4021 1.8671e+03 0 8.1658e-06 3.3386 5.406000e-01 3.887770e-01 4.759579e-02 -0.2111 
1.5269e+05 3.7903 3.3654 0.71574 0.60229 0.4021 1.8881e+03 0 8.3946e-06 3.3654 5.406000e-01 3.887770e-01 4.759579e-02 -0.2111 
1.6863e+05 3.8267 3.5246 0.60913 0.60353 0.4021 5.7140e+02 0 3.1842e-06 3.5246 5.406000e-01 3.887770e-01 4.759579e-02 999.0000 
 1.7500 9 # agb_1.75_Z0.07000000_Mdot44_eta12.00_Mc0.00_dMc0.00_Tbd6.40_L0.00_dL0.00_C0.00_Nr3.00_rates0_KOPv_KMOLv.dat 
0.0000e+00 3.7265 3.4191 1.75000 0.58814 0.4020 4.5329e+02 0 1.3274e-06 3.4191 5.406000e-01 3.887770e-01 4.759588e-02 -0.1772 
2.6048e+04 3.6511 3.4275 1.66070 0.58968 0.4020 3.7259e+02 0 4.3451e-07 3.4275 5.406000e-01 3.887770e-01 4.759588e-02 -0.1767 
5.1978e+04 3.6930 3.4108 1.53514 0.59149 0.4020 5.0981e+02 0 2.3988e-06 3.4108 5.406000e-01 3.887770e-01 4.759588e-02 -0.1835 
7.7846e+04 3.7188 3.3936 1.38742 0.59355 0.4020 6.8970e+02 0 7.1285e-06 3.3936 5.406000e-01 3.887770e-01 4.759588e-02 -0.1972 
1.0346e+05 3.7454 3.3724 1.22387 0.59578 0.4020 9.8989e+02 0 7.5683e-06 3.3724 5.406000e-01 3.887770e-01 4.759588e-02 -0.2190 
1.2887e+05 3.7680 3.3495 1.04714 0.59815 0.4020 1.4704e+03 0 7.9799e-06 3.3495 5.406000e-01 3.887770e-01 4.759588e-02 -0.2414 
1.5416e+05 3.7805 3.3381 0.85512 0.60062 0.4020 2.0083e+03 0 8.2035e-06 3.3381 5.406000e-01 3.887770e-01 4.759588e-02 -0.2447 
1.7925e+05 3.7848 3.4143 0.65310 0.60314 0.4020 1.3092e+03 0 8.2985e-06 3.4143 5.406000e-01 3.887770e-01 4.759588e-02 -0.1605 
1.8895e+05 3.7548 3.5220 0.60888 0.60362 0.4020 4.9798e+02 0 1.6218e-06 3.5220 5.406000e-01 3.887770e-01 4.759588e-02 999.0000 
 1.8000 9 # agb_1.80_Z0.07000000_Mdot44_eta12.00_Mc0.00_dMc0.00_Tbd6.40_L0.00_dL0.00_C0.00_Nr3.00_rates0_KOPv_KMOLv.dat 
0.0000e+00 3.7619 3.4159 1.80000 0.59484 0.4019 4.9205e+02 0 2.0797e-06 3.4159 5.406000e-01 3.887760e-01 4.759756e-02 -0.1788 
2.4639e+04 3.7032 3.4199 1.68856 0.59645 0.4019 4.4109e+02 0 1.1350e-06 3.4199 5.406000e-01 3.887760e-01 4.759756e-02 -0.1783 
4.9265e+04 3.7442 3.4020 1.54977 0.59833 0.4019 6.1284e+02 0 6.0954e-06 3.4020 5.406000e-01 3.887760e-01 4.759756e-02 -0.1883 
7.3887e+04 3.7667 3.3841 1.39127 0.60047 0.4019 8.3347e+02 0 7.9616e-06 3.3841 5.406000e-01 3.887760e-01 4.759756e-02 -0.2043 
9.8388e+04 3.7819 3.3641 1.21728 0.60280 0.4019 1.1630e+03 0 8.2414e-06 3.3641 5.406000e-01 3.887760e-01 4.759756e-02 -0.2276 
1.2270e+05 3.7949 3.3435 1.03091 0.60526 0.4019 1.6712e+03 0 8.4918e-06 3.3435 5.406000e-01 3.887760e-01 4.759756e-02 -0.2450 
1.4680e+05 3.8089 3.3385 0.82923 0.60782 0.4019 2.1937e+03 0 8.7700e-06 3.3385 5.406000e-01 3.887760e-01 4.759756e-02 -0.2352 
1.7072e+05 3.8024 3.4728 0.62759 0.61033 0.4019 8.3633e+02 0 8.6298e-06 3.4728 5.406000e-01 3.887760e-01 4.759756e-02 -0.1138 
1.7794e+05 3.7230 3.5173 0.61618 0.61059 0.4019 4.7879e+02 0 1.3335e-06 3.5173 5.406000e-01 3.887760e-01 4.759756e-02 999.0000 
 1.8500 9 # agb_1.85_Z0.07000000_Mdot44_eta12.00_Mc0.00_dMc0.00_Tbd6.40_L0.00_dL0.00_C0.00_Nr3.00_rates0_KOPv_KMOLv.dat 
0.0000e+00 3.7725 3.4172 1.85000 0.59642 0.4015 4.8606e+02 0 1.9634e-06 3.4172 5.392000e-01 3.902320e-01 4.758810e-02 -0.1778 
2.4324e+04 3.7153 3.4212 1.74119 0.59805 0.4015 4.3585e+02 0 1.0691e-06 3.4212 5.392000e-01 3.902320e-01 4.758810e-02 -0.1768 
4.8819e+04 3.7381 3.4073 1.60197 0.59998 0.4015 5.5952e+02 0 3.9174e-06 3.4073 5.392000e-01 3.902320e-01 4.758810e-02 -0.1861 
7.3029e+04 3.7725 3.3877 1.44427 0.60215 0.4015 7.9048e+02 0 8.0538e-06 3.3877 5.392000e-01 3.902320e-01 4.758810e-02 -0.2006 
9.7117e+04 3.7977 3.3661 1.27129 0.60451 0.4015 1.1375e+03 0 8.5507e-06 3.3661 5.392000e-01 3.902320e-01 4.758810e-02 -0.2235 
1.2113e+05 3.8111 3.3450 1.08498 0.60700 0.4015 1.6321e+03 0 8.8105e-06 3.3450 5.392000e-01 3.902320e-01 4.758810e-02 -0.2428 
1.4503e+05 3.8190 3.3345 0.88286 0.60960 0.4015 2.1962e+03 0 8.9743e-06 3.3345 5.392000e-01 3.902320e-01 4.758810e-02 -0.2422 
1.6864e+05 3.8233 3.4019 0.67611 0.61220 0.4015 1.5441e+03 0 9.0573e-06 3.4019 5.392000e-01 3.902320e-01 4.758810e-02 -0.1547 
1.7851e+05 3.7985 3.5231 0.61829 0.61279 0.4015 5.3621e+02 0 2.3496e-06 3.5231 5.392000e-01 3.902320e-01 4.758810e-02 999.0000 
 1.9000 10 # agb_1.90_Z0.07000000_Mdot44_eta12.00_Mc0.00_dMc0.00_Tbd6.40_L0.00_dL0.00_C0.00_Nr3.00_rates0_KOPv_KMOLv.dat 
0.0000e+00 3.7583 3.4230 1.90000 0.59744 0.4015 4.3672e+02 0 1.1041e-06 3.4230 5.388000e-01 3.906190e-01 4.758187e-02 -0.1739 
2.4103e+04 3.7023 3.4295 1.83567 0.59900 0.4015 3.7490e+02 0 4.5920e-07 3.4295 5.388000e-01 3.906190e-01 4.758187e-02 -0.1727 
4.8376e+04 3.7297 3.4175 1.72367 0.60084 0.4015 4.6953e+02 0 1.6032e-06 3.4175 5.388000e-01 3.906190e-01 4.758187e-02 -0.1794 
7.2509e+04 3.7534 3.4030 1.58283 0.60292 0.4015 6.0825e+02 0 5.9156e-06 3.4030 5.388000e-01 3.906190e-01 4.758187e-02 -0.1877 
9.6299e+04 3.7897 3.3825 1.42549 0.60518 0.4015 8.7038e+02 0 8.3946e-06 3.3825 5.388000e-01 3.906190e-01 4.758187e-02 -0.2053 
1.2014e+05 3.8060 3.3626 1.25137 0.60760 0.4015 1.2135e+03 0 8.7096e-06 3.3626 5.388000e-01 3.906190e-01 4.758187e-02 -0.2277 
1.4392e+05 3.8113 3.3436 1.06268 0.61013 0.4015 1.6851e+03 0 8.8105e-06 3.3436 5.388000e-01 3.906190e-01 4.758187e-02 -0.2434 
1.6733e+05 3.8297 3.3353 0.85965 0.61272 0.4015 2.2886e+03 0 9.2045e-06 3.3353 5.388000e-01 3.906190e-01 4.758187e-02 -0.2371 
1.9071e+05 3.8223 3.4325 0.65466 0.61529 0.4015 1.2067e+03 0 9.0365e-06 3.4325 5.388000e-01 3.906190e-01 4.758187e-02 -0.1263 
1.9881e+05 3.7683 3.5238 0.62088 0.61568 0.4015 4.9639e+02 0 1.6069e-06 3.5238 5.388000e-01 3.906190e-01 4.758187e-02 999.0000 
 1.9500 11 # agb_1.95_Z0.07000000_Mdot44_eta12.00_Mc0.00_dMc0.00_Tbd6.40_L0.00_dL0.00_C0.00_Nr3.00_rates0_KOPv_KMOLv.dat 
0.0000e+00 3.7837 3.4213 1.95000 0.59887 0.4018 4.5831e+02 0 1.4488e-06 3.4213 5.387000e-01 3.908070e-01 4.757098e-02 -0.1747 
2.3813e+04 3.7313 3.4260 1.86326 0.60051 0.4018 4.0738e+02 0 7.4473e-07 3.4260 5.387000e-01 3.908070e-01 4.757098e-02 -0.1747 
4.7833e+04 3.7540 3.4137 1.73537 0.60241 0.4018 5.0966e+02 0 2.4831e-06 3.4137 5.386842e-01 3.908210e-01 4.757101e-02 -0.1733 
7.1629e+04 3.7843 3.3969 1.58391 0.60461 0.4018 6.8839e+02 0 8.2794e-06 3.3969 5.386842e-01 3.908210e-01 4.757101e-02 -0.1733 
9.5297e+04 3.8079 3.3778 1.41558 0.60699 0.4018 9.5168e+02 0 8.7498e-06 3.3778 5.386842e-01 3.908210e-01 4.757101e-02 -0.1794 
1.1891e+05 3.8200 3.3577 1.23267 0.60953 0.4018 1.3250e+03 0 8.9950e-06 3.3577 5.386842e-01 3.908210e-01 4.757101e-02 -0.1794 
1.4231e+05 3.8321 3.3377 1.03699 0.61214 0.4018 1.9014e+03 0 9.2470e-06 3.3377 5.386842e-01 3.908210e-01 4.757101e-02 -0.1910 
1.5705e+05 3.9079 3.3228 0.91900 0.61355 0.4018 2.8683e+03 0 1.1015e-05 3.3228 5.386842e-01 3.908210e-01 4.757101e-02 -0.1910 
1.6556e+05 3.8426 3.3383 0.82488 0.61483 0.4018 2.3806e+03 0 9.4842e-06 3.3383 5.386842e-01 3.908210e-01 4.757101e-02 -0.2092 
1.8849e+05 3.8283 3.5141 0.62455 0.61735 0.4018 6.1549e+02 0 4.5604e-06 3.5141 5.386842e-01 3.908210e-01 4.757101e-02 -0.2092 
1.9065e+05 3.5808 3.5146 0.62245 0.61736 0.4018 3.5371e+02 0 2.6303e-07 3.5146 5.386842e-01 3.908210e-01 4.757101e-02 999.0000 
 2.0000 11 # agb_2.00_Z0.07000000_Mdot44_eta12.00_Mc0.00_dMc0.00_Tbd6.40_L0.00_dL0.00_C0.00_Nr3.00_rates0_KOPv_KMOLv.dat 
0.0000e+00 3.7505 3.4300 2.00000 0.59268 0.4020 3.8479e+02 0 5.4450e-07 3.4300 5.381000e-01 3.912970e-01 4.756787e-02 -0.1691 
2.4937e+04 3.6944 3.4383 1.96871 0.59425 0.4020 3.1961e+02 0 1.7824e-07 3.4383 5.381000e-01 3.912970e-01 4.756787e-02 -0.1682 
4.9910e+04 3.7351 3.4282 1.91608 0.59601 0.4021 3.9271e+02 0 6.0674e-07 3.4282 5.380633e-01 3.913300e-01 4.756786e-02 -0.1706 
7.4941e+04 3.7528 3.4191 1.81708 0.59799 0.4023 4.6501e+02 0 1.5417e-06 3.4191 5.380084e-01 3.913780e-01 4.756950e-02 -0.1747 
9.9833e+04 3.7688 3.4070 1.68079 0.60030 0.4023 5.7549e+02 0 4.5814e-06 3.4070 5.380084e-01 3.913780e-01 4.756950e-02 -0.1813 
1.2440e+05 3.7907 3.3906 1.52371 0.60275 0.4023 7.6417e+02 0 8.4140e-06 3.3906 5.380084e-01 3.913780e-01 4.756950e-02 -0.1952 
1.4871e+05 3.8143 3.3703 1.35088 0.60530 0.4023 1.0772e+03 0 8.8716e-06 3.3703 5.380084e-01 3.913780e-01 4.756950e-02 -0.2163 
1.7294e+05 3.8261 3.3494 1.16376 0.60794 0.4023 1.5234e+03 0 9.1201e-06 3.3494 5.380084e-01 3.913780e-01 4.756950e-02 -0.2388 
1.9698e+05 3.8349 3.3329 0.96140 0.61063 0.4023 2.1392e+03 0 9.3111e-06 3.3329 5.380084e-01 3.913780e-01 4.756950e-02 -0.2474 
2.2081e+05 3.8413 3.3574 0.74726 0.61335 0.4023 2.1874e+03 0 9.4406e-06 3.3574 5.380084e-01 3.913780e-01 4.756950e-02 -0.1981 
2.3758e+05 3.8614 3.5319 0.61992 0.61487 0.4023 5.6924e+02 0 3.1477e-06 3.5319 5.380084e-01 3.913780e-01 4.756950e-02 999.0000 
 2.0500 11 # agb_2.05_Z0.07000000_Mdot44_eta12.00_Mc0.00_dMc0.00_Tbd6.40_L0.00_dL0.00_C0.00_Nr3.00_rates0_KOPv_KMOLv.dat 
0.0000e+00 3.7623 3.4307 2.05000 0.59461 0.4020 3.8400e+02 0 5.3951e-07 3.4307 5.380000e-01 3.913870e-01 4.756690e-02 -0.1683 
2.4632e+04 3.6988 3.4403 2.01922 0.59621 0.4020 3.0988e+02 0 3.0479e-07 3.4403 5.380000e-01 3.913870e-01 4.756690e-02 -0.1668 
4.9266e+04 3.7378 3.4308 1.96858 0.59796 0.4021 3.7665e+02 0 4.7863e-07 3.4308 5.379503e-01 3.914320e-01 4.756692e-02 -0.1695 
7.3731e+04 3.7766 3.4183 1.87468 0.59995 0.4024 4.8011e+02 0 1.8450e-06 3.4183 5.378934e-01 3.914810e-01 4.756874e-02 -0.1728 
9.8335e+04 3.7873 3.4075 1.73939 0.60231 0.4024 5.7899e+02 0 4.7753e-06 3.4075 5.378934e-01 3.914810e-01 4.756874e-02 -0.1797 
1.2265e+05 3.8010 3.3933 1.58186 0.60480 0.4024 7.3856e+02 0 8.6099e-06 3.3933 5.378934e-01 3.914810e-01 4.756874e-02 -0.1920 
1.4661e+05 3.8251 3.3735 1.40900 0.60739 0.4024 1.0323e+03 0 9.0991e-06 3.3735 5.378934e-01 3.914810e-01 4.756874e-02 -0.2122 
1.7056e+05 3.8333 3.3537 1.22084 0.61006 0.4024 1.4274e+03 0 9.2683e-06 3.3537 5.378934e-01 3.914810e-01 4.756874e-02 -0.2347 
1.9423e+05 3.8446 3.3344 1.01933 0.61277 0.4024 2.0457e+03 0 9.5280e-06 3.3344 5.378934e-01 3.914810e-01 4.756874e-02 -0.2474 
2.1775e+05 3.8524 3.3418 0.80245 0.61553 0.4024 2.4175e+03 0 9.6828e-06 3.3418 5.378934e-01 3.914810e-01 4.756874e-02 -0.2169 
2.3884e+05 3.8853 3.5299 0.62330 0.61776 0.4024 6.0810e+02 0 4.3053e-06 3.5299 5.378934e-01 3.914810e-01 4.756874e-02 999.0000 
 2.1000 11 # agb_2.10_Z0.07000000_Mdot44_eta12.00_Mc0.00_dMc0.00_Tbd6.40_L0.00_dL0.00_C0.00_Nr3.00_rates0_KOPv_KMOLv.dat 
0.0000e+00 3.8009 3.4267 2.10000 0.60222 0.4021 4.2432e+02 0 9.6161e-07 3.4267 5.376000e-01 3.918780e-01 4.755871e-02 -0.1707 
2.3287e+04 3.7337 3.4362 2.04951 0.60388 0.4021 3.4311e+02 0 2.7669e-07 3.4362 5.376000e-01 3.918780e-01 4.755871e-02 -0.1689 
4.6570e+04 3.7701 3.4248 1.95950 0.60568 0.4023 4.2902e+02 0 1.0069e-06 3.4248 5.375410e-01 3.919310e-01 4.755887e-02 -0.1726 
6.9885e+04 3.7941 3.4123 1.82623 0.60777 0.4026 5.3927e+02 0 3.3729e-06 3.4123 5.374852e-01 3.919780e-01 4.756105e-02 -0.1786 
9.2992e+04 3.8204 3.3964 1.67025 0.61020 0.4026 7.1430e+02 0 8.9950e-06 3.3964 5.374852e-01 3.919780e-01 4.756105e-02 -0.1898 
1.1597e+05 3.8396 3.3786 1.49744 0.61276 0.4026 9.6437e+02 0 9.4189e-06 3.3786 5.374852e-01 3.919780e-01 4.756105e-02 -0.2075 
1.3876e+05 3.8573 3.3577 1.31099 0.61543 0.4026 1.3630e+03 0 9.7949e-06 3.3577 5.374852e-01 3.919780e-01 4.756105e-02 -0.2297 
1.6148e+05 3.8667 3.3375 1.11037 0.61815 0.4026 1.9358e+03 0 1.0023e-05 3.3375 5.374852e-01 3.919780e-01 4.756105e-02 -0.2439 
1.8405e+05 3.8754 3.3305 0.89289 0.62094 0.4026 2.5558e+03 0 1.0209e-05 3.3305 5.374852e-01 3.919780e-01 4.756105e-02 -0.2337 
2.0646e+05 3.8609 3.4133 0.68055 0.62363 0.4026 1.5084e+03 0 9.8855e-06 3.4133 5.374852e-01 3.919780e-01 4.756105e-02 -0.1268 
2.1479e+05 3.8094 3.5250 0.62956 0.62411 0.4026 5.3156e+02 0 2.2646e-06 3.5250 5.374852e-01 3.919780e-01 4.756105e-02 999.0000 
 2.1500 12 # agb_2.15_Z0.07000000_Mdot44_eta12.00_Mc0.00_dMc0.00_Tbd6.40_L0.00_dL0.00_C0.00_Nr3.00_rates0_KOPv_KMOLv.dat 
0.0000e+00 3.7781 3.4333 2.15000 0.59909 0.4019 3.7226e+02 0 4.5394e-07 3.4333 5.375000e-01 3.919690e-01 4.755500e-02 -0.1663 
2.3779e+04 3.7137 3.4434 2.12620 0.60070 0.4019 2.9760e+02 0 2.9512e-07 3.4434 5.375000e-01 3.919690e-01 4.755500e-02 -0.1651 
4.7481e+04 3.7637 3.4329 2.08947 0.60237 0.4021 3.7110e+02 0 4.4361e-07 3.4329 5.374277e-01 3.920340e-01 4.755513e-02 -0.1677 
7.1477e+04 3.7771 3.4274 2.02837 0.60425 0.4026 4.1280e+02 0 8.1658e-07 3.4274 5.373282e-01 3.921200e-01 4.755867e-02 -0.1705 
9.5193e+04 3.8072 3.4155 1.91833 0.60661 0.4026 5.1631e+02 0 2.7290e-06 3.4155 5.373282e-01 3.921200e-01 4.755867e-02 -0.1752 
1.1864e+05 3.8291 3.4021 1.77507 0.60910 0.4026 6.5535e+02 0 8.8105e-06 3.4021 5.373282e-01 3.921200e-01 4.755867e-02 -0.1824 
1.4203e+05 3.8418 3.3874 1.61009 0.61171 0.4026 8.3939e+02 0 9.4624e-06 3.3874 5.373282e-01 3.921200e-01 4.755867e-02 -0.1968 
1.6526e+05 3.8524 3.3698 1.42855 0.61441 0.4026 1.1200e+03 0 9.6828e-06 3.3698 5.373282e-01 3.921200e-01 4.755867e-02 -0.2171 
1.8826e+05 3.8647 3.3488 1.23386 0.61716 0.4026 1.5842e+03 0 9.9770e-06 3.3488 5.373282e-01 3.921200e-01 4.755867e-02 -0.2357 
2.1113e+05 3.8710 3.3314 1.02322 0.61996 0.4026 2.2206e+03 0 1.0116e-05 3.3314 5.373282e-01 3.921200e-01 4.755867e-02 -0.2471 
2.3381e+05 3.8757 3.3439 0.80208 0.62278 0.4026 2.4994e+03 0 1.0233e-05 3.3439 5.373282e-01 3.921200e-01 4.755867e-02 -0.2045 
2.5346e+05 3.8943 3.5313 0.63037 0.62490 0.4026 6.0647e+02 0 4.2756e-06 3.5313 5.373282e-01 3.921200e-01 4.755867e-02 999.0000 
 2.2000 13 # agb_2.20_Z0.07000000_Mdot44_eta12.00_Mc0.00_dMc0.00_Tbd6.40_L0.00_dL0.00_C0.00_Nr3.00_rates0_KOPv_KMOLv.dat 
0.0000e+00 3.7825 3.4351 2.20000 0.60123 0.4021 3.6223e+02 0 3.8815e-07 3.4351 5.371000e-01 3.923610e-01 4.755162e-02 -0.1652 
2.3342e+04 3.7228 3.4446 2.18043 0.60282 0.4021 2.9382e+02 0 2.9444e-07 3.4446 5.371000e-01 3.923610e-01 4.755162e-02 -0.1644 
4.6743e+04 3.7639 3.4361 2.15072 0.60445 0.4024 3.5177e+02 0 3.2434e-07 3.4361 5.370186e-01 3.924340e-01 4.755181e-02 -0.1669 
7.0296e+04 3.7880 3.4295 2.10321 0.60626 0.4030 4.0170e+02 0 7.0469e-07 3.4295 5.369020e-01 3.925350e-01 4.755616e-02 -0.1690 
9.3849e+04 3.8085 3.4213 2.02047 0.60863 0.4030 4.6918e+02 0 1.6596e-06 3.4213 5.369020e-01 3.925350e-01 4.755616e-02 -0.1728 
1.1681e+05 3.8405 3.4076 1.89180 0.61109 0.4030 6.0435e+02 0 6.0674e-06 3.4076 5.369020e-01 3.925350e-01 4.755616e-02 -0.1781 
1.3994e+05 3.8477 3.3957 1.73508 0.61371 0.4030 7.3791e+02 0 9.5940e-06 3.3957 5.369020e-01 3.925350e-01 4.755616e-02 -0.1884 
1.6278e+05 3.8621 3.3794 1.56054 0.61641 0.4030 9.7035e+02 0 9.9083e-06 3.3794 5.369020e-01 3.925350e-01 4.755616e-02 -0.2046 
1.8547e+05 3.8738 3.3601 1.37095 0.61916 0.4030 1.3292e+03 0 1.0186e-05 3.3601 5.369020e-01 3.925350e-01 4.755616e-02 -0.2242 
2.0800e+05 3.8826 3.3396 1.16691 0.62196 0.4030 1.8822e+03 0 1.0399e-05 3.3396 5.369020e-01 3.925350e-01 4.755616e-02 -0.2425 
2.3041e+05 3.8874 3.3285 0.94512 0.62482 0.4030 2.5391e+03 0 1.0495e-05 3.3285 5.369020e-01 3.925350e-01 4.755616e-02 -0.2397 
2.5260e+05 3.8814 3.3792 0.72512 0.62761 0.4030 2.0215e+03 0 1.0351e-05 3.3792 5.369020e-01 3.925350e-01 4.755616e-02 -0.1514 
2.6444e+05 3.8694 3.5290 0.63414 0.62860 0.4030 5.8271e+02 0 3.5481e-06 3.5290 5.369020e-01 3.925350e-01 4.755616e-02 999.0000 
 2.2500 12 # agb_2.25_Z0.07000000_Mdot44_eta12.00_Mc0.00_dMc0.00_Tbd6.40_L0.00_dL0.00_C0.00_Nr3.00_rates0_KOPv_KMOLv.dat 
0.0000e+00 3.8201 3.4312 2.25000 0.60644 0.4024 4.0012e+02 0 6.9823e-07 3.4312 5.368000e-01 3.927540e-01 4.755057e-02 -0.1677 
2.2440e+04 3.7640 3.4393 2.21465 0.60813 0.4024 3.3289e+02 0 2.3281e-07 3.4393 5.368000e-01 3.927540e-01 4.755057e-02 -0.1657 
4.5051e+04 3.7934 3.4315 2.15879 0.60986 0.4027 3.8993e+02 0 5.9704e-07 3.4315 5.367073e-01 3.928370e-01 4.755099e-02 -0.1682 
6.7618e+04 3.8281 3.4200 2.05988 0.61176 0.4034 4.8732e+02 0 2.0464e-06 3.4200 5.365803e-01 3.929450e-01 4.755656e-02 -0.1717 
9.0322e+04 3.8471 3.4082 1.91917 0.61426 0.4034 6.0205e+02 0 5.9704e-06 3.4082 5.365803e-01 3.929450e-01 4.755656e-02 -0.1781 
1.1260e+05 3.8665 3.3936 1.75769 0.61687 0.4034 7.7496e+02 0 1.0000e-05 3.3936 5.365803e-01 3.929450e-01 4.755656e-02 -0.1897 
1.3490e+05 3.8743 3.3783 1.57753 0.61961 0.4034 9.9688e+02 0 1.0186e-05 3.3783 5.365803e-01 3.929450e-01 4.755656e-02 -0.2070 
1.5689e+05 3.8914 3.3578 1.38514 0.62239 0.4034 1.3985e+03 0 1.0593e-05 3.3578 5.365803e-01 3.929450e-01 4.755656e-02 -0.2286 
1.7887e+05 3.8967 3.3381 1.17753 0.62523 0.4034 1.9526e+03 0 1.0740e-05 3.3381 5.365803e-01 3.929450e-01 4.755656e-02 -0.2424 
2.0072e+05 3.9007 3.3276 0.95277 0.62813 0.4034 2.6183e+03 0 1.0839e-05 3.3276 5.365803e-01 3.929450e-01 4.755656e-02 -0.2366 
2.2233e+05 3.8927 3.3772 0.73288 0.63092 0.4034 2.0915e+03 0 1.0641e-05 3.3772 5.365803e-01 3.929450e-01 4.755656e-02 -0.1474 
2.3439e+05 3.8814 3.5326 0.63719 0.63199 0.4034 5.7691e+02 0 3.3806e-06 3.5326 5.365803e-01 3.929450e-01 4.755656e-02 999.0000 
 2.3000 13 # agb_2.30_Z0.07000000_Mdot44_eta12.00_Mc0.00_dMc0.00_Tbd6.40_L0.00_dL0.00_C0.00_Nr3.00_rates0_KOPv_KMOLv.dat 
0.0000e+00 3.8095 3.4352 2.30000 0.60849 0.3943 3.6950e+02 0 4.4055e-07 3.4352 5.361000e-01 3.933470e-01 4.757220e-02 -0.1653 
2.2095e+04 3.7495 3.4446 2.27890 0.61011 0.3943 2.9952e+02 0 3.1333e-07 3.4446 5.361000e-01 3.933470e-01 4.757220e-02 -0.1643 
4.4260e+04 3.7902 3.4363 2.24739 0.61171 0.3947 3.5799e+02 0 3.6308e-07 3.4363 5.360019e-01 3.934350e-01 4.757270e-02 -0.1670 
6.6729e+04 3.8086 3.4307 2.19747 0.61347 0.3954 4.0015e+02 0 6.9502e-07 3.4307 5.358586e-01 3.935570e-01 4.757904e-02 -0.1689 
8.8947e+04 3.8531 3.4180 2.10979 0.61586 0.3954 5.1353e+02 0 2.7227e-06 3.4180 5.358586e-01 3.935570e-01 4.757904e-02 -0.1729 
1.1104e+05 3.8631 3.4085 1.97632 0.61841 0.3954 6.0604e+02 0 6.2373e-06 3.4085 5.358586e-01 3.935570e-01 4.757904e-02 -0.1785 
1.3309e+05 3.8672 3.3975 1.81629 0.62108 0.3954 7.2791e+02 0 1.0023e-05 3.3975 5.358586e-01 3.935570e-01 4.757904e-02 -0.1887 
1.5483e+05 3.8836 3.3813 1.63935 0.62382 0.3954 9.5766e+02 0 1.0423e-05 3.3813 5.358586e-01 3.935570e-01 4.757904e-02 -0.2044 
1.7638e+05 3.9006 3.3615 1.44816 0.62661 0.3954 1.3265e+03 0 1.0839e-05 3.3615 5.358586e-01 3.935570e-01 4.757904e-02 -0.2217 
1.9799e+05 3.9041 3.3422 1.24016 0.62948 0.3954 1.8271e+03 0 1.0914e-05 3.3422 5.358586e-01 3.935570e-01 4.757904e-02 -0.2405 
2.1930e+05 3.9149 3.3266 1.01678 0.63236 0.3954 2.5708e+03 0 1.1194e-05 3.3266 5.358586e-01 3.935570e-01 4.757904e-02 -0.2419 
2.4057e+05 3.9115 3.3514 0.79133 0.63524 0.3954 2.5631e+03 0 1.1092e-05 3.3514 5.358586e-01 3.935570e-01 4.757904e-02 -0.1745 
2.5700e+05 3.9072 3.5305 0.64268 0.63701 0.3954 6.1819e+02 0 4.7098e-06 3.5305 5.358586e-01 3.935570e-01 4.757904e-02 999.0000 
 2.4000 12 # agb_2.40_Z0.07000000_Mdot44_eta12.00_Mc0.00_dMc0.00_Tbd6.40_L0.00_dL0.00_C0.00_Nr3.00_rates0_KOPv_KMOLv.dat 
0.0000e+00 3.8718 3.4294 2.40000 0.62424 0.3897 4.3034e+02 0 1.0715e-06 3.4294 5.357000e-01 3.937350e-01 4.758139e-02 -0.1682 
1.9642e+04 3.8097 3.4385 2.35684 0.62592 0.3897 3.5129e+02 0 3.2659e-07 3.4385 5.357000e-01 3.937350e-01 4.758139e-02 -0.1671 
3.9205e+04 3.8643 3.4256 2.28741 0.62752 0.3901 4.5736e+02 0 1.4894e-06 3.4256 5.355873e-01 3.938350e-01 4.758290e-02 -0.1701 
5.9410e+04 3.8699 3.4185 2.16827 0.62932 0.3911 5.1768e+02 0 2.8642e-06 3.4185 5.354283e-01 3.939670e-01 4.759259e-02 -0.1741 
7.9498e+04 3.8981 3.4048 2.01758 0.63182 0.3911 6.6492e+02 0 9.8628e-06 3.4048 5.354283e-01 3.939670e-01 4.759259e-02 -0.1824 
9.9180e+04 3.9179 3.3902 1.85036 0.63443 0.3911 8.5626e+02 0 1.1272e-05 3.3902 5.354283e-01 3.939670e-01 4.759259e-02 -0.1953 
1.1889e+05 3.9300 3.3743 1.66649 0.63716 0.3911 1.1140e+03 0 1.1588e-05 3.3743 5.354283e-01 3.939670e-01 4.759259e-02 -0.2134 
1.3856e+05 3.9392 3.3560 1.46874 0.63997 0.3911 1.4993e+03 0 1.1830e-05 3.3560 5.354283e-01 3.939670e-01 4.759259e-02 -0.2280 
1.5820e+05 3.9434 3.3373 1.25555 0.64283 0.3911 2.0603e+03 0 1.1940e-05 3.3373 5.354283e-01 3.939670e-01 4.759259e-02 -0.2419 
1.7772e+05 3.9506 3.3251 1.02962 0.64573 0.3911 2.7927e+03 0 1.2162e-05 3.3251 5.354283e-01 3.939670e-01 4.759259e-02 -0.2311 
1.9708e+05 3.9429 3.3526 0.80912 0.64854 0.3911 2.6667e+03 0 1.1940e-05 3.3526 5.354283e-01 3.939670e-01 4.759259e-02 -0.1535 
2.1278e+05 3.9277 3.5333 0.65600 0.65037 0.3911 6.1944e+02 0 4.7863e-06 3.5333 5.354283e-01 3.939670e-01 4.759259e-02 999.0000 
 2.6000 14 # agb_2.60_Z0.07000000_Mdot44_eta12.00_Mc0.00_dMc0.00_Tbd6.40_L0.00_dL0.00_C0.00_Nr3.00_rates0_KOPv_KMOLv.dat 
0.0000e+00 3.9146 3.4314 2.60000 0.64480 0.3882 4.3302e+02 0 1.1298e-06 3.4314 5.351000e-01 3.943150e-01 4.757689e-02 -0.1673 
1.6627e+04 3.8753 3.4368 2.56394 0.64638 0.3882 3.8262e+02 0 5.5208e-07 3.4368 5.351000e-01 3.943150e-01 4.757689e-02 -0.1671 
3.3539e+04 3.9088 3.4286 2.50863 0.64780 0.3887 4.5244e+02 0 1.4322e-06 3.4286 5.349735e-01 3.944250e-01 4.758032e-02 -0.1689 
5.0892e+04 3.9329 3.4200 2.41372 0.64932 0.3901 5.3383e+02 0 3.4674e-06 3.4200 5.347855e-01 3.945780e-01 4.759599e-02 -0.1718 
6.8671e+04 3.9506 3.4098 2.27341 0.65177 0.3901 6.4205e+02 0 8.6696e-06 3.4098 5.347855e-01 3.945780e-01 4.759599e-02 -0.1789 
8.5744e+04 3.9675 3.3979 2.11595 0.65429 0.3901 7.9127e+02 0 1.2618e-05 3.3979 5.347855e-01 3.945780e-01 4.759599e-02 -0.1881 
1.0285e+05 3.9807 3.3845 1.94094 0.65693 0.3901 9.9249e+02 0 1.3032e-05 3.3845 5.347855e-01 3.945780e-01 4.759599e-02 -0.2019 
1.2005e+05 3.9874 3.3700 1.75058 0.65968 0.3901 1.2585e+03 0 1.3213e-05 3.3700 5.347855e-01 3.945780e-01 4.759599e-02 -0.2172 
1.3718e+05 3.9971 3.3522 1.54591 0.66248 0.3901 1.6868e+03 0 1.3521e-05 3.3522 5.347855e-01 3.945780e-01 4.759599e-02 -0.2305 
1.5428e+05 4.0049 3.3340 1.32504 0.66534 0.3901 2.3192e+03 0 1.3772e-05 3.3340 5.347855e-01 3.945780e-01 4.759599e-02 -0.2382 
1.7144e+05 4.0088 3.3236 1.09786 0.66825 0.3901 3.0408e+03 0 1.3900e-05 3.3236 5.347855e-01 3.945780e-01 4.759599e-02 -0.2166 
1.8850e+05 3.9879 3.3431 0.87919 0.67101 0.3901 2.9784e+03 0 1.3243e-05 3.3431 5.347855e-01 3.945780e-01 4.759599e-02 -0.1431 
2.0548e+05 3.9154 3.4917 0.68781 0.67333 0.3901 8.3709e+02 0 1.1194e-05 3.4917 5.347855e-01 3.945780e-01 4.759599e-02 0.0866 
2.0740e+05 3.7992 3.5246 0.67888 0.67334 0.3901 4.8709e+02 0 1.4997e-06 3.5246 5.347855e-01 3.945780e-01 4.759599e-02 999.0000 
 2.8000 14 # agb_2.80_Z0.07000000_Mdot44_eta12.00_Mc0.00_dMc0.00_Tbd6.40_L0.00_dL0.00_C0.00_Nr3.00_rates0_KOPv_KMOLv.dat 
0.0000e+00 3.9935 3.4266 2.80000 0.67676 0.3887 5.0426e+02 0 2.6669e-06 3.4266 5.348000e-01 3.947000e-01 4.755932e-02 -0.1701 
1.3013e+04 3.9635 3.4293 2.73367 0.67826 0.3887 4.7014e+02 0 1.8072e-06 3.4293 5.348000e-01 3.947000e-01 4.755932e-02 -0.1719 
2.6399e+04 3.9852 3.4210 2.62711 0.67955 0.3895 5.5086e+02 0 4.1783e-06 3.4210 5.346693e-01 3.948100e-01 4.756679e-02 -0.1754 
4.0124e+04 4.0175 3.4089 2.49126 0.68091 0.3912 6.9189e+02 0 1.2823e-05 3.4089 5.344760e-01 3.949580e-01 4.759153e-02 -0.1808 
5.4411e+04 4.0329 3.3981 2.33106 0.68327 0.3912 8.3750e+02 0 1.4689e-05 3.3981 5.344760e-01 3.949580e-01 4.759153e-02 -0.1915 
6.8162e+04 4.0396 3.3876 2.16175 0.68570 0.3912 9.9978e+02 0 1.4928e-05 3.3876 5.344760e-01 3.949580e-01 4.759153e-02 -0.2026 
8.1851e+04 4.0544 3.3736 1.98103 0.68823 0.3912 1.2657e+03 0 1.5417e-05 3.3736 5.344760e-01 3.949580e-01 4.759153e-02 -0.2130 
9.5612e+04 4.0672 3.3580 1.78641 0.69084 0.3912 1.6437e+03 0 1.5885e-05 3.3580 5.344760e-01 3.949580e-01 4.759153e-02 -0.2228 
1.0959e+05 4.0679 3.3431 1.57375 0.69357 0.3912 2.1088e+03 0 1.5922e-05 3.3431 5.344760e-01 3.949580e-01 4.759153e-02 -0.2296 
1.2351e+05 4.0755 3.3285 1.35792 0.69633 0.3912 2.7895e+03 0 1.6181e-05 3.3285 5.344760e-01 3.949580e-01 4.759153e-02 -0.2203 
1.3748e+05 4.0746 3.3234 1.14063 0.69909 0.3912 3.4109e+03 0 1.6181e-05 3.3234 5.344760e-01 3.949580e-01 4.759153e-02 -0.1812 
1.5144e+05 4.0280 3.3422 0.94088 0.70157 0.3912 3.0901e+03 0 1.4521e-05 3.3422 5.344760e-01 3.949580e-01 4.759153e-02 -0.1146 
1.6536e+05 3.9614 3.4236 0.76367 0.70367 0.3912 1.5526e+03 0 1.2445e-05 3.4236 5.344760e-01 3.949580e-01 4.759153e-02 0.1006 
1.7044e+05 3.9625 3.5419 0.70915 0.70411 0.3912 5.7814e+02 0 3.5481e-06 3.5419 5.344760e-01 3.949580e-01 4.759153e-02 999.0000 
 3.0000 15 # agb_3.00_Z0.07000000_Mdot44_eta12.00_Mc0.00_dMc0.00_Tbd6.40_L0.00_dL0.00_C0.00_Nr3.00_rates0_KOPv_KMOLv.dat 
0.0000e+00 4.0894 3.4185 3.00000 0.71909 0.3878 6.3132e+02 0 8.7096e-06 3.4185 5.341000e-01 3.953880e-01 4.755673e-02 -0.1740 
9.3123e+03 4.0816 3.4156 2.88873 0.72044 0.3878 6.5849e+02 0 1.0593e-05 3.4156 5.341000e-01 3.953880e-01 4.755673e-02 -0.1799 
1.9175e+04 4.0837 3.4099 2.75802 0.72158 0.3889 7.2550e+02 0 1.6520e-05 3.4099 5.339752e-01 3.954860e-01 4.757099e-02 -0.1859 
2.9309e+04 4.1069 3.3992 2.61274 0.72275 0.3912 8.8283e+02 0 1.7418e-05 3.3992 5.337890e-01 3.956140e-01 4.760809e-02 -0.1946 
3.9916e+04 4.1201 3.3890 2.44993 0.72403 0.3950 1.0558e+03 0 1.7947e-05 3.3890 5.335474e-01 3.957620e-01 4.767560e-02 -0.2022 
5.0809e+04 4.1314 3.3776 2.27166 0.72639 0.3950 1.2834e+03 0 1.8408e-05 3.3776 5.335474e-01 3.957620e-01 4.767560e-02 -0.2089 
6.1082e+04 4.1408 3.3656 2.09242 0.72871 0.3950 1.5706e+03 0 1.8836e-05 3.3656 5.335474e-01 3.957620e-01 4.767560e-02 -0.2138 
7.1410e+04 4.1514 3.3522 1.90156 0.73112 0.3950 1.9748e+03 0 1.9275e-05 3.3522 5.335474e-01 3.957620e-01 4.767560e-02 -0.2171 
8.1888e+04 4.1570 3.3396 1.70529 0.73361 0.3950 2.4686e+03 0 1.9543e-05 3.3396 5.335474e-01 3.957620e-01 4.767560e-02 -0.2129 
9.2450e+04 4.1618 3.3287 1.50494 0.73615 0.3950 3.0786e+03 0 1.9770e-05 3.3287 5.335474e-01 3.957620e-01 4.767560e-02 -0.1947 
1.0308e+05 4.1505 3.3244 1.30671 0.73865 0.3950 3.5423e+03 0 1.9231e-05 3.3244 5.335474e-01 3.957620e-01 4.767560e-02 -0.1640 
1.1372e+05 4.1055 3.3314 1.12387 0.74090 0.3950 3.4455e+03 0 1.7338e-05 3.3314 5.335474e-01 3.957620e-01 4.767560e-02 -0.1224 
1.2444e+05 4.0446 3.3553 0.95761 0.74287 0.3950 2.8061e+03 0 1.5101e-05 3.3553 5.335474e-01 3.957620e-01 4.767560e-02 -0.0364 
1.3514e+05 4.0025 3.4314 0.80300 0.74466 0.3950 1.5175e+03 0 1.3677e-05 3.4314 5.335474e-01 3.957620e-01 4.767560e-02 0.5377 
1.3901e+05 4.0224 3.5423 0.75076 0.74505 0.3950 6.2528e+02 0 5.2481e-06 3.5423 5.335474e-01 3.957620e-01 4.767560e-02 999.0000 
 3.2000 16 # agb_3.20_Z0.07000000_Mdot44_eta12.00_Mc0.00_dMc0.00_Tbd6.40_L0.00_dL0.00_C0.00_Nr3.00_rates0_KOPv_KMOLv.dat 
0.0000e+00 4.1291 3.4198 3.20000 0.73589 0.3875 6.4313e+02 0 9.7275e-06 3.4198 5.285000e-01 4.009780e-01 4.753456e-02 -0.1732 
8.1019e+03 4.1315 3.4156 3.09317 0.73720 0.3875 6.9248e+02 0 1.3836e-05 3.4156 5.285000e-01 4.009780e-01 4.753456e-02 -0.1786 
1.6795e+04 4.1319 3.4108 2.96695 0.73825 0.3887 7.5112e+02 0 1.8450e-05 3.4108 5.283779e-01 4.010690e-01 4.755221e-02 -0.1840 
2.5902e+04 4.1427 3.4030 2.82406 0.73932 0.3913 8.6180e+02 0 1.8923e-05 3.4030 5.281920e-01 4.011920e-01 4.759536e-02 -0.1920 
3.5399e+04 4.1591 3.3932 2.66582 0.74044 0.3956 1.0285e+03 0 1.9634e-05 3.3932 5.279409e-01 4.013370e-01 4.767254e-02 -0.1985 
4.5282e+04 4.1728 3.3824 2.49065 0.74279 0.3956 1.2410e+03 0 2.0277e-05 3.3824 5.279409e-01 4.013370e-01 4.767254e-02 -0.2048 
5.4417e+04 4.1808 3.3723 2.31876 0.74506 0.3956 1.4746e+03 0 2.0654e-05 3.3723 5.279409e-01 4.013370e-01 4.767254e-02 -0.2086 
6.3619e+04 4.1895 3.3608 2.13485 0.74742 0.3956 1.7953e+03 0 2.1038e-05 3.3608 5.279409e-01 4.013370e-01 4.767254e-02 -0.2114 
7.2917e+04 4.1962 3.3491 1.94523 0.74984 0.3956 2.1988e+03 0 2.1380e-05 3.3491 5.279409e-01 4.013370e-01 4.767254e-02 -0.2098 
8.2317e+04 4.2022 3.3378 1.75103 0.75233 0.3956 2.7108e+03 0 2.1677e-05 3.3378 5.279409e-01 4.013370e-01 4.767254e-02 -0.2011 
9.1868e+04 4.2001 3.3293 1.55245 0.75487 0.3956 3.2444e+03 0 2.1577e-05 3.3293 5.279409e-01 4.013370e-01 4.767254e-02 -0.1795 
1.0138e+05 4.1793 3.3267 1.36222 0.75728 0.3956 3.5653e+03 0 2.0559e-05 3.3267 5.279409e-01 4.013370e-01 4.767254e-02 -0.1524 
1.1095e+05 4.1321 3.3325 1.18599 0.75945 0.3956 3.4525e+03 0 1.8450e-05 3.3325 5.279409e-01 4.013370e-01 4.767254e-02 -0.1176 
1.2052e+05 4.0779 3.3494 1.02564 0.76137 0.3956 2.9959e+03 0 1.6293e-05 3.3494 5.279409e-01 4.013370e-01 4.767254e-02 -0.0370 
1.3011e+05 4.0320 3.3968 0.87699 0.76309 0.3956 2.0386e+03 0 1.4655e-05 3.3968 5.279409e-01 4.013370e-01 4.767254e-02 0.6869 
1.3725e+05 4.0506 3.5459 0.76985 0.76425 0.3956 6.3055e+02 0 5.5081e-06 3.5459 5.279409e-01 4.013370e-01 4.767254e-02 999.0000 
 3.4000 17 # agb_3.40_Z0.07000000_Mdot44_eta12.00_Mc0.00_dMc0.00_Tbd6.40_L0.00_dL0.00_C0.00_Nr3.00_rates0_KOPv_KMOLv.dat 
0.0000e+00 4.1523 3.4239 3.40000 0.74733 0.3872 6.1829e+02 0 8.1470e-06 3.4239 5.202000e-01 4.092700e-01 4.750200e-02 -0.1708 
7.4091e+03 4.1542 3.4205 3.30391 0.74861 0.3872 6.5712e+02 0 1.0940e-05 3.4205 5.202000e-01 4.092700e-01 4.750200e-02 -0.1754 
1.5334e+04 4.1603 3.4153 3.18715 0.74960 0.3885 7.2019e+02 0 1.6904e-05 3.4153 5.200835e-01 4.093540e-01 4.752169e-02 -0.1803 
2.3655e+04 4.1786 3.4071 3.05323 0.75057 0.3913 8.3951e+02 0 2.0559e-05 3.4071 5.199034e-01 4.094670e-01 4.756819e-02 -0.1869 
3.2557e+04 4.1895 3.3991 2.89977 0.75158 0.3959 9.6774e+02 0 2.1038e-05 3.3991 5.196534e-01 4.096060e-01 4.765035e-02 -0.1940 
4.1922e+04 4.2007 3.3898 2.72756 0.75396 0.3959 1.1397e+03 0 2.1627e-05 3.3898 5.196534e-01 4.096060e-01 4.765035e-02 -0.2003 
5.0334e+04 4.2097 3.3808 2.56336 0.75621 0.3959 1.3326e+03 0 2.2080e-05 3.3808 5.196534e-01 4.096060e-01 4.765035e-02 -0.2023 
5.8787e+04 4.2202 3.3705 2.38928 0.75854 0.3959 1.5928e+03 0 2.2594e-05 3.3705 5.196534e-01 4.096060e-01 4.765035e-02 -0.2052 
6.7455e+04 4.2218 3.3607 2.20142 0.76098 0.3959 1.8781e+03 0 2.2699e-05 3.3607 5.196534e-01 4.096060e-01 4.765035e-02 -0.2070 
7.6112e+04 4.2282 3.3499 2.01197 0.76345 0.3959 2.2760e+03 0 2.3014e-05 3.3499 5.196534e-01 4.096060e-01 4.765035e-02 -0.2039 
8.4934e+04 4.2301 3.3399 1.81644 0.76600 0.3959 2.7396e+03 0 2.3121e-05 3.3399 5.196534e-01 4.096060e-01 4.765035e-02 -0.1933 
9.3713e+04 4.2325 3.3315 1.62146 0.76853 0.3959 3.2888e+03 0 2.3227e-05 3.3315 5.196534e-01 4.096060e-01 4.765035e-02 -0.1726 
1.0262e+05 4.2050 3.3293 1.43191 0.77096 0.3959 3.5272e+03 0 2.1827e-05 3.3293 5.196534e-01 4.096060e-01 4.765035e-02 -0.1487 
1.1149e+05 4.2108 3.3310 1.24112 0.77340 0.3959 4.0032e+03 0 2.2131e-05 3.3310 5.196534e-01 4.096060e-01 4.765035e-02 -0.0945 
1.2040e+05 4.2145 3.3546 1.04705 0.77589 0.3959 3.8095e+03 0 2.2284e-05 3.3546 5.196534e-01 4.096060e-01 4.765035e-02 0.0560 
1.2929e+05 4.2191 3.4408 0.85127 0.77839 0.3959 2.1465e+03 0 2.2542e-05 3.4408 5.196534e-01 4.096060e-01 4.765035e-02 0.2091 
1.3274e+05 4.2290 3.5672 0.78408 0.77906 0.3959 7.6395e+02 0 1.3213e-05 3.5672 5.196534e-01 4.096060e-01 4.765035e-02 999.0000 
 3.6000 18 # agb_3.60_Z0.07000000_Mdot44_eta12.00_Mc0.00_dMc0.00_Tbd6.40_L0.00_dL0.00_C0.00_Nr3.00_rates0_KOPv_KMOLv.dat 
0.0000e+00 4.1785 3.4270 3.60000 0.75775 0.3864 6.0590e+02 0 7.4817e-06 3.4270 5.123000e-01 4.171630e-01 4.747536e-02 -0.1694 
6.9221e+03 4.1663 3.4265 3.51188 0.75907 0.3864 6.0541e+02 0 7.3961e-06 3.4265 5.123000e-01 4.171630e-01 4.747536e-02 -0.1748 
1.4183e+04 4.1798 3.4206 3.40089 0.76002 0.3879 6.7732e+02 0 1.2823e-05 3.4206 5.121877e-01 4.172410e-01 4.749713e-02 -0.1782 
2.1939e+04 4.1958 3.4132 3.26958 0.76097 0.3908 7.7634e+02 0 2.1380e-05 3.4132 5.120124e-01 4.173460e-01 4.754679e-02 -0.1831 
3.0254e+04 4.2096 3.4053 3.11902 0.76191 0.3958 8.9668e+02 0 2.2080e-05 3.4053 5.117647e-01 4.174780e-01 4.763328e-02 -0.1904 
3.9116e+04 4.2215 3.3966 2.94789 0.76437 0.3958 1.0469e+03 0 2.2646e-05 3.3966 5.117647e-01 4.174780e-01 4.763328e-02 -0.1951 
4.6884e+04 4.2334 3.3880 2.78879 0.76663 0.3958 1.2208e+03 0 2.3281e-05 3.3880 5.117647e-01 4.174780e-01 4.763328e-02 -0.1979 
5.4757e+04 4.2427 3.3790 2.61959 0.76899 0.3958 1.4289e+03 0 2.3823e-05 3.3790 5.117647e-01 4.174780e-01 4.763328e-02 -0.2004 
6.2735e+04 4.2502 3.3694 2.43955 0.77142 0.3958 1.6882e+03 0 2.4210e-05 3.3694 5.117647e-01 4.174780e-01 4.763328e-02 -0.2019 
7.0890e+04 4.2509 3.3602 2.25002 0.77394 0.3958 1.9736e+03 0 2.4266e-05 3.3602 5.117647e-01 4.174780e-01 4.763328e-02 -0.2020 
7.9002e+04 4.2575 3.3500 2.05995 0.77646 0.3958 2.3762e+03 0 2.4604e-05 3.3500 5.117647e-01 4.174780e-01 4.763328e-02 -0.1976 
8.7238e+04 4.2620 3.3404 1.86451 0.77905 0.3958 2.8605e+03 0 2.4889e-05 3.3404 5.117647e-01 4.174780e-01 4.763328e-02 -0.1837 
9.5528e+04 4.2656 3.3325 1.66533 0.78169 0.3958 3.4250e+03 0 2.5061e-05 3.3325 5.117647e-01 4.174780e-01 4.763328e-02 -0.1596 
1.0382e+05 4.2702 3.3281 1.46368 0.78436 0.3958 4.0432e+03 0 2.5351e-05 3.3281 5.117647e-01 4.174780e-01 4.763328e-02 -0.1224 
1.1209e+05 4.2760 3.3339 1.26002 0.78705 0.3958 4.4494e+03 0 2.5704e-05 3.3339 5.117647e-01 4.174780e-01 4.763328e-02 -0.0695 
1.2036e+05 4.2816 3.3633 1.05406 0.78977 0.3958 4.0689e+03 0 2.6062e-05 3.3633 5.117647e-01 4.174780e-01 4.763328e-02 0.0590 
1.2862e+05 4.2862 3.4661 0.84571 0.79252 0.3958 2.0004e+03 0 2.6303e-05 3.4661 5.117647e-01 4.174780e-01 4.763328e-02 0.2547 
1.3091e+05 4.2578 3.5640 0.79871 0.79291 0.3958 8.2421e+02 0 1.8493e-05 3.5640 5.117647e-01 4.174780e-01 4.763328e-02 999.0000 
 3.8000 19 # agb_3.80_Z0.07000000_Mdot44_eta12.00_Mc0.00_dMc0.00_Tbd6.40_L0.00_dL0.00_C0.00_Nr3.00_rates0_KOPv_KMOLv.dat 
0.0000e+00 4.2032 3.4298 3.80000 0.76982 0.3857 5.9478e+02 0 6.9024e-06 3.4298 5.060000e-01 4.235570e-01 4.746032e-02 -0.1683 
6.2755e+03 4.1943 3.4293 3.72784 0.77110 0.3857 5.9596e+02 0 6.9343e-06 3.4293 5.060000e-01 4.235570e-01 4.746032e-02 -0.1733 
1.2871e+04 4.2084 3.4238 3.62766 0.77200 0.3872 6.6177e+02 0 1.1668e-05 3.4238 5.058964e-01 4.236260e-01 4.748352e-02 -0.1758 
1.9947e+04 4.2242 3.4172 3.50469 0.77289 0.3902 7.5001e+02 0 2.1184e-05 3.4172 5.057341e-01 4.237180e-01 4.753425e-02 -0.1802 
2.7640e+04 4.2332 3.4108 3.36008 0.77377 0.3952 8.4162e+02 0 2.3281e-05 3.4108 5.055024e-01 4.238350e-01 4.762046e-02 -0.1857 
3.5794e+04 4.2502 3.4021 3.19670 0.77619 0.3952 9.8846e+02 0 2.4210e-05 3.4021 5.055024e-01 4.238350e-01 4.762046e-02 -0.1912 
4.2950e+04 4.2582 3.3950 3.04405 0.77842 0.3952 1.1202e+03 0 2.4660e-05 3.3950 5.055024e-01 4.238350e-01 4.762046e-02 -0.1932 
5.0145e+04 4.2678 3.3870 2.88354 0.78072 0.3952 1.2901e+03 0 2.5235e-05 3.3870 5.055024e-01 4.238350e-01 4.762046e-02 -0.1960 
5.7520e+04 4.2706 3.3795 2.71132 0.78313 0.3952 1.4684e+03 0 2.5410e-05 3.3795 5.055024e-01 4.238350e-01 4.762046e-02 -0.1984 
6.4915e+04 4.2772 3.3705 2.53064 0.78558 0.3952 1.7181e+03 0 2.5763e-05 3.3705 5.055024e-01 4.238350e-01 4.762046e-02 -0.1985 
7.2386e+04 4.2825 3.3613 2.34493 0.78807 0.3952 2.0211e+03 0 2.6062e-05 3.3613 5.055024e-01 4.238350e-01 4.762046e-02 -0.1972 
7.9919e+04 4.2862 3.3522 2.15623 0.79060 0.3952 2.3846e+03 0 2.6303e-05 3.3522 5.055024e-01 4.238350e-01 4.762046e-02 -0.1914 
8.7576e+04 4.2877 3.3435 1.96210 0.79321 0.3952 2.8134e+03 0 2.6424e-05 3.3435 5.055024e-01 4.238350e-01 4.762046e-02 -0.1785 
9.5154e+04 4.2947 3.3355 1.76784 0.79581 0.3952 3.3720e+03 0 2.6853e-05 3.3355 5.055024e-01 4.238350e-01 4.762046e-02 -0.1565 
1.0279e+05 4.2989 3.3308 1.56965 0.79846 0.3952 3.9529e+03 0 2.7102e-05 3.3308 5.055024e-01 4.238350e-01 4.762046e-02 -0.1234 
1.1040e+05 4.3043 3.3325 1.36992 0.80113 0.3952 4.4515e+03 0 2.7416e-05 3.3325 5.055024e-01 4.238350e-01 4.762046e-02 -0.0787 
1.1800e+05 4.3095 3.3479 1.16837 0.80382 0.3952 4.5302e+03 0 2.7733e-05 3.3479 5.055024e-01 4.238350e-01 4.762046e-02 0.0325 
1.2559e+05 4.3133 3.4049 0.96449 0.80654 0.3952 3.2634e+03 0 2.7990e-05 3.4049 5.055024e-01 4.238350e-01 4.762046e-02 0.1576 
1.3129e+05 4.3401 3.5769 0.81377 0.80848 0.3952 8.6856e+02 0 2.3227e-05 3.5769 5.055024e-01 4.238350e-01 4.762046e-02 999.0000 
 4.0000 20 # agb_4.00_Z0.07000000_Mdot44_eta12.00_Mc0.00_dMc0.00_Tbd6.40_L0.00_dL0.00_C0.00_Nr3.00_rates0_KOPv_KMOLv.dat 
0.0000e+00 4.2316 3.4316 4.00000 0.78351 0.3858 5.9526e+02 0 7.0307e-06 3.4316 4.997000e-01 4.298520e-01 4.742674e-02 -0.1675 
5.6395e+03 4.2230 3.4314 3.93515 0.78475 0.3858 5.9384e+02 0 6.9183e-06 3.4314 4.997000e-01 4.298520e-01 4.742674e-02 -0.1729 
1.1558e+04 4.2367 3.4264 3.84371 0.78562 0.3873 6.5363e+02 0 1.1169e-05 3.4264 4.996053e-01 4.299110e-01 4.745144e-02 -0.1749 
1.7926e+04 4.2523 3.4203 3.72774 0.78646 0.3903 7.3462e+02 0 1.9588e-05 3.4203 4.994570e-01 4.299900e-01 4.750295e-02 -0.1788 
2.4827e+04 4.2658 3.4138 3.59154 0.78726 0.3952 8.2980e+02 0 2.5119e-05 3.4138 4.992443e-01 4.300920e-01 4.758781e-02 -0.1830 
3.2304e+04 4.2772 3.4067 3.43350 0.78964 0.3952 9.4484e+02 0 2.5763e-05 3.4067 4.992443e-01 4.300920e-01 4.758781e-02 -0.1885 
3.8755e+04 4.2852 3.4004 3.28868 0.79180 0.3952 1.0578e+03 0 2.6242e-05 3.4004 4.992443e-01 4.300920e-01 4.758781e-02 -0.1913 
4.5250e+04 4.2944 3.3934 3.13667 0.79404 0.3952 1.1996e+03 0 2.6792e-05 3.3934 4.992443e-01 4.300920e-01 4.758781e-02 -0.1924 
5.1911e+04 4.2980 3.3867 2.97386 0.79638 0.3952 1.3468e+03 0 2.7040e-05 3.3867 4.992443e-01 4.300920e-01 4.758781e-02 -0.1947 
5.8602e+04 4.3041 3.3790 2.80362 0.79876 0.3952 1.5419e+03 0 2.7416e-05 3.3790 4.992443e-01 4.300920e-01 4.758781e-02 -0.1957 
6.5365e+04 4.3096 3.3708 2.62492 0.80119 0.3952 1.7824e+03 0 2.7733e-05 3.3708 4.992443e-01 4.300920e-01 4.758781e-02 -0.1946 
7.2265e+04 4.3088 3.3631 2.44120 0.80221 0.4119 2.0340e+03 0 2.7733e-05 3.3631 4.988401e-01 4.300870e-01 4.793926e-02 -0.1921 
8.0146e+04 4.3115 3.3537 2.23075 0.80384 0.4275 2.4142e+03 0 2.7861e-05 3.3537 4.984674e-01 4.300820e-01 4.826462e-02 -0.1889 
8.7849e+04 4.3145 3.3447 2.02327 0.80569 0.4422 2.8744e+03 0 2.8054e-05 3.3447 4.981256e-01 4.300630e-01 4.857474e-02 -0.1744 
9.5239e+04 4.3204 3.3372 1.82234 0.80795 0.4507 3.4237e+03 0 2.8445e-05 3.3372 4.979347e-01 4.300440e-01 4.875496e-02 -0.1503 
1.0245e+05 4.3255 3.3323 1.62397 0.81064 0.4507 4.0130e+03 0 2.8774e-05 3.3323 4.979347e-01 4.300440e-01 4.875496e-02 -0.1168 
1.0958e+05 4.3302 3.3340 1.42558 0.81333 0.4507 4.4914e+03 0 2.9107e-05 3.3340 4.979347e-01 4.300440e-01 4.875496e-02 -0.0742 
1.1668e+05 4.3351 3.3463 1.22592 0.81604 0.4507 4.6582e+03 0 2.9444e-05 3.3463 4.979347e-01 4.300440e-01 4.875496e-02 0.0294 
1.2378e+05 4.3381 3.3914 1.02405 0.81877 0.4507 3.6859e+03 0 2.9648e-05 3.3914 4.979347e-01 4.300440e-01 4.875496e-02 0.1353 
1.3064e+05 4.3486 3.5767 0.82688 0.82144 0.4507 8.7374e+02 0 2.3988e-05 3.5767 4.979347e-01 4.300440e-01 4.875496e-02 999.0000 
 4.2000 20 # agb_4.20_Z0.07000000_Mdot44_eta12.00_Mc0.00_dMc0.00_Tbd6.40_L0.00_dL0.00_C0.00_Nr3.00_rates0_KOPv_KMOLv.dat 
0.0000e+00 4.2582 3.4333 4.20000 0.80201 0.3857 5.9544e+02 0 7.1450e-06 3.4333 4.950000e-01 4.345490e-01 4.740442e-02 -0.1671 
4.8759e+03 4.2518 3.4330 4.14430 0.80316 0.3857 5.9567e+02 0 7.1285e-06 3.4330 4.950000e-01 4.345490e-01 4.740442e-02 -0.1725 
9.9783e+03 4.2670 3.4284 4.06687 0.80395 0.3873 6.5328e+02 0 1.1350e-05 3.4284 4.949174e-01 4.345950e-01 4.743036e-02 -0.1749 
1.5516e+04 4.2788 3.4235 3.96138 0.80472 0.3902 7.1767e+02 0 1.7865e-05 3.4235 4.947888e-01 4.346570e-01 4.748124e-02 -0.1767 
2.1483e+04 4.2949 3.4171 3.83611 0.80544 0.3948 8.1069e+02 0 2.6853e-05 3.4171 4.946046e-01 4.347380e-01 4.756156e-02 -0.1799 
2.8000e+04 4.3040 3.4112 3.69008 0.80614 0.4012 9.0320e+02 0 2.7416e-05 3.4112 4.943566e-01 4.348380e-01 4.767683e-02 -0.1859 
3.5002e+04 4.3116 3.4046 3.52483 0.80678 0.4101 1.0151e+03 0 2.7861e-05 3.4046 4.940399e-01 4.349520e-01 4.783785e-02 -0.1909 
4.2443e+04 4.3173 3.3976 3.34141 0.80740 0.4221 1.1488e+03 0 2.8249e-05 3.3976 4.936544e-01 4.350670e-01 4.805809e-02 -0.1944 
5.0152e+04 4.3271 3.3889 3.14338 0.80800 0.4376 1.3398e+03 0 2.8907e-05 3.3889 4.932055e-01 4.351640e-01 4.834934e-02 -0.1966 
5.8178e+04 4.3312 3.3803 2.92813 0.80870 0.4565 1.5569e+03 0 2.9174e-05 3.3803 4.927047e-01 4.352280e-01 4.871603e-02 -0.1975 
6.6304e+04 4.3341 3.3710 2.70077 0.80956 0.4780 1.8316e+03 0 2.9376e-05 3.3710 4.921738e-01 4.352560e-01 4.914231e-02 -0.1954 
7.4374e+04 4.3353 3.3610 2.47368 0.81068 0.5004 2.1735e+03 0 2.9444e-05 3.3610 4.916475e-01 4.352510e-01 4.959488e-02 -0.1893 
8.2170e+04 4.3399 3.3516 2.25292 0.81213 0.5213 2.5985e+03 0 2.9785e-05 3.3516 4.911728e-01 4.352210e-01 5.002415e-02 -0.1801 
8.9688e+04 4.3443 3.3431 2.03826 0.81402 0.5378 3.0963e+03 0 3.0061e-05 3.3431 4.908029e-01 4.351830e-01 5.037132e-02 -0.1615 
9.6937e+04 4.3480 3.3367 1.82917 0.81641 0.5472 3.6450e+03 0 3.0339e-05 3.3367 4.905974e-01 4.351530e-01 5.057130e-02 -0.1343 
1.0392e+05 4.3538 3.3335 1.62540 0.81923 0.5472 4.2267e+03 0 3.0761e-05 3.3335 4.905974e-01 4.351530e-01 5.057130e-02 -0.0977 
1.1085e+05 4.3573 3.3374 1.42103 0.82205 0.5472 4.6434e+03 0 3.0974e-05 3.3374 4.905974e-01 4.351530e-01 5.057130e-02 -0.0480 
1.1770e+05 4.3619 3.3543 1.21646 0.82488 0.5472 4.6388e+03 0 3.1333e-05 3.3543 4.905974e-01 4.351530e-01 5.057130e-02 0.0461 
1.2447e+05 4.3670 3.4038 1.01182 0.82770 0.5472 3.5581e+03 0 3.1696e-05 3.4038 4.905974e-01 4.351530e-01 5.057130e-02 0.1712 
1.3031e+05 4.3910 3.5801 0.83555 0.83010 0.5472 9.2325e+02 0 3.0269e-05 3.5801 4.905974e-01 4.351530e-01 5.057130e-02 999.0000 
 4.4000 22 # agb_4.40_Z0.07000000_Mdot44_eta12.00_Mc0.00_dMc0.00_Tbd6.40_L0.00_dL0.00_C0.00_Nr3.00_rates0_KOPv_KMOLv.dat 
0.0000e+00 4.2953 3.4330 4.40000 0.82557 0.3851 6.2200e+02 0 9.0573e-06 3.4330 4.903000e-01 4.392450e-01 4.739460e-02 -0.1676 
4.0385e+03 4.2947 3.4318 4.34268 0.82662 0.3851 6.3555e+02 0 1.0069e-05 3.4318 4.903000e-01 4.392450e-01 4.739460e-02 -0.1724 
8.2992e+03 4.3059 3.4279 4.26285 0.82734 0.3867 6.8618e+02 0 1.4689e-05 3.4279 4.902290e-01 4.392800e-01 4.742223e-02 -0.1747 
1.2855e+04 4.3227 3.4224 4.16351 0.82801 0.3896 7.6446e+02 0 2.4604e-05 3.4224 4.901188e-01 4.393260e-01 4.747297e-02 -0.1783 
1.7904e+04 4.3291 3.4181 4.04442 0.82869 0.3939 8.2692e+02 0 2.9040e-05 3.4181 4.899616e-01 4.393860e-01 4.754929e-02 -0.1812 
2.3288e+04 4.3427 3.4120 3.91072 0.82928 0.3998 9.2802e+02 0 2.9992e-05 3.4120 4.897500e-01 4.394640e-01 4.765535e-02 -0.1863 
2.9146e+04 4.3499 3.4062 3.75803 0.82984 0.4078 1.0288e+03 0 3.0479e-05 3.4062 4.894787e-01 4.395530e-01 4.780084e-02 -0.1889 
3.5403e+04 4.3554 3.4001 3.58859 0.83036 0.4185 1.1464e+03 0 3.0832e-05 3.4001 4.891454e-01 4.396460e-01 4.799701e-02 -0.1920 
4.2011e+04 4.3595 3.3935 3.40313 0.83086 0.4326 1.2871e+03 0 3.1117e-05 3.3935 4.887512e-01 4.397200e-01 4.826260e-02 -0.1935 
4.8824e+04 4.3670 3.3857 3.20478 0.83133 0.4502 1.4824e+03 0 3.1696e-05 3.3857 4.883013e-01 4.397660e-01 4.860224e-02 -0.1932 
5.5888e+04 4.3699 3.3777 2.99054 0.83191 0.4708 1.7054e+03 0 3.1915e-05 3.3777 4.878054e-01 4.397790e-01 4.901128e-02 -0.1922 
6.3022e+04 4.3719 3.3685 2.77203 0.83263 0.4936 1.9900e+03 0 3.2063e-05 3.3685 4.872819e-01 4.397590e-01 4.947312e-02 -0.1874 
7.0100e+04 4.3719 3.3605 2.55464 0.83358 0.5170 2.3014e+03 0 3.2063e-05 3.3605 4.867592e-01 4.397110e-01 4.995779e-02 -0.1821 
7.6909e+04 4.3770 3.3522 2.34445 0.83480 0.5391 2.7090e+03 0 3.2434e-05 3.3522 4.862758e-01 4.396450e-01 5.042262e-02 -0.1700 
8.3527e+04 4.3798 3.3449 2.13872 0.83641 0.5576 3.1596e+03 0 3.2659e-05 3.3449 4.858727e-01 4.395760e-01 5.082078e-02 -0.1513 
8.9908e+04 4.3817 3.3393 1.93872 0.83846 0.5704 3.6453e+03 0 3.2810e-05 3.3393 4.855957e-01 4.395200e-01 5.109981e-02 -0.1264 
9.5991e+04 4.3870 3.3359 1.74629 0.84092 0.5749 4.1775e+03 0 3.3189e-05 3.3359 4.854981e-01 4.394980e-01 5.120013e-02 -0.0940 
1.0198e+05 4.3900 3.3374 1.55489 0.84359 0.5749 4.6071e+03 0 3.3420e-05 3.3374 4.854981e-01 4.394980e-01 5.120013e-02 -0.0510 
1.0785e+05 4.3952 3.3463 1.36508 0.84623 0.5749 4.8369e+03 0 3.3806e-05 3.3463 4.854981e-01 4.394980e-01 5.120013e-02 0.0260 
1.1371e+05 4.3988 3.3715 1.17394 0.84888 0.5749 4.4597e+03 0 3.4119e-05 3.3715 4.854981e-01 4.394980e-01 5.120013e-02 0.0979 
1.1949e+05 4.4034 3.4309 0.98359 0.85153 0.5749 3.1070e+03 0 3.4435e-05 3.4309 4.854981e-01 4.394980e-01 5.120013e-02 0.2483 
1.2340e+05 4.4234 3.5822 0.85888 0.85318 0.5749 9.5040e+02 0 3.4514e-05 3.5822 4.854981e-01 4.394980e-01 5.120013e-02 999.0000 
 4.6000 23 # agb_4.60_Z0.07000000_Mdot44_eta12.00_Mc0.00_dMc0.00_Tbd6.40_L0.00_dL0.00_C0.00_Nr3.00_rates0_KOPv_KMOLv.dat 
0.0000e+00 4.3065 3.4367 4.60000 0.82519 0.3836 5.9311e+02 0 7.1779e-06 3.4367 4.848000e-01 4.448430e-01 4.737476e-02 -0.1660 
4.0276e+03 4.3051 3.4359 4.55561 0.82628 0.3836 6.0039e+02 0 7.6384e-06 3.4359 4.848000e-01 4.448430e-01 4.737476e-02 -0.1698 
8.2421e+03 4.3198 3.4320 4.49646 0.82702 0.3851 6.5017e+02 0 1.1429e-05 3.4320 4.847319e-01 4.448760e-01 4.740140e-02 -0.1717 
1.2819e+04 4.3314 3.4280 4.41083 0.82774 0.3879 7.0370e+02 0 1.6827e-05 3.4280 4.846269e-01 4.449190e-01 4.744997e-02 -0.1737 
1.7810e+04 4.3404 3.4237 4.30008 0.82842 0.3921 7.6352e+02 0 2.4717e-05 3.4237 4.844774e-01 4.449760e-01 4.752289e-02 -0.1771 
2.3235e+04 4.3486 3.4188 4.16946 0.82905 0.3978 8.3489e+02 0 3.0409e-05 3.4188 4.842765e-01 4.450480e-01 4.762449e-02 -0.1814 
2.9042e+04 4.3596 3.4129 4.02199 0.82960 0.4057 9.3146e+02 0 3.1117e-05 3.4129 4.840186e-01 4.451300e-01 4.776509e-02 -0.1854 
3.5330e+04 4.3644 3.4074 3.85502 0.83011 0.4163 1.0279e+03 0 3.1477e-05 3.4074 4.837002e-01 4.452130e-01 4.795765e-02 -0.1887 
4.2012e+04 4.3680 3.4013 3.67061 0.83056 0.4304 1.1432e+03 0 3.1769e-05 3.4013 4.833203e-01 4.452760e-01 4.822159e-02 -0.1928 
4.8969e+04 4.3736 3.3942 3.47245 0.83096 0.4482 1.2969e+03 0 3.2211e-05 3.3942 4.828802e-01 4.453100e-01 4.856377e-02 -0.1936 
5.6258e+04 4.3752 3.3869 3.25745 0.83141 0.4695 1.4715e+03 0 3.2285e-05 3.3869 4.823850e-01 4.453100e-01 4.898380e-02 -0.1942 
6.3705e+04 4.3774 3.3778 3.02934 0.83195 0.4937 1.7125e+03 0 3.2434e-05 3.3778 4.818447e-01 4.452750e-01 4.947298e-02 -0.1914 
7.1191e+04 4.3790 3.3693 2.79651 0.83265 0.5199 1.9929e+03 0 3.2584e-05 3.3693 4.812773e-01 4.452070e-01 5.001202e-02 -0.1878 
7.8513e+04 4.3808 3.3606 2.56869 0.83356 0.5463 2.3334e+03 0 3.2734e-05 3.3606 4.807134e-01 4.451160e-01 5.056666e-02 -0.1809 
8.5669e+04 4.3823 3.3525 2.34472 0.83487 0.5707 2.7330e+03 0 3.2810e-05 3.3525 4.801965e-01 4.450130e-01 5.108788e-02 -0.1690 
9.2492e+04 4.3851 3.3451 2.12966 0.83657 0.5908 3.2048e+03 0 3.3037e-05 3.3451 4.797713e-01 4.449170e-01 5.152440e-02 -0.1482 
9.8978e+04 4.3893 3.3388 1.92353 0.83872 0.6041 3.7492e+03 0 3.3343e-05 3.3388 4.794886e-01 4.448460e-01 5.181845e-02 -0.1176 
1.0520e+05 4.3940 3.3364 1.72387 0.84136 0.6080 4.2731e+03 0 3.3729e-05 3.3364 4.794074e-01 4.448250e-01 5.190375e-02 -0.0852 
1.1124e+05 4.3988 3.3394 1.52763 0.84413 0.6080 4.6891e+03 0 3.4119e-05 3.3394 4.794074e-01 4.448250e-01 5.190375e-02 -0.0299 
1.1724e+05 4.4026 3.3509 1.33087 0.84691 0.6080 4.8287e+03 0 3.4435e-05 3.3509 4.794074e-01 4.448250e-01 5.190375e-02 0.0406 
1.2314e+05 4.4076 3.3818 1.13539 0.84966 0.6080 4.2735e+03 0 3.4834e-05 3.3818 4.794074e-01 4.448250e-01 5.190375e-02 0.1326 
1.2900e+05 4.4110 3.4551 0.93896 0.85243 0.6080 2.6539e+03 0 3.5075e-05 3.4551 4.794074e-01 4.448250e-01 5.190375e-02 0.2841 
1.3163e+05 4.4229 3.5797 0.85924 0.85341 0.6080 9.7034e+02 0 3.6058e-05 3.5797 4.794074e-01 4.448250e-01 5.190375e-02 999.0000 
 4.8000 25 # agb_4.80_Z0.07000000_Mdot44_eta12.00_Mc0.00_dMc0.00_Tbd6.40_L0.00_dL0.00_C0.00_Nr3.00_rates0_KOPv_KMOLv.dat 
0.0000e+00 4.3346 3.4373 4.80000 0.84191 0.3847 6.0447e+02 0 8.0168e-06 3.4373 4.805000e-01 4.491400e-01 4.735852e-02 -0.1655 
3.5072e+03 4.3373 3.4360 4.75815 0.84293 0.3847 6.2019e+02 0 9.1411e-06 3.4360 4.805000e-01 4.491400e-01 4.735852e-02 -0.1699 
7.2124e+03 4.3479 3.4329 4.70204 0.84363 0.3863 6.5967e+02 0 1.2445e-05 3.4329 4.804402e-01 4.491660e-01 4.738547e-02 -0.1718 
1.1210e+04 4.3583 3.4293 4.62358 0.84431 0.3890 7.0779e+02 0 1.7579e-05 3.4293 4.803483e-01 4.491980e-01 4.743251e-02 -0.1737 
1.5563e+04 4.3674 3.4253 4.52057 0.84495 0.3928 7.6402e+02 0 2.5235e-05 3.4253 4.802185e-01 4.492430e-01 4.750079e-02 -0.1768 
2.0248e+04 4.3793 3.4203 4.40068 0.84552 0.3981 8.4040e+02 0 3.2584e-05 3.4203 4.800448e-01 4.492990e-01 4.759398e-02 -0.1805 
2.5362e+04 4.3855 3.4157 4.26228 0.84606 0.4052 9.1384e+02 0 3.3037e-05 3.4157 4.798222e-01 4.493650e-01 4.772065e-02 -0.1843 
3.0854e+04 4.3906 3.4108 4.10737 0.84653 0.4147 9.9844e+02 0 3.3420e-05 3.4108 4.795472e-01 4.494290e-01 4.789347e-02 -0.1881 
3.6709e+04 4.3942 3.4055 3.93598 0.84694 0.4273 1.0970e+03 0 3.3729e-05 3.4055 4.792176e-01 4.494760e-01 4.812881e-02 -0.1897 
4.2837e+04 4.3998 3.3992 3.75141 0.84728 0.4432 1.2261e+03 0 3.4198e-05 3.3992 4.788329e-01 4.494990e-01 4.843436e-02 -0.1916 
4.9316e+04 4.4006 3.3931 3.55048 0.84762 0.4625 1.3636e+03 0 3.4198e-05 3.3931 4.783941e-01 4.494900e-01 4.881344e-02 -0.1922 
5.5949e+04 4.4044 3.3848 3.33836 0.84795 0.4848 1.5651e+03 0 3.4514e-05 3.3848 4.779052e-01 4.494480e-01 4.926369e-02 -0.1906 
6.2778e+04 4.4059 3.3773 3.11290 0.84838 0.5097 1.7888e+03 0 3.4674e-05 3.3773 4.773738e-01 4.493730e-01 4.977702e-02 -0.1874 
6.9645e+04 4.4063 3.3695 2.88565 0.84896 0.5363 2.0543e+03 0 3.4674e-05 3.3695 4.768140e-01 4.492680e-01 5.033671e-02 -0.1835 
7.6431e+04 4.4050 3.3620 2.66107 0.84975 0.5631 2.3566e+03 0 3.4594e-05 3.3620 4.762519e-01 4.491420e-01 5.091284e-02 -0.1768 
8.2991e+04 4.4070 3.3530 2.44300 0.85084 0.5883 2.7695e+03 0 3.4754e-05 3.3530 4.757229e-01 4.490070e-01 5.146439e-02 -0.1615 
8.9261e+04 4.4101 3.3463 2.23381 0.85229 0.6100 3.2100e+03 0 3.4995e-05 3.3463 4.752639e-01 4.488790e-01 5.194861e-02 -0.1421 
9.5232e+04 4.4136 3.3411 2.03321 0.85415 0.6264 3.6878e+03 0 3.5237e-05 3.3411 4.749173e-01 4.487750e-01 5.231748e-02 -0.1172 
1.0094e+05 4.4170 3.3382 1.83971 0.85644 0.6352 4.1757e+03 0 3.5563e-05 3.3382 4.747286e-01 4.487150e-01 5.251946e-02 -0.0881 
1.0643e+05 4.4218 3.3390 1.65203 0.85912 0.6352 4.6130e+03 0 3.5975e-05 3.3390 4.747286e-01 4.487150e-01 5.251946e-02 -0.0417 
1.1180e+05 4.4269 3.3454 1.46675 0.86176 0.6352 4.9054e+03 0 3.6392e-05 3.3454 4.747286e-01 4.487150e-01 5.251946e-02 0.0200 
1.1715e+05 4.4297 3.3627 1.28009 0.86443 0.6352 4.7812e+03 0 3.6644e-05 3.3627 4.747286e-01 4.487150e-01 5.251946e-02 0.0773 
1.2242e+05 4.4334 3.4013 1.09477 0.86707 0.6352 3.9299e+03 0 3.6898e-05 3.4013 4.747286e-01 4.487150e-01 5.251946e-02 0.1971 
1.2758e+05 4.4383 3.4933 0.91151 0.86968 0.6352 2.0605e+03 0 3.7325e-05 3.4933 4.747286e-01 4.487150e-01 5.251946e-02 0.3449 
1.2883e+05 4.4058 3.5787 0.87571 0.86998 0.6352 9.2621e+02 0 3.1333e-05 3.5787 4.747286e-01 4.487150e-01 5.251946e-02 999.0000 
 5.0000 31 # agb_5.00_Z0.07000000_Mdot44_eta12.00_Mc0.00_dMc0.00_Tbd6.40_L0.00_dL0.00_C0.00_Nr3.00_rates0_KOPv_KMOLv.dat 
0.0000e+00 4.4299 3.4263 5.00000 0.91087 0.3835 7.9487e+02 0 3.1477e-05 3.4263 4.810000e-01 4.486380e-01 4.735870e-02 -0.1692 
2.0531e+03 4.4397 3.4232 4.93496 0.91161 0.3835 8.4511e+02 0 3.7497e-05 3.4232 4.810000e-01 4.486380e-01 4.735870e-02 -0.1776 
4.2287e+03 4.4465 3.4206 4.86365 0.91210 0.3851 8.9044e+02 0 3.8019e-05 3.4206 4.809579e-01 4.486450e-01 4.738849e-02 -0.1796 
6.5737e+03 4.4530 3.4177 4.78451 0.91256 0.3875 9.4046e+02 0 3.8637e-05 3.4177 4.808947e-01 4.486550e-01 4.743389e-02 -0.1801 
9.1198e+03 4.4585 3.4148 4.69642 0.91300 0.3907 9.9407e+02 0 3.9084e-05 3.4148 4.808072e-01 4.486690e-01 4.749435e-02 -0.1810 
1.1850e+04 4.4660 3.4113 4.60007 0.91338 0.3948 1.0625e+03 0 3.9811e-05 3.4113 4.806926e-01 4.486910e-01 4.757154e-02 -0.1813 
1.4816e+04 4.4697 3.4081 4.49199 0.91375 0.4001 1.1261e+03 0 4.0179e-05 3.4081 4.805482e-01 4.487170e-01 4.766910e-02 -0.1814 
1.7989e+04 4.4727 3.4048 4.37385 0.91407 0.4067 1.1964e+03 0 4.0458e-05 3.4048 4.803721e-01 4.487430e-01 4.779415e-02 -0.1821 
2.1328e+04 4.4774 3.4008 4.24694 0.91434 0.4151 1.2857e+03 0 4.0832e-05 3.4008 4.801631e-01 4.487610e-01 4.795407e-02 -0.1836 
2.4887e+04 4.4792 3.3971 4.10841 0.91458 0.4253 1.3749e+03 0 4.1020e-05 3.3971 4.799204e-01 4.487660e-01 4.815336e-02 -0.1826 
2.8587e+04 4.4821 3.3928 3.96094 0.91477 0.4373 1.4860e+03 0 4.1305e-05 3.3928 4.796438e-01 4.487550e-01 4.839532e-02 -0.1811 
3.2481e+04 4.4825 3.3887 3.80479 0.91497 0.4513 1.6006e+03 0 4.1305e-05 3.3887 4.793335e-01 4.487240e-01 4.868144e-02 -0.1796 
3.6511e+04 4.4828 3.3842 3.64287 0.91515 0.4670 1.7334e+03 0 4.1400e-05 3.3842 4.789908e-01 4.486710e-01 4.901134e-02 -0.1790 
4.0606e+04 4.4852 3.3776 3.47812 0.91532 0.4842 1.9265e+03 0 4.1591e-05 3.3776 4.786176e-01 4.485950e-01 4.938267e-02 -0.1730 
4.4817e+04 4.4849 3.3729 3.30855 0.91554 0.5027 2.1007e+03 0 4.1591e-05 3.3729 4.782176e-01 4.484960e-01 4.979068e-02 -0.1710 
4.9068e+04 4.4836 3.3682 3.13764 0.91582 0.5220 2.2918e+03 0 4.1400e-05 3.3682 4.777970e-01 4.483770e-01 5.022744e-02 -0.1651 
5.3301e+04 4.4841 3.3632 2.96719 0.91619 0.5416 2.5220e+03 0 4.1495e-05 3.3632 4.773648e-01 4.482400e-01 5.068152e-02 -0.1581 
5.7483e+04 4.4849 3.3584 2.79853 0.91669 0.5610 2.7807e+03 0 4.1591e-05 3.3584 4.769305e-01 4.480910e-01 5.114137e-02 -0.1483 
6.1533e+04 4.4877 3.3537 2.63489 0.91730 0.5796 3.0817e+03 0 4.1879e-05 3.3537 4.765071e-01 4.479370e-01 5.159162e-02 -0.1357 
6.5505e+04 4.4890 3.3469 2.47392 0.91813 0.5968 3.4748e+03 0 4.1976e-05 3.3469 4.761094e-01 4.477840e-01 5.201540e-02 -0.1149 
6.9338e+04 4.4905 3.3434 2.31804 0.91915 0.6119 3.8133e+03 0 4.2073e-05 3.3434 4.757529e-01 4.476410e-01 5.239533e-02 -0.0974 
7.3029e+04 4.4923 3.3413 2.16734 0.92039 0.6244 4.1466e+03 0 4.2267e-05 3.3413 4.754537e-01 4.475160e-01 5.271403e-02 -0.0800 
7.6588e+04 4.4944 3.3403 2.02138 0.92185 0.6337 4.4758e+03 0 4.2462e-05 3.3403 4.752282e-01 4.474200e-01 5.295371e-02 -0.0430 
8.0034e+04 4.4967 3.3409 1.87931 0.92354 0.6390 4.7758e+03 0 4.2756e-05 3.3409 4.750958e-01 4.473610e-01 5.309421e-02 -0.0186 
8.3393e+04 4.4993 3.3436 1.73998 0.92546 0.6396 5.0286e+03 0 4.2954e-05 3.3436 4.750819e-01 4.473550e-01 5.310889e-02 0.0213 
8.6698e+04 4.5019 3.3491 1.60203 0.92740 0.6396 5.1854e+03 0 4.3251e-05 3.3491 4.750819e-01 4.473550e-01 5.310889e-02 0.0466 
8.9973e+04 4.5043 3.3593 1.46457 0.92933 0.6396 5.1584e+03 0 4.3451e-05 3.3593 4.750819e-01 4.473550e-01 5.310889e-02 0.1056 
9.3206e+04 4.5072 3.3765 1.32802 0.93125 0.6396 4.8611e+03 0 4.3752e-05 3.3765 4.750819e-01 4.473550e-01 5.310889e-02 0.1722 
9.6417e+04 4.5095 3.4043 1.19163 0.93316 0.6396 4.2024e+03 0 4.3954e-05 3.4043 4.750819e-01 4.473550e-01 5.310889e-02 0.2563 
9.9598e+04 4.5116 3.4496 1.05565 0.93507 0.6396 3.1434e+03 0 4.4259e-05 3.4496 4.750819e-01 4.473550e-01 5.310889e-02 0.3623 
1.0227e+05 4.5250 3.5956 0.94190 0.93663 0.6396 9.7300e+02 0 3.9537e-05 3.5956 4.750819e-01 4.473550e-01 5.310889e-02 999.0000 
 5.2000 30 # agb_5.20_Z0.07000000_Mdot44_eta12.00_Mc0.00_dMc0.00_Tbd6.40_L0.00_dL0.00_C0.00_Nr3.00_rates0_KOPv_KMOLv.dat 
0.0000e+00 4.3984 3.4364 5.20000 0.88503 0.3829 3.6881e+02 1 2.5235e-06 3.4364 4.742000e-01 4.555360e-01 4.733257e-02 -0.1663 
2.4902e+03 4.4048 3.4345 5.15624 0.88588 0.3829 6.7970e+02 0 1.4894e-05 3.4345 4.742000e-01 4.555360e-01 4.733256e-02 -0.1711 
5.1086e+03 4.4147 3.4316 5.09838 0.88646 0.3844 7.2019e+02 0 1.9724e-05 3.4316 4.741562e-01 4.555480e-01 4.735956e-02 -0.1729 
7.9295e+03 4.4236 3.4285 5.02270 0.88701 0.3867 7.6566e+02 0 2.6424e-05 3.4285 4.740898e-01 4.555620e-01 4.740246e-02 -0.1744 
1.0992e+04 4.4313 3.4253 4.93305 0.88753 0.3899 8.1483e+02 0 3.5237e-05 3.4253 4.739974e-01 4.555830e-01 4.746102e-02 -0.1773 
1.4275e+04 4.4415 3.4213 4.83188 0.88801 0.3942 8.8030e+02 0 3.7584e-05 3.4213 4.738753e-01 4.556120e-01 4.753729e-02 -0.1799 
1.7850e+04 4.4469 3.4178 4.71709 0.88846 0.3996 9.3930e+02 0 3.8107e-05 3.4178 4.737205e-01 4.556460e-01 4.763622e-02 -0.1821 
2.1685e+04 4.4511 3.4141 4.59017 0.88886 0.4068 1.0038e+03 0 3.8459e-05 3.4141 4.735304e-01 4.556780e-01 4.776673e-02 -0.1838 
2.5732e+04 4.4573 3.4098 4.45298 0.88919 0.4159 1.0871e+03 0 3.8994e-05 3.4098 4.733036e-01 4.557000e-01 4.793822e-02 -0.1842 
3.0064e+04 4.4594 3.4057 4.30145 0.88949 0.4273 1.1691e+03 0 3.9174e-05 3.4057 4.730385e-01 4.557050e-01 4.815659e-02 -0.1861 
3.4630e+04 4.4604 3.4014 4.13830 0.88975 0.4410 1.2606e+03 0 3.9264e-05 3.4014 4.727345e-01 4.556900e-01 4.842603e-02 -0.1872 
3.9362e+04 4.4631 3.3964 3.96569 0.88994 0.4570 1.3775e+03 0 3.9537e-05 3.3964 4.723910e-01 4.556500e-01 4.874880e-02 -0.1863 
4.4330e+04 4.4628 3.3915 3.78014 0.89014 0.4753 1.5021e+03 0 3.9537e-05 3.3915 4.720080e-01 4.555840e-01 4.912549e-02 -0.1863 
4.9454e+04 4.4620 3.3844 3.58539 0.89033 0.4955 1.6751e+03 0 3.9446e-05 3.3844 4.715865e-01 4.554890e-01 4.955453e-02 -0.1823 
5.4630e+04 4.4644 3.3784 3.38853 0.89053 0.5174 1.8695e+03 0 3.9628e-05 3.3784 4.711296e-01 4.553680e-01 5.003132e-02 -0.1789 
5.9914e+04 4.4640 3.3725 3.18747 0.89082 0.5407 2.0800e+03 0 3.9628e-05 3.3725 4.706427e-01 4.552210e-01 5.054818e-02 -0.1745 
6.5194e+04 4.4622 3.3668 2.98701 0.89122 0.5646 2.3121e+03 0 3.9446e-05 3.3668 4.701371e-01 4.550530e-01 5.109114e-02 -0.1683 
7.0381e+04 4.4632 3.3607 2.78973 0.89178 0.5882 2.6013e+03 0 3.9537e-05 3.3607 4.696299e-01 4.548730e-01 5.163992e-02 -0.1591 
7.5426e+04 4.4645 3.3526 2.59733 0.89255 0.6108 2.9926e+03 0 3.9628e-05 3.3526 4.691384e-01 4.546880e-01 5.217370e-02 -0.1423 
8.0282e+04 4.4663 3.3476 2.41150 0.89358 0.6313 3.3573e+03 0 3.9811e-05 3.3476 4.686860e-01 4.545100e-01 5.266607e-02 -0.1253 
8.4926e+04 4.4684 3.3436 2.23301 0.89488 0.6486 3.7467e+03 0 3.9994e-05 3.3436 4.682973e-01 4.543510e-01 5.308932e-02 -0.1033 
8.9360e+04 4.4709 3.3410 2.06167 0.89649 0.6618 4.1446e+03 0 4.0272e-05 3.3410 4.679974e-01 4.542250e-01 5.341569e-02 -0.0823 
9.3609e+04 4.4738 3.3404 1.89643 0.89840 0.6697 4.5228e+03 0 4.0551e-05 3.3404 4.678135e-01 4.541460e-01 5.361566e-02 -0.0381 
9.7716e+04 4.4771 3.3425 1.73558 0.90064 0.6712 4.8426e+03 0 4.0832e-05 3.3425 4.677800e-01 4.541310e-01 5.365215e-02 -0.0174 
1.0172e+05 4.4808 3.3477 1.57764 0.90291 0.6712 5.0761e+03 0 4.1210e-05 3.3477 4.677800e-01 4.541310e-01 5.365215e-02 0.0350 
1.0568e+05 4.4840 3.3593 1.42001 0.90518 0.6712 5.0668e+03 0 4.1495e-05 3.3593 4.677800e-01 4.541310e-01 5.365215e-02 0.0875 
1.0960e+05 4.4868 3.3810 1.26290 0.90743 0.6712 4.6701e+03 0 4.1783e-05 3.3810 4.677800e-01 4.541310e-01 5.365215e-02 0.1634 
1.1346e+05 4.4905 3.4187 1.10757 0.90966 0.6712 3.7837e+03 0 4.2073e-05 3.4187 4.677800e-01 4.541310e-01 5.365215e-02 0.2645 
1.1728e+05 4.4931 3.4999 0.95210 0.91190 0.6712 2.1111e+03 0 4.2364e-05 3.4999 4.677800e-01 4.541310e-01 5.365215e-02 0.4051 
1.1829e+05 4.4797 3.5932 0.91728 0.91221 0.6712 9.2045e+02 0 3.1117e-05 3.5932 4.677800e-01 4.541310e-01 5.365215e-02 999.0000 
 5.4000 33 # agb_5.40_Z0.07000000_Mdot44_eta12.00_Mc0.00_dMc0.00_Tbd6.40_L0.00_dL0.00_C0.00_Nr3.00_rates0_KOPv_KMOLv.dat 
0.0000e+00 4.4330 3.4352 5.40000 0.90642 0.3836 3.8891e+02 1 2.8708e-06 3.4352 4.712000e-01 4.584350e-01 4.732756e-02 -0.1671 
2.0966e+03 4.4408 3.4330 5.35217 0.90720 0.3836 7.2182e+02 0 2.0277e-05 3.4330 4.712000e-01 4.584350e-01 4.732756e-02 -0.1721 
4.2995e+03 4.4501 3.4302 5.29039 0.90773 0.3850 7.6361e+02 0 2.6546e-05 3.4302 4.711623e-01 4.584410e-01 4.735409e-02 -0.1749 
6.6718e+03 4.4574 3.4275 5.21705 0.90824 0.3872 8.0523e+02 0 3.3963e-05 3.4275 4.711055e-01 4.584490e-01 4.739475e-02 -0.1762 
9.2150e+03 4.4672 3.4241 5.13421 0.90870 0.3901 8.6041e+02 0 3.9902e-05 3.4241 4.710271e-01 4.584620e-01 4.744899e-02 -0.1775 
1.1990e+04 4.4727 3.4212 5.04002 0.90915 0.3939 9.0932e+02 0 4.0458e-05 3.4212 4.709243e-01 4.584810e-01 4.751851e-02 -0.1796 
1.4976e+04 4.4778 3.4181 4.93542 0.90956 0.3988 9.6332e+02 0 4.0926e-05 3.4181 4.707950e-01 4.585030e-01 4.760685e-02 -0.1824 
1.8142e+04 4.4835 3.4147 4.82192 0.90992 0.4050 1.0277e+03 0 4.1400e-05 3.4147 4.706371e-01 4.585240e-01 4.772125e-02 -0.1812 
2.1546e+04 4.4858 3.4115 4.69726 0.91025 0.4128 1.0878e+03 0 4.1687e-05 3.4115 4.704497e-01 4.585360e-01 4.786829e-02 -0.1830 
2.5152e+04 4.4870 3.4082 4.56306 0.91054 0.4224 1.1528e+03 0 4.1783e-05 3.4082 4.702318e-01 4.585350e-01 4.805232e-02 -0.1837 
2.8914e+04 4.4899 3.4043 4.41909 0.91076 0.4338 1.2365e+03 0 4.2073e-05 3.4043 4.699829e-01 4.585170e-01 4.827653e-02 -0.1835 
3.2896e+04 4.4898 3.4006 4.26377 0.91097 0.4470 1.3204e+03 0 4.2073e-05 3.4006 4.697022e-01 4.584800e-01 4.854333e-02 -0.1854 
3.7006e+04 4.4914 3.3962 4.10054 0.91111 0.4620 1.4264e+03 0 4.2170e-05 3.3962 4.693891e-01 4.584210e-01 4.885388e-02 -0.1835 
4.1310e+04 4.4907 3.3918 3.92590 0.91126 0.4787 1.5404e+03 0 4.2170e-05 3.3918 4.690433e-01 4.583380e-01 4.920833e-02 -0.1830 
4.5744e+04 4.4898 3.3852 3.74569 0.91140 0.4970 1.7020e+03 0 4.2073e-05 3.3852 4.686646e-01 4.582300e-01 4.960597e-02 -0.1804 
5.0231e+04 4.4912 3.3801 3.56343 0.91153 0.5166 1.8693e+03 0 4.2170e-05 3.3801 4.682545e-01 4.580990e-01 5.004393e-02 -0.1764 
5.4827e+04 4.4905 3.3750 3.37683 0.91172 0.5373 2.0495e+03 0 4.2073e-05 3.3750 4.678159e-01 4.579440e-01 5.051763e-02 -0.1711 
5.9448e+04 4.4887 3.3700 3.18969 0.91197 0.5588 2.2472e+03 0 4.1976e-05 3.3700 4.673550e-01 4.577690e-01 5.101898e-02 -0.1678 
6.4029e+04 4.4894 3.3647 3.00395 0.91233 0.5804 2.4903e+03 0 4.1976e-05 3.3647 4.668818e-01 4.575790e-01 5.153552e-02 -0.1590 
6.8533e+04 4.4902 3.3567 2.82107 0.91283 0.6017 2.8359e+03 0 4.2073e-05 3.3567 4.664068e-01 4.573790e-01 5.205472e-02 -0.1461 
7.2914e+04 4.4914 3.3520 2.64277 0.91350 0.6221 3.1456e+03 0 4.2170e-05 3.3520 4.659453e-01 4.571770e-01 5.255887e-02 -0.1332 
7.7139e+04 4.4928 3.3478 2.47032 0.91438 0.6407 3.4806e+03 0 4.2364e-05 3.3478 4.655149e-01 4.569830e-01 5.302813e-02 -0.1153 
8.1190e+04 4.4946 3.3443 2.30439 0.91550 0.6568 3.8385e+03 0 4.2560e-05 3.3443 4.651343e-01 4.568080e-01 5.344208e-02 -0.0951 
8.5066e+04 4.4967 3.3423 2.14491 0.91687 0.6699 4.1885e+03 0 4.2756e-05 3.3423 4.648221e-01 4.566600e-01 5.378055e-02 -0.0725 
8.8784e+04 4.4990 3.3416 1.99118 0.91849 0.6791 4.5297e+03 0 4.2954e-05 3.3416 4.645978e-01 4.565520e-01 5.402297e-02 -0.0362 
9.2369e+04 4.5017 3.3428 1.84202 0.92038 0.6837 4.8336e+03 0 4.3251e-05 3.3428 4.644842e-01 4.564970e-01 5.414539e-02 -0.0108 
9.5858e+04 4.5045 3.3462 1.69594 0.92249 0.6837 5.0833e+03 0 4.3451e-05 3.3462 4.644842e-01 4.564970e-01 5.414539e-02 0.0312 
9.9291e+04 4.5073 3.3536 1.55123 0.92457 0.6837 5.1864e+03 0 4.3752e-05 3.3536 4.644842e-01 4.564970e-01 5.414539e-02 0.0718 
1.0265e+05 4.5113 3.3667 1.40872 0.92663 0.6837 5.0772e+03 0 4.4157e-05 3.3667 4.644842e-01 4.564970e-01 5.414539e-02 0.1239 
1.0602e+05 4.5134 3.3887 1.26503 0.92870 0.6837 4.6174e+03 0 4.4361e-05 3.3887 4.644842e-01 4.564970e-01 5.414539e-02 0.2014 
1.0932e+05 4.5163 3.4241 1.12314 0.93074 0.6837 3.7701e+03 0 4.4668e-05 3.4241 4.644842e-01 4.564970e-01 5.414539e-02 0.2922 
1.1258e+05 4.5190 3.4935 0.98196 0.93277 0.6837 2.3021e+03 0 4.4978e-05 3.4935 4.644842e-01 4.564970e-01 5.414539e-02 0.4125 
1.1369e+05 4.5195 3.5907 0.93914 0.93324 0.6837 1.0072e+03 0 4.4978e-05 3.5907 4.644842e-01 4.564970e-01 5.414539e-02 999.0000 
 5.6000 37 # agb_5.60_Z0.07000000_Mdot44_eta12.00_Mc0.00_dMc0.00_Tbd6.40_L0.00_dL0.00_C0.00_Nr3.00_rates0_KOPv_KMOLv.dat 
0.0000e+00 4.4642 3.4345 5.60000 0.93388 0.3831 4.0630e+02 1 3.2063e-06 3.4345 4.686000e-01 4.611330e-01 4.731916e-02 -0.1665 
1.6759e+03 4.4768 3.4315 5.55181 0.93455 0.3831 7.6700e+02 0 2.7542e-05 3.4315 4.686000e-01 4.611330e-01 4.731916e-02 -0.1726 
3.4586e+03 4.4831 3.4293 5.49323 0.93502 0.3844 8.0080e+02 0 3.3729e-05 3.4293 4.685692e-01 4.611350e-01 4.734434e-02 -0.1742 
5.3535e+03 4.4916 3.4266 5.42692 0.93545 0.3863 8.4543e+02 0 4.2170e-05 3.4266 4.685233e-01 4.611370e-01 4.738147e-02 -0.1765 
7.3796e+03 4.5012 3.4235 5.35333 0.93585 0.3889 8.9883e+02 0 4.3152e-05 3.4235 4.684606e-01 4.611420e-01 4.742997e-02 -0.1773 
9.5809e+03 4.5079 3.4207 5.27043 0.93623 0.3921 9.4862e+02 0 4.3853e-05 3.4207 4.683793e-01 4.611510e-01 4.749090e-02 -0.1792 
1.1944e+04 4.5123 3.4182 5.17914 0.93660 0.3962 9.9599e+02 0 4.4259e-05 3.4182 4.682779e-01 4.611610e-01 4.756651e-02 -0.1785 
1.4467e+04 4.5153 3.4156 5.07980 0.93693 0.4013 1.0439e+03 0 4.4566e-05 3.4156 4.681553e-01 4.611710e-01 4.766120e-02 -0.1807 
1.7119e+04 4.5194 3.4127 4.97382 0.93722 0.4076 1.1016e+03 0 4.4978e-05 3.4127 4.680104e-01 4.611740e-01 4.777956e-02 -0.1819 
1.9951e+04 4.5200 3.4102 4.85910 0.93749 0.4151 1.1526e+03 0 4.5082e-05 3.4102 4.678428e-01 4.611690e-01 4.792456e-02 -0.1819 
2.2899e+04 4.5223 3.4071 4.73633 0.93770 0.4239 1.2180e+03 0 4.5290e-05 3.4071 4.676522e-01 4.611530e-01 4.809838e-02 -0.1811 
2.6018e+04 4.5218 3.4042 4.60440 0.93790 0.4340 1.2810e+03 0 4.5290e-05 3.4042 4.674382e-01 4.611220e-01 4.830276e-02 -0.1809 
2.9241e+04 4.5232 3.4008 4.46614 0.93805 0.4454 1.3611e+03 0 4.5394e-05 3.4008 4.672005e-01 4.610750e-01 4.853868e-02 -0.1831 
3.2623e+04 4.5225 3.3975 4.31863 0.93819 0.4581 1.4432e+03 0 4.5290e-05 3.3975 4.669384e-01 4.610100e-01 4.880689e-02 -0.1812 
3.6089e+04 4.5237 3.3937 4.16621 0.93828 0.4719 1.5462e+03 0 4.5499e-05 3.3937 4.666513e-01 4.609260e-01 4.910764e-02 -0.1785 
3.9694e+04 4.5232 3.3876 4.00762 0.93838 0.4868 1.6884e+03 0 4.5394e-05 3.3876 4.663385e-01 4.608230e-01 4.944083e-02 -0.1766 
4.3392e+04 4.5223 3.3837 3.84513 0.93848 0.5028 1.8112e+03 0 4.5290e-05 3.3837 4.659999e-01 4.606990e-01 4.980564e-02 -0.1739 
4.7162e+04 4.5217 3.3797 3.67961 0.93858 0.5196 1.9505e+03 0 4.5290e-05 3.3797 4.656364e-01 4.605550e-01 5.019993e-02 -0.1710 
5.0982e+04 4.5207 3.3755 3.51212 0.93870 0.5372 2.1071e+03 0 4.5186e-05 3.3755 4.652498e-01 4.603930e-01 5.062088e-02 -0.1684 
5.4792e+04 4.5200 3.3712 3.34577 0.93884 0.5552 2.2834e+03 0 4.5082e-05 3.3712 4.648435e-01 4.602130e-01 5.106368e-02 -0.1606 
5.8624e+04 4.5204 3.3668 3.17833 0.93906 0.5735 2.4910e+03 0 4.5082e-05 3.3668 4.644237e-01 4.600190e-01 5.152069e-02 -0.1547 
6.2416e+04 4.5210 3.3588 3.01243 0.93938 0.5917 2.8093e+03 0 4.5186e-05 3.3588 4.639953e-01 4.598150e-01 5.198581e-02 -0.1431 
6.6139e+04 4.5217 3.3548 2.84938 0.93981 0.6095 3.0682e+03 0 4.5290e-05 3.3548 4.635674e-01 4.596050e-01 5.244877e-02 -0.1322 
6.9764e+04 4.5226 3.3511 2.69033 0.94038 0.6265 3.3463e+03 0 4.5394e-05 3.3511 4.631506e-01 4.593950e-01 5.289766e-02 -0.1174 
7.3270e+04 4.5237 3.3477 2.53613 0.94112 0.6422 3.6450e+03 0 4.5499e-05 3.3477 4.627570e-01 4.591940e-01 5.331957e-02 -0.1025 
7.6646e+04 4.5251 3.3451 2.38726 0.94203 0.6563 3.9536e+03 0 4.5604e-05 3.3451 4.623990e-01 4.590070e-01 5.370136e-02 -0.0916 
7.9890e+04 4.5267 3.3434 2.24374 0.94313 0.6682 4.2562e+03 0 4.5814e-05 3.3434 4.620889e-01 4.588430e-01 5.403025e-02 -0.0542 
8.3008e+04 4.5284 3.3427 2.10521 0.94443 0.6776 4.5532e+03 0 4.5920e-05 3.3427 4.618395e-01 4.587090e-01 5.429354e-02 -0.0328 
8.6017e+04 4.5304 3.3434 1.97096 0.94592 0.6842 4.8230e+03 0 4.6132e-05 3.3434 4.616642e-01 4.586130e-01 5.447757e-02 -0.0103 
8.8936e+04 4.5326 3.3454 1.84006 0.94763 0.6873 5.0654e+03 0 4.6452e-05 3.3454 4.615801e-01 4.585670e-01 5.456551e-02 0.0250 
9.1789e+04 4.5350 3.3497 1.71142 0.94948 0.6873 5.2340e+03 0 4.6666e-05 3.3497 4.615801e-01 4.585670e-01 5.456551e-02 0.0458 
9.4602e+04 4.5373 3.3569 1.58386 0.95132 0.6873 5.2871e+03 0 4.6881e-05 3.3569 4.615801e-01 4.585670e-01 5.456551e-02 0.0956 
9.7384e+04 4.5395 3.3685 1.45702 0.95315 0.6873 5.1647e+03 0 4.7098e-05 3.3685 4.615801e-01 4.585670e-01 5.456551e-02 0.1486 
1.0013e+05 4.5417 3.3861 1.33093 0.95497 0.6873 4.8098e+03 0 4.7424e-05 3.3861 4.615801e-01 4.585670e-01 5.456551e-02 0.2323 
1.0284e+05 4.5445 3.4123 1.20626 0.95677 0.6873 4.1838e+03 0 4.7643e-05 3.4123 4.615801e-01 4.585670e-01 5.456551e-02 0.2905 
1.0553e+05 4.5468 3.4528 1.08182 0.95857 0.6873 3.2299e+03 0 4.7973e-05 3.4528 4.615801e-01 4.585670e-01 5.456551e-02 0.3821 
1.0803e+05 4.5542 3.5989 0.96556 0.96023 0.6873 9.8653e+02 0 4.2267e-05 3.5989 4.615801e-01 4.585670e-01 5.456551e-02 999.0000 
 5.8000 41 # agb_5.80_Z0.07000000_Mdot44_eta12.00_Mc0.00_dMc0.00_Tbd6.40_L0.00_dL0.00_C0.00_Nr3.00_rates0_KOPv_KMOLv.dat 
0.0000e+00 4.5092 3.4312 5.80000 0.95091 0.3835 7.9473e+02 0 3.3113e-05 3.4312 4.655000e-01 4.641310e-01 4.731081e-02 -0.1674 
1.4617e+03 4.5243 3.4277 5.74524 0.95155 0.3835 8.5549e+02 0 4.5499e-05 3.4277 4.654999e-01 4.641310e-01 4.731083e-02 -0.1738 
2.9995e+03 4.5308 3.4255 5.68533 0.95199 0.3848 8.9370e+02 0 4.6238e-05 3.4255 4.654724e-01 4.641310e-01 4.733517e-02 -0.1757 
4.6472e+03 4.5361 3.4234 5.61925 0.95240 0.3866 9.3135e+02 0 4.6774e-05 3.4234 4.654318e-01 4.641300e-01 4.737018e-02 -0.1765 
6.4066e+03 4.5421 3.4210 5.54723 0.95277 0.3889 9.7569e+02 0 4.7424e-05 3.4210 4.653769e-01 4.641320e-01 4.741540e-02 -0.1768 
8.3164e+03 4.5445 3.4191 5.46759 0.95314 0.3919 1.0107e+03 0 4.7643e-05 3.4191 4.653063e-01 4.641350e-01 4.747177e-02 -0.1773 
1.0342e+04 4.5478 3.4169 5.38208 0.95347 0.3956 1.0529e+03 0 4.8084e-05 3.4169 4.652191e-01 4.641400e-01 4.754064e-02 -0.1769 
1.2497e+04 4.5498 3.4148 5.29007 0.95378 0.4001 1.0951e+03 0 4.8306e-05 3.4148 4.651144e-01 4.641440e-01 4.762566e-02 -0.1781 
1.4804e+04 4.5488 3.4130 5.19079 0.95408 0.4056 1.1294e+03 0 4.8195e-05 3.4130 4.649915e-01 4.641420e-01 4.772991e-02 -0.1784 
1.7214e+04 4.5491 3.4108 5.08632 0.95433 0.4121 1.1737e+03 0 4.8195e-05 3.4108 4.648502e-01 4.641340e-01 4.785561e-02 -0.1781 
1.9745e+04 4.5486 3.4086 4.97602 0.95455 0.4196 1.2189e+03 0 4.8084e-05 3.4086 4.646899e-01 4.641160e-01 4.800451e-02 -0.1791 
2.2394e+04 4.5479 3.4062 4.85756 0.95474 0.4282 1.2707e+03 0 4.8084e-05 3.4062 4.645107e-01 4.640860e-01 4.817781e-02 -0.1789 
2.5181e+04 4.5461 3.4038 4.73151 0.95492 0.4378 1.3244e+03 0 4.7863e-05 3.4038 4.643124e-01 4.640440e-01 4.837623e-02 -0.1820 
2.8050e+04 4.5460 3.4010 4.60038 0.95504 0.4484 1.3929e+03 0 4.7863e-05 3.4010 4.640946e-01 4.639870e-01 4.860015e-02 -0.1814 
3.1050e+04 4.5447 3.3980 4.46125 0.95517 0.4599 1.4660e+03 0 4.7753e-05 3.3980 4.638571e-01 4.639150e-01 4.884965e-02 -0.1793 
3.4147e+04 4.5438 3.3949 4.31778 0.95527 0.4722 1.5490e+03 0 4.7643e-05 3.3949 4.635989e-01 4.638260e-01 4.912509e-02 -0.1797 
3.7302e+04 4.5446 3.3889 4.17178 0.95534 0.4854 1.6886e+03 0 4.7643e-05 3.3889 4.633194e-01 4.637200e-01 4.942641e-02 -0.1746 
4.0568e+04 4.5440 3.3855 4.02073 0.95542 0.4994 1.7980e+03 0 4.7643e-05 3.3855 4.630180e-01 4.635970e-01 4.975334e-02 -0.1736 
4.3902e+04 4.5429 3.3819 3.86678 0.95549 0.5140 1.9172e+03 0 4.7534e-05 3.3819 4.626948e-01 4.634560e-01 5.010506e-02 -0.1707 
4.7289e+04 4.5418 3.3783 3.71067 0.95557 0.5293 2.0510e+03 0 4.7424e-05 3.3783 4.623507e-01 4.632980e-01 5.047965e-02 -0.1676 
5.0715e+04 4.5400 3.3746 3.55329 0.95566 0.5451 2.1943e+03 0 4.7206e-05 3.3746 4.619871e-01 4.631230e-01 5.087479e-02 -0.1643 
5.4147e+04 4.5402 3.3706 3.39553 0.95580 0.5612 2.3703e+03 0 4.7206e-05 3.3706 4.616072e-01 4.629350e-01 5.128628e-02 -0.1574 
5.7538e+04 4.5419 3.3665 3.23969 0.95595 0.5775 2.5741e+03 0 4.7424e-05 3.3665 4.612134e-01 4.627330e-01 5.171108e-02 -0.1493 
6.0931e+04 4.5424 3.3584 3.08356 0.95621 0.5937 2.8983e+03 0 4.7424e-05 3.3584 4.608108e-01 4.625220e-01 5.214308e-02 -0.1387 
6.4268e+04 4.5430 3.3547 2.92985 0.95657 0.6097 3.1384e+03 0 4.7534e-05 3.3547 4.604064e-01 4.623050e-01 5.257468e-02 -0.1265 
6.7528e+04 4.5437 3.3514 2.77950 0.95703 0.6251 3.3948e+03 0 4.7643e-05 3.3514 4.600084e-01 4.620880e-01 5.299692e-02 -0.1124 
7.0692e+04 4.5446 3.3485 2.63329 0.95763 0.6397 3.6675e+03 0 4.7753e-05 3.3485 4.596259e-01 4.618760e-01 5.340014e-02 -0.0997 
7.3750e+04 4.5457 3.3460 2.49172 0.95838 0.6529 3.9492e+03 0 4.7863e-05 3.3460 4.592686e-01 4.616750e-01 5.377438e-02 -0.0931 
7.6695e+04 4.5470 3.3444 2.35498 0.95929 0.6647 4.2278e+03 0 4.7973e-05 3.3444 4.589465e-01 4.614920e-01 5.410972e-02 -0.0547 
7.9530e+04 4.5484 3.3435 2.22293 0.96036 0.6746 4.5031e+03 0 4.8084e-05 3.3435 4.586692e-01 4.613330e-01 5.439663e-02 -0.0363 
8.2264e+04 4.5500 3.3436 2.09516 0.96160 0.6825 4.7620e+03 0 4.8306e-05 3.3436 4.584467e-01 4.612030e-01 5.462552e-02 -0.0152 
8.4909e+04 4.5518 3.3448 1.97104 0.96301 0.6880 4.9968e+03 0 4.8529e-05 3.3448 4.582901e-01 4.611120e-01 5.478568e-02 0.0145 
8.7480e+04 4.5538 3.3471 1.84977 0.96460 0.6906 5.2052e+03 0 4.8753e-05 3.3471 4.582133e-01 4.610660e-01 5.486378e-02 0.0281 
8.9998e+04 4.5559 3.3516 1.73046 0.96634 0.6906 5.3365e+03 0 4.8978e-05 3.3516 4.582133e-01 4.610660e-01 5.486378e-02 0.0677 
9.2482e+04 4.5580 3.3586 1.61217 0.96805 0.6906 5.3679e+03 0 4.9204e-05 3.3586 4.582133e-01 4.610660e-01 5.486378e-02 0.1078 
9.4940e+04 4.5600 3.3690 1.49456 0.96976 0.6906 5.2573e+03 0 4.9431e-05 3.3690 4.582133e-01 4.610660e-01 5.486378e-02 0.1561 
9.7371e+04 4.5620 3.3843 1.37766 0.97145 0.6906 4.9584e+03 0 4.9659e-05 3.3843 4.582133e-01 4.610660e-01 5.486378e-02 0.2107 
9.9774e+04 4.5640 3.4061 1.26150 0.97314 0.6906 4.4375e+03 0 4.9888e-05 3.4061 4.582133e-01 4.610660e-01 5.486378e-02 0.2817 
1.0214e+05 4.5664 3.4372 1.14656 0.97480 0.6906 3.6827e+03 0 5.0119e-05 3.4372 4.582133e-01 4.610660e-01 5.486378e-02 0.3594 
1.0449e+05 4.5683 3.4929 1.03182 0.97647 0.6906 2.4724e+03 0 5.0350e-05 3.4929 4.582133e-01 4.610660e-01 5.486378e-02 0.4989 
1.0556e+05 4.5754 3.6011 0.98244 0.97708 0.6906 9.9800e+02 0 4.4668e-05 3.6011 4.582133e-01 4.610660e-01 5.486378e-02 999.0000 
