# age(yr) logL logTe m_act mcore c/o period ip Mdot(Msun/yr) logTe X Y CNO dlogTe/dlogL 
 0.5150 3 # agb_0.515_Z0.00050000_Mdot2_eta0.40_Mc0.00_dMc0.00_Tbd6.40_L0.00_dL0.00_C0.00_Nr3.00_rates0_KOPv_KMOLv.dat 
0.0000e+00 2.8258 3.6678 0.51500 0.50096 0.5425 1.2392e+01 1 7.0469e-09 3.6678 7.420000e-01 2.574880e-01 3.339119e-04 -0.0664 
2.6454e+05 2.9561 3.6646 0.51105 0.50215 0.5425 1.6169e+01 1 2.5823e-08 3.6646 7.420000e-01 2.574880e-01 3.339119e-04 -0.0684 
5.6898e+05 2.9876 3.6805 0.50589 0.50369 0.5425 1.5320e+01 1 3.3574e-08 3.6805 7.420000e-01 2.574880e-01 3.339119e-04 999.0000 
 0.5200 4 # agb_0.520_Z0.00050000_Mdot2_eta0.40_Mc0.00_dMc0.00_Tbd6.40_L0.00_dL0.00_C0.00_Nr3.00_rates0_KOPv_KMOLv.dat 
0.0000e+00 2.8074 3.6652 0.52000 0.50027 0.5425 1.2153e+01 1 5.7943e-09 3.6652 7.420000e-01 2.574910e-01 3.339119e-04 -0.0688 
2.7194e+05 2.9210 3.6602 0.51663 0.50143 0.5425 1.5570e+01 1 1.8155e-08 3.6602 7.420000e-01 2.574910e-01 3.339119e-04 -0.0700 
5.9700e+05 2.9476 3.6657 0.51168 0.50307 0.5425 1.5775e+01 1 2.3605e-08 3.6657 7.420000e-01 2.574910e-01 3.339119e-04 -0.0686 
8.2126e+05 2.9668 3.6704 0.50930 0.50384 0.5425 1.5824e+01 1 2.8184e-08 3.6704 7.420000e-01 2.574910e-01 3.339119e-04 999.0000 
 0.5250 4 # agb_0.525_Z0.00050000_Mdot2_eta0.40_Mc0.00_dMc0.00_Tbd6.40_L0.00_dL0.00_C0.00_Nr3.00_rates0_KOPv_KMOLv.dat 
0.0000e+00 2.8190 3.6615 0.52500 0.50005 0.5424 1.2686e+01 1 6.3973e-09 3.6615 7.420000e-01 2.574660e-01 3.339105e-04 -0.0707 
2.6899e+05 2.9351 3.6553 0.52163 0.50120 0.5424 1.6475e+01 1 2.0654e-08 3.6553 7.420000e-01 2.574660e-01 3.339105e-04 -0.0726 
5.9565e+05 2.9568 3.6588 0.51659 0.50286 0.5424 1.6791e+01 1 2.5823e-08 3.6588 7.420000e-01 2.574660e-01 3.339105e-04 -0.0702 
9.3479e+05 2.9991 3.6689 0.51007 0.50474 0.5424 1.6961e+01 1 3.8637e-08 3.6689 7.420000e-01 2.574660e-01 3.339105e-04 999.0000 
 0.5300 6 # agb_0.530_Z0.00050000_Mdot2_eta0.40_Mc0.00_dMc0.00_Tbd6.40_L0.00_dL0.00_C0.00_Nr3.00_rates0_KOPv_KMOLv.dat 
0.0000e+00 2.8265 3.6591 0.53000 0.50039 0.5417 1.3034e+01 1 6.7608e-09 3.6591 7.419000e-01 2.575650e-01 3.339735e-04 -0.0718 
2.6985e+05 2.9308 3.6532 0.52663 0.50156 0.5417 1.6514e+01 1 1.9409e-08 3.6532 7.419000e-01 2.575650e-01 3.339735e-04 -0.0718 
4.9625e+05 2.9626 3.6524 0.52440 0.50236 0.5417 1.7646e+01 1 2.6853e-08 3.6524 7.419000e-01 2.575650e-01 3.339735e-04 -0.0733 
5.9447e+05 2.9576 3.6552 0.52156 0.50323 0.5417 1.7185e+01 1 2.5704e-08 3.6552 7.419000e-01 2.575650e-01 3.339735e-04 -0.0733 
9.6851e+05 2.9915 3.6642 0.51342 0.50552 0.5417 1.7261e+01 1 3.5975e-08 3.6642 7.419000e-01 2.575650e-01 3.339735e-04 -0.0719 
1.1281e+06 2.9016 3.6758 0.51096 0.50591 0.5417 1.3478e+01 1 1.4488e-08 3.6758 7.419000e-01 2.575650e-01 3.339735e-04 999.0000 
 0.5400 4 # agb_0.540_Z0.00050000_Mdot2_eta0.40_Mc0.00_dMc0.00_Tbd6.40_L0.00_dL0.00_C0.00_Nr3.00_rates0_KOPv_KMOLv.dat 
0.0000e+00 2.8909 3.6515 0.54000 0.50139 0.4747 1.5347e+01 1 1.2303e-08 3.6515 7.417000e-01 2.578080e-01 3.358844e-04 -0.0755 
2.6208e+05 3.0084 3.6446 0.53424 0.50272 0.4747 2.0130e+01 1 4.0926e-08 3.6446 7.417000e-01 2.578080e-01 3.358844e-04 -0.0754 
5.9589e+05 3.0344 3.6492 0.52358 0.50485 0.4747 2.0618e+01 1 5.4828e-08 3.6492 7.417000e-01 2.578080e-01 3.358844e-04 -0.0742 
9.0433e+05 3.0791 3.6636 0.51232 0.50682 0.4747 2.0369e+01 1 8.4723e-08 3.6636 7.417000e-01 2.578080e-01 3.358844e-04 999.0000 
 0.5500 5 # agb_0.550_Z0.00050000_Mdot2_eta0.40_Mc0.00_dMc0.00_Tbd6.40_L0.00_dL0.00_C0.00_Nr3.00_rates0_KOPv_KMOLv.dat 
0.0000e+00 2.9230 3.6472 0.55000 0.50241 0.4226 1.6648e+01 1 1.6181e-08 3.6472 7.414000e-01 2.581360e-01 3.371872e-04 -0.0768 
2.6323e+05 3.0370 3.6403 0.54188 0.50390 0.4226 2.1727e+01 1 5.2723e-08 3.6403 7.414000e-01 2.581360e-01 3.371872e-04 -0.0768 
4.8733e+05 3.0679 3.6401 0.53647 0.50496 0.4226 2.3142e+01 1 7.3282e-08 3.6401 7.414000e-01 2.581360e-01 3.371872e-04 -0.0767 
5.9704e+05 3.0614 3.6458 0.52742 0.50624 0.4226 2.2129e+01 1 7.0632e-08 3.6458 7.414000e-01 2.581360e-01 3.371872e-04 -0.0767 
8.8754e+05 3.1122 3.6617 0.51375 0.50819 0.4226 2.1921e+01 1 1.1668e-07 3.6617 7.414000e-01 2.581360e-01 3.371872e-04 999.0000 
 0.5600 5 # agb_0.560_Z0.00050000_Mdot2_eta0.40_Mc0.00_dMc0.00_Tbd6.40_L0.00_dL0.00_C0.00_Nr3.00_rates0_KOPv_KMOLv.dat 
0.0000e+00 2.8551 3.6508 0.56000 0.50229 0.4242 1.4192e+01 1 7.8163e-09 3.6508 7.414000e-01 2.581630e-01 3.371388e-04 -0.0765 
2.5985e+05 2.9759 3.6420 0.55612 0.50352 0.4242 1.8939e+01 1 2.6730e-08 3.6420 7.414000e-01 2.581630e-01 3.371388e-04 -0.0771 
5.8161e+05 3.0062 3.6413 0.54954 0.50537 0.4242 2.0245e+01 1 3.7325e-08 3.6413 7.414000e-01 2.581630e-01 3.371388e-04 -0.0789 
9.6559e+05 3.0288 3.6446 0.53725 0.50812 0.4242 2.0832e+01 1 4.8978e-08 3.6446 7.414000e-01 2.581630e-01 3.371388e-04 -0.0767 
1.3755e+06 3.0611 3.6660 0.51680 0.51160 0.4242 1.9274e+01 1 6.8391e-08 3.6660 7.414000e-01 2.581630e-01 3.371388e-04 999.0000 
 0.5700 6 # agb_0.570_Z0.00050000_Mdot2_eta0.40_Mc0.00_dMc0.00_Tbd6.40_L0.00_dL0.00_C0.00_Nr3.00_rates0_KOPv_KMOLv.dat 
0.0000e+00 2.9280 3.6439 0.57000 0.50354 0.3887 1.6892e+01 1 1.5453e-08 3.6439 7.409000e-01 2.586080e-01 3.381218e-04 -0.0788 
2.5602e+05 3.0414 3.6359 0.56322 0.50497 0.3887 2.2182e+01 1 4.9774e-08 3.6359 7.409000e-01 2.586080e-01 3.381218e-04 -0.0788 
5.0186e+05 3.0733 3.6345 0.55677 0.50628 0.3887 2.3893e+01 1 7.0632e-08 3.6345 7.409000e-01 2.586080e-01 3.381218e-04 -0.0790 
5.9076e+05 3.0554 3.6378 0.55013 0.50733 0.3887 2.2711e+01 1 6.0674e-08 3.6378 7.409000e-01 2.586080e-01 3.381218e-04 -0.0790 
9.7324e+05 3.0929 3.6481 0.52645 0.51065 0.3887 2.3084e+01 1 9.5499e-08 3.6481 7.409000e-01 2.586080e-01 3.381218e-04 -0.0794 
1.1847e+06 3.1015 3.6641 0.51678 0.51173 0.3887 2.1044e+01 1 1.0209e-07 3.6641 7.409000e-01 2.586080e-01 3.381218e-04 999.0000 
 0.5800 5 # agb_0.580_Z0.00050000_Mdot2_eta0.40_Mc0.00_dMc0.00_Tbd6.40_L0.00_dL0.00_C0.00_Nr3.00_rates0_KOPv_KMOLv.dat 
0.0000e+00 3.0031 3.6370 0.58000 0.50531 0.3720 2.0219e+01 1 3.1261e-08 3.6370 7.404000e-01 2.590860e-01 3.385508e-04 -0.0804 
2.5676e+05 3.1010 3.6307 0.56635 0.50706 0.3720 2.5626e+01 1 8.9125e-08 3.6307 7.404000e-01 2.590860e-01 3.385508e-04 -0.0804 
4.6795e+05 3.1326 3.6299 0.55813 0.50823 0.3720 2.7513e+01 1 1.2706e-07 3.6299 7.404000e-01 2.590860e-01 3.385508e-04 -0.0806 
5.9021e+05 3.1259 3.6367 0.53946 0.50994 0.3720 2.6312e+01 1 1.2823e-07 3.6367 7.404000e-01 2.590860e-01 3.385508e-04 -0.0806 
8.5612e+05 3.1800 3.6581 0.51750 0.51200 0.3720 2.5370e+01 1 2.2336e-07 3.6581 7.404000e-01 2.590860e-01 3.385508e-04 999.0000 
 0.5900 5 # agb_0.590_Z0.00050000_Mdot2_eta0.40_Mc0.00_dMc0.00_Tbd6.40_L0.00_dL0.00_C0.00_Nr3.00_rates0_KOPv_KMOLv.dat 
0.0000e+00 2.9445 3.6412 0.59000 0.50570 0.3865 1.7453e+01 1 1.6482e-08 3.6412 7.407000e-01 2.588340e-01 3.382217e-04 -0.0798 
2.5445e+05 3.0466 3.6335 0.58274 0.50720 0.3865 2.2403e+01 1 4.7643e-08 3.6335 7.407000e-01 2.588340e-01 3.382217e-04 -0.0792 
5.7703e+05 3.0766 3.6332 0.56916 0.50959 0.3865 2.4006e+01 1 6.8549e-08 3.6332 7.407000e-01 2.588340e-01 3.382217e-04 -0.0803 
9.5575e+05 3.1088 3.6384 0.54296 0.51307 0.3865 2.5113e+01 1 1.0568e-07 3.6384 7.407000e-01 2.588340e-01 3.382217e-04 -0.0794 
1.2321e+06 3.1606 3.6605 0.52045 0.51529 0.3865 2.3985e+01 1 1.7989e-07 3.6605 7.407000e-01 2.588340e-01 3.382217e-04 999.0000 
 0.6000 6 # agb_0.600_Z0.00050000_Mdot2_eta0.40_Mc0.00_dMc0.00_Tbd6.40_L0.00_dL0.00_C0.00_Nr3.00_rates0_KOPv_KMOLv.dat 
0.0000e+00 2.9550 3.6399 0.60000 0.50716 0.3882 1.7807e+01 1 1.7418e-08 3.6399 7.406000e-01 2.588510e-01 3.381506e-04 -0.0802 
2.4676e+05 3.0511 3.6325 0.59362 0.50860 0.3882 2.2541e+01 1 4.7206e-08 3.6325 7.406000e-01 2.588510e-01 3.381506e-04 -0.0802 
4.9303e+05 3.0846 3.6306 0.58684 0.51005 0.3882 2.4445e+01 1 6.8234e-08 3.6306 7.406000e-01 2.588510e-01 3.381506e-04 -0.0802 
5.6732e+05 3.0692 3.6327 0.58158 0.51096 0.3882 2.3512e+01 1 5.9841e-08 3.6327 7.406000e-01 2.588510e-01 3.381506e-04 -0.0802 
9.4040e+05 3.0997 3.6348 0.55846 0.51435 0.3882 2.4988e+01 1 9.0157e-08 3.6348 7.406000e-01 2.588510e-01 3.381506e-04 -0.0802 
1.2957e+06 3.1621 3.6606 0.52319 0.51796 0.3882 2.3976e+01 1 1.7947e-07 3.6606 7.406000e-01 2.588510e-01 3.381506e-04 999.0000 
 0.6200 4 # agb_0.62_Z0.00050000_Mdot2_eta0.40_Mc0.00_dMc0.00_Tbd6.40_L0.00_dL0.00_C0.00_Nr3.00_rates0_KOPv_KMOLv.dat 
0.0000e+00 3.0339 3.6331 0.62000 0.51017 0.3864 2.1264e+01 1 3.4834e-08 3.6331 7.402000e-01 2.592700e-01 3.382343e-04 -0.0825 
2.4777e+05 3.1080 3.6274 0.60651 0.51200 0.3864 2.5674e+01 1 7.8343e-08 3.6274 7.402000e-01 2.592700e-01 3.382343e-04 -0.0823 
5.6235e+05 3.1472 3.6270 0.58016 0.51492 0.3864 2.8304e+01 1 1.3152e-07 3.6270 7.402000e-01 2.592700e-01 3.382343e-04 -0.0827 
9.2349e+05 3.2027 3.6577 0.52458 0.51911 0.3864 2.6356e+01 1 2.6730e-07 3.6577 7.402000e-01 2.592700e-01 3.382343e-04 999.0000 
 0.6500 5 # agb_0.65_Z0.00050000_Mdot2_eta0.40_Mc0.00_dMc0.00_Tbd6.40_L0.00_dL0.00_C0.00_Nr3.00_rates0_KOPv_KMOLv.dat 
0.0000e+00 3.0496 3.6316 0.65000 0.51442 0.4053 2.1603e+01 1 3.5237e-08 3.6316 7.405000e-01 2.590450e-01 3.377378e-04 -0.0823 
2.3762e+05 3.1321 3.6250 0.63528 0.51632 0.4053 2.6675e+01 1 8.6497e-08 3.6250 7.405000e-01 2.590450e-01 3.377378e-04 -0.0834 
5.3934e+05 3.1821 3.6227 0.60399 0.51941 0.4053 3.0519e+01 1 1.6596e-07 3.6227 7.405000e-01 2.590450e-01 3.377378e-04 -0.0824 
8.9613e+05 3.2224 3.6517 0.53162 0.52404 0.4053 2.8342e+01 1 3.1842e-07 3.6517 7.405000e-01 2.590450e-01 3.377378e-04 -0.0820 
8.9784e+05 3.5168 3.6441 0.52918 0.52406 0.4053 1.1160e+02 0 5.7677e-06 3.6441 7.405000e-01 2.590450e-01 3.377378e-04 999.0000 
 0.6600 3 # agb_0.66_Z0.00050000_Mdot2_eta0.40_Mc0.00_dMc0.00_Tbd6.40_L0.00_dL0.00_C0.00_Nr3.00_rates0_KOPv_KMOLv.dat 
0.0000e+00 3.1728 3.6212 0.66000 0.51757 0.4029 2.8982e+01 1 1.1614e-07 3.6212 7.400000e-01 2.595440e-01 3.377005e-04 -0.0854 
2.3037e+05 3.2559 3.6159 0.61011 0.52009 0.4029 3.6525e+01 1 3.3884e-07 3.6159 7.400000e-01 2.595440e-01 3.377005e-04 -0.0848 
4.7349e+05 3.3298 3.6525 0.52812 0.52308 0.4029 3.4416e+01 1 9.1622e-07 3.6525 7.400000e-01 2.595440e-01 3.377005e-04 999.0000 
 0.6800 5 # agb_0.68_Z0.00050000_Mdot2_eta0.40_Mc0.00_dMc0.00_Tbd6.40_L0.00_dL0.00_C0.00_Nr3.00_rates0_KOPv_KMOLv.dat 
0.0000e+00 3.0499 3.6318 0.68000 0.51741 0.4209 2.1084e+01 1 3.0690e-08 3.6318 7.407000e-01 2.588070e-01 3.372532e-04 -0.0823 
2.2680e+05 3.1300 3.6253 0.66937 0.51917 0.4209 2.5828e+01 1 7.2111e-08 3.6253 7.407000e-01 2.588070e-01 3.372532e-04 -0.0839 
5.2138e+05 3.1609 3.6231 0.64727 0.52209 0.4209 2.8257e+01 1 1.0914e-07 3.6231 7.407000e-01 2.588070e-01 3.372532e-04 -0.0841 
8.6210e+05 3.2084 3.6224 0.59904 0.52635 0.4209 3.2214e+01 1 2.1979e-07 3.6224 7.407000e-01 2.588070e-01 3.372532e-04 -0.0832 
1.1328e+06 3.2698 3.6562 0.53483 0.52974 0.4209 2.9815e+01 1 4.8417e-07 3.6562 7.407000e-01 2.588070e-01 3.372532e-04 999.0000 
 0.7000 4 # agb_0.70_Z0.00050000_Mdot2_eta0.40_Mc0.00_dMc0.00_Tbd6.40_L0.00_dL0.00_C0.00_Nr3.00_rates0_KOPv_KMOLv.dat 
0.0000e+00 3.1830 3.6210 0.70000 0.52142 0.4233 2.8689e+01 1 1.0691e-07 3.6210 7.402000e-01 2.593220e-01 3.371286e-04 -0.0853 
2.2094e+05 3.2584 3.6146 0.66035 0.52388 0.4233 3.5564e+01 1 2.7353e-07 3.6146 7.402000e-01 2.593220e-01 3.371286e-04 -0.0852 
5.1697e+05 3.3057 3.6347 0.54408 0.52825 0.4233 3.6970e+01 1 7.1779e-07 3.6347 7.402000e-01 2.593220e-01 3.371286e-04 -0.0854 
5.3286e+05 3.1514 3.6624 0.53347 0.52825 0.4233 2.2974e+01 1 1.5101e-07 3.6624 7.402000e-01 2.593220e-01 3.371286e-04 999.0000 
 0.7200 5 # agb_0.72_Z0.00050000_Mdot2_eta0.40_Mc0.00_dMc0.00_Tbd6.40_L0.00_dL0.00_C0.00_Nr3.00_rates0_KOPv_KMOLv.dat 
0.0000e+00 3.0838 3.6299 0.72000 0.52159 0.4351 2.2102e+01 1 3.6058e-08 3.6299 7.408000e-01 2.586680e-01 3.368891e-04 -0.0831 
2.1668e+05 3.1558 3.6238 0.70900 0.52339 0.4351 2.6567e+01 1 7.7983e-08 3.6238 7.408000e-01 2.586680e-01 3.368891e-04 -0.0834 
5.0084e+05 3.1858 3.6212 0.68565 0.52644 0.4351 2.9100e+01 1 1.1695e-07 3.6212 7.408000e-01 2.586680e-01 3.368891e-04 -0.0854 
8.2858e+05 3.2336 3.6185 0.63442 0.53087 0.4351 3.3704e+01 1 2.3933e-07 3.6185 7.408000e-01 2.586680e-01 3.368891e-04 -0.0846 
1.1234e+06 3.2985 3.6556 0.54033 0.53530 0.4351 3.1418e+01 1 6.2230e-07 3.6556 7.408000e-01 2.586680e-01 3.368891e-04 999.0000 
 0.7500 5 # agb_0.75_Z0.00050000_Mdot2_eta0.40_Mc0.00_dMc0.00_Tbd6.40_L0.00_dL0.00_C0.00_Nr3.00_rates0_KOPv_KMOLv.dat 
0.0000e+00 3.1036 3.6291 0.75000 0.52379 0.4436 2.2582e+01 1 3.8548e-08 3.6291 7.407000e-01 2.588070e-01 3.367310e-04 -0.0835 
2.1235e+05 3.1785 3.6226 0.73779 0.52569 0.4436 2.7383e+01 1 8.6298e-08 3.6226 7.407000e-01 2.588070e-01 3.367310e-04 -0.0832 
4.8802e+05 3.2167 3.6190 0.71270 0.52882 0.4436 3.0689e+01 1 1.4125e-07 3.6190 7.407000e-01 2.588070e-01 3.367310e-04 -0.0855 
8.1299e+05 3.2599 3.6160 0.65409 0.53356 0.4436 3.5476e+01 1 2.8379e-07 3.6160 7.407000e-01 2.588070e-01 3.367310e-04 -0.0848 
1.0971e+06 3.3259 3.6541 0.54327 0.53813 0.4436 3.3295e+01 1 8.0168e-07 3.6541 7.407000e-01 2.588070e-01 3.367310e-04 999.0000 
 0.7600 5 # agb_0.76_Z0.00050000_Mdot2_eta0.40_Mc0.00_dMc0.00_Tbd6.40_L0.00_dL0.00_C0.00_Nr3.00_rates0_KOPv_KMOLv.dat 
0.0000e+00 3.1091 3.6289 0.76000 0.52480 0.4462 2.2685e+01 1 3.9084e-08 3.6289 7.406000e-01 2.589180e-01 3.366750e-04 -0.0836 
2.1265e+05 3.1802 3.6228 0.74682 0.52677 0.4462 2.7268e+01 1 8.4333e-08 3.6228 7.406000e-01 2.589180e-01 3.366750e-04 -0.0837 
4.8635e+05 3.2263 3.6184 0.71868 0.53002 0.4462 3.1244e+01 1 1.5136e-07 3.6184 7.406000e-01 2.589180e-01 3.366750e-04 -0.0854 
8.0768e+05 3.2718 3.6152 0.65293 0.53490 0.4462 3.6514e+01 1 3.2137e-07 3.6152 7.406000e-01 2.589180e-01 3.366750e-04 -0.0848 
1.0667e+06 3.3383 3.6530 0.54431 0.53901 0.4462 3.4299e+01 1 9.0365e-07 3.6530 7.406000e-01 2.589180e-01 3.366750e-04 999.0000 
 0.7800 4 # agb_0.78_Z0.00050000_Mdot2_eta0.40_Mc0.00_dMc0.00_Tbd6.40_L0.00_dL0.00_C0.00_Nr3.00_rates0_KOPv_KMOLv.dat 
0.0000e+00 3.2255 3.6198 0.78000 0.52767 0.4475 2.9622e+01 1 1.1588e-07 3.6198 7.401000e-01 2.594190e-01 3.365729e-04 -0.0853 
2.0633e+05 3.2955 3.6126 0.74287 0.53020 0.4475 3.6372e+01 1 2.7416e-07 3.6126 7.401000e-01 2.594190e-01 3.365729e-04 -0.0856 
4.8546e+05 3.3422 3.6096 0.63667 0.53479 0.4475 4.3835e+01 1 7.0469e-07 3.6096 7.401000e-01 2.594190e-01 3.365729e-04 -0.0864 
6.7489e+05 3.3893 3.6513 0.54248 0.53746 0.4475 3.8184e+01 1 1.5066e-06 3.6513 7.401000e-01 2.594190e-01 3.365729e-04 999.0000 
 0.8000 4 # agb_0.80_Z0.00050000_Mdot2_eta0.40_Mc0.00_dMc0.00_Tbd6.40_L0.00_dL0.00_C0.00_Nr3.00_rates0_KOPv_KMOLv.dat 
0.0000e+00 3.2338 3.6198 0.80000 0.52923 0.4520 2.9678e+01 1 1.1614e-07 3.6198 7.396000e-01 2.599310e-01 3.368182e-04 -0.0854 
2.0242e+05 3.3085 3.6121 0.76262 0.53179 0.4520 3.6891e+01 1 2.8708e-07 3.6121 7.396000e-01 2.599310e-01 3.368182e-04 -0.0854 
4.7851e+05 3.3539 3.6081 0.65273 0.53649 0.4520 4.4691e+01 1 7.3621e-07 3.6081 7.396000e-01 2.599310e-01 3.368182e-04 -0.0868 
6.6950e+05 3.4051 3.6500 0.54464 0.53938 0.4520 3.9614e+01 1 1.7418e-06 3.6500 7.396000e-01 2.599310e-01 3.368182e-04 999.0000 
 0.8500 4 # agb_0.85_Z0.00050000_Mdot2_eta0.40_Mc0.00_dMc0.00_Tbd6.40_L0.00_dL0.00_C0.00_Nr3.00_rates0_KOPv_KMOLv.dat 
0.0000e+00 3.2903 3.6169 0.85000 0.53423 0.4488 3.2600e+01 1 1.6827e-07 3.6169 7.372000e-01 2.623290e-01 3.379431e-04 -0.0859 
1.9188e+05 3.3624 3.6089 0.79958 0.53703 0.4488 4.0690e+01 1 4.2462e-07 3.6089 7.372000e-01 2.623290e-01 3.379431e-04 -0.0862 
4.5843e+05 3.4075 3.6064 0.62549 0.54232 0.4488 1.0530e+02 0 1.4223e-06 3.6064 7.372000e-01 2.623290e-01 3.379431e-04 -0.0877 
5.9308e+05 3.4011 3.6503 0.54938 0.54399 0.4488 3.9072e+01 1 1.6331e-06 3.6503 7.372000e-01 2.623290e-01 3.379431e-04 999.0000 
 0.9000 5 # agb_0.90_Z0.00050000_Mdot2_eta0.40_Mc0.00_dMc0.00_Tbd6.40_L0.00_dL0.00_C0.00_Nr3.00_rates0_KOPv_KMOLv.dat 
0.0000e+00 3.2687 3.6211 0.90000 0.53789 0.4391 2.9519e+01 1 1.1220e-07 3.6211 7.347000e-01 2.647400e-01 3.394541e-04 -0.0849 
1.8504e+05 3.3199 3.6157 0.87338 0.54037 0.4391 3.4240e+01 1 2.0749e-07 3.6157 7.347000e-01 2.647400e-01 3.394541e-04 -0.0860 
4.3389e+05 3.3677 3.6095 0.80722 0.54480 0.4391 4.0711e+01 1 4.3251e-07 3.6095 7.347000e-01 2.647400e-01 3.394541e-04 -0.0863 
7.2140e+05 3.4165 3.6177 0.58553 0.55142 0.4391 1.0304e+02 0 1.8072e-06 3.6177 7.347000e-01 2.647400e-01 3.394541e-04 -0.0896 
7.2375e+05 3.5356 3.6461 0.55658 0.55142 0.4391 1.0925e+02 0 5.8614e-06 3.6461 7.347000e-01 2.647400e-01 3.394541e-04 999.0000 
 0.9500 5 # agb_0.95_Z0.00050000_Mdot2_eta0.40_Mc0.00_dMc0.00_Tbd6.40_L0.00_dL0.00_C0.00_Nr3.00_rates0_KOPv_KMOLv.dat 
0.0000e+00 3.2643 3.6233 0.95000 0.53806 0.4280 2.8017e+01 1 9.0157e-08 3.6233 7.334000e-01 2.661550e-01 3.396712e-04 -0.0841 
1.8218e+05 3.3409 3.6159 0.92556 0.54057 0.4280 3.4498e+01 1 2.1184e-07 3.6159 7.334000e-01 2.661550e-01 3.396712e-04 -0.0846 
4.3411e+05 3.3826 3.6100 0.86148 0.54526 0.4280 4.0319e+01 1 4.0738e-07 3.6100 7.334000e-01 2.661550e-01 3.396712e-04 -0.0859 
7.2003e+05 3.4351 3.6035 0.66229 0.55215 0.4280 1.0920e+02 0 1.5740e-06 3.6035 7.334000e-01 2.661550e-01 3.396712e-04 -0.0889 
8.3709e+05 3.4197 3.6516 0.55880 0.55372 0.4280 3.9673e+01 1 1.8408e-06 3.6516 7.334000e-01 2.661550e-01 3.396712e-04 999.0000 
 1.0000 6 # agb_1.00_Z0.00050000_Mdot2_eta0.40_Mc0.00_dMc0.00_Tbd6.40_L0.00_dL0.00_C0.00_Nr3.00_rates0_KOPv_KMOLv.dat 
0.0000e+00 3.2383 3.6277 1.00000 0.54084 0.4131 2.5201e+01 1 5.8614e-08 3.6277 7.317000e-01 2.677750e-01 3.402055e-04 -0.0831 
1.7639e+05 3.2994 3.6222 0.98657 0.54304 0.4131 2.9560e+01 1 1.1324e-07 3.6222 7.317000e-01 2.677750e-01 3.402055e-04 -0.0832 
4.1445e+05 3.3420 3.6175 0.95538 0.54699 0.4131 3.3623e+01 1 1.9275e-07 3.6175 7.317000e-01 2.677750e-01 3.402055e-04 -0.0850 
6.8956e+05 3.3920 3.6106 0.88333 0.55288 0.4131 4.0315e+01 1 4.1115e-07 3.6106 7.317000e-01 2.677750e-01 3.402055e-04 -0.0859 
9.6462e+05 3.4443 3.6036 0.67530 0.56003 0.4131 1.0940e+02 0 1.6181e-06 3.6036 7.317000e-01 2.677750e-01 3.402055e-04 -0.0906 
1.0608e+06 3.4117 3.6531 0.56624 0.56121 0.4131 3.8418e+01 1 1.6255e-06 3.6531 7.317000e-01 2.677750e-01 3.402055e-04 999.0000 
 1.0500 7 # agb_1.05_Z0.00050000_Mdot2_eta0.40_Mc0.00_dMc0.00_Tbd6.40_L0.00_dL0.00_C0.00_Nr3.00_rates0_KOPv_KMOLv.dat 
0.0000e+00 3.2013 3.6331 1.05000 0.54282 0.4004 2.2093e+01 1 3.4356e-08 3.6331 7.304000e-01 2.691070e-01 3.404971e-04 -0.0825 
1.6946e+05 3.2756 3.6264 1.04176 0.54477 0.4004 2.6680e+01 1 7.4473e-08 3.6264 7.304000e-01 2.691070e-01 3.404971e-04 -0.0804 
4.0103e+05 3.3079 3.6232 1.02326 0.54828 0.4004 2.9250e+01 1 1.0914e-07 3.6232 7.304000e-01 2.691070e-01 3.404971e-04 -0.0834 
6.6802e+05 3.3567 3.6177 0.98391 0.55348 0.4004 3.3966e+01 1 2.0277e-07 3.6177 7.304000e-01 2.691070e-01 3.404971e-04 -0.0860 
9.3872e+05 3.4101 3.6102 0.89852 0.55993 0.4004 4.1456e+01 1 4.6559e-07 3.6102 7.304000e-01 2.691070e-01 3.404971e-04 -0.0866 
1.1954e+06 3.4658 3.6077 0.63215 0.56709 0.4004 1.1746e+02 0 2.4044e-06 3.6077 7.304000e-01 2.691070e-01 3.404971e-04 -0.0914 
1.1986e+06 3.6121 3.6446 0.57244 0.56709 0.4004 1.2798e+02 0 1.1350e-05 3.6446 7.304000e-01 2.691070e-01 3.404971e-04 999.0000 
 1.1000 5 # agb_1.10_Z0.00050000_Mdot2_eta0.40_Mc0.00_dMc0.00_Tbd6.40_L0.00_dL0.00_C0.00_Nr3.00_rates0_KOPv_KMOLv.dat 
0.0000e+00 3.3512 3.6225 1.10000 0.54903 0.3890 3.0676e+01 1 1.3305e-07 3.6225 7.290000e-01 2.705420e-01 3.407296e-04 -0.0844 
1.6403e+05 3.4161 3.6156 1.06834 0.55187 0.3890 3.6862e+01 1 2.8119e-07 3.6156 7.290000e-01 2.705420e-01 3.407296e-04 -0.0852 
3.8981e+05 3.4675 3.6081 0.98539 0.55717 0.3890 4.4590e+01 1 6.1518e-07 3.6081 7.290000e-01 2.705420e-01 3.407296e-04 -0.0862 
6.4631e+05 3.5161 3.5974 0.70015 0.56494 0.3890 1.3141e+02 0 2.9854e-06 3.5974 7.290000e-01 2.705420e-01 3.407296e-04 -0.0901 
7.3653e+05 3.4708 3.6496 0.57171 0.56626 0.3890 4.3692e+01 1 2.8379e-06 3.6496 7.290000e-01 2.705420e-01 3.407296e-04 999.0000 
 1.1500 6 # agb_1.15_Z0.00050000_Mdot2_eta0.40_Mc0.00_dMc0.00_Tbd6.40_L0.00_dL0.00_C0.00_Nr3.00_rates0_KOPv_KMOLv.dat 
0.0000e+00 3.2428 3.6336 1.15000 0.54963 0.3787 2.2670e+01 1 3.8637e-08 3.6336 7.283000e-01 2.711930e-01 3.410545e-04 -0.0822 
1.5960e+05 3.3050 3.6280 1.14147 0.55169 0.3787 2.6564e+01 1 7.3961e-08 3.6280 7.283000e-01 2.711930e-01 3.410545e-04 -0.0801 
3.7349e+05 3.3485 3.6238 1.12238 0.55530 0.3787 2.9910e+01 1 1.2106e-07 3.6238 7.283000e-01 2.711930e-01 3.410545e-04 -0.0848 
6.2078e+05 3.4001 3.6180 1.08247 0.56067 0.3787 3.4936e+01 1 2.2856e-07 3.6180 7.283000e-01 2.711930e-01 3.410545e-04 -0.0857 
8.7259e+05 3.4535 3.6104 0.99582 0.56738 0.3787 4.2521e+01 1 5.1523e-07 3.6104 7.283000e-01 2.711930e-01 3.410545e-04 -0.0861 
1.0946e+06 3.5609 3.6433 0.57898 0.57365 2.4407 1.1431e+02 0 6.7143e-06 3.6433 7.263325e-01 2.727400e-01 7.600042e-04 999.0000 
 1.2000 6 # agb_1.20_Z0.00050000_Mdot2_eta0.40_Mc0.00_dMc0.00_Tbd6.40_L0.00_dL0.00_C0.00_Nr3.00_rates0_KOPv_KMOLv.dat 
0.0000e+00 3.2671 3.6334 1.20000 0.55182 0.3696 2.3222e+01 1 4.2855e-08 3.6334 7.278000e-01 2.716470e-01 3.413257e-04 -0.0824 
1.5538e+05 3.3227 3.6284 1.19152 0.55391 0.3696 2.6755e+01 1 7.6560e-08 3.6284 7.278000e-01 2.716470e-01 3.413257e-04 -0.0802 
3.6464e+05 3.3619 3.6247 1.17317 0.55757 0.3696 2.9793e+01 1 1.1967e-07 3.6247 7.278000e-01 2.716470e-01 3.413257e-04 -0.0847 
6.0793e+05 3.4123 3.6191 1.13429 0.56308 0.3696 3.4619e+01 1 2.2182e-07 3.6191 7.278000e-01 2.716470e-01 3.413257e-04 -0.0859 
8.5330e+05 3.4887 3.6050 1.03071 0.56920 1.3144 4.6340e+01 1 6.6681e-07 3.6050 7.264362e-01 2.728180e-01 5.340418e-04 -0.0916 
1.0595e+06 3.5883 3.6408 0.57942 0.57437 4.1329 1.2418e+02 0 8.8308e-06 3.6408 7.232222e-01 2.753480e-01 1.216272e-03 999.0000 
 1.2500 6 # agb_1.25_Z0.00050000_Mdot2_eta0.40_Mc0.00_dMc0.00_Tbd6.40_L0.00_dL0.00_C0.00_Nr3.00_rates0_KOPv_KMOLv.dat 
0.0000e+00 3.3367 3.6294 1.25000 0.55771 0.3638 2.6603e+01 1 7.5336e-08 3.6294 7.278000e-01 2.717110e-01 3.413938e-04 -0.0819 
1.4831e+05 3.3972 3.6239 1.23447 0.56018 0.3638 3.1129e+01 1 1.4421e-07 3.6239 7.278000e-01 2.717110e-01 3.413938e-04 -0.0845 
3.4719e+05 3.4509 3.6180 1.19887 0.56456 0.3638 3.6395e+01 1 2.7227e-07 3.6180 7.278000e-01 2.717110e-01 3.413938e-04 -0.0851 
5.8058e+05 3.4990 3.6110 1.11530 0.57128 0.3638 4.3423e+01 1 5.6105e-07 3.6110 7.278000e-01 2.717110e-01 3.413938e-04 -0.0860 
8.0762e+05 3.5791 3.5862 0.76965 0.57840 1.7227 1.5358e+02 0 4.3053e-06 3.5862 7.260637e-01 2.731720e-01 6.153394e-04 -0.1012 
8.8513e+05 3.5379 3.6462 0.58503 0.57979 1.7227 1.0482e+02 0 5.1286e-06 3.6462 7.260637e-01 2.731720e-01 6.153394e-04 999.0000 
 1.3000 5 # agb_1.30_Z0.00050000_Mdot2_eta0.40_Mc0.00_dMc0.00_Tbd6.40_L0.00_dL0.00_C0.00_Nr3.00_rates0_KOPv_KMOLv.dat 
0.0000e+00 3.4548 3.6212 1.30000 0.56260 0.3588 3.4377e+01 1 2.1727e-07 3.6212 7.280000e-01 2.714840e-01 3.414516e-04 -0.0858 
1.4227e+05 3.4995 3.6160 1.26248 0.56570 0.3588 3.9319e+01 1 3.7497e-07 3.6160 7.280000e-01 2.714840e-01 3.414516e-04 -0.0848 
3.4055e+05 3.5496 3.6083 1.16464 0.57157 0.3588 4.7515e+01 1 8.0910e-07 3.6083 7.280000e-01 2.714840e-01 3.414516e-04 -0.0859 
5.6163e+05 3.6168 3.5879 0.69852 0.57914 1.1474 1.7953e+02 0 8.3176e-06 3.5879 7.265435e-01 2.727800e-01 5.016837e-04 -0.0945 
6.0348e+05 3.3904 3.6535 0.58482 0.57935 1.1474 3.6258e+01 1 1.1940e-06 3.6535 7.265435e-01 2.727800e-01 5.016837e-04 999.0000 
 1.3500 5 # agb_1.35_Z0.00050000_Mdot2_eta0.40_Mc0.00_dMc0.00_Tbd6.40_L0.00_dL0.00_C0.00_Nr3.00_rates0_KOPv_KMOLv.dat 
0.0000e+00 3.4352 3.6247 1.35000 0.56358 0.3513 3.1712e+01 1 1.5740e-07 3.6247 7.281000e-01 2.714620e-01 3.416887e-04 -0.0846 
1.3978e+05 3.4980 3.6182 1.31924 0.56657 0.3513 3.7743e+01 1 3.1915e-07 3.6182 7.281000e-01 2.714620e-01 3.416887e-04 -0.0843 
3.3534e+05 3.5473 3.6113 1.24000 0.57231 0.3513 4.4855e+01 1 6.4269e-07 3.6113 7.281000e-01 2.714620e-01 3.416887e-04 -0.0850 
5.5338e+05 3.6112 3.5931 0.98027 0.57954 1.0801 6.4908e+01 1 2.6915e-06 3.5931 7.267444e-01 2.726690e-01 4.894965e-04 -0.0923 
6.6505e+05 3.6659 3.6389 0.58586 0.58078 4.3829 1.4880e+02 0 1.8239e-05 3.6389 7.223711e-01 2.762520e-01 1.276949e-03 999.0000 
 1.4000 4 # agb_1.40_Z0.00050000_Mdot2_eta0.40_Mc0.00_dMc0.00_Tbd6.40_L0.00_dL0.00_C0.00_Nr3.00_rates0_KOPv_KMOLv.dat 
0.0000e+00 3.5130 3.6198 1.40000 0.57159 0.3430 3.7196e+01 1 3.0479e-07 3.6198 7.276000e-01 2.719320e-01 3.419616e-04 -0.0854 
1.2818e+05 3.5714 3.6130 1.34845 0.57488 0.3430 4.4335e+01 1 6.2087e-07 3.6130 7.276000e-01 2.719320e-01 3.419616e-04 -0.0843 
3.1192e+05 3.6167 3.6036 1.19959 0.58137 0.3430 5.4773e+01 1 1.4454e-06 3.6036 7.276000e-01 2.719320e-01 3.419616e-04 -0.0873 
4.7892e+05 3.6955 3.6418 0.59279 0.58724 1.2557 1.5327e+02 0 2.3121e-05 3.6418 7.260035e-01 2.733440e-01 5.258169e-04 999.0000 
 1.4500 7 # agb_1.45_Z0.00050000_Mdot2_eta0.40_Mc0.00_dMc0.00_Tbd6.40_L0.00_dL0.00_C0.00_Nr3.00_rates0_KOPv_KMOLv.dat 
0.0000e+00 3.3300 3.6368 1.45000 0.56566 0.3345 2.3084e+01 1 4.3053e-08 3.6368 7.269000e-01 2.726040e-01 3.422238e-04 -0.0803 
1.3631e+05 3.3761 3.6328 1.44195 0.56787 0.3345 2.5936e+01 1 6.9663e-08 3.6328 7.269000e-01 2.726040e-01 3.422238e-04 -0.0821 
3.1092e+05 3.4395 3.6271 1.42508 0.57153 0.3345 3.0533e+01 1 1.3709e-07 3.6271 7.269000e-01 2.726040e-01 3.422238e-04 -0.0844 
5.2511e+05 3.4879 3.6206 1.38611 0.57660 0.7099 3.5502e+01 1 2.4547e-07 3.6206 7.261238e-01 2.733040e-01 4.189910e-04 -0.0833 
7.3969e+05 3.5619 3.6058 1.29202 0.58192 2.0483 4.6959e+01 1 6.6988e-07 3.6058 7.240663e-01 2.750630e-01 7.164358e-04 -0.0945 
9.5371e+05 3.6316 3.5732 0.95424 0.58770 4.9566 1.5976e+02 0 3.8994e-06 3.5732 7.205335e-01 2.778370e-01 1.471830e-03 -0.1152 
1.0459e+06 3.6542 3.6327 0.59298 0.58788 9.5018 1.5151e+02 0 1.6144e-05 3.6327 7.155236e-01 2.813960e-01 2.911253e-03 999.0000 
 1.5000 7 # agb_1.50_Z0.00050000_Mdot2_eta0.40_Mc0.00_dMc0.00_Tbd6.40_L0.00_dL0.00_C0.00_Nr3.00_rates0_KOPv_KMOLv.dat 
0.0000e+00 3.3414 3.6373 1.50000 0.56558 0.3286 2.3070e+01 1 4.3251e-08 3.6373 7.270000e-01 2.724800e-01 3.423925e-04 -0.0800 
1.3386e+05 3.3982 3.6324 1.49219 0.56780 0.3286 2.6607e+01 1 7.7804e-08 3.6324 7.270000e-01 2.724800e-01 3.423925e-04 -0.0828 
3.0897e+05 3.4519 3.6277 1.47613 0.57155 0.3286 3.0563e+01 1 1.3804e-07 3.6277 7.270000e-01 2.724800e-01 3.423925e-04 -0.0842 
5.2122e+05 3.5038 3.6209 1.43967 0.57663 0.7035 3.5758e+01 1 2.5410e-07 3.6209 7.262323e-01 2.731710e-01 4.187650e-04 -0.0834 
7.3920e+05 3.5699 3.6071 1.35088 0.58212 2.0489 4.6123e+01 1 6.2661e-07 3.6071 7.242081e-01 2.748980e-01 7.153780e-04 -0.0944 
9.5258e+05 3.6396 3.5776 1.06513 0.58784 4.9594 7.3419e+01 1 2.9376e-06 3.5776 7.207701e-01 2.775870e-01 1.461027e-03 -0.1128 
1.0635e+06 3.6882 3.6316 0.59398 0.58872 9.3943 1.6483e+02 0 2.2439e-05 3.6316 7.160362e-01 2.809400e-01 2.831826e-03 999.0000 
 1.5500 7 # agb_1.55_Z0.00050000_Mdot2_eta0.40_Mc0.00_dMc0.00_Tbd6.40_L0.00_dL0.00_C0.00_Nr3.00_rates0_KOPv_KMOLv.dat 
0.0000e+00 3.3605 3.6371 1.55000 0.56254 0.3236 2.3534e+01 1 4.6989e-08 3.6371 7.272000e-01 2.723590e-01 3.425159e-04 -0.0801 
1.3433e+05 3.4432 3.6301 1.54094 0.56492 0.3236 2.8896e+01 1 1.0990e-07 3.6301 7.272000e-01 2.723590e-01 3.425159e-04 -0.0819 
3.2465e+05 3.4836 3.6261 1.51961 0.56945 0.3236 3.2281e+01 1 1.7298e-07 3.6261 7.272000e-01 2.723590e-01 3.425159e-04 -0.0824 
5.4297e+05 3.5374 3.6188 1.47284 0.57517 0.7624 3.8183e+01 1 3.3113e-07 3.6188 7.263300e-01 2.731390e-01 4.312629e-04 -0.0847 
7.6244e+05 3.6039 3.6029 1.35926 0.58096 2.3930 5.0490e+01 1 8.7096e-07 3.6029 7.240475e-01 2.750620e-01 7.895941e-04 -0.0958 
9.7965e+05 3.6670 3.5642 0.91286 0.58710 5.8231 1.9498e+02 0 6.5766e-06 3.5642 7.202736e-01 2.779480e-01 1.673393e-03 -0.1150 
1.0600e+06 3.6452 3.6297 0.59223 0.58684 10.8970 1.5271e+02 0 1.5066e-05 3.6297 7.150372e-01 2.815680e-01 3.274017e-03 999.0000 
 1.6000 10 # agb_1.60_Z0.00050000_Mdot2_eta0.40_Mc0.00_dMc0.00_Tbd6.40_L0.00_dL0.00_C0.00_Nr3.00_rates0_KOPv_KMOLv.dat 
0.0000e+00 3.1928 3.6511 1.60000 0.52925 0.3214 1.5373e+01 1 7.8886e-09 3.6511 7.275000e-01 2.720450e-01 3.426788e-04 -0.0765 
1.8962e+05 3.2648 3.6456 1.59816 0.53132 0.3214 1.8270e+01 1 1.6293e-08 3.6456 7.275000e-01 2.720450e-01 3.426788e-04 -0.0746 
4.4950e+05 3.2957 3.6431 1.59421 0.53508 0.3214 1.9723e+01 1 2.2387e-08 3.6431 7.275000e-01 2.720450e-01 3.426788e-04 -0.0764 
7.4182e+05 3.3518 3.6384 1.58700 0.54043 0.3214 2.2669e+01 1 3.9902e-08 3.6384 7.275000e-01 2.720450e-01 3.426788e-04 -0.0778 
1.0361e+06 3.4178 3.6310 1.57328 0.54570 0.9912 2.7132e+01 1 8.0353e-08 3.6310 7.265253e-01 2.728850e-01 4.768139e-04 -0.0793 
1.3378e+06 3.4757 3.6200 1.54327 0.55122 2.9228 3.3001e+01 1 1.5704e-07 3.6200 7.244519e-01 2.745250e-01 9.090905e-04 -0.0879 
1.6258e+06 3.5359 3.6042 1.48477 0.55640 6.2216 4.2208e+01 1 3.4041e-07 3.6042 7.214007e-01 2.766870e-01 1.794641e-03 -0.0983 
1.9115e+06 3.5889 3.5840 1.35522 0.56251 10.2418 5.6467e+01 1 8.2794e-07 3.5840 7.177395e-01 2.790210e-01 3.111494e-03 -0.1098 
2.1792e+06 3.6454 3.5414 0.88417 0.57073 13.5955 2.3446e+02 0 6.5464e-06 3.5414 7.145259e-01 2.809190e-01 4.410148e-03 -0.1244 
2.2777e+06 3.6253 3.6249 0.57865 0.57323 13.5955 1.5574e+02 0 1.3646e-05 3.6249 7.145259e-01 2.809190e-01 4.410148e-03 999.0000 
 1.6500 11 # agb_1.65_Z0.00050000_Mdot2_eta0.40_Mc0.00_dMc0.00_Tbd6.40_L0.00_dL0.00_C0.00_Nr3.00_rates0_KOPv_KMOLv.dat 
0.0000e+00 3.1644 3.6549 1.65000 0.53591 0.3220 1.3975e+01 1 5.3580e-09 3.6549 7.275000e-01 2.719460e-01 3.426979e-04 -0.0754 
1.7925e+05 3.2013 3.6519 1.64896 0.53769 0.3220 1.5285e+01 1 7.7625e-09 3.6519 7.275000e-01 2.719460e-01 3.426979e-04 -0.0745 
4.0365e+05 3.2574 3.6478 1.64697 0.54047 0.3220 1.7473e+01 1 1.3677e-08 3.6478 7.275000e-01 2.719460e-01 3.426979e-04 -0.0756 
6.8026e+05 3.2932 3.6448 1.64291 0.54490 0.3220 1.9087e+01 1 1.9724e-08 3.6448 7.275000e-01 2.719460e-01 3.426979e-04 -0.0772 
9.5324e+05 3.3620 3.6380 1.63569 0.54914 0.7777 2.2809e+01 1 4.0179e-08 3.6380 7.267622e-01 2.725910e-01 4.349600e-04 -0.0785 
1.2348e+06 3.4296 3.6288 1.62088 0.55352 2.1108 2.7734e+01 1 8.2794e-08 3.6288 7.251318e-01 2.739260e-01 7.293107e-04 -0.0837 
1.5216e+06 3.4890 3.6166 1.59052 0.55815 4.5658 3.4137e+01 1 1.6520e-07 3.6166 7.226246e-01 2.758000e-01 1.361249e-03 -0.0925 
1.8054e+06 3.5416 3.6017 1.53016 0.56314 7.9571 4.2760e+01 1 3.3189e-07 3.6017 7.193915e-01 2.779820e-01 2.406170e-03 -0.1022 
2.0752e+06 3.5975 3.5825 1.40503 0.56901 11.5392 5.6962e+01 1 8.1096e-07 3.5825 7.159214e-01 2.801290e-01 3.716488e-03 -0.1119 
2.3252e+06 3.6575 3.5526 1.00879 0.57742 14.1019 1.9363e+02 0 4.6452e-06 3.5526 7.133220e-01 2.816400e-01 4.786742e-03 -0.1217 
2.4317e+06 3.6797 3.6281 0.58606 0.58082 14.2601 1.6893e+02 0 2.1878e-05 3.6281 7.131614e-01 2.817290e-01 4.856828e-03 999.0000 
 1.7000 6 # agb_1.70_Z0.00050000_Mdot2_eta0.40_Mc0.00_dMc0.00_Tbd6.40_L0.00_dL0.00_C0.00_Nr3.00_rates0_KOPv_KMOLv.dat 
0.0000e+00 3.5236 3.6280 1.70000 0.57021 0.3155 3.2347e+01 1 1.7824e-07 3.6280 7.276000e-01 2.718220e-01 3.418017e-04 -0.0836 
1.2845e+05 3.5537 3.6248 1.67748 0.57339 0.3155 3.5230e+01 1 2.5177e-07 3.6248 7.276000e-01 2.718220e-01 3.418017e-04 -0.0817 
3.0700e+05 3.6091 3.6180 1.62433 0.57860 0.5257 4.1652e+01 1 4.9091e-07 3.6180 7.270538e-01 2.723260e-01 3.837392e-04 -0.0832 
5.1461e+05 3.6663 3.6047 1.48605 0.58521 1.5191 5.3358e+01 1 1.1967e-06 3.6047 7.251977e-01 2.739730e-01 5.925485e-04 -0.0915 
7.2216e+05 3.7308 3.5609 0.71816 0.59178 4.5027 2.8748e+02 0 2.6002e-05 3.5609 7.213861e-01 2.770790e-01 1.295245e-03 -0.1118 
7.2850e+05 3.5649 3.6410 0.59718 0.59178 4.5027 1.1457e+02 0 6.4121e-06 3.6410 7.213861e-01 2.770790e-01 1.295245e-03 999.0000 
 1.7500 7 # agb_1.75_Z0.00050000_Mdot2_eta0.40_Mc0.00_dMc0.00_Tbd6.40_L0.00_dL0.00_C0.00_Nr3.00_rates0_KOPv_KMOLv.dat 
0.0000e+00 3.3882 3.6404 1.75000 0.56961 0.3142 2.2714e+01 1 4.1495e-08 3.6404 7.278000e-01 2.717070e-01 3.417556e-04 -0.0809 
1.2932e+05 3.4326 3.6367 1.74301 0.57203 0.3142 2.5366e+01 1 6.5615e-08 3.6367 7.278000e-01 2.717070e-01 3.417556e-04 -0.0807 
2.9671e+05 3.4925 3.6316 1.72903 0.57545 0.4692 2.9506e+01 1 1.2303e-07 3.6316 7.273985e-01 2.720780e-01 3.725594e-04 -0.0817 
5.0541e+05 3.5432 3.6242 1.69693 0.58023 1.0636 3.4509e+01 1 2.2029e-07 3.6242 7.261845e-01 2.731670e-01 4.968649e-04 -0.0827 
7.1971e+05 3.6085 3.6112 1.62737 0.58495 2.6781 4.3709e+01 1 5.0119e-07 3.6112 7.237256e-01 2.752540e-01 8.671427e-04 -0.0934 
9.3713e+05 3.6669 3.5903 1.45783 0.58984 5.8224 5.9916e+01 1 1.3646e-06 3.5903 7.200328e-01 2.781230e-01 1.686330e-03 -0.1081 
1.1360e+06 3.7341 3.6293 0.60041 0.59491 10.2093 1.8459e+02 0 3.4119e-05 3.6293 7.154569e-01 2.813590e-01 3.012033e-03 999.0000 
 1.8000 7 # agb_1.80_Z0.00050000_Mdot2_eta0.40_Mc0.00_dMc0.00_Tbd6.40_L0.00_dL0.00_C0.00_Nr3.00_rates0_KOPv_KMOLv.dat 
0.0000e+00 3.4148 3.6397 1.80000 0.57764 0.3114 2.3633e+01 1 4.9431e-08 3.6397 7.278000e-01 2.716920e-01 3.418314e-04 -0.0806 
1.1583e+05 3.4713 3.6351 1.79254 0.57994 0.3114 2.7165e+01 1 8.8105e-08 3.6351 7.278000e-01 2.716920e-01 3.418314e-04 -0.0817 
2.7742e+05 3.5013 3.6323 1.77650 0.58350 0.4629 2.9424e+01 1 1.2274e-07 3.6323 7.274147e-01 2.720470e-01 3.716883e-04 -0.0819 
4.6302e+05 3.5644 3.6239 1.74391 0.58786 1.0358 3.5447e+01 1 2.4889e-07 3.6239 7.262620e-01 2.730810e-01 4.901580e-04 -0.0838 
6.6169e+05 3.6298 3.6110 1.66996 0.59248 2.5709 4.4894e+01 1 5.6885e-07 3.6110 7.239359e-01 2.750600e-01 8.363808e-04 -0.0927 
8.6360e+05 3.6882 3.5900 1.48720 0.59721 5.6027 6.1849e+01 1 1.5776e-06 3.5900 7.203808e-01 2.778400e-01 1.606733e-03 -0.1087 
1.0451e+06 3.7540 3.6302 0.60719 0.60171 9.9613 1.8950e+02 0 3.8637e-05 3.6302 7.158480e-01 2.810840e-01 2.882763e-03 999.0000 
 1.8500 7 # agb_1.85_Z0.00050000_Mdot2_eta0.40_Mc0.00_dMc0.00_Tbd6.40_L0.00_dL0.00_C0.00_Nr3.00_rates0_KOPv_KMOLv.dat 
0.0000e+00 3.4669 3.6370 1.85000 0.59030 0.3092 2.6139e+01 1 7.6033e-08 3.6370 7.281000e-01 2.714780e-01 3.417224e-04 -0.0808 
1.0094e+05 3.5419 3.6306 1.83829 0.59267 0.3092 3.1544e+01 1 1.6482e-07 3.6306 7.281000e-01 2.714780e-01 3.417224e-04 -0.0802 
2.3897e+05 3.5878 3.6261 1.81312 0.59625 0.4702 3.5705e+01 1 2.7353e-07 3.6261 7.277008e-01 2.718460e-01 3.730899e-04 -0.0804 
4.0907e+05 3.6323 3.6183 1.75676 0.60107 1.1019 4.1664e+01 1 4.8195e-07 3.6183 7.264727e-01 2.729450e-01 5.019350e-04 -0.0887 
5.8418e+05 3.6922 3.6026 1.62790 0.60577 2.8197 5.4217e+01 1 1.1695e-06 3.6026 7.239829e-01 2.750510e-01 8.830040e-04 -0.0999 
7.6139e+05 3.7464 3.5694 1.21640 0.61059 6.2010 8.8587e+01 1 5.6885e-06 3.5694 7.201472e-01 2.780380e-01 1.726108e-03 -0.1141 
8.5008e+05 3.7809 3.6313 0.61554 0.61030 11.1969 1.9696e+02 0 4.1115e-05 3.6313 7.149400e-01 2.817760e-01 3.176720e-03 999.0000 
 1.9000 7 # agb_1.90_Z0.00050000_Mdot2_eta0.40_Mc0.00_dMc0.00_Tbd6.40_L0.00_dL0.00_C0.00_Nr3.00_rates0_KOPv_KMOLv.dat 
0.0000e+00 3.4754 3.6380 1.90000 0.60626 0.3092 2.6012e+01 1 7.5683e-08 3.6380 7.281000e-01 2.714780e-01 3.417224e-04 -0.0793 
8.6443e+04 3.5516 3.6313 1.88809 0.60838 0.3092 3.1499e+01 1 1.6634e-07 3.6313 7.281000e-01 2.714780e-01 3.417224e-04 -0.0835 
2.0402e+05 3.5913 3.6267 1.86444 0.61100 0.5530 3.5262e+01 1 2.5882e-07 3.6267 7.275036e-01 2.720260e-01 3.896071e-04 -0.0857 
3.5565e+05 3.6335 3.6197 1.81248 0.61481 1.2102 4.0670e+01 1 4.3954e-07 3.6197 7.261572e-01 2.732340e-01 5.276701e-04 -0.0872 
5.1555e+05 3.6931 3.6054 1.69636 0.61863 2.7642 5.2121e+01 1 1.0257e-06 3.6054 7.236364e-01 2.753980e-01 8.833139e-04 -0.1003 
6.7756e+05 3.7485 3.5783 1.37418 0.62246 5.7586 7.8306e+01 1 3.8107e-06 3.5783 7.198474e-01 2.784280e-01 1.635927e-03 -0.1146 
7.7746e+05 3.8069 3.6330 0.62804 0.62276 10.2589 2.0181e+02 0 4.3652e-05 3.6330 7.148314e-01 2.821470e-01 2.915765e-03 999.0000 
 1.9500 6 # agb_1.95_Z0.00050000_Mdot2_eta0.40_Mc0.00_dMc0.00_Tbd6.40_L0.00_dL0.00_C0.00_Nr3.00_rates0_KOPv_KMOLv.dat 
0.0000e+00 3.5810 3.6304 1.95000 0.61307 0.3044 3.2925e+01 1 2.0045e-07 3.6304 7.295000e-01 2.699540e-01 3.417766e-04 -0.0836 
8.1020e+04 3.6239 3.6263 1.93007 0.61546 0.3044 3.6879e+01 1 3.1915e-07 3.6263 7.295000e-01 2.699540e-01 3.417766e-04 -0.0850 
1.9458e+05 3.6612 3.6213 1.88785 0.61864 0.5713 4.1425e+01 1 5.0234e-07 3.6213 7.288543e-01 2.705480e-01 3.938189e-04 -0.0857 
3.3401e+05 3.7140 3.6112 1.79013 0.62291 1.3414 5.0498e+01 1 1.0351e-06 3.6112 7.273269e-01 2.719150e-01 5.539095e-04 -0.0927 
4.8263e+05 3.7714 3.5893 1.51906 0.62724 3.2920 7.1578e+01 1 3.3189e-06 3.5893 7.243888e-01 2.744120e-01 9.928203e-04 -0.1085 
5.9292e+05 3.8353 3.6362 0.63400 0.62856 7.1882 2.0724e+02 0 4.6559e-05 3.6362 7.197726e-01 2.780510e-01 1.962071e-03 999.0000 
 2.0000 5 # agb_2.00_Z0.00050000_Mdot2_eta0.40_Mc0.00_dMc0.00_Tbd6.40_L0.00_dL0.00_C0.00_Nr3.00_rates0_KOPv_KMOLv.dat 
0.0000e+00 3.7001 3.6217 2.00000 0.62697 0.3025 4.3063e+01 1 6.1094e-07 3.6217 7.305000e-01 2.690440e-01 3.417932e-04 -0.0853 
7.1524e+04 3.7496 3.6159 1.94224 0.62990 0.3025 4.9935e+01 1 1.1092e-06 3.6159 7.305000e-01 2.690440e-01 3.417932e-04 -0.0847 
1.7369e+05 3.7860 3.6079 1.80651 0.63398 0.6319 5.8721e+01 1 2.0464e-06 3.6079 7.297182e-01 2.697620e-01 4.056313e-04 -0.0892 
2.9667e+05 3.8336 3.5829 1.34952 0.63911 1.7256 8.9310e+01 1 8.9950e-06 3.5829 7.276607e-01 2.715920e-01 6.314992e-04 -0.1043 
3.6421e+05 3.8742 3.6387 0.64379 0.63843 5.1962 2.1799e+02 0 5.0933e-05 3.6387 7.228051e-01 2.756510e-01 1.423125e-03 999.0000 
 2.0500 5 # agb_2.05_Z0.00050000_Mdot2_eta0.40_Mc0.00_dMc0.00_Tbd6.40_L0.00_dL0.00_C0.00_Nr3.00_rates0_KOPv_KMOLv.dat 
0.0000e+00 3.7042 3.6227 2.05000 0.63845 0.3013 4.2544e+01 1 5.8614e-07 3.6227 7.315000e-01 2.679340e-01 3.417474e-04 -0.0854 
6.3003e+04 3.7376 3.6188 2.00761 0.64094 0.3013 4.7031e+01 1 8.7902e-07 3.6188 7.315000e-01 2.679340e-01 3.417474e-04 -0.0848 
1.5116e+05 3.7727 3.6122 1.91562 0.64422 0.5801 5.3906e+01 1 1.4723e-06 3.6122 7.308533e-01 2.685270e-01 3.953771e-04 -0.0898 
2.5991e+05 3.8189 3.5976 1.67362 0.64856 1.4068 6.9963e+01 1 3.7411e-06 3.5976 7.292703e-01 2.699410e-01 5.637769e-04 -0.0990 
3.5705e+05 3.8834 3.6420 0.65635 0.65120 3.6237 2.1236e+02 0 5.2000e-05 3.6420 7.259942e-01 2.727300e-01 1.048784e-03 999.0000 
 2.1000 5 # agb_2.10_Z0.00050000_Mdot2_eta0.40_Mc0.00_dMc0.00_Tbd6.40_L0.00_dL0.00_C0.00_Nr3.00_rates0_KOPv_KMOLv.dat 
0.0000e+00 3.7656 3.6187 2.10000 0.65225 0.2998 4.8414e+01 1 1.0023e-06 3.6187 7.326000e-01 2.669260e-01 3.418311e-04 -0.0868 
5.4181e+04 3.8276 3.6112 2.02079 0.65489 0.2998 5.8421e+01 1 2.1281e-06 3.6112 7.326000e-01 2.669260e-01 3.418311e-04 -0.0878 
1.3282e+05 3.8531 3.6029 1.82935 0.65851 0.6076 6.8456e+01 1 3.8548e-06 3.6029 7.318990e-01 2.675670e-01 4.007586e-04 -0.0925 
2.2833e+05 3.8956 3.5681 0.81337 0.66313 1.5879 3.4826e+02 0 2.6730e-05 3.5681 7.300520e-01 2.692150e-01 5.996658e-04 -0.1099 
2.3415e+05 3.6580 3.6467 0.66632 0.66070 8.3161 1.2142e+02 0 1.0940e-05 3.6467 7.182862e-01 2.792030e-01 2.365661e-03 999.0000 
 2.1500 5 # agb_2.15_Z0.00050000_Mdot2_eta0.40_Mc0.00_dMc0.00_Tbd6.40_L0.00_dL0.00_C0.00_Nr3.00_rates0_KOPv_KMOLv.dat 
0.0000e+00 3.7678 3.6197 2.15000 0.66325 0.2988 4.7670e+01 1 9.4842e-07 3.6197 7.338000e-01 2.656180e-01 3.418242e-04 -0.0856 
4.9078e+04 3.7978 3.6159 2.09488 0.66551 0.2988 5.2478e+01 1 1.3964e-06 3.6159 7.338000e-01 2.656180e-01 3.418242e-04 -0.0888 
1.1620e+05 3.8329 3.6090 1.97646 0.66834 0.5524 6.0650e+01 1 2.4266e-06 3.6090 7.332349e-01 2.661340e-01 3.901552e-04 -0.0942 
2.0028e+05 3.8754 3.5923 1.64375 0.67213 1.2714 8.1367e+01 1 6.9984e-06 3.5923 7.318690e-01 2.673560e-01 5.343543e-04 -0.1040 
2.6769e+05 3.9329 3.6413 0.67905 0.67358 3.2082 2.3149e+02 0 5.8345e-05 3.6413 7.288495e-01 2.699590e-01 9.486091e-04 999.0000 
 2.2000 5 # agb_2.20_Z0.00050000_Mdot2_eta0.40_Mc0.00_dMc0.00_Tbd6.40_L0.00_dL0.00_C0.00_Nr3.00_rates0_KOPv_KMOLv.dat 
0.0000e+00 3.7826 3.6198 2.20000 0.67569 0.2970 4.8405e+01 1 1.0186e-06 3.6198 7.349000e-01 2.646100e-01 3.418535e-04 -0.0877 
4.2663e+04 3.8265 3.6144 2.14155 0.67778 0.2970 5.5314e+01 1 1.7338e-06 3.6144 7.349000e-01 2.646100e-01 3.418535e-04 -0.0892 
1.0134e+05 3.8564 3.6080 2.01749 0.68034 0.5340 6.3110e+01 1 2.8708e-06 3.6080 7.343824e-01 2.650830e-01 3.869501e-04 -0.0932 
1.7511e+05 3.8939 3.5924 1.68155 0.68375 1.1885 8.3126e+01 1 7.7983e-06 3.5924 7.331432e-01 2.661910e-01 5.176960e-04 -0.1048 
2.3717e+05 3.9490 3.6417 0.69091 0.68529 2.8878 2.3537e+02 0 6.0534e-05 3.6417 7.303995e-01 2.685710e-01 8.785616e-04 999.0000 
 2.2500 5 # agb_2.25_Z0.00050000_Mdot2_eta0.40_Mc0.00_dMc0.00_Tbd6.40_L0.00_dL0.00_C0.00_Nr3.00_rates0_KOPv_KMOLv.dat 
0.0000e+00 3.7906 3.6203 2.25000 0.68657 0.2958 4.8355e+01 1 1.0233e-06 3.6203 7.358000e-01 2.637030e-01 3.419554e-04 -0.0884 
3.7907e+04 3.8536 3.6133 2.18667 0.68854 0.2958 5.7973e+01 1 2.1232e-06 3.6133 7.358000e-01 2.637030e-01 3.419554e-04 -0.0923 
9.0228e+04 3.8822 3.6066 2.04997 0.69096 0.5207 6.6295e+01 1 3.5318e-06 3.6066 7.353183e-01 2.641420e-01 3.845880e-04 -0.0956 
1.5573e+05 3.9170 3.5908 1.68122 0.69411 1.1347 8.7755e+01 1 9.8175e-06 3.5908 7.341658e-01 2.651720e-01 5.064444e-04 -0.1044 
2.1101e+05 3.9698 3.6433 0.70103 0.69554 2.7134 2.3984e+02 0 6.3533e-05 3.6433 7.315655e-01 2.674380e-01 8.387497e-04 999.0000 
 2.3000 6 # agb_2.30_Z0.00050000_Mdot2_eta0.40_Mc0.00_dMc0.00_Tbd6.40_L0.00_dL0.00_C0.00_Nr3.00_rates0_KOPv_KMOLv.dat 
0.0000e+00 3.8002 3.6207 2.30000 0.69754 0.2954 4.8521e+01 1 1.0471e-06 3.6207 7.368000e-01 2.626960e-01 3.420232e-04 -0.0866 
3.3396e+04 3.8519 3.6149 2.24738 0.69925 0.2954 5.6308e+01 1 1.9055e-06 3.6149 7.368000e-01 2.626960e-01 3.420232e-04 -0.0931 
7.9446e+04 3.8775 3.6102 2.13945 0.70130 0.4922 6.2643e+01 1 2.9040e-06 3.6102 7.363874e-01 2.630720e-01 3.791954e-04 -0.0938 
1.3681e+05 3.9104 3.5983 1.89061 0.70394 0.9958 7.7324e+01 1 6.1944e-06 3.5983 7.354536e-01 2.639060e-01 4.783304e-04 -0.1005 
2.0166e+05 3.9531 3.5860 0.76096 0.70688 2.1496 3.5825e+02 0 2.7925e-05 3.5860 7.335086e-01 2.656110e-01 7.173538e-04 -0.1361 
2.0344e+05 4.0005 3.6459 0.71232 0.70688 2.1496 2.4750e+02 0 6.8077e-05 3.6459 7.335086e-01 2.656110e-01 7.173538e-04 999.0000 
 2.3500 6 # agb_2.35_Z0.00050000_Mdot2_eta0.40_Mc0.00_dMc0.00_Tbd6.40_L0.00_dL0.00_C0.00_Nr3.00_rates0_KOPv_KMOLv.dat 
0.0000e+00 3.8138 3.6208 2.35000 0.71113 0.2941 4.9183e+01 1 1.1169e-06 3.6208 7.373000e-01 2.621890e-01 3.421214e-04 -0.0855 
2.9418e+04 3.8635 3.6155 2.29729 0.71270 0.2941 5.6647e+01 1 1.9861e-06 3.6155 7.373000e-01 2.621890e-01 3.421214e-04 -0.0855 
6.8502e+04 3.8907 3.6108 2.19536 0.71445 0.4714 6.3079e+01 1 3.0409e-06 3.6108 7.369364e-01 2.625190e-01 3.756122e-04 -0.0928 
1.1770e+05 3.9229 3.5997 1.96739 0.71676 0.9062 7.6706e+01 1 6.1376e-06 3.5997 7.361413e-01 2.632290e-01 4.608525e-04 -0.1004 
1.7375e+05 3.9621 3.5628 0.95647 0.71930 1.8575 3.6593e+02 0 2.6792e-05 3.5628 7.345063e-01 2.646670e-01 6.565048e-04 -0.1319 
1.8073e+05 3.8278 3.6475 0.72244 0.71704 5.9902 1.6385e+02 0 4.3853e-05 3.6475 7.275416e-01 2.706580e-01 1.623174e-03 999.0000 
 2.4000 6 # agb_2.40_Z0.00050000_Mdot2_eta0.40_Mc0.00_dMc0.00_Tbd6.40_L0.00_dL0.00_C0.00_Nr3.00_rates0_KOPv_KMOLv.dat 
0.0000e+00 3.8309 3.6206 2.40000 0.72387 0.2947 5.0290e+01 1 1.2359e-06 3.6206 7.376000e-01 2.618830e-01 3.421060e-04 -0.0852 
2.5631e+04 3.8807 3.6152 2.34758 0.72530 0.2947 5.7925e+01 1 2.1979e-06 3.6152 7.376000e-01 2.618830e-01 3.421060e-04 -0.0909 
5.9592e+04 3.9047 3.6109 2.24920 0.72685 0.4575 6.3831e+01 1 3.2285e-06 3.6109 7.372755e-01 2.621770e-01 3.726192e-04 -0.0977 
1.0192e+05 3.9347 3.6014 2.04202 0.72884 0.8422 7.5993e+01 1 6.0814e-06 3.6014 7.365879e-01 2.627900e-01 4.471831e-04 -0.1005 
1.5094e+05 3.9730 3.5686 1.24424 0.73110 1.6479 2.8112e+02 0 4.7534e-05 3.5686 7.352035e-01 2.640100e-01 6.105921e-04 -0.1290 
1.6994e+05 3.9920 3.6461 0.73478 0.72964 3.9816 2.3574e+02 0 6.6834e-05 3.6461 7.313334e-01 2.673700e-01 1.117739e-03 999.0000 
 2.6000 6 # agb_2.60_Z0.00050000_Mdot2_eta0.40_Mc0.00_dMc0.00_Tbd6.40_L0.00_dL0.00_C0.00_Nr3.00_rates0_KOPv_KMOLv.dat 
0.0000e+00 3.9552 3.6145 2.60000 0.76506 0.2938 6.3357e+01 1 3.3037e-06 3.6145 7.333000e-01 2.662470e-01 3.426082e-04 -0.0873 
1.6957e+04 4.0051 3.6085 2.51062 0.76635 0.2938 7.3834e+01 1 6.1235e-06 3.6085 7.333000e-01 2.662470e-01 3.426082e-04 -0.0925 
3.8645e+04 4.0249 3.6033 2.34494 0.76765 0.4380 8.2373e+01 1 9.3972e-06 3.6033 7.330335e-01 2.664870e-01 3.692965e-04 -0.0972 
6.5839e+04 4.0479 3.5900 1.95102 0.76928 0.7692 1.0399e+02 1 2.2029e-05 3.5900 7.324671e-01 2.669900e-01 4.321999e-04 -0.1177 
9.8113e+04 4.0774 3.5641 0.96352 0.77119 1.4927 4.6495e+02 0 1.9454e-05 3.5641 7.311994e-01 2.681140e-01 5.750984e-04 -0.2144 
1.0416e+05 3.9950 3.6462 0.77479 0.76955 4.9575 2.2609e+02 0 6.7298e-05 3.6462 7.244651e-01 2.740670e-01 1.349946e-03 999.0000 
 2.8000 6 # agb_2.80_Z0.00050000_Mdot2_eta0.40_Mc0.00_dMc0.00_Tbd6.40_L0.00_dL0.00_C0.00_Nr3.00_rates0_KOPv_KMOLv.dat 
0.0000e+00 4.0274 3.6132 2.80000 0.79039 0.2962 7.0284e+01 1 5.3088e-06 3.6132 7.215000e-01 2.780300e-01 3.424023e-04 -0.0868 
1.2909e+04 4.0733 3.6072 2.69820 0.79157 0.2962 8.1415e+01 1 9.5280e-06 3.6072 7.215000e-01 2.780300e-01 3.424023e-04 -0.0979 
2.9293e+04 4.0902 3.6017 2.51293 0.79271 0.4236 9.0637e+01 1 1.4355e-05 3.6017 7.212809e-01 2.782260e-01 3.655802e-04 -0.1015 
4.9748e+04 4.1099 3.5892 2.08252 0.79411 0.7049 1.1335e+02 1 3.2961e-05 3.5892 7.208258e-01 2.786290e-01 4.177960e-04 -0.1105 
7.4359e+04 4.1333 3.5609 1.15223 0.79575 1.2996 4.6135e+02 0 2.2491e-05 3.5609 7.198090e-01 2.795310e-01 5.315550e-04 -0.2182 
9.0217e+04 4.1385 3.6547 0.80101 0.79588 3.3098 2.8008e+02 0 9.3541e-05 3.6547 7.160084e-01 2.829190e-01 9.408142e-04 999.0000 
 3.0000 7 # agb_3.00_Z0.00050000_Mdot2_eta0.40_Mc0.00_dMc0.00_Tbd6.40_L0.00_dL0.00_C0.00_Nr3.00_rates0_KOPv_KMOLv.dat 
0.0000e+00 4.0540 3.6155 3.00000 0.80232 0.3033 7.0063e+01 1 5.4828e-06 3.6155 7.075000e-01 2.920160e-01 3.418640e-04 -0.0883 
1.1294e+04 4.0970 3.6100 2.91132 0.80343 0.3033 8.0114e+01 1 9.3541e-06 3.6100 7.075000e-01 2.920160e-01 3.418640e-04 -0.0970 
2.5232e+04 4.1116 3.6058 2.76657 0.80444 0.4170 8.7092e+01 1 1.2853e-05 3.6058 7.073173e-01 2.921790e-01 3.620029e-04 -0.0996 
4.2874e+04 4.1304 3.5973 2.47139 0.80571 0.6546 1.0167e+02 1 2.2751e-05 3.5973 7.069577e-01 2.924950e-01 4.047753e-04 -0.1028 
6.3980e+04 4.1517 3.5697 1.52679 0.80717 1.0961 3.4502e+02 0 4.9774e-05 3.5697 7.062504e-01 2.931210e-01 4.858745e-04 -0.1447 
8.8340e+04 4.1765 3.5779 0.89270 0.80909 2.2826 5.4961e+02 0 2.0417e-05 3.5779 7.041571e-01 2.949890e-01 7.101413e-04 -0.1139 
9.0750e+04 4.0440 3.6518 0.81278 0.80745 9.7869 2.2969e+02 0 7.5336e-05 3.6518 6.903387e-01 3.069000e-01 2.598560e-03 999.0000 
 3.2000 7 # agb_3.20_Z0.00050000_Mdot2_eta0.40_Mc0.00_dMc0.00_Tbd6.40_L0.00_dL0.00_C0.00_Nr3.00_rates0_KOPv_KMOLv.dat 
0.0000e+00 4.0842 3.6171 3.20000 0.81517 0.3109 7.0806e+01 1 5.9566e-06 3.6171 6.946000e-01 3.049040e-01 3.412507e-04 -0.0895 
9.6952e+03 4.1247 3.6122 3.12081 0.81620 0.3109 8.0051e+01 1 9.7499e-06 3.6122 6.946000e-01 3.049040e-01 3.412507e-04 -0.0927 
2.1582e+04 4.1410 3.6084 2.99353 0.81713 0.4135 8.6666e+01 1 1.3213e-05 3.6084 6.944463e-01 3.050400e-01 3.589000e-04 -0.0965 
3.6666e+04 4.1560 3.6017 2.75536 0.81829 0.6217 9.7586e+01 1 2.0370e-05 3.6017 6.941513e-01 3.052990e-01 3.951847e-04 -0.1010 
5.4557e+04 4.1751 3.5860 2.18043 0.81958 0.9817 1.2772e+02 1 5.4450e-05 3.5860 6.936071e-01 3.057790e-01 4.588817e-04 -0.1279 
7.5164e+04 4.1958 3.5568 1.31894 0.82096 1.6659 4.8758e+02 0 2.3227e-05 3.5568 6.924631e-01 3.068000e-01 5.809933e-04 -0.2637 
9.6458e+04 4.2014 3.6547 0.82832 0.82251 3.8605 3.1281e+02 0 8.0724e-05 3.6547 6.892378e-01 3.096010e-01 1.001576e-03 999.0000 
 3.4000 8 # agb_3.40_Z0.00050000_Mdot2_eta0.40_Mc0.00_dMc0.00_Tbd6.40_L0.00_dL0.00_C0.00_Nr3.00_rates0_KOPv_KMOLv.dat 
0.0000e+00 4.1126 3.6186 3.40000 0.82829 0.3174 7.1536e+01 1 6.4565e-06 3.6186 6.841000e-01 3.153950e-01 3.407666e-04 -0.0877 
8.1463e+03 4.1506 3.6141 3.33204 0.82922 0.3174 8.0038e+01 1 1.0139e-05 3.6141 6.841000e-01 3.153950e-01 3.407666e-04 -0.0943 
1.8390e+04 4.1658 3.6109 3.22111 0.83008 0.4087 8.5754e+01 1 1.3243e-05 3.6109 6.839721e-01 3.155070e-01 3.560896e-04 -0.1025 
3.1029e+04 4.1793 3.6055 3.03254 0.83109 0.5897 9.4314e+01 1 1.8664e-05 3.6055 6.837322e-01 3.157160e-01 3.867689e-04 -0.0962 
4.6216e+04 4.1963 3.5955 2.65231 0.83225 0.8859 1.1207e+02 1 3.4834e-05 3.5955 6.833109e-01 3.160870e-01 4.376064e-04 -0.1166 
6.3512e+04 4.2140 3.5673 1.66890 0.83341 1.3596 3.7407e+02 0 4.4875e-05 3.5673 6.825528e-01 3.167630e-01 5.191451e-04 -0.1648 
8.3109e+04 4.2356 3.5514 1.10489 0.83494 2.7216 6.5586e+02 0 2.3442e-05 3.5514 6.805767e-01 3.184930e-01 7.627795e-04 -0.1407 
9.4609e+04 4.2403 3.6553 0.84057 0.83490 6.7930 3.3501e+02 0 6.7453e-05 3.6553 6.752568e-01 3.229550e-01 1.612412e-03 999.0000 
 3.6000 9 # agb_3.60_Z0.00050000_Mdot2_eta0.40_Mc0.00_dMc0.00_Tbd6.40_L0.00_dL0.00_C0.00_Nr3.00_rates0_KOPv_KMOLv.dat 
0.0000e+00 4.1412 3.6199 3.60000 0.84205 0.3197 7.2534e+01 1 7.0958e-06 3.6199 6.752000e-01 3.242870e-01 3.403855e-04 -0.0871 
7.0880e+03 4.1785 3.6154 3.53360 0.84295 0.3197 8.1013e+01 1 1.1015e-05 3.6154 6.752000e-01 3.242870e-01 3.403855e-04 -0.1032 
1.5665e+04 4.1908 3.6128 3.43501 0.84373 0.4024 8.5638e+01 1 1.3677e-05 3.6128 6.750916e-01 3.243820e-01 3.538919e-04 -0.0979 
2.6238e+04 4.2048 3.6080 3.27335 0.84464 0.5607 9.3310e+01 1 1.8621e-05 3.6080 6.748946e-01 3.245520e-01 3.799862e-04 -0.1024 
3.8795e+04 4.2210 3.6006 2.98391 0.84564 0.8117 1.0636e+02 1 2.9992e-05 3.6006 6.745580e-01 3.248470e-01 4.217776e-04 -0.1095 
5.3325e+04 4.2364 3.5828 2.28163 0.84667 1.1816 1.4297e+02 1 8.6896e-05 3.5828 6.739915e-01 3.253520e-01 4.834571e-04 -0.1351 
6.9743e+04 4.2541 3.5560 1.52379 0.84775 1.9617 4.9114e+02 0 2.6182e-05 3.5560 6.728700e-01 3.263400e-01 6.156976e-04 -0.2488 
8.7303e+04 4.2746 3.5507 1.05727 0.84918 4.0368 7.4921e+02 0 2.5645e-05 3.5507 6.703291e-01 3.284980e-01 9.948794e-04 -0.1150 
9.5603e+04 4.2758 3.6550 0.85414 0.84881 9.2216 3.5832e+02 0 5.8749e-05 3.6550 6.640835e-01 3.335610e-01 2.164351e-03 999.0000 
 3.8000 10 # agb_3.80_Z0.00050000_Mdot2_eta0.40_Mc0.00_dMc0.00_Tbd6.40_L0.00_dL0.00_C0.00_Nr3.00_rates0_KOPv_KMOLv.dat 
0.0000e+00 4.1715 3.6208 3.80000 0.85793 0.3222 7.4048e+01 1 7.9983e-06 3.6208 6.672000e-01 3.322790e-01 3.399603e-04 -0.0864 
5.8614e+03 4.2059 3.6171 3.74108 0.85873 0.3222 8.1729e+01 1 1.1912e-05 3.6171 6.672000e-01 3.322790e-01 3.399603e-04 -0.0895 
1.2952e+04 4.2170 3.6148 3.65617 0.85942 0.3945 8.5793e+01 1 1.4421e-05 3.6148 6.671118e-01 3.323560e-01 3.514822e-04 -0.0929 
2.1452e+04 4.2305 3.6108 3.52899 0.86019 0.5295 9.2211e+01 1 1.8664e-05 3.6108 6.669563e-01 3.324900e-01 3.731457e-04 -0.1005 
3.1569e+04 4.2441 3.6053 3.32765 0.86104 0.7362 1.0140e+02 1 2.6182e-05 3.6053 6.667003e-01 3.327120e-01 4.066131e-04 -0.1034 
4.3320e+04 4.2587 3.5966 2.96640 0.86193 1.0192 1.1772e+02 1 4.4875e-05 3.5966 6.662956e-01 3.330710e-01 4.525347e-04 -0.1165 
5.6439e+04 4.2740 3.5733 2.08249 0.86278 1.4606 1.7197e+02 1 7.5336e-05 3.5733 6.656498e-01 3.336440e-01 5.243611e-04 -0.1554 
7.1084e+04 4.2887 3.5507 1.52990 0.86375 2.5479 5.5431e+02 0 2.6485e-05 3.5507 6.642949e-01 3.348140e-01 7.077950e-04 -0.1765 
8.6217e+04 4.3071 3.5455 1.10359 0.86495 4.8892 8.1175e+02 0 2.7606e-05 3.5455 6.617207e-01 3.369510e-01 1.141408e-03 -0.1079 
9.5380e+04 4.3119 3.6572 0.87036 0.86516 9.5649 3.7442e+02 0 5.6105e-05 3.6572 6.564967e-01 3.410980e-01 2.205002e-03 999.0000 
 4.0000 11 # agb_4.00_Z0.00050000_Mdot2_eta0.40_Mc0.00_dMc0.00_Tbd6.40_L0.00_dL0.00_C0.00_Nr3.00_rates0_KOPv_KMOLv.dat 
0.0000e+00 4.2059 3.6213 4.00000 0.87705 0.3225 7.6596e+01 1 9.5060e-06 3.6213 6.602000e-01 3.392730e-01 3.397897e-04 -0.0870 
4.7168e+03 4.2379 3.6176 3.94464 0.87776 0.3225 8.3988e+01 1 1.3740e-05 3.6176 6.602000e-01 3.392730e-01 3.397897e-04 -0.0944 
1.0282e+04 4.2469 3.6158 3.86958 0.87833 0.3849 8.7413e+01 1 1.6069e-05 3.6158 6.601294e-01 3.393340e-01 3.495467e-04 -0.0955 
1.6976e+04 4.2594 3.6131 3.75919 0.87899 0.4982 9.2556e+01 1 2.0091e-05 3.6131 6.600091e-01 3.394360e-01 3.673492e-04 -0.0975 
2.4852e+04 4.2704 3.6085 3.59558 0.87968 0.6675 9.9946e+01 1 2.6182e-05 3.6085 6.598170e-01 3.396010e-01 3.941620e-04 -0.1018 
3.3966e+04 4.2848 3.6017 3.32866 0.88043 0.8894 1.1215e+02 1 3.9446e-05 3.6017 6.595245e-01 3.398580e-01 4.294434e-04 -0.1078 
4.4201e+04 4.2970 3.5902 2.82721 0.88115 1.1835 1.3558e+02 1 7.7625e-05 3.5902 6.590825e-01 3.402530e-01 4.760809e-04 -0.1328 
5.5502e+04 4.3102 3.5668 2.01522 0.88183 1.7235 3.9308e+02 0 4.8978e-05 3.5668 6.583714e-01 3.408770e-01 5.631086e-04 -0.2271 
6.7946e+04 4.3225 3.5472 1.54437 0.88263 2.9659 6.1151e+02 0 2.8576e-05 3.5472 6.569576e-01 3.420790e-01 7.728834e-04 -0.1616 
8.0538e+04 4.3376 3.5408 1.17650 0.88361 5.3057 8.5560e+02 0 2.9648e-05 3.5408 6.545237e-01 3.440720e-01 1.209592e-03 -0.0964 
9.0762e+04 4.3429 3.6595 0.88964 0.88452 9.1821 3.8560e+02 0 5.5590e-05 3.6595 6.503891e-01 3.473240e-01 2.080578e-03 999.0000 
 4.2000 12 # agb_4.20_Z0.00050000_Mdot2_eta0.40_Mc0.00_dMc0.00_Tbd6.40_L0.00_dL0.00_C0.00_Nr3.00_rates0_KOPv_KMOLv.dat 
0.0000e+00 4.2577 3.6198 4.20000 0.89770 0.3248 8.3010e+01 1 1.3583e-05 3.6198 6.539000e-01 3.455670e-01 3.394863e-04 -0.0895 
3.7106e+03 4.2837 3.6168 4.14196 0.89832 0.3248 8.9633e+01 1 1.8493e-05 3.6168 6.539000e-01 3.455670e-01 3.394863e-04 -0.0937 
8.0771e+03 4.2945 3.6148 4.06169 0.89884 0.3799 9.3713e+01 1 2.1979e-05 3.6148 6.538424e-01 3.456160e-01 3.479348e-04 -0.0950 
1.3230e+04 4.3024 3.6126 3.95123 0.89938 0.4789 9.7988e+01 1 2.6122e-05 3.6126 6.537454e-01 3.456980e-01 3.631422e-04 -0.0973 
1.9288e+04 4.3132 3.6083 3.78922 0.89998 0.6229 1.0534e+02 1 3.3651e-05 3.6083 6.535947e-01 3.458260e-01 3.854122e-04 -0.0986 
2.6299e+04 4.3237 3.6036 3.54041 0.90060 0.8079 1.1511e+02 1 4.6989e-05 3.6036 6.533682e-01 3.460240e-01 4.141554e-04 -0.1055 
3.4266e+04 4.3364 3.5930 3.09062 0.90125 1.0381 1.3641e+02 1 8.5114e-05 3.5930 6.530331e-01 3.463230e-01 4.498526e-04 -0.1285 
4.3143e+04 4.3469 3.5731 2.29336 0.90186 1.4244 1.8739e+02 1 6.8707e-05 3.5731 6.525088e-01 3.467860e-01 5.103818e-04 -0.1879 
5.3039e+04 4.3543 3.5560 1.84142 0.90249 2.2635 5.1810e+02 0 3.0761e-05 3.5560 6.515100e-01 3.476480e-01 6.461595e-04 -0.1640 
6.3318e+04 4.3636 3.5410 1.49531 0.90313 3.7884 7.2946e+02 0 3.1405e-05 3.5410 6.498828e-01 3.490100e-01 9.098635e-04 -0.1364 
7.3463e+04 4.3647 3.5399 1.18983 0.90393 6.1529 9.0672e+02 0 3.1550e-05 3.5399 6.474758e-01 3.509540e-01 1.367875e-03 -0.0740 
8.2710e+04 4.3677 3.6596 0.91051 0.90511 9.4986 3.9855e+02 0 5.3951e-05 3.6596 6.439021e-01 3.537410e-01 2.142312e-03 999.0000 
 4.4000 14 # agb_4.40_Z0.00050000_Mdot2_eta0.40_Mc0.00_dMc0.00_Tbd6.40_L0.00_dL0.00_C0.00_Nr3.00_rates0_KOPv_KMOLv.dat 
0.0000e+00 4.2902 3.6200 4.40000 0.91756 0.3246 8.5924e+01 1 1.6069e-05 3.6200 6.489000e-01 3.505620e-01 3.393684e-04 -0.0874 
2.9670e+03 4.3147 3.6172 4.34517 0.91810 0.3246 9.2328e+01 1 2.1478e-05 3.6172 6.489000e-01 3.505620e-01 3.393684e-04 -0.0930 
6.3594e+03 4.3229 3.6156 4.27422 0.91853 0.3721 9.5632e+01 1 2.4604e-05 3.6156 6.488543e-01 3.506000e-01 3.465166e-04 -0.0943 
1.0325e+04 4.3320 3.6135 4.17784 0.91897 0.4554 9.9857e+01 1 2.9174e-05 3.6135 6.487797e-01 3.506620e-01 3.590874e-04 -0.0967 
1.4955e+04 4.3419 3.6099 4.04181 0.91946 0.5752 1.0620e+02 1 3.6141e-05 3.6099 6.486668e-01 3.507570e-01 3.772618e-04 -0.0999 
2.0302e+04 4.3509 3.6063 3.84507 0.91996 0.7260 1.1366e+02 1 4.6774e-05 3.6063 6.485021e-01 3.508990e-01 4.002659e-04 -0.1072 
2.6411e+04 4.3618 3.5991 3.52908 0.92051 0.9045 1.2772e+02 1 7.0146e-05 3.5991 6.482674e-01 3.511060e-01 4.275174e-04 -0.1280 
3.3178e+04 4.3722 3.5867 2.92611 0.92103 1.1474 1.5686e+02 1 1.4689e-04 3.5867 6.479277e-01 3.514080e-01 4.647244e-04 -0.1394 
4.0728e+04 4.3803 3.5695 2.30650 0.92153 1.5840 2.0383e+02 1 5.6105e-05 3.5695 6.473747e-01 3.518930e-01 5.326844e-04 -0.2307 
4.8971e+04 4.3855 3.5550 1.92563 0.92201 2.4231 5.3843e+02 0 3.3037e-05 3.5550 6.464260e-01 3.527050e-01 6.679864e-04 -0.1554 
5.7476e+04 4.3922 3.5416 1.62604 0.92248 3.7870 7.1699e+02 0 3.3574e-05 3.5416 6.450157e-01 3.538790e-01 9.023099e-04 -0.1374 
6.5850e+04 4.3997 3.5347 1.35204 0.92308 5.7261 9.1578e+02 0 3.4198e-05 3.5347 6.430915e-01 3.554320e-01 1.269731e-03 -0.0986 
7.3923e+04 4.4010 3.5510 1.08874 0.92399 8.2800 9.6501e+02 0 3.4277e-05 3.5510 6.404980e-01 3.574600e-01 1.827088e-03 0.0654 
7.8897e+04 4.4047 3.6620 0.92948 0.92446 11.8246 4.1606e+02 0 5.2966e-05 3.6620 6.364397e-01 3.605430e-01 2.783603e-03 999.0000 
 4.6000 16 # agb_4.60_Z0.00050000_Mdot2_eta0.40_Mc0.00_dMc0.00_Tbd6.40_L0.00_dL0.00_C0.00_Nr3.00_rates0_KOPv_KMOLv.dat 
0.0000e+00 4.3257 3.6198 4.60000 0.94376 0.3249 8.9741e+01 1 1.9770e-05 3.6198 6.450000e-01 3.545570e-01 3.392725e-04 -0.0881 
2.2004e+03 4.3563 3.6165 4.54649 0.94420 0.3249 9.7807e+01 1 2.7925e-05 3.6165 6.450000e-01 3.545570e-01 3.392725e-04 -0.0912 
4.6747e+03 4.3648 3.6149 4.47851 0.94454 0.3648 1.0128e+02 1 3.2063e-05 3.6149 6.449653e-01 3.545860e-01 3.451783e-04 -0.0924 
7.5293e+03 4.3723 3.6132 4.38926 0.94489 0.4339 1.0511e+02 1 3.6983e-05 3.6132 6.449103e-01 3.546310e-01 3.554094e-04 -0.0961 
1.0855e+04 4.3807 3.6099 4.26613 0.94527 0.5317 1.1090e+02 1 4.4463e-05 3.6099 6.448293e-01 3.546970e-01 3.699739e-04 -0.1064 
1.4625e+04 4.3918 3.6067 4.09236 0.94567 0.6534 1.1837e+02 1 5.7148e-05 3.6067 6.447149e-01 3.547930e-01 3.882222e-04 -0.1075 
1.8904e+04 4.4020 3.6009 3.83129 0.94608 0.7934 1.3013e+02 1 7.9433e-05 3.6009 6.445554e-01 3.549310e-01 4.095151e-04 -0.1193 
2.3754e+04 4.4136 3.5923 3.37525 0.94651 0.9494 1.5098e+02 1 1.3709e-04 3.5923 6.443317e-01 3.551300e-01 4.346763e-04 -0.1288 
2.9165e+04 4.4222 3.5781 2.73241 0.94694 1.1820 1.8966e+02 1 9.0991e-05 3.5781 6.439987e-01 3.554240e-01 4.733878e-04 -0.1977 
3.5154e+04 4.4195 3.5665 2.32945 0.94732 1.6364 2.2284e+02 1 4.7753e-05 3.5665 6.434409e-01 3.559110e-01 5.436401e-04 -0.1661 
4.1570e+04 4.4211 3.5551 2.03295 0.94766 2.3814 5.5451e+02 0 3.5892e-05 3.5551 6.426063e-01 3.566250e-01 6.625842e-04 -0.1506 
4.8093e+04 4.4251 3.5443 1.78891 0.94797 3.4671 6.9146e+02 0 3.6224e-05 3.5443 6.414759e-01 3.575710e-01 8.456333e-04 -0.1341 
5.4665e+04 4.4293 3.5356 1.55655 0.94835 4.9156 8.5498e+02 0 3.6559e-05 3.5356 6.400298e-01 3.587500e-01 1.109439e-03 -0.1108 
6.1072e+04 4.4300 3.5339 1.33178 0.94887 6.7412 1.0006e+03 0 3.6644e-05 3.5339 6.382102e-01 3.601960e-01 1.478259e-03 -0.0506 
6.7200e+04 4.4311 3.5508 1.11617 0.94965 8.9489 1.0111e+03 0 3.6728e-05 3.5508 6.359005e-01 3.619850e-01 1.989479e-03 0.1070 
7.1785e+04 4.4347 3.6622 0.95565 0.95035 11.8103 4.3323e+02 0 5.1642e-05 3.6622 6.325293e-01 3.645380e-01 2.789749e-03 999.0000 
 4.8000 18 # agb_4.80_Z0.00050000_Mdot2_eta0.40_Mc0.00_dMc0.00_Tbd6.40_L0.00_dL0.00_C0.00_Nr3.00_rates0_KOPv_KMOLv.dat 
0.0000e+00 4.3903 3.6170 4.80000 0.96824 0.3278 1.0093e+02 1 3.2810e-05 3.6170 6.400000e-01 3.594530e-01 3.391828e-04 -0.0920 
1.6449e+03 4.4158 3.6139 4.73752 0.96862 0.3273 1.0890e+02 1 4.4259e-05 3.6139 6.400004e-01 3.594530e-01 3.392126e-04 -0.0990 
3.5026e+03 4.4250 3.6120 4.65651 0.96891 0.3612 1.1325e+02 1 5.1523e-05 3.6120 6.399730e-01 3.594750e-01 3.445359e-04 -0.0993 
5.6386e+03 4.4392 3.6095 4.54212 0.96921 0.4087 1.1996e+02 1 6.4565e-05 3.6095 6.399303e-01 3.595080e-01 3.539430e-04 -0.1017 
8.0838e+03 4.4562 3.6056 4.37135 0.96951 0.4170 1.2981e+02 1 8.7297e-05 3.6056 6.398665e-01 3.595570e-01 3.685956e-04 -0.1161 
1.0898e+04 4.4658 3.6016 4.11819 0.96984 0.3162 1.4023e+02 1 1.1749e-04 3.6016 6.397715e-01 3.596310e-01 3.890970e-04 -0.1105 
1.4162e+04 4.4753 3.5949 3.69273 0.97019 0.1348 1.5844e+02 1 1.8621e-04 3.5949 6.396324e-01 3.597450e-01 4.143017e-04 -0.1169 
1.7895e+04 4.4760 3.5866 3.11549 0.97056 0.0739 1.8387e+02 1 1.3459e-04 3.5866 6.394252e-01 3.599250e-01 4.417542e-04 -0.1532 
2.2164e+04 4.4660 3.5787 2.69496 0.97093 0.1435 2.0595e+02 1 7.3961e-05 3.5787 6.390973e-01 3.602120e-01 4.821771e-04 -0.1545 
2.6880e+04 4.4604 3.5718 2.37263 0.97126 0.4958 2.2877e+02 1 4.9545e-05 3.5718 6.386039e-01 3.606430e-01 5.437125e-04 -0.1338 
3.1843e+04 4.4577 3.5627 2.12847 0.97153 1.1223 5.3961e+02 0 3.9084e-05 3.5627 6.379150e-01 3.612400e-01 6.358970e-04 -0.1231 
3.6903e+04 4.4596 3.5495 1.92144 0.97177 1.9866 6.6820e+02 0 3.9174e-05 3.5495 6.370245e-01 3.619960e-01 7.682999e-04 -0.1300 
4.2042e+04 4.4587 3.5395 1.72484 0.97204 3.1037 8.0389e+02 0 3.9174e-05 3.5395 6.359233e-01 3.629140e-01 9.504551e-04 -0.1226 
4.7117e+04 4.4606 3.5326 1.53325 0.97239 4.4723 9.5416e+02 0 3.9264e-05 3.5326 6.346005e-01 3.639920e-01 1.191861e-03 -0.0856 
5.2083e+04 4.4611 3.5323 1.34538 0.97287 6.1045 1.0783e+03 0 3.9355e-05 3.5323 6.330072e-01 3.652630e-01 1.509423e-03 -0.0312 
5.6835e+04 4.4620 3.5451 1.16514 0.97355 8.0065 1.0964e+03 0 3.9446e-05 3.5451 6.310616e-01 3.667830e-01 1.927396e-03 0.1301 
6.1311e+04 4.4632 3.6230 0.99485 0.97450 10.3237 6.3206e+02 0 3.9537e-05 3.6230 6.284541e-01 3.687810e-01 2.523460e-03 0.3878 
6.1707e+04 4.3511 3.6572 0.97959 0.97414 17.2085 3.6738e+02 0 6.4714e-05 3.6572 6.172252e-01 3.772400e-01 5.215528e-03 999.0000 
 5.0000 21 # agb_5.00_Z0.00050000_Mdot2_eta0.40_Mc0.00_dMc0.00_Tbd6.40_L0.00_dL0.00_C0.00_Nr3.00_rates0_KOPv_KMOLv.dat 
0.0000e+00 4.4145 3.6174 5.00000 0.99697 0.3276 1.0305e+02 1 3.6475e-05 3.6174 6.378000e-01 3.617490e-01 3.392682e-04 -0.0930 
1.1870e+03 4.4624 3.6122 4.93653 0.99727 0.3203 1.1753e+02 1 6.1660e-05 3.6122 6.378012e-01 3.617480e-01 3.395260e-04 -0.0962 
2.5007e+03 4.4780 3.6096 4.85086 0.99748 0.3175 1.2439e+02 1 7.6560e-05 3.6096 6.377822e-01 3.617620e-01 3.445773e-04 -0.0978 
3.9907e+03 4.4879 3.6076 4.73624 0.99770 0.2829 1.3019e+02 1 9.1622e-05 3.6076 6.377510e-01 3.617840e-01 3.536326e-04 -0.1112 
5.6699e+03 4.4981 3.6048 4.58027 0.99792 0.1969 1.3763e+02 1 1.1376e-04 3.6048 6.377040e-01 3.618170e-01 3.670085e-04 -0.1003 
7.5995e+03 4.5095 3.6018 4.35007 0.99816 0.0982 1.4749e+02 1 1.5101e-04 3.6018 6.376363e-01 3.618680e-01 3.835689e-04 -0.1053 
9.7959e+03 4.5154 3.5969 4.00513 0.99840 0.0640 1.6125e+02 1 2.1135e-04 3.5969 6.375410e-01 3.619460e-01 4.014445e-04 -0.1164 
1.2320e+04 4.5178 3.5899 3.53474 0.99867 0.0626 1.8163e+02 1 1.8365e-04 3.5899 6.374055e-01 3.620610e-01 4.215406e-04 -0.1467 
1.5205e+04 4.5137 3.5843 3.15396 0.99895 0.0688 1.9910e+02 1 1.0544e-04 3.5843 6.372081e-01 3.622340e-01 4.460429e-04 -0.1565 
1.8415e+04 4.5103 3.5795 2.85103 0.99920 0.0805 2.1584e+02 1 7.3621e-05 3.5795 6.369274e-01 3.624790e-01 4.808748e-04 -0.1397 
2.1867e+04 4.5051 3.5750 2.59723 0.99943 0.1123 2.3168e+02 1 5.5976e-05 3.5750 6.365498e-01 3.628060e-01 5.312575e-04 -0.1269 
2.5531e+04 4.4990 3.5705 2.38084 0.99964 0.2686 4.9883e+02 0 4.4668e-05 3.5705 6.360640e-01 3.632220e-01 6.001365e-04 -0.1189 
2.9310e+04 4.4956 3.5649 2.20154 0.99982 0.7604 5.5874e+02 0 4.2560e-05 3.5649 6.354622e-01 3.637350e-01 6.880403e-04 -0.1088 
3.3131e+04 4.4925 3.5532 2.03610 0.99997 1.5624 6.6041e+02 0 4.2267e-05 3.5532 6.347421e-01 3.643440e-01 7.981527e-04 -0.1268 
3.6992e+04 4.4887 3.5434 1.87748 1.00014 2.5336 7.6921e+02 0 4.1976e-05 3.5434 6.338955e-01 3.650490e-01 9.384531e-04 -0.1261 
4.0869e+04 4.4868 3.5357 1.72072 1.00035 3.6616 8.8771e+02 0 4.1783e-05 3.5357 6.329211e-01 3.658460e-01 1.112937e-03 -0.1002 
4.4674e+04 4.4885 3.5305 1.56639 1.00062 4.9436 1.0156e+03 0 4.1879e-05 3.5305 6.318040e-01 3.667450e-01 1.327866e-03 -0.0538 
4.8394e+04 4.4889 3.5295 1.41527 1.00099 6.3815 1.1237e+03 0 4.1976e-05 3.5295 6.305128e-01 3.677670e-01 1.592759e-03 0.0436 
5.1979e+04 4.4896 3.5401 1.26938 1.00148 7.9650 1.1287e+03 0 4.1976e-05 3.5401 6.290121e-01 3.689360e-01 1.918567e-03 0.1030 
5.5414e+04 4.4903 3.5558 1.12936 1.00214 9.7194 1.0919e+03 0 4.2073e-05 3.5558 6.272061e-01 3.703210e-01 2.329757e-03 0.2983 
5.8387e+04 4.4926 3.6655 1.00808 1.00285 11.8790 4.5626e+02 0 5.2723e-05 3.6655 6.246822e-01 3.722300e-01 2.927344e-03 999.0000 
