# age(yr) logL logTe m_act mcore c/o period ip Mdot(Msun/yr) logTe X Y CNO dlogTe/dlogL 
 0.5600 3 # agb_0.560_Z0.00010000_Mdot50_eta0.20_Mc0.00_dMc0.00_Tbd6.40_L0.00_dL0.00_C0.00_Nr3.00_rates0_KOPv_KMOLv.dat 
0.0000e+00 3.1096 3.6581 0.56000 0.50776 0.4007 2.1431e+01 1 1.9953e-07 3.6581 7.552000e-01 2.446910e-01 6.531050e-05 -0.0550 
2.9533e+05 3.0725 3.6765 0.51659 0.50970 0.4007 1.8232e+01 1 2.3067e-07 3.6765 7.552000e-01 2.446910e-01 6.531050e-05 -0.0519 
3.0443e+05 2.8980 3.6864 0.51514 0.50971 0.4007 1.2336e+01 1 1.1722e-07 3.6864 7.552000e-01 2.446910e-01 6.531050e-05 999.0000 
 0.5700 3 # agb_0.570_Z0.00010000_Mdot50_eta0.20_Mc0.00_dMc0.00_Tbd6.40_L0.00_dL0.00_C0.00_Nr3.00_rates0_KOPv_KMOLv.dat 
0.0000e+00 3.0026 3.6632 0.57000 0.50597 0.4053 1.6819e+01 1 1.2388e-07 3.6632 7.553000e-01 2.446210e-01 6.522680e-05 -0.0537 
2.9912e+05 2.9698 3.6687 0.54285 0.50748 0.4053 1.5598e+01 1 1.2190e-07 3.6687 7.553000e-01 2.446210e-01 6.522680e-05 -0.0514 
5.8779e+05 3.0065 3.6816 0.51410 0.50879 0.4053 1.5607e+01 1 1.8113e-07 3.6816 7.553000e-01 2.446210e-01 6.522680e-05 999.0000 
 0.5800 3 # agb_0.580_Z0.00010000_Mdot50_eta0.20_Mc0.00_dMc0.00_Tbd6.40_L0.00_dL0.00_C0.00_Nr3.00_rates0_KOPv_KMOLv.dat 
0.0000e+00 3.0184 3.6617 0.58000 0.50659 0.3897 1.7346e+01 1 1.2794e-07 3.6617 7.549000e-01 2.450080e-01 6.530881e-05 -0.0544 
2.9629e+05 2.9879 3.6662 0.55255 0.50814 0.3897 1.6270e+01 1 1.2560e-07 3.6662 7.549000e-01 2.450080e-01 6.530881e-05 -0.0526 
6.3105e+05 3.0274 3.6804 0.51550 0.50999 0.3897 1.6327e+01 1 1.9588e-07 3.6804 7.549000e-01 2.450080e-01 6.530881e-05 999.0000 
 0.5900 3 # agb_0.590_Z0.00010000_Mdot50_eta0.20_Mc0.00_dMc0.00_Tbd6.40_L0.00_dL0.00_C0.00_Nr3.00_rates0_KOPv_KMOLv.dat 
0.0000e+00 3.1564 3.6532 0.59000 0.50986 0.3528 2.3566e+01 1 2.1878e-07 3.6532 7.526000e-01 2.472300e-01 6.554918e-05 -0.0575 
2.8895e+05 3.1179 3.6613 0.54527 0.51202 0.3528 2.1544e+01 1 2.2387e-07 3.6613 7.526000e-01 2.472300e-01 6.554918e-05 -0.0551 
4.9732e+05 3.1193 3.6776 0.51810 0.51299 0.3528 1.9673e+01 1 2.8973e-07 3.6776 7.526000e-01 2.472300e-01 6.554918e-05 999.0000 
 0.6000 4 # agb_0.600_Z0.00010000_Mdot50_eta0.20_Mc0.00_dMc0.00_Tbd6.40_L0.00_dL0.00_C0.00_Nr3.00_rates0_KOPv_KMOLv.dat 
0.0000e+00 3.0108 3.6613 0.60000 0.50730 0.3810 1.6860e+01 1 1.1668e-07 3.6613 7.543000e-01 2.456070e-01 6.538619e-05 -0.0552 
2.9288e+05 2.9828 3.6644 0.57519 0.50882 0.3810 1.5999e+01 1 1.1324e-07 3.6644 7.543000e-01 2.456070e-01 6.538619e-05 -0.0537 
6.8024e+05 2.9915 3.6706 0.53490 0.51118 0.3810 1.6121e+01 1 1.4093e-07 3.6706 7.543000e-01 2.456070e-01 6.538619e-05 -0.0511 
8.6928e+05 2.9500 3.6845 0.51691 0.51167 0.3810 1.3737e+01 1 1.4355e-07 3.6845 7.543000e-01 2.456070e-01 6.538619e-05 999.0000 
 0.6200 4 # agb_0.62_Z0.00010000_Mdot50_eta0.20_Mc0.00_dMc0.00_Tbd6.40_L0.00_dL0.00_C0.00_Nr3.00_rates0_KOPv_KMOLv.dat 
0.0000e+00 3.0317 3.6598 0.62000 0.50893 0.3776 1.7428e+01 1 1.2023e-07 3.6598 7.536000e-01 2.463040e-01 6.544222e-05 -0.0557 
2.8679e+05 3.0062 3.6622 0.59506 0.51050 0.3776 1.6685e+01 1 1.1695e-07 3.6622 7.536000e-01 2.463040e-01 6.544222e-05 -0.0546 
6.7153e+05 3.0114 3.6658 0.55446 0.51301 0.3776 1.7004e+01 1 1.3868e-07 3.6658 7.536000e-01 2.463040e-01 6.544222e-05 -0.0535 
9.6243e+05 3.0449 3.6802 0.51999 0.51454 0.3776 1.6814e+01 1 2.0893e-07 3.6802 7.536000e-01 2.463040e-01 6.544222e-05 999.0000 
 0.6500 4 # agb_0.65_Z0.00010000_Mdot50_eta0.20_Mc0.00_dMc0.00_Tbd6.40_L0.00_dL0.00_C0.00_Nr3.00_rates0_KOPv_KMOLv.dat 
0.0000e+00 3.0674 3.6575 0.65000 0.51141 0.3821 1.8461e+01 1 1.2882e-07 3.6575 7.530000e-01 2.469400e-01 6.544544e-05 -0.0572 
2.7945e+05 3.0409 3.6596 0.62405 0.51309 0.3821 1.7680e+01 1 1.2417e-07 3.6596 7.530000e-01 2.469400e-01 6.544544e-05 -0.0564 
6.5524e+05 3.0529 3.6610 0.58215 0.51579 0.3821 1.8534e+01 1 1.4825e-07 3.6610 7.530000e-01 2.469400e-01 6.544544e-05 -0.0556 
1.0498e+06 3.0945 3.6781 0.52448 0.51894 0.3821 1.8610e+01 1 2.5468e-07 3.6781 7.530000e-01 2.469400e-01 6.544544e-05 999.0000 
 0.6600 5 # agb_0.66_Z0.00010000_Mdot50_eta0.20_Mc0.00_dMc0.00_Tbd6.40_L0.00_dL0.00_C0.00_Nr3.00_rates0_KOPv_KMOLv.dat 
0.0000e+00 3.0650 3.6578 0.66000 0.51214 0.3869 1.8205e+01 1 1.2503e-07 3.6578 7.529000e-01 2.469570e-01 6.542367e-05 -0.0567 
2.7755e+05 3.0375 3.6597 0.63485 0.51382 0.3869 1.7403e+01 1 1.1912e-07 3.6597 7.529000e-01 2.469570e-01 6.542367e-05 -0.0552 
6.4978e+05 3.0502 3.6605 0.59471 0.51650 0.3869 1.8312e+01 1 1.4060e-07 3.6605 7.529000e-01 2.469570e-01 6.542367e-05 -0.0561 
1.0857e+06 3.0657 3.6734 0.53186 0.52025 0.3869 1.8147e+01 1 2.0654e-07 3.6734 7.529000e-01 2.469570e-01 6.542367e-05 -0.0520 
1.1012e+06 3.0887 3.6794 0.52538 0.52025 0.3869 1.8229e+01 1 2.5061e-07 3.6794 7.529000e-01 2.469570e-01 6.542367e-05 999.0000 
 0.6800 4 # agb_0.68_Z0.00010000_Mdot50_eta0.20_Mc0.00_dMc0.00_Tbd6.40_L0.00_dL0.00_C0.00_Nr3.00_rates0_KOPv_KMOLv.dat 
0.0000e+00 3.2048 3.6491 0.68000 0.51498 0.3922 2.4667e+01 1 2.1135e-07 3.6491 7.515000e-01 2.484620e-01 6.533845e-05 -0.0603 
2.6982e+05 3.1756 3.6513 0.64070 0.51726 0.3922 2.3729e+01 1 2.0654e-07 3.6513 7.515000e-01 2.484620e-01 6.533845e-05 -0.0588 
6.5309e+05 3.1898 3.6552 0.56843 0.52129 0.3922 2.5157e+01 1 2.7925e-07 3.6552 7.515000e-01 2.484620e-01 6.533845e-05 -0.0581 
8.7549e+05 3.1931 3.6746 0.52814 0.52281 0.3922 2.2798e+01 1 3.8815e-07 3.6746 7.515000e-01 2.484620e-01 6.533845e-05 999.0000 
 0.7000 5 # agb_0.70_Z0.00010000_Mdot50_eta0.20_Mc0.00_dMc0.00_Tbd6.40_L0.00_dL0.00_C0.00_Nr3.00_rates0_KOPv_KMOLv.dat 
0.0000e+00 3.1183 3.6551 0.70000 0.51620 0.4011 1.9862e+01 1 1.4223e-07 3.6551 7.524000e-01 2.475110e-01 6.533765e-05 -0.0579 
2.6512e+05 3.0922 3.6566 0.67272 0.51804 0.4011 1.9117e+01 1 1.3583e-07 3.6566 7.524000e-01 2.475110e-01 6.533765e-05 -0.0573 
6.2927e+05 3.1018 3.6567 0.62810 0.52110 0.4011 2.0133e+01 1 1.5812e-07 3.6567 7.524000e-01 2.475110e-01 6.533765e-05 -0.0582 
1.0491e+06 3.1224 3.6617 0.56078 0.52532 0.4011 2.1348e+01 1 2.1979e-07 3.6617 7.524000e-01 2.475110e-01 6.533765e-05 -0.0561 
1.2277e+06 3.0953 3.6789 0.53157 0.52614 0.4011 1.8404e+01 1 2.5235e-07 3.6789 7.524000e-01 2.475110e-01 6.533765e-05 999.0000 
 0.7200 4 # agb_0.72_Z0.00010000_Mdot50_eta0.20_Mc0.00_dMc0.00_Tbd6.40_L0.00_dL0.00_C0.00_Nr3.00_rates0_KOPv_KMOLv.dat 
0.0000e+00 3.2454 3.6473 0.72000 0.51927 0.4082 2.6159e+01 1 2.3067e-07 3.6473 7.511000e-01 2.487200e-01 6.526944e-05 -0.0614 
2.6018e+05 3.2822 3.6445 0.66412 0.52225 0.4082 2.9765e+01 1 3.0690e-07 3.6445 7.511000e-01 2.487200e-01 6.526944e-05 -0.0616 
6.4035e+05 3.2340 3.6521 0.58110 0.52697 0.4082 2.7581e+01 1 3.2509e-07 3.6521 7.511000e-01 2.487200e-01 6.526944e-05 -0.0602 
8.5540e+05 3.2439 3.6738 0.53377 0.52877 0.4082 2.5037e+01 1 4.8529e-07 3.6738 7.511000e-01 2.487200e-01 6.526944e-05 999.0000 
 0.7500 4 # agb_0.75_Z0.00010000_Mdot50_eta0.20_Mc0.00_dMc0.00_Tbd6.40_L0.00_dL0.00_C0.00_Nr3.00_rates0_KOPv_KMOLv.dat 
0.0000e+00 3.2666 3.6466 0.75000 0.52212 0.4171 2.6762e+01 1 2.3768e-07 3.6466 7.511000e-01 2.488570e-01 6.524875e-05 -0.0619 
2.5163e+05 3.4348 3.6343 0.65166 0.52620 0.4171 4.2824e+01 1 6.2806e-07 3.6343 7.511000e-01 2.488570e-01 6.524875e-05 -0.0652 
6.3786e+05 3.2641 3.6618 0.54679 0.53156 0.4171 2.8011e+01 1 4.5814e-07 3.6618 7.511000e-01 2.488570e-01 6.524875e-05 -0.0600 
6.5624e+05 3.0841 3.6801 0.53678 0.53157 0.4171 1.7786e+01 1 2.3878e-07 3.6801 7.511000e-01 2.488570e-01 6.524875e-05 999.0000 
 0.7600 4 # agb_0.76_Z0.00010000_Mdot50_eta0.20_Mc0.00_dMc0.00_Tbd6.40_L0.00_dL0.00_C0.00_Nr3.00_rates0_KOPv_KMOLv.dat 
0.0000e+00 3.2626 3.6472 0.76000 0.52310 0.4203 2.6279e+01 1 2.2961e-07 3.6472 7.511000e-01 2.487690e-01 6.526523e-05 -0.0614 
2.4921e+05 3.3302 3.6416 0.69976 0.52632 0.4203 3.2313e+01 1 3.4754e-07 3.6416 7.511000e-01 2.487690e-01 6.526523e-05 -0.0622 
6.1698e+05 3.2556 3.6484 0.62015 0.53118 0.4203 2.8519e+01 1 3.1261e-07 3.6484 7.511000e-01 2.487690e-01 6.526523e-05 -0.0614 
9.0311e+05 3.2993 3.6711 0.54027 0.53486 0.4203 2.8081e+01 1 6.0954e-07 3.6711 7.511000e-01 2.487690e-01 6.526523e-05 999.0000 
 0.7800 5 # agb_0.78_Z0.00010000_Mdot50_eta0.20_Mc0.00_dMc0.00_Tbd6.40_L0.00_dL0.00_C0.00_Nr3.00_rates0_KOPv_KMOLv.dat 
0.0000e+00 3.2081 3.6511 0.78000 0.52298 0.4258 2.2811e+01 1 1.7620e-07 3.6511 7.512000e-01 2.486960e-01 6.528581e-05 -0.0602 
2.4821e+05 3.3355 3.6416 0.72223 0.52619 0.4258 3.2117e+01 1 3.3884e-07 3.6416 7.512000e-01 2.486960e-01 6.528581e-05 -0.0602 
5.0724e+05 3.4186 3.6359 0.65104 0.52991 0.4258 4.1091e+01 1 5.8749e-07 3.6359 7.512000e-01 2.486960e-01 6.528581e-05 -0.0620 
6.1788e+05 3.4036 3.6440 0.57565 0.53310 0.4258 4.0115e+01 1 7.2277e-07 3.6440 7.512000e-01 2.486960e-01 6.528581e-05 -0.0620 
7.8339e+05 3.1846 3.6756 0.53967 0.53414 0.4258 2.2043e+01 1 3.6392e-07 3.6756 7.512000e-01 2.486960e-01 6.528581e-05 999.0000 
 0.8000 4 # agb_0.80_Z0.00010000_Mdot50_eta0.20_Mc0.00_dMc0.00_Tbd6.40_L0.00_dL0.00_C0.00_Nr3.00_rates0_KOPv_KMOLv.dat 
0.0000e+00 3.3000 3.6458 0.80000 0.52629 0.4312 2.7688e+01 1 2.5003e-07 3.6458 7.492000e-01 2.506540e-01 6.547653e-05 -0.0624 
2.4014e+05 3.3491 3.6413 0.74187 0.52957 0.4312 3.2552e+01 1 3.4594e-07 3.6413 7.492000e-01 2.506540e-01 6.547653e-05 -0.0626 
5.9791e+05 3.4108 3.6402 0.60198 0.53650 0.4312 4.0857e+01 1 6.7143e-07 3.6402 7.492000e-01 2.506540e-01 6.547653e-05 -0.0655 
7.9776e+05 3.3136 3.6716 0.54376 0.53869 0.4312 2.8617e+01 1 6.5163e-07 3.6716 7.492000e-01 2.506540e-01 6.547653e-05 999.0000 
 0.8500 5 # agb_0.85_Z0.00010000_Mdot50_eta0.20_Mc0.00_dMc0.00_Tbd6.40_L0.00_dL0.00_C0.00_Nr3.00_rates0_KOPv_KMOLv.dat 
0.0000e+00 3.2436 3.6511 0.85000 0.52725 0.4353 2.3291e+01 1 1.8239e-07 3.6511 7.465000e-01 2.533730e-01 6.591286e-05 -0.0603 
2.3627e+05 3.3484 3.6427 0.79845 0.53046 0.4353 3.0985e+01 1 3.0903e-07 3.6427 7.465000e-01 2.533730e-01 6.591286e-05 -0.0616 
5.8864e+05 3.4135 3.6370 0.67965 0.53734 0.4353 3.9512e+01 1 5.3580e-07 3.6370 7.465000e-01 2.533730e-01 6.591286e-05 -0.0652 
9.6070e+05 3.2755 3.6553 0.57588 0.54342 0.4353 2.9209e+01 1 4.1783e-07 3.6553 7.465000e-01 2.533730e-01 6.591286e-05 -0.0612 
1.0524e+06 3.1446 3.6787 0.54901 0.54370 0.4353 1.9852e+01 1 3.0200e-07 3.6787 7.465000e-01 2.533730e-01 6.591286e-05 999.0000 
 0.9000 5 # agb_0.90_Z0.00010000_Mdot50_eta0.20_Mc0.00_dMc0.00_Tbd6.40_L0.00_dL0.00_C0.00_Nr3.00_rates0_KOPv_KMOLv.dat 
0.0000e+00 3.2742 3.6508 0.90000 0.53075 0.4275 2.3994e+01 1 1.9231e-07 3.6508 7.438000e-01 2.561090e-01 6.627797e-05 -0.0604 
2.2719e+05 3.3990 3.6407 0.84339 0.53426 0.4275 3.3558e+01 1 3.5563e-07 3.6407 7.438000e-01 2.561090e-01 6.627797e-05 -0.0626 
5.7033e+05 3.4699 3.6334 0.70690 0.54207 0.4275 4.4098e+01 1 6.4863e-07 3.6334 7.438000e-01 2.561090e-01 6.627797e-05 -0.0663 
9.2432e+05 3.3120 3.6501 0.59954 0.54847 0.4275 3.1786e+01 1 4.4668e-07 3.6501 7.438000e-01 2.561090e-01 6.627797e-05 -0.0633 
1.0578e+06 3.2792 3.6738 0.55475 0.54958 0.4275 2.6189e+01 1 5.4200e-07 3.6738 7.438000e-01 2.561090e-01 6.627797e-05 999.0000 
 0.9500 5 # agb_0.95_Z0.00010000_Mdot50_eta0.20_Mc0.00_dMc0.00_Tbd6.40_L0.00_dL0.00_C0.00_Nr3.00_rates0_KOPv_KMOLv.dat 
0.0000e+00 3.2821 3.6520 0.95000 0.53342 0.4147 2.3464e+01 1 1.8578e-07 3.6520 7.412000e-01 2.586350e-01 6.661623e-05 -0.0598 
2.1875e+05 3.3608 3.6456 0.90697 0.53652 0.4147 2.9080e+01 1 2.7416e-07 3.6456 7.412000e-01 2.586350e-01 6.661623e-05 -0.0609 
5.4649e+05 3.4224 3.6389 0.81357 0.54318 0.4147 3.6138e+01 1 4.1879e-07 3.6389 7.412000e-01 2.586350e-01 6.661623e-05 -0.0644 
8.9349e+05 3.4909 3.6349 0.64228 0.55268 0.4147 4.7598e+01 1 8.6896e-07 3.6349 7.412000e-01 2.586350e-01 6.661623e-05 -0.0685 
1.0955e+06 3.3599 3.6713 0.56100 0.55584 0.4147 3.0731e+01 1 7.7625e-07 3.6713 7.412000e-01 2.586350e-01 6.661623e-05 999.0000 
 1.0000 6 # agb_1.00_Z0.00010000_Mdot50_eta0.20_Mc0.00_dMc0.00_Tbd6.40_L0.00_dL0.00_C0.00_Nr3.00_rates0_KOPv_KMOLv.dat 
0.0000e+00 3.2322 3.6567 1.00000 0.53510 0.4029 2.0157e+01 1 1.4289e-07 3.6567 7.395000e-01 2.603740e-01 6.688478e-05 -0.0581 
2.1443e+05 3.3741 3.6463 0.95819 0.53826 0.4029 2.8824e+01 1 2.6915e-07 3.6463 7.395000e-01 2.603740e-01 6.688478e-05 -0.0607 
5.3627e+05 3.4410 3.6392 0.86661 0.54514 0.4029 3.6114e+01 1 4.1400e-07 3.6392 7.395000e-01 2.603740e-01 6.688478e-05 -0.0642 
8.7449e+05 3.5191 3.6314 0.70006 0.55507 0.4029 4.9203e+01 1 8.3946e-07 3.6314 7.395000e-01 2.603740e-01 6.688478e-05 -0.0688 
1.1850e+06 3.3094 3.6558 0.59201 0.56093 0.4029 3.0533e+01 1 4.7534e-07 3.6558 7.395000e-01 2.603740e-01 6.688478e-05 -0.0612 
1.2232e+06 3.1673 3.6790 0.56641 0.56095 0.4029 2.0322e+01 1 3.2137e-07 3.6790 7.395000e-01 2.603740e-01 6.688478e-05 999.0000 
 1.0500 5 # agb_1.05_Z0.00010000_Mdot50_eta0.20_Mc0.00_dMc0.00_Tbd6.40_L0.00_dL0.00_C0.00_Nr3.00_rates0_KOPv_KMOLv.dat 
0.0000e+00 3.3318 3.6519 1.05000 0.53977 0.3901 2.4442e+01 1 2.0091e-07 3.6519 7.369000e-01 2.630090e-01 6.710314e-05 -0.0609 
2.0553e+05 3.4430 3.6430 0.99870 0.54344 0.3901 3.2798e+01 1 3.4198e-07 3.6430 7.369000e-01 2.630090e-01 6.710314e-05 -0.0621 
5.1534e+05 3.5171 3.6345 0.88328 0.55158 0.3901 4.2561e+01 1 5.6624e-07 3.6345 7.369000e-01 2.630090e-01 6.710314e-05 -0.0657 
8.3281e+05 3.5852 3.6285 0.66924 0.56271 0.3901 5.8047e+01 1 1.2589e-06 3.6285 7.369000e-01 2.630090e-01 6.710314e-05 -0.0714 
1.0215e+06 3.4227 3.6696 0.57163 0.56635 0.3901 3.4565e+01 1 1.0186e-06 3.6696 7.369000e-01 2.630090e-01 6.710314e-05 999.0000 
 1.1000 6 # agb_1.10_Z0.00010000_Mdot50_eta0.20_Mc0.00_dMc0.00_Tbd6.40_L0.00_dL0.00_C0.00_Nr3.00_rates0_KOPv_KMOLv.dat 
0.0000e+00 3.2951 3.6560 1.10000 0.54314 0.3770 2.1653e+01 1 1.6444e-07 3.6560 7.351000e-01 2.647580e-01 6.732968e-05 -0.0587 
1.9463e+05 3.4150 3.6471 1.06032 0.54633 0.3770 2.9327e+01 1 2.8119e-07 3.6471 7.351000e-01 2.647580e-01 6.732968e-05 -0.0607 
4.9087e+05 3.4751 3.6405 0.97479 0.55338 0.3770 3.5862e+01 1 4.0832e-07 3.6405 7.351000e-01 2.647580e-01 6.732968e-05 -0.0644 
7.9966e+05 3.5457 3.6319 0.83429 0.56328 0.3770 4.7073e+01 1 7.0958e-07 3.6319 7.351000e-01 2.647580e-01 6.732968e-05 -0.0688 
1.0827e+06 3.5969 3.6577 0.58290 0.57387 0.3770 1.0827e+02 0 2.1979e-06 3.6577 7.351000e-01 2.647580e-01 6.732968e-05 -0.0731 
1.0833e+06 3.8588 3.6612 0.57896 0.57387 0.3770 1.8947e+02 0 9.3972e-06 3.6612 7.351000e-01 2.647580e-01 6.732968e-05 999.0000 
 1.1500 5 # agb_1.15_Z0.00010000_Mdot50_eta0.20_Mc0.00_dMc0.00_Tbd6.40_L0.00_dL0.00_C0.00_Nr3.00_rates0_KOPv_KMOLv.dat 
0.0000e+00 3.3557 3.6537 1.15000 0.54711 0.3655 2.4060e+01 1 1.9907e-07 3.6537 7.334000e-01 2.665090e-01 6.746759e-05 -0.0598 
1.8668e+05 3.4873 3.6435 1.10176 0.55078 0.3655 3.3717e+01 1 3.6392e-07 3.6435 7.334000e-01 2.665090e-01 6.746759e-05 -0.0623 
4.7459e+05 3.5499 3.6360 0.99422 0.55911 0.3655 4.2097e+01 1 5.5335e-07 3.6360 7.334000e-01 2.665090e-01 6.746759e-05 -0.0657 
7.6614e+05 3.6905 3.6080 0.75931 0.57089 8.5963 1.6410e+02 0 1.4928e-06 3.6080 7.304943e-01 2.689130e-01 5.682835e-04 -0.0861 
9.2069e+05 3.7302 3.6578 0.58234 0.57688 8.5963 1.4590e+02 0 4.4978e-06 3.6578 7.304943e-01 2.689130e-01 5.682835e-04 999.0000 
 1.2000 4 # agb_1.20_Z0.00010000_Mdot50_eta0.20_Mc0.00_dMc0.00_Tbd6.40_L0.00_dL0.00_C0.00_Nr3.00_rates0_KOPv_KMOLv.dat 
0.0000e+00 3.4740 3.6474 1.20000 0.55338 0.3584 3.0609e+01 1 3.0761e-07 3.6474 7.322000e-01 2.677760e-01 6.754738e-05 -0.0627 
1.7531e+05 3.6471 3.6325 1.11497 0.55846 0.3584 4.8647e+01 1 7.2611e-07 3.6325 7.322000e-01 2.677760e-01 6.754738e-05 -0.0657 
4.5250e+05 3.7096 3.6215 0.89993 0.57059 0.3584 6.5945e+01 1 1.3490e-06 3.6215 7.322000e-01 2.677760e-01 6.754738e-05 -0.0709 
6.6424e+05 3.7745 3.6618 0.58641 0.58113 0.3584 1.5435e+02 0 5.8210e-06 3.6618 7.322000e-01 2.677760e-01 6.754738e-05 999.0000 
 1.2500 5 # agb_1.25_Z0.00010000_Mdot50_eta0.20_Mc0.00_dMc0.00_Tbd6.40_L0.00_dL0.00_C0.00_Nr3.00_rates0_KOPv_KMOLv.dat 
0.0000e+00 3.3429 3.6572 1.25000 0.55502 0.3515 2.1947e+01 1 1.7140e-07 3.6572 7.319000e-01 2.680550e-01 6.767146e-05 -0.0596 
1.7121e+05 3.5635 3.6412 1.19491 0.55911 0.3515 3.7805e+01 1 4.5499e-07 3.6412 7.319000e-01 2.680550e-01 6.767146e-05 -0.0627 
4.3652e+05 3.6374 3.6322 1.06650 0.56870 0.3515 4.9013e+01 1 7.4302e-07 3.6322 7.319000e-01 2.680550e-01 6.767146e-05 -0.0673 
7.0028e+05 3.7318 3.6040 0.84230 0.58025 10.5421 1.6974e+02 0 1.4962e-06 3.6040 7.286578e-01 2.706690e-01 6.953846e-04 -0.0895 
8.8212e+05 3.8115 3.6457 0.59248 0.58738 30.4456 1.9194e+02 0 6.1660e-06 3.6457 7.199922e-01 2.761430e-01 3.876447e-03 999.0000 
 1.3000 7 # agb_1.30_Z0.00010000_Mdot50_eta0.20_Mc0.00_dMc0.00_Tbd6.40_L0.00_dL0.00_C0.00_Nr3.00_rates0_KOPv_KMOLv.dat 
0.0000e+00 3.4115 3.6544 1.30000 0.56013 0.3406 2.4895e+01 1 2.1577e-07 3.6544 7.302000e-01 2.697220e-01 6.777386e-05 -0.0602 
1.6207e+05 3.5501 3.6440 1.25195 0.56396 0.3406 3.5294e+01 1 4.0458e-07 3.6440 7.302000e-01 2.697220e-01 6.777386e-05 -0.0602 
4.1095e+05 3.6146 3.6366 1.14831 0.57256 0.3406 4.3835e+01 1 6.0395e-07 3.6366 7.302000e-01 2.697220e-01 6.777386e-05 -0.0626 
6.6203e+05 3.7359 3.6101 0.95467 0.58379 8.4730 7.3021e+01 1 1.2706e-06 3.6101 7.276468e-01 2.718140e-01 5.280888e-04 -0.0626 
8.2925e+05 3.8160 3.5692 0.79383 0.58946 27.4995 2.9488e+02 0 2.0464e-06 3.5692 7.203924e-01 2.765270e-01 3.063442e-03 -0.0662 
8.9362e+05 3.8100 3.6168 0.61508 0.59527 27.4995 2.3944e+02 0 4.5814e-06 3.6168 7.203924e-01 2.765270e-01 3.063442e-03 -0.0662 
8.9620e+05 3.7378 3.6491 0.60039 0.59527 27.4995 1.5593e+02 0 4.1305e-06 3.6491 7.203924e-01 2.765270e-01 3.063442e-03 999.0000 
 1.3500 6 # agb_1.35_Z0.00010000_Mdot50_eta0.20_Mc0.00_dMc0.00_Tbd6.40_L0.00_dL0.00_C0.00_Nr3.00_rates0_KOPv_KMOLv.dat 
0.0000e+00 3.4093 3.6559 1.35000 0.56257 0.3324 2.4061e+01 1 2.0464e-07 3.6559 7.294000e-01 2.704930e-01 6.787244e-05 -0.0595 
1.5651e+05 3.5320 3.6470 1.30898 0.56611 0.3324 3.2670e+01 1 3.5318e-07 3.6470 7.294000e-01 2.704930e-01 6.787244e-05 -0.0617 
3.9707e+05 3.5909 3.6406 1.22274 0.57398 0.3324 3.9477e+01 1 5.0003e-07 3.6406 7.294000e-01 2.704930e-01 6.787244e-05 -0.0646 
6.4191e+05 3.7292 3.6165 1.05677 0.58476 6.9914 6.5334e+01 1 1.0740e-06 3.6165 7.272932e-01 2.722430e-01 4.244363e-04 -0.0807 
8.6991e+05 3.8077 3.5759 0.80739 0.59554 24.7170 2.6859e+02 0 1.9861e-06 3.5759 7.210519e-01 2.764010e-01 2.503800e-03 -0.1143 
9.9214e+05 3.8446 3.6503 0.60614 0.60094 34.4893 1.9429e+02 0 7.3451e-06 3.6503 7.162178e-01 2.790480e-01 4.665327e-03 999.0000 
 1.4000 6 # agb_1.40_Z0.00010000_Mdot50_eta0.20_Mc0.00_dMc0.00_Tbd6.40_L0.00_dL0.00_C0.00_Nr3.00_rates0_KOPv_KMOLv.dat 
0.0000e+00 3.4057 3.6574 1.40000 0.56582 0.3240 2.3206e+01 1 1.9364e-07 3.6574 7.289000e-01 2.709660e-01 6.797412e-05 -0.0589 
1.5033e+05 3.5195 3.6493 1.36381 0.56912 0.3240 3.0732e+01 1 3.1842e-07 3.6493 7.289000e-01 2.709660e-01 6.797412e-05 -0.0613 
3.7973e+05 3.6207 3.6383 1.27764 0.57630 1.8351 4.1442e+01 1 5.2845e-07 3.6383 7.281136e-01 2.716840e-01 1.359710e-04 -0.0668 
6.2332e+05 3.7399 3.6137 1.12159 0.58607 9.1309 6.5960e+01 1 9.9541e-07 3.6137 7.247433e-01 2.744920e-01 6.986082e-04 -0.0839 
8.5584e+05 3.8124 3.5724 0.89971 0.59621 25.4104 2.5398e+02 0 1.6144e-06 3.5724 7.176343e-01 2.792460e-01 3.044783e-03 -0.1164 
1.0180e+06 3.8689 3.6492 0.61117 0.60603 30.7412 2.0558e+02 0 8.1846e-06 3.6492 7.150134e-01 2.806790e-01 4.215048e-03 999.0000 
 1.4500 6 # agb_1.45_Z0.00010000_Mdot50_eta0.20_Mc0.00_dMc0.00_Tbd6.40_L0.00_dL0.00_C0.00_Nr3.00_rates0_KOPv_KMOLv.dat 
0.0000e+00 3.5040 3.6524 1.45000 0.56961 0.3171 2.8303e+01 1 2.7669e-07 3.6524 7.280000e-01 2.719420e-01 6.804221e-05 -0.0613 
1.4489e+05 3.6240 3.6432 1.39934 0.57372 0.3171 3.8423e+01 1 4.8195e-07 3.6432 7.280000e-01 2.719420e-01 6.804221e-05 -0.0629 
3.6947e+05 3.6967 3.6325 1.28807 0.58227 2.2461 4.9481e+01 1 7.2946e-07 3.6325 7.270151e-01 2.728380e-01 1.565543e-04 -0.0695 
6.0006e+05 3.7799 3.6063 1.11619 0.59203 12.2556 7.5114e+01 1 1.1722e-06 3.6063 7.228628e-01 2.761790e-01 9.668892e-04 -0.0899 
8.1908e+05 3.8369 3.5651 0.88501 0.60229 29.4816 2.9076e+02 0 1.8113e-06 3.5651 7.156483e-01 2.807830e-01 3.563953e-03 -0.1230 
9.6214e+05 3.8847 3.6475 0.61740 0.61211 29.4816 2.1422e+02 0 8.6497e-06 3.6475 7.156483e-01 2.807830e-01 3.563953e-03 999.0000 
 1.5000 6 # agb_1.50_Z0.00010000_Mdot50_eta0.20_Mc0.00_dMc0.00_Tbd6.40_L0.00_dL0.00_C0.00_Nr3.00_rates0_KOPv_KMOLv.dat 
0.0000e+00 3.5234 3.6524 1.50000 0.56942 0.3087 2.8821e+01 1 2.8774e-07 3.6524 7.273000e-01 2.726200e-01 6.814071e-05 -0.0610 
1.4464e+05 3.6034 3.6460 1.45520 0.57335 0.3087 3.5512e+01 1 4.1879e-07 3.6460 7.273000e-01 2.726200e-01 6.814071e-05 -0.0616 
3.6738e+05 3.6850 3.6358 1.35558 0.58158 2.0551 4.6087e+01 1 6.4565e-07 3.6358 7.264167e-01 2.734240e-01 1.469163e-04 -0.0680 
5.9746e+05 3.7753 3.6113 1.20037 0.59115 11.1929 6.9208e+01 1 1.0423e-06 3.6113 7.226825e-01 2.764530e-01 8.517446e-04 -0.0863 
8.1806e+05 3.8327 3.5724 0.99858 0.60085 28.1952 2.4218e+02 0 1.4825e-06 3.5724 7.158915e-01 2.808330e-01 3.251232e-03 -0.1168 
1.0151e+06 3.8828 3.6483 0.62018 0.61485 33.3419 2.1091e+02 0 8.5507e-06 3.6483 7.133158e-01 2.822040e-01 4.436819e-03 999.0000 
 1.5500 7 # agb_1.55_Z0.00010000_Mdot50_eta0.20_Mc0.00_dMc0.00_Tbd6.40_L0.00_dL0.00_C0.00_Nr3.00_rates0_KOPv_KMOLv.dat 
0.0000e+00 3.4350 3.6591 1.55000 0.56708 0.3034 2.2967e+01 1 1.9364e-07 3.6591 7.272000e-01 2.727040e-01 6.822955e-05 -0.0579 
1.4471e+05 3.5663 3.6499 1.51442 0.57057 0.3034 3.1596e+01 1 3.3963e-07 3.6499 7.272000e-01 2.727040e-01 6.822955e-05 -0.0597 
3.7224e+05 3.6487 3.6407 1.43115 0.57820 1.8026 4.0458e+01 1 5.1286e-07 3.6407 7.264389e-01 2.733980e-01 1.349254e-04 -0.0649 
6.0741e+05 3.7535 3.6192 1.29803 0.58745 9.4504 6.0315e+01 1 8.6099e-07 3.6192 7.232480e-01 2.760280e-01 6.950352e-04 -0.0807 
8.3629e+05 3.8167 3.5839 1.12419 0.59663 25.5742 1.8943e+02 0 1.1858e-06 3.5839 7.169914e-01 2.801590e-01 2.813169e-03 -0.1086 
1.0485e+06 3.8648 3.5688 0.85400 0.60948 34.6343 3.0923e+02 0 2.3281e-06 3.5688 7.124400e-01 2.826260e-01 4.868821e-03 -0.1212 
1.1596e+06 3.8996 3.6499 0.62233 0.61701 34.6343 2.1518e+02 0 9.4189e-06 3.6499 7.124400e-01 2.826260e-01 4.868821e-03 999.0000 
 1.6000 7 # agb_1.60_Z0.00010000_Mdot50_eta0.20_Mc0.00_dMc0.00_Tbd6.40_L0.00_dL0.00_C0.00_Nr3.00_rates0_KOPv_KMOLv.dat 
0.0000e+00 3.4301 3.6602 1.60000 0.55666 0.2974 2.2211e+01 1 1.8239e-07 3.6602 7.269000e-01 2.729890e-01 6.832548e-05 -0.0577 
1.6264e+05 3.5201 3.6539 1.56753 0.56022 0.2974 2.7705e+01 1 2.6853e-07 3.6539 7.269000e-01 2.729890e-01 6.832548e-05 -0.0579 
4.0837e+05 3.6136 3.6448 1.49697 0.56751 1.6959 3.5981e+01 1 4.1495e-07 3.6448 7.261832e-01 2.736440e-01 1.302425e-04 -0.0622 
6.7199e+05 3.7190 3.6256 1.37874 0.57694 8.8501 5.2401e+01 1 6.8234e-07 3.6256 7.232232e-01 2.760910e-01 6.427522e-04 -0.0766 
9.2589e+05 3.7856 3.5933 1.22795 0.58600 24.3701 7.9534e+01 1 9.1411e-07 3.5933 7.173154e-01 2.799830e-01 2.651666e-03 -0.1005 
1.1628e+06 3.8352 3.5779 1.01127 0.59811 34.7049 2.2915e+02 0 1.5276e-06 3.5779 7.122108e-01 2.827390e-01 4.970438e-03 -0.1114 
1.3615e+06 3.8824 3.6495 0.61904 0.61361 35.2090 2.0883e+02 0 8.6298e-06 3.6495 7.118915e-01 2.828910e-01 5.133417e-03 999.0000 
 1.6500 8 # agb_1.65_Z0.00010000_Mdot50_eta0.20_Mc0.00_dMc0.00_Tbd6.40_L0.00_dL0.00_C0.00_Nr3.00_rates0_KOPv_KMOLv.dat 
0.0000e+00 3.5038 3.6569 1.65000 0.56964 0.2919 2.5628e+01 1 2.3714e-07 3.6569 7.265000e-01 2.733730e-01 6.839899e-05 -0.0594 
1.4009e+05 3.5656 3.6524 1.61760 0.57306 0.2919 2.9971e+01 1 3.1261e-07 3.6524 7.265000e-01 2.733730e-01 6.839899e-05 -0.0590 
3.5750e+05 3.6504 3.6437 1.54422 0.58034 1.6566 3.8200e+01 1 4.6881e-07 3.6437 7.258207e-01 2.739930e-01 1.279668e-04 -0.0635 
5.8639e+05 3.7563 3.6243 1.42488 0.58939 8.6384 5.5674e+01 1 7.7446e-07 3.6243 7.230151e-01 2.763170e-01 6.092089e-04 -0.0777 
8.0809e+05 3.8196 3.5931 1.27509 0.59776 24.2701 8.3125e+01 1 1.0233e-06 3.5931 7.173559e-01 2.800960e-01 2.483637e-03 -0.1024 
1.0183e+06 3.8652 3.5788 1.06192 0.60878 35.3485 2.3270e+02 0 1.6558e-06 3.5788 7.120296e-01 2.830150e-01 4.861165e-03 -0.1125 
1.1997e+06 3.9069 3.5460 0.78702 0.62345 37.2405 4.4811e+02 0 2.9242e-06 3.5460 7.107613e-01 2.836290e-01 5.500572e-03 -0.1444 
1.3310e+06 3.6772 3.6445 0.63485 0.62967 37.2405 1.3497e+02 0 2.5882e-06 3.6445 7.107613e-01 2.836290e-01 5.500572e-03 999.0000 
 1.7000 9 # agb_1.70_Z0.00010000_Mdot50_eta0.20_Mc0.00_dMc0.00_Tbd6.40_L0.00_dL0.00_C0.00_Nr3.00_rates0_KOPv_KMOLv.dat 
0.0000e+00 3.5911 3.6527 1.70000 0.58205 0.2880 3.0552e+01 1 3.2734e-07 3.6527 7.262000e-01 2.736590e-01 6.842049e-05 -0.0606 
1.2516e+05 3.6027 3.6512 1.66527 0.58555 0.2880 3.1881e+01 1 3.5237e-07 3.6512 7.262000e-01 2.736590e-01 6.842049e-05 -0.0599 
3.1169e+05 3.6932 3.6422 1.59251 0.59243 1.6501 4.1125e+01 1 5.4325e-07 3.6422 7.255428e-01 2.742580e-01 1.270080e-04 -0.0654 
5.1377e+05 3.7929 3.6233 1.47211 0.60115 8.4984 5.8964e+01 1 8.7700e-07 3.6233 7.228785e-01 2.764670e-01 5.818537e-04 -0.0791 
7.0980e+05 3.8513 3.5932 1.32286 0.60899 24.1158 8.6393e+01 1 1.1350e-06 3.5932 7.174941e-01 2.801060e-01 2.321405e-03 -0.1035 
8.9756e+05 3.8919 3.5800 1.11443 0.61900 35.8245 2.3393e+02 0 1.7660e-06 3.5800 7.120586e-01 2.831270e-01 4.707980e-03 -0.1129 
1.0617e+06 3.9311 3.5393 0.86546 0.63252 38.7542 4.6105e+02 0 2.6607e-06 3.5393 7.100305e-01 2.841220e-01 5.718804e-03 -0.1467 
1.2004e+06 3.7369 3.5859 0.69620 0.64068 38.7542 2.3963e+02 0 1.9187e-06 3.5859 7.100305e-01 2.841220e-01 5.718804e-03 -0.1279 
1.2270e+06 3.6354 3.6460 0.64606 0.64095 38.7542 1.1945e+02 0 2.0277e-06 3.6460 7.100305e-01 2.841220e-01 5.718804e-03 999.0000 
 1.7500 8 # agb_1.75_Z0.00010000_Mdot50_eta0.20_Mc0.00_dMc0.00_Tbd6.40_L0.00_dL0.00_C0.00_Nr3.00_rates0_KOPv_KMOLv.dat 
0.0000e+00 3.6155 3.6521 1.75000 0.59030 0.2849 3.1612e+01 1 3.4995e-07 3.6521 7.275000e-01 2.723480e-01 6.843637e-05 -0.0616 
1.1330e+05 3.6271 3.6507 1.71674 0.59362 0.2849 3.2942e+01 1 3.7584e-07 3.6507 7.275000e-01 2.723480e-01 6.843637e-05 -0.0606 
2.8362e+05 3.7104 3.6423 1.64739 0.60013 1.5774 4.1667e+01 1 5.5976e-07 3.6423 7.268858e-01 2.729070e-01 1.234368e-04 -0.0657 
4.7019e+05 3.8076 3.6247 1.53178 0.60850 7.8943 5.8759e+01 1 8.9331e-07 3.6247 7.244416e-01 2.749460e-01 5.279970e-04 -0.0783 
6.5034e+05 3.8673 3.5966 1.38979 0.61577 22.8722 8.4617e+01 1 1.1614e-06 3.5966 7.194200e-01 2.784050e-01 2.086415e-03 -0.1016 
8.2537e+05 3.9064 3.5654 1.22191 0.62468 35.4204 2.5334e+02 0 1.4388e-06 3.5654 7.138865e-01 2.815440e-01 4.455198e-03 -0.1246 
9.8159e+05 3.9439 3.5501 0.99761 0.63723 39.1665 3.7896e+02 0 2.3442e-06 3.5501 7.113446e-01 2.828100e-01 5.704462e-03 -0.1357 
1.0996e+06 3.9844 3.6456 0.65418 0.64890 39.1665 2.5844e+02 0 1.3243e-05 3.6456 7.113446e-01 2.828100e-01 5.704462e-03 999.0000 
 1.8000 8 # agb_1.80_Z0.00010000_Mdot50_eta0.20_Mc0.00_dMc0.00_Tbd6.40_L0.00_dL0.00_C0.00_Nr3.00_rates0_KOPv_KMOLv.dat 
0.0000e+00 3.6217 3.6527 1.80000 0.59861 0.2827 3.1388e+01 1 3.4674e-07 3.6527 7.304000e-01 2.695390e-01 6.841855e-05 -0.0609 
1.0213e+05 3.7253 3.6451 1.75865 0.60230 0.2827 4.0591e+01 1 5.5590e-07 3.6451 7.304000e-01 2.695390e-01 6.841855e-05 -0.0627 
2.6661e+05 3.7812 3.6367 1.67163 0.60911 2.5553 4.9065e+01 1 7.4302e-07 3.6367 7.292289e-01 2.706020e-01 1.757636e-04 -0.0695 
4.4598e+05 3.8458 3.6175 1.54522 0.61647 11.1071 6.6170e+01 1 1.0116e-06 3.6175 7.255654e-01 2.736070e-01 8.334977e-04 -0.0846 
6.2151e+05 3.8928 3.5881 1.39678 0.62298 27.6663 9.4138e+01 1 1.2359e-06 3.5881 7.195205e-01 2.776740e-01 2.800491e-03 -0.1083 
7.8858e+05 3.9293 3.5751 1.19943 0.63219 38.0555 2.4866e+02 0 1.8197e-06 3.5751 7.140975e-01 2.806560e-01 5.206814e-03 -0.1179 
9.3248e+05 3.9650 3.5616 0.92555 0.64448 41.0944 3.8338e+02 0 3.3113e-06 3.5616 7.115813e-01 2.818910e-01 6.455948e-03 -0.1268 
1.0138e+06 3.9944 3.6495 0.65735 0.65190 41.0944 2.5405e+02 0 1.4289e-05 3.6495 7.115813e-01 2.818910e-01 6.455948e-03 999.0000 
 1.8500 10 # agb_1.85_Z0.00010000_Mdot50_eta0.20_Mc0.00_dMc0.00_Tbd6.40_L0.00_dL0.00_C0.00_Nr3.00_rates0_KOPv_KMOLv.dat 
0.0000e+00 3.6509 3.6519 1.85000 0.60689 0.2810 3.2833e+01 1 3.7931e-07 3.6519 7.319000e-01 2.679290e-01 6.840516e-05 -0.0612 
9.4457e+04 3.6642 3.6505 1.81897 0.60993 0.2810 3.4295e+01 1 4.0926e-07 3.6505 7.319000e-01 2.679290e-01 6.840516e-05 -0.0615 
2.3954e+05 3.7522 3.6411 1.75189 0.61545 2.0864 4.3978e+01 1 6.1660e-07 3.6411 7.309902e-01 2.687570e-01 1.504574e-04 -0.0671 
4.0441e+05 3.8420 3.6243 1.64193 0.62249 8.2291 6.0623e+01 1 9.4189e-07 3.6243 7.281950e-01 2.711160e-01 5.868068e-04 -0.0803 
5.6890e+05 3.8982 3.5978 1.50413 0.62858 22.9844 8.5296e+01 1 1.1967e-06 3.5978 7.228840e-01 2.748880e-01 2.120361e-03 -0.1022 
7.2706e+05 3.9353 3.5678 1.34947 0.63588 35.7756 2.4178e+02 0 1.4256e-06 3.5678 7.170485e-01 2.782640e-01 4.552158e-03 -0.1239 
8.6908e+05 3.9698 3.5536 1.15549 0.64670 40.4101 3.4122e+02 0 2.0893e-06 3.5536 7.136313e-01 2.799940e-01 6.203285e-03 -0.1346 
9.8871e+05 4.0007 3.5443 0.89369 0.65826 42.3215 5.0037e+02 0 3.8282e-06 3.5443 7.115840e-01 2.809690e-01 7.244268e-03 -0.1445 
1.0952e+06 3.7821 3.5917 0.72080 0.66531 42.3215 2.4402e+02 0 2.4044e-06 3.5917 7.115840e-01 2.809690e-01 7.244268e-03 -0.1137 
1.1115e+06 3.6919 3.6476 0.67101 0.66540 42.3215 1.2913e+02 0 2.5942e-06 3.6476 7.115840e-01 2.809690e-01 7.244268e-03 999.0000 
 1.9000 9 # agb_1.90_Z0.00010000_Mdot50_eta0.20_Mc0.00_dMc0.00_Tbd6.40_L0.00_dL0.00_C0.00_Nr3.00_rates0_KOPv_KMOLv.dat 
0.0000e+00 3.6477 3.6532 1.90000 0.61736 0.2789 3.1908e+01 1 3.6224e-07 3.6532 7.333000e-01 2.666200e-01 6.838879e-05 -0.0603 
8.5302e+04 3.7453 3.6459 1.86189 0.62073 0.2789 4.0647e+01 1 5.6234e-07 3.6459 7.333000e-01 2.666200e-01 6.838879e-05 -0.0634 
2.1474e+05 3.8166 3.6372 1.78656 0.62642 2.2404 5.0418e+01 1 7.9799e-07 3.6372 7.323317e-01 2.674990e-01 1.575167e-04 -0.0694 
3.6275e+05 3.8821 3.6208 1.67127 0.63303 9.1763 6.6283e+01 1 1.0940e-06 3.6208 7.293524e-01 2.699910e-01 6.441045e-04 -0.0832 
5.1028e+05 3.9272 3.5953 1.53351 0.63859 24.3332 9.0710e+01 1 1.3243e-06 3.5953 7.241210e-01 2.736820e-01 2.177436e-03 -0.1045 
6.5359e+05 3.9605 3.5659 1.37909 0.64543 36.8110 2.5516e+02 0 1.5488e-06 3.5659 7.184202e-01 2.769740e-01 4.558567e-03 -0.1267 
7.8312e+05 3.9916 3.5524 1.18791 0.65559 41.3670 3.5309e+02 0 2.2182e-06 3.5524 7.149457e-01 2.787400e-01 6.229416e-03 -0.1356 
8.9213e+05 4.0205 3.5422 0.93909 0.66634 43.3551 5.0946e+02 0 3.8371e-06 3.5422 7.126648e-01 2.798330e-01 7.382953e-03 -0.1453 
9.5715e+05 4.0448 3.6461 0.67879 0.67316 43.3551 2.8481e+02 0 1.7338e-05 3.6461 7.126648e-01 2.798330e-01 7.382953e-03 999.0000 
 1.9500 9 # agb_1.95_Z0.00010000_Mdot50_eta0.20_Mc0.00_dMc0.00_Tbd6.40_L0.00_dL0.00_C0.00_Nr3.00_rates0_KOPv_KMOLv.dat 
0.0000e+00 3.7332 3.6485 1.95000 0.62981 0.2793 3.8104e+01 1 5.0350e-07 3.6485 7.351000e-01 2.648130e-01 6.837355e-05 -0.0631 
7.4314e+04 3.7837 3.6445 1.91208 0.63301 0.2793 4.3473e+01 1 6.4417e-07 3.6445 7.351000e-01 2.648130e-01 6.837355e-05 -0.0644 
1.8715e+05 3.8504 3.6359 1.83781 0.63834 2.1529 5.3354e+01 1 8.9536e-07 3.6359 7.341978e-01 2.656320e-01 1.521712e-04 -0.0709 
3.1702e+05 3.9102 3.6208 1.72581 0.64449 8.5530 6.8656e+01 1 1.1995e-06 3.6208 7.314794e-01 2.679200e-01 5.814136e-04 -0.0832 
4.4795e+05 3.9517 3.5971 1.59116 0.64961 22.8756 9.1849e+01 1 1.4322e-06 3.5971 7.266405e-01 2.714030e-01 1.931125e-03 -0.1038 
5.7603e+05 3.9831 3.5692 1.44145 0.65552 35.8400 2.5052e+02 0 1.6520e-06 3.5692 7.210953e-01 2.746880e-01 4.167912e-03 -0.1246 
6.9385e+05 4.0118 3.5567 1.25834 0.66463 40.9681 3.3753e+02 0 2.2961e-06 3.5567 7.174729e-01 2.765680e-01 5.874662e-03 -0.1337 
7.9378e+05 4.0384 3.5449 1.03072 0.67430 43.4296 4.7635e+02 0 3.6058e-06 3.5449 7.147551e-01 2.778880e-01 7.233605e-03 -0.1424 
8.7093e+05 4.0670 3.6502 0.68856 0.68336 43.7984 2.8481e+02 0 1.9679e-05 3.6502 7.142160e-01 2.781420e-01 7.508762e-03 999.0000 
 2.0000 10 # agb_2.00_Z0.00010000_Mdot50_eta0.20_Mc0.00_dMc0.00_Tbd6.40_L0.00_dL0.00_C0.00_Nr3.00_rates0_KOPv_KMOLv.dat 
0.0000e+00 3.7485 3.6485 2.00000 0.64246 0.2798 3.8683e+01 1 5.2000e-07 3.6485 7.363000e-01 2.636070e-01 6.836145e-05 -0.0635 
6.4076e+04 3.8137 3.6435 1.96423 0.64540 0.2798 4.5639e+01 1 7.0795e-07 3.6435 7.363000e-01 2.636070e-01 6.836145e-05 -0.0660 
1.6329e+05 3.8723 3.6358 1.89278 0.65034 2.0235 5.4766e+01 1 9.5060e-07 3.6358 7.354832e-01 2.643470e-01 1.448995e-04 -0.0709 
2.7696e+05 3.9334 3.6217 1.78554 0.65609 7.6549 6.9967e+01 1 1.2853e-06 3.6217 7.330904e-01 2.663790e-01 5.052827e-04 -0.0829 
3.9199e+05 3.9766 3.5996 1.65555 0.66073 20.8580 9.2509e+01 1 1.5524e-06 3.5996 7.286843e-01 2.696340e-01 1.651390e-03 -0.1019 
5.0651e+05 4.0049 3.5731 1.51069 0.66579 34.3417 2.4350e+02 0 1.7579e-06 3.5731 7.233507e-01 2.728910e-01 3.708663e-03 -0.1217 
6.1418e+05 4.0308 3.5618 1.33402 0.67360 40.5576 3.1906e+02 0 2.3659e-06 3.5618 7.193355e-01 2.750260e-01 5.553907e-03 -0.1309 
7.0635e+05 4.0554 3.5500 1.12205 0.68226 43.4509 4.3796e+02 0 3.4834e-06 3.5500 7.162835e-01 2.765310e-01 7.059624e-03 -0.1385 
7.8923e+05 4.0772 3.5719 0.77885 0.69218 44.5143 5.2510e+02 0 9.3756e-06 3.5719 7.146619e-01 2.773030e-01 7.880783e-03 -0.1385 
8.1231e+05 3.8226 3.6494 0.69853 0.69300 44.5143 1.6410e+02 0 4.9545e-06 3.6494 7.146619e-01 2.773030e-01 7.880783e-03 999.0000 
 2.0500 11 # agb_2.05_Z0.00010000_Mdot50_eta0.20_Mc0.00_dMc0.00_Tbd6.40_L0.00_dL0.00_C0.00_Nr3.00_rates0_KOPv_KMOLv.dat 
0.0000e+00 3.7442 3.6499 2.05000 0.65731 0.2800 3.7521e+01 1 4.9545e-07 3.6499 7.373000e-01 2.626000e-01 6.834879e-05 -0.0633 
5.4001e+04 3.8442 3.6425 2.01659 0.65995 0.2800 4.7951e+01 1 7.8343e-07 3.6425 7.373000e-01 2.626000e-01 6.834879e-05 -0.0656 
1.3747e+05 3.9017 3.6351 1.95013 0.66430 1.8855 5.7212e+01 1 1.0447e-06 3.6351 7.365721e-01 2.632590e-01 1.374243e-04 -0.0716 
2.3555e+05 3.9596 3.6224 1.84810 0.66961 6.7432 7.1759e+01 1 1.3964e-06 3.6224 7.345044e-01 2.650300e-01 4.338049e-04 -0.0833 
3.3510e+05 4.0013 3.6026 1.72383 0.67380 18.4632 9.2781e+01 1 1.6866e-06 3.6026 7.305823e-01 2.680150e-01 1.367066e-03 -0.1013 
4.3587e+05 4.0291 3.5776 1.58267 0.67821 32.0982 1.2244e+02 1 1.9011e-06 3.5776 7.256158e-01 2.711650e-01 3.168451e-03 -0.1205 
5.3146e+05 4.0537 3.5677 1.41289 0.68433 39.8676 3.0256e+02 0 2.5119e-06 3.5677 7.211340e-01 2.736250e-01 5.157725e-03 -0.1265 
6.1612e+05 4.0759 3.5564 1.20945 0.69209 43.2122 4.0460e+02 0 3.5400e-06 3.5564 7.178721e-01 2.752680e-01 6.737080e-03 -0.1333 
6.9135e+05 4.0960 3.5533 0.92665 0.70093 44.6521 5.5269e+02 0 6.5163e-06 3.5533 7.157366e-01 2.762970e-01 7.807216e-03 -0.1378 
7.5996e+05 3.8355 3.6001 0.76329 0.70614 44.6521 2.4224e+02 0 3.0832e-06 3.6001 7.157366e-01 2.762970e-01 7.807216e-03 -0.0656 
7.6878e+05 3.7971 3.6526 0.71151 0.70615 44.6521 1.4808e+02 0 4.2756e-06 3.6526 7.157366e-01 2.762970e-01 7.807216e-03 999.0000 
 2.1000 10 # agb_2.10_Z0.00010000_Mdot50_eta0.20_Mc0.00_dMc0.00_Tbd6.40_L0.00_dL0.00_C0.00_Nr3.00_rates0_KOPv_KMOLv.dat 
0.0000e+00 3.7697 3.6492 2.10000 0.67161 0.2816 3.9015e+01 1 5.3703e-07 3.6492 7.384000e-01 2.614950e-01 6.833046e-05 -0.0637 
4.6183e+04 3.8762 3.6413 2.06779 0.67405 0.2816 5.0635e+01 1 8.7498e-07 3.6413 7.384000e-01 2.614950e-01 6.833046e-05 -0.0667 
1.1838e+05 3.9260 3.6347 2.00351 0.67806 1.7793 5.9159e+01 1 1.1246e-06 3.6347 7.377414e-01 2.620900e-01 1.317584e-04 -0.0732 
2.0160e+05 3.9857 3.6227 1.90784 0.68282 6.0502 7.3895e+01 1 1.5171e-06 3.6227 7.359322e-01 2.636490e-01 3.818626e-04 -0.0829 
2.8786e+05 4.0264 3.6048 1.78897 0.68662 16.3903 9.3764e+01 1 1.8365e-06 3.6048 7.324332e-01 2.663780e-01 1.149404e-03 -0.1000 
3.7614e+05 4.0533 3.5817 1.65273 0.69043 29.7618 1.2150e+02 1 2.0654e-06 3.5817 7.278564e-01 2.693830e-01 2.710018e-03 -0.1185 
4.6145e+05 4.0753 3.5727 1.48905 0.69535 38.7075 2.8979e+02 0 2.6607e-06 3.5727 7.232500e-01 2.719910e-01 4.678985e-03 -0.1218 
5.3891e+05 4.0956 3.5622 1.29357 0.70224 42.5852 3.7775e+02 0 3.6224e-06 3.5622 7.198760e-01 2.737310e-01 6.276330e-03 -0.1299 
6.0685e+05 4.1144 3.5543 1.04518 0.70992 44.4537 5.1239e+02 0 5.7544e-06 3.5543 7.173257e-01 2.749810e-01 7.536704e-03 -0.1332 
6.4447e+05 4.1266 3.6437 0.71977 0.71433 44.8240 3.3132e+02 0 2.4044e-05 3.6437 7.166494e-01 2.753050e-01 7.876660e-03 999.0000 
 2.1500 10 # agb_2.15_Z0.00010000_Mdot50_eta0.20_Mc0.00_dMc0.00_Tbd6.40_L0.00_dL0.00_C0.00_Nr3.00_rates0_KOPv_KMOLv.dat 
0.0000e+00 3.7947 3.6486 2.15000 0.68472 0.2841 4.0540e+01 1 5.8076e-07 3.6486 7.387000e-01 2.611910e-01 6.832473e-05 -0.0643 
4.1116e+04 3.8990 3.6409 2.11787 0.68707 0.2841 5.2318e+01 1 9.3756e-07 3.6409 7.387000e-01 2.611910e-01 6.832473e-05 -0.0684 
1.0095e+05 3.9572 3.6337 2.05936 0.69050 1.6861 6.2224e+01 1 1.2503e-06 3.6337 7.381016e-01 2.617310e-01 1.268918e-04 -0.0730 
1.7416e+05 4.0101 3.6229 1.96775 0.69492 5.4999 7.5918e+01 1 1.6368e-06 3.6229 7.365022e-01 2.631150e-01 3.423811e-04 -0.0819 
2.5064e+05 4.0485 3.6067 1.85250 0.69854 14.5847 9.4570e+01 1 1.9724e-06 3.6067 7.333766e-01 2.656000e-01 9.809106e-04 -0.0987 
3.2761e+05 4.0767 3.5854 1.72320 0.70175 27.3935 1.2079e+02 1 2.2336e-06 3.5854 7.291819e-01 2.684410e-01 2.325015e-03 -0.1147 
4.0467e+05 4.0957 3.5772 1.56436 0.70586 37.2138 2.7851e+02 0 2.7990e-06 3.5772 7.246428e-01 2.710940e-01 4.187814e-03 -0.1192 
4.7518e+05 4.1150 3.5384 1.41469 0.71186 41.7006 4.5051e+02 0 2.8642e-06 3.5384 7.212147e-01 2.729040e-01 5.771602e-03 -0.1501 
5.3727e+05 4.1322 3.5281 1.22995 0.71832 44.0893 5.8201e+02 0 5.3827e-06 3.5281 7.182834e-01 2.743660e-01 7.200024e-03 -0.1556 
5.9136e+05 4.1508 3.6507 0.73038 0.72525 45.1894 3.2428e+02 0 2.8119e-05 3.6507 7.162908e-01 2.753300e-01 8.192509e-03 999.0000 
 2.2000 12 # agb_2.20_Z0.00010000_Mdot50_eta0.20_Mc0.00_dMc0.00_Tbd6.40_L0.00_dL0.00_C0.00_Nr3.00_rates0_KOPv_KMOLv.dat 
0.0000e+00 3.8033 3.6491 2.20000 0.69505 0.2869 4.0560e+01 1 5.8614e-07 3.6491 7.384000e-01 2.614880e-01 6.831384e-05 -0.0636 
3.7088e+04 3.9174 3.6406 2.16884 0.69729 0.2869 5.3551e+01 1 9.8855e-07 3.6406 7.384000e-01 2.614880e-01 6.831384e-05 -0.0686 
8.9717e+04 3.9771 3.6336 2.11379 0.70042 1.6018 6.3741e+01 1 1.3243e-06 3.6336 7.378523e-01 2.619810e-01 1.225679e-04 -0.0730 
1.5533e+05 4.0281 3.6236 2.02651 0.70456 5.0542 7.6897e+01 1 1.7179e-06 3.6236 7.364213e-01 2.632230e-01 3.113834e-04 -0.0811 
2.2311e+05 4.0679 3.6087 1.91859 0.70784 13.1012 9.4900e+01 1 2.0845e-06 3.6087 7.336222e-01 2.654820e-01 8.505424e-04 -0.0965 
2.9375e+05 4.0923 3.5891 1.79284 0.71087 25.3123 1.1857e+02 1 2.3227e-06 3.5891 7.297606e-01 2.681650e-01 2.022112e-03 -0.1114 
3.6366e+05 4.1119 3.5817 1.64243 0.71426 35.6435 2.6555e+02 0 2.8907e-06 3.5817 7.254126e-01 2.707740e-01 3.740853e-03 -0.1172 
4.2988e+05 4.1296 3.5438 1.49778 0.71945 40.9369 4.2118e+02 0 2.8907e-06 3.5438 7.218072e-01 2.727190e-01 5.369411e-03 -0.1466 
4.8783e+05 4.1452 3.5347 1.34130 0.72508 43.7155 5.2248e+02 0 3.6644e-06 3.5347 7.187128e-01 2.742850e-01 6.857958e-03 -0.1511 
5.4172e+05 4.1591 3.5321 0.96931 0.73172 45.1176 7.3850e+02 0 1.9543e-05 3.5321 7.163192e-01 2.754550e-01 8.040925e-03 -0.1532 
5.9207e+05 3.8711 3.5741 0.83796 0.73592 45.1176 3.0412e+02 0 2.5942e-06 3.5741 7.163192e-01 2.754550e-01 8.040925e-03 0.0588 
6.1349e+05 3.8820 3.6487 0.74225 0.73721 45.1176 1.7851e+02 0 6.0814e-06 3.6487 7.163192e-01 2.754550e-01 8.040925e-03 999.0000 
 2.2500 11 # agb_2.25_Z0.00010000_Mdot50_eta0.20_Mc0.00_dMc0.00_Tbd6.40_L0.00_dL0.00_C0.00_Nr3.00_rates0_KOPv_KMOLv.dat 
0.0000e+00 3.8124 3.6495 2.25000 0.70591 0.2900 4.0652e+01 1 5.9429e-07 3.6495 7.381000e-01 2.617840e-01 6.829007e-05 -0.0648 
3.1716e+04 3.9456 3.6398 2.22168 0.70791 0.2900 5.6065e+01 1 1.0864e-06 3.6398 7.381000e-01 2.617840e-01 6.829007e-05 -0.0693 
7.9400e+04 3.9951 3.6336 2.16853 0.71086 1.5175 6.5004e+01 1 1.3900e-06 3.6336 7.376019e-01 2.622320e-01 1.182726e-04 -0.0735 
1.3778e+05 4.0446 3.6243 2.08617 0.71470 4.6181 7.7696e+01 1 1.7906e-06 3.6243 7.363340e-01 2.633360e-01 2.823811e-04 -0.0800 
1.9823e+05 4.0841 3.6108 1.98441 0.71777 11.6103 9.4595e+01 1 2.1727e-06 3.6108 7.338576e-01 2.653630e-01 7.303212e-04 -0.0947 
2.6134e+05 4.1102 3.5927 1.86501 0.72046 22.9800 1.1694e+02 1 2.4434e-06 3.5927 7.303471e-01 2.678700e-01 1.728145e-03 -0.1089 
3.2486e+05 4.1289 3.5863 1.72123 0.72335 33.6638 1.3213e+02 1 2.9992e-06 3.5863 7.262486e-01 2.704050e-01 3.276080e-03 -0.1135 
3.8613e+05 4.1443 3.5493 1.58315 0.72748 40.0221 3.9414e+02 0 2.9309e-06 3.5493 7.224108e-01 2.725280e-01 4.961287e-03 -0.1419 
4.4114e+05 4.1589 3.5407 1.43401 0.73252 43.2021 4.8053e+02 0 3.6308e-06 3.5407 7.192382e-01 2.741630e-01 6.461844e-03 -0.1481 
4.9113e+05 4.1725 3.5320 1.24210 0.73826 44.8866 6.0968e+02 0 7.0307e-06 3.5320 7.166014e-01 2.754670e-01 7.752202e-03 -0.1522 
5.3632e+05 4.1864 3.6512 0.75035 0.74465 45.7264 3.4130e+02 0 3.2734e-05 3.6512 7.147093e-01 2.763820e-01 8.692332e-03 999.0000 
 2.3000 14 # agb_2.30_Z0.00010000_Mdot50_eta0.20_Mc0.00_dMc0.00_Tbd6.40_L0.00_dL0.00_C0.00_Nr3.00_rates0_KOPv_KMOLv.dat 
0.0000e+00 3.8218 3.6498 2.30000 0.71627 0.2917 4.0800e+01 1 6.0117e-07 3.6498 7.376000e-01 2.622800e-01 6.828757e-05 -0.0641 
2.8433e+04 3.9680 3.6392 2.27249 0.71817 0.2917 5.7976e+01 1 1.1668e-06 3.6392 7.376000e-01 2.622800e-01 6.828757e-05 -0.0689 
7.0238e+04 4.0145 3.6336 2.22304 0.72082 1.4515 6.6531e+01 1 1.4723e-06 3.6336 7.371411e-01 2.626920e-01 1.149442e-04 -0.0739 
1.2265e+05 4.0605 3.6250 2.14520 0.72439 4.2701 7.8490e+01 1 1.8621e-06 3.6250 7.360078e-01 2.636800e-01 2.597342e-04 -0.0797 
1.7740e+05 4.0995 3.6126 2.04762 0.72738 10.3848 9.4503e+01 1 2.2594e-06 3.6126 7.338095e-01 2.655010e-01 6.362022e-04 -0.0931 
2.3335e+05 4.1268 3.5960 1.93616 0.72967 20.8790 1.1544e+02 1 2.5586e-06 3.5960 7.306150e-01 2.678390e-01 1.488896e-03 -0.1060 
2.9158e+05 4.1445 3.5764 1.81086 0.73225 31.6142 1.4238e+02 1 2.7606e-06 3.5764 7.268037e-01 2.702630e-01 2.862770e-03 -0.1230 
3.4804e+05 4.1588 3.5696 1.66794 0.73550 38.8178 3.2393e+02 0 3.3343e-06 3.5696 7.229482e-01 2.724510e-01 4.505290e-03 -0.1279 
3.9987e+05 4.1733 3.5616 1.50847 0.73995 42.4630 3.9332e+02 0 4.1400e-06 3.5616 7.197509e-01 2.741290e-01 5.989768e-03 -0.1286 
4.4689e+05 4.1850 3.5539 1.32560 0.74504 44.4624 4.8624e+02 0 5.3703e-06 3.5539 7.169621e-01 2.755270e-01 7.340043e-03 -0.1361 
4.9076e+05 4.1959 3.5502 1.08614 0.75107 45.5036 6.1610e+02 0 8.2224e-06 3.5502 7.148045e-01 2.765790e-01 8.405016e-03 -0.1318 
5.3134e+05 3.8822 3.5837 0.98748 0.75432 45.6932 2.4680e+02 0 2.1677e-06 3.5837 7.142954e-01 2.768240e-01 8.658518e-03 -0.1055 
5.7069e+05 3.8884 3.5892 0.88377 0.75777 45.6932 2.6344e+02 0 2.8840e-06 3.5892 7.142954e-01 2.768240e-01 8.658518e-03 -0.1702 
5.9409e+05 3.8992 3.6563 0.76467 0.75955 45.6932 1.6873e+02 0 6.6988e-06 3.6563 7.142954e-01 2.768240e-01 8.658518e-03 999.0000 
 2.4000 17 # agb_2.40_Z0.00010000_Mdot50_eta0.20_Mc0.00_dMc0.00_Tbd6.40_L0.00_dL0.00_C0.00_Nr3.00_rates0_KOPv_KMOLv.dat 
0.0000e+00 3.8425 3.6504 2.40000 0.73579 0.2953 4.1295e+01 1 6.2517e-07 3.6504 7.353000e-01 2.645710e-01 6.839744e-05 -0.0624 
2.3292e+04 3.9999 3.6391 2.37466 0.73749 0.2953 6.0161e+01 1 1.2735e-06 3.6391 7.353000e-01 2.645710e-01 6.839744e-05 -0.0708 
5.5938e+04 4.0478 3.6335 2.33174 0.73968 1.3146 6.9044e+01 1 1.6106e-06 3.6335 7.349167e-01 2.649140e-01 1.085288e-04 -0.0720 
9.7010e+04 4.0944 3.6259 2.26505 0.74258 3.6582 8.0646e+01 1 2.0370e-06 3.6259 7.340105e-01 2.657060e-01 2.226442e-04 -0.0805 
1.4219e+05 4.1299 3.6156 2.17700 0.74533 8.3730 9.4709e+01 1 2.4378e-06 3.6156 7.322678e-01 2.671770e-01 4.939581e-04 -0.0891 
1.8838e+05 4.1557 3.6019 2.07599 0.74736 16.9636 1.1249e+02 1 2.7479e-06 3.6019 7.296637e-01 2.691670e-01 1.105687e-03 -0.1002 
2.3618e+05 4.1739 3.5851 1.96338 0.74927 27.2270 1.3528e+02 1 2.9717e-06 3.5851 7.264342e-01 2.713350e-01 2.158927e-03 -0.1161 
2.8411e+05 4.1880 3.5793 1.83285 0.75147 35.6067 1.5008e+02 1 3.5075e-06 3.5793 7.228625e-01 2.734680e-01 3.579867e-03 -0.1195 
3.3045e+05 4.1996 3.5731 1.68331 0.75475 40.5327 3.4126e+02 0 4.2170e-06 3.5731 7.195713e-01 2.752680e-01 5.043682e-03 -0.1256 
3.7224e+05 4.2100 3.5266 1.55225 0.75856 43.2733 5.6929e+02 0 4.7098e-06 3.5266 7.166275e-01 2.767860e-01 6.433221e-03 -0.1581 
4.1089e+05 4.2189 3.5143 1.20178 0.76296 44.8072 8.1601e+02 0 2.2542e-05 3.5143 7.140714e-01 2.780580e-01 7.676060e-03 -0.1606 
4.4723e+05 3.8861 3.5576 1.12373 0.76513 45.4804 2.7991e+02 0 1.4256e-06 3.5576 7.124775e-01 2.788340e-01 8.462348e-03 -0.1293 
4.8260e+05 3.8907 3.5563 1.06555 0.76809 45.4204 3.0022e+02 0 1.6032e-06 3.5563 7.121362e-01 2.789810e-01 8.649979e-03 -0.1366 
5.1649e+05 3.8960 3.5562 1.00162 0.77111 45.3962 3.2135e+02 0 1.8578e-06 3.5562 7.121048e-01 2.789930e-01 8.668461e-03 -0.1401 
5.4933e+05 3.9014 3.5603 0.92761 0.77409 45.3962 3.3597e+02 0 2.2856e-06 3.5603 7.121048e-01 2.789930e-01 8.668461e-03 -0.1550 
5.8173e+05 3.9060 3.5852 0.82967 0.77708 45.3962 3.0055e+02 0 3.4834e-06 3.5852 7.121048e-01 2.789930e-01 8.668461e-03 -0.2400 
5.8545e+05 3.9683 3.6416 0.78277 0.77709 45.3962 2.1986e+02 0 8.3753e-06 3.6416 7.121048e-01 2.789930e-01 8.668461e-03 999.0000 
 2.6000 17 # agb_2.60_Z0.00010000_Mdot50_eta0.20_Mc0.00_dMc0.00_Tbd6.40_L0.00_dL0.00_C0.00_Nr3.00_rates0_KOPv_KMOLv.dat 
0.0000e+00 4.0463 3.6402 2.60000 0.77080 0.3003 6.2015e+01 1 1.3964e-06 3.6402 7.277000e-01 2.722570e-01 6.832207e-05 -0.0687 
1.5662e+04 4.1525 3.6321 2.57074 0.77244 0.3003 8.0403e+01 1 2.3227e-06 3.6321 7.277000e-01 2.722570e-01 6.832207e-05 -0.0735 
3.7819e+04 4.1687 3.6286 2.52574 0.77437 1.2771 8.5703e+01 1 2.5410e-06 3.6286 7.273622e-01 2.725580e-01 1.054661e-04 -0.0750 
6.6138e+04 4.1855 3.6237 2.46150 0.77679 3.3232 9.2860e+01 1 2.7990e-06 3.6237 7.266209e-01 2.732070e-01 1.975866e-04 -0.0826 
9.6797e+04 4.2035 3.6165 2.38439 0.77888 7.0117 1.0281e+02 1 3.0903e-06 3.6165 7.253028e-01 2.743370e-01 3.842715e-04 -0.0873 
1.2904e+05 4.2201 3.6063 2.29578 0.78058 13.5627 1.1639e+02 1 3.3497e-06 3.6063 7.234218e-01 2.758230e-01 7.781712e-04 -0.1000 
1.6181e+05 4.2350 3.5937 2.20043 0.78179 22.2551 1.3411e+02 1 3.5810e-06 3.5937 7.210333e-01 2.775150e-01 1.470139e-03 -0.1087 
1.9596e+05 4.2454 3.5896 2.08919 0.78307 30.6916 1.4464e+02 1 4.0551e-06 3.5896 7.182687e-01 2.792750e-01 2.465549e-03 -0.1143 
2.3021e+05 4.2552 3.5628 1.98019 0.78459 37.1144 3.6598e+02 0 3.8994e-06 3.5628 7.152832e-01 2.810090e-01 3.699269e-03 -0.1355 
2.6337e+05 4.2615 3.5577 1.86403 0.78675 41.0361 4.1014e+02 0 4.3853e-06 3.5577 7.124529e-01 2.825420e-01 4.970797e-03 -0.1369 
2.9375e+05 4.2692 3.5524 1.74349 0.78922 43.3439 4.6467e+02 0 5.0119e-06 3.5524 7.098317e-01 2.838940e-01 6.206739e-03 -0.1367 
3.2267e+05 4.2747 3.5469 1.61091 0.79227 44.7148 5.3032e+02 0 5.8076e-06 3.5469 7.074407e-01 2.850890e-01 7.364762e-03 -0.1413 
3.5016e+05 4.2800 3.5415 1.45935 0.79581 45.5585 6.1572e+02 0 7.4473e-06 3.5415 7.052680e-01 2.861520e-01 8.432520e-03 -0.1398 
3.7635e+05 4.2846 3.5396 1.15253 0.79997 46.0592 7.8276e+02 0 2.6182e-05 3.5396 7.034518e-01 2.870290e-01 9.331609e-03 -0.1326 
4.0123e+05 4.0898 3.5617 1.02007 0.80331 46.1571 4.6375e+02 0 5.5335e-06 3.5617 7.029977e-01 2.872460e-01 9.557143e-03 -0.0984 
4.2485e+05 4.0955 3.6221 0.82663 0.80675 46.1571 3.3095e+02 0 1.3243e-05 3.6221 7.029977e-01 2.872460e-01 9.557143e-03 0.0774 
4.2530e+05 4.2952 3.6601 0.81178 0.80676 46.1571 3.7426e+02 0 5.4075e-05 3.6601 7.029977e-01 2.872460e-01 9.557143e-03 999.0000 
 2.8000 19 # agb_2.80_Z0.00010000_Mdot50_eta0.20_Mc0.00_dMc0.00_Tbd6.40_L0.00_dL0.00_C0.00_Nr3.00_rates0_KOPv_KMOLv.dat 
0.0000e+00 4.0235 3.6457 2.80000 0.79379 0.2940 5.5027e+01 1 1.1455e-06 3.6457 7.168000e-01 2.831450e-01 6.828595e-05 -0.0660 
1.2325e+04 4.1732 3.6346 2.77611 0.79520 0.2940 7.8810e+01 1 2.3067e-06 3.6346 7.168000e-01 2.831450e-01 6.828595e-05 -0.0728 
2.8808e+04 4.1948 3.6314 2.74097 0.79671 1.0915 8.4508e+01 1 2.5763e-06 3.6314 7.165500e-01 2.833660e-01 9.740088e-05 -0.0762 
4.9317e+04 4.2183 3.6269 2.69230 0.79853 2.6781 9.2027e+01 1 2.9040e-06 3.6269 7.160281e-01 2.838210e-01 1.639399e-04 -0.0792 
7.3008e+04 4.2371 3.6213 2.62941 0.80037 5.2894 1.0043e+02 1 3.2137e-06 3.6213 7.151062e-01 2.846200e-01 2.865806e-04 -0.0843 
9.7467e+04 4.2560 3.6135 2.55845 0.80174 9.8115 1.1163e+02 1 3.5237e-06 3.6135 7.137630e-01 2.857240e-01 5.251501e-04 -0.0941 
1.2359e+05 4.2703 3.6043 2.47664 0.80299 16.4579 1.2462e+02 1 3.7670e-06 3.6043 7.120462e-01 2.870120e-01 9.512578e-04 -0.0995 
1.5004e+05 4.2827 3.6008 2.38512 0.80388 24.1654 1.3330e+02 1 4.2170e-06 3.6008 7.099867e-01 2.884110e-01 1.607286e-03 -0.0994 
1.7751e+05 4.2929 3.5801 2.29091 0.80483 31.2938 1.6132e+02 1 4.1305e-06 3.5801 7.076487e-01 2.898570e-01 2.490443e-03 -0.1205 
2.0449e+05 4.2987 3.5766 2.19186 0.80567 36.7773 1.7110e+02 1 4.5186e-06 3.5766 7.051259e-01 2.912970e-01 3.557332e-03 -0.1207 
2.3149e+05 4.3062 3.5722 2.08173 0.80707 40.3725 3.6044e+02 0 5.0466e-06 3.5722 7.026244e-01 2.926400e-01 4.693999e-03 -0.1199 
2.5729e+05 4.3117 3.5679 1.96457 0.80886 42.6175 3.9960e+02 0 5.6364e-06 3.5679 7.002142e-01 2.938760e-01 5.838795e-03 -0.1243 
2.8139e+05 4.3166 3.5635 1.84244 0.81090 44.0198 4.4499e+02 0 6.3680e-06 3.5635 6.979194e-01 2.950170e-01 6.957654e-03 -0.1296 
3.0484e+05 4.3192 3.5589 1.70767 0.81347 44.9102 4.9941e+02 0 7.2444e-06 3.5589 6.957613e-01 2.960680e-01 8.025685e-03 -0.1312 
3.2700e+05 4.3216 3.5544 1.56030 0.81639 45.4874 5.6719e+02 0 8.4918e-06 3.5544 6.937599e-01 2.970270e-01 9.023993e-03 -0.1275 
3.4832e+05 4.3232 3.5508 1.38807 0.81991 45.8419 6.5274e+02 0 1.0495e-05 3.5508 6.920740e-01 2.978280e-01 9.867845e-03 -0.1247 
3.6842e+05 4.3248 3.5556 1.10698 0.82400 46.0338 7.6912e+02 0 2.4434e-05 3.5556 6.908852e-01 2.983890e-01 1.046337e-02 -0.1052 
3.8761e+05 4.0669 3.5816 0.98834 0.82667 46.0338 3.7958e+02 0 5.9566e-06 3.5816 6.908852e-01 2.983890e-01 1.046337e-02 0.8261 
4.0391e+05 4.0738 3.6591 0.83403 0.82890 46.0338 2.2479e+02 0 1.5136e-05 3.6591 6.908852e-01 2.983890e-01 1.046337e-02 999.0000 
 3.0000 22 # agb_3.00_Z0.00010000_Mdot50_eta0.20_Mc0.00_dMc0.00_Tbd6.40_L0.00_dL0.00_C0.00_Nr3.00_rates0_KOPv_KMOLv.dat 
0.0000e+00 4.0595 3.6468 3.00000 0.81115 0.2878 5.6259e+01 1 1.2359e-06 3.6468 7.052000e-01 2.947300e-01 6.826466e-05 -0.0655 
1.0039e+04 4.1968 3.6369 2.97993 0.81239 0.2878 7.8072e+01 1 2.3442e-06 3.6369 7.052000e-01 2.947300e-01 6.826466e-05 -0.0721 
2.3108e+04 4.2183 3.6340 2.95126 0.81365 0.9713 8.3340e+01 1 2.6062e-06 3.6340 7.050033e-01 2.949030e-01 9.237572e-05 -0.0738 
3.9423e+04 4.2425 3.6299 2.91140 0.81518 2.2877 9.0402e+01 1 2.9376e-06 3.6299 7.046088e-01 2.952450e-01 1.445720e-04 -0.0765 
5.8438e+04 4.2626 3.6252 2.85958 0.81678 4.3361 9.7951e+01 1 3.2584e-06 3.6252 7.039213e-01 2.958420e-01 2.349803e-04 -0.0835 
7.8189e+04 4.2828 3.6191 2.80057 0.81799 7.6828 1.0742e+02 1 3.5975e-06 3.6191 7.029090e-01 2.966930e-01 3.960705e-04 -0.0877 
9.9362e+04 4.3004 3.6114 2.73153 0.81908 12.8418 1.1888e+02 1 3.9084e-06 3.6114 7.016048e-01 2.977080e-01 6.838433e-04 -0.0938 
1.2099e+05 4.3185 3.6018 2.65578 0.81990 19.3289 1.3372e+02 1 4.2267e-06 3.6018 7.000424e-01 2.988150e-01 1.136238e-03 -0.1054 
1.4367e+05 4.3305 3.5987 2.56777 0.82068 25.6485 1.4222e+02 1 4.6989e-06 3.5987 6.982295e-01 2.999780e-01 1.781410e-03 -0.1086 
1.6623e+05 4.3473 3.5703 2.48449 0.82124 30.3346 1.8371e+02 1 4.4566e-06 3.5703 6.961937e-01 3.011720e-01 2.613736e-03 -0.1295 
1.8924e+05 4.3370 3.5692 2.39984 0.82188 34.7424 1.8502e+02 1 4.4566e-06 3.5692 6.940248e-01 3.023720e-01 3.569039e-03 -0.1312 
2.1200e+05 4.3462 3.5652 2.30831 0.82278 37.3310 1.9763e+02 1 4.9091e-06 3.5652 6.918287e-01 3.035150e-01 4.602289e-03 -0.1300 
2.3383e+05 4.3528 3.5613 2.21294 0.82386 38.7808 4.1732e+02 0 5.3827e-06 3.5613 6.896514e-01 3.045990e-01 5.669285e-03 -0.1320 
2.5529e+05 4.3557 3.5578 2.11103 0.82533 39.7519 4.5226e+02 0 5.8479e-06 3.5578 6.875247e-01 3.056300e-01 6.734567e-03 -0.1357 
2.7588e+05 4.3565 3.5543 2.00554 0.82706 40.6922 4.8923e+02 0 6.3241e-06 3.5543 6.854782e-01 3.066070e-01 7.767689e-03 -0.1393 
2.9559e+05 4.3562 3.5507 1.89602 0.82901 41.6802 5.3113e+02 0 6.8707e-06 3.5507 6.835121e-01 3.075400e-01 8.760209e-03 -0.1396 
3.1478e+05 4.3554 3.5469 1.77828 0.83138 42.3877 5.8116e+02 0 7.5509e-06 3.5469 6.816709e-01 3.084040e-01 9.693176e-03 -0.1370 
3.3315e+05 4.3552 3.5431 1.64794 0.83410 42.8946 6.4368e+02 0 9.6161e-06 3.5431 6.800025e-01 3.091820e-01 1.053930e-02 -0.1366 
3.5073e+05 4.3550 3.5385 1.43862 0.83725 43.2490 7.5745e+02 0 2.3174e-05 3.5385 6.785775e-01 3.098430e-01 1.126136e-02 -0.1323 
3.6752e+05 4.3537 3.5517 1.06654 0.84103 43.4509 8.7848e+02 0 3.0761e-05 3.5517 6.776252e-01 3.102840e-01 1.174290e-02 -0.1103 
3.8363e+05 4.1011 3.5842 0.93754 0.84352 43.4509 4.2006e+02 0 8.1470e-06 3.5842 6.776252e-01 3.102840e-01 1.174290e-02 2.1726 
3.8992e+05 4.1070 3.6577 0.84951 0.84421 43.4509 2.4115e+02 0 1.7378e-05 3.6577 6.776252e-01 3.102840e-01 1.174290e-02 999.0000 
 3.2000 23 # agb_3.20_Z0.00010000_Mdot50_eta0.20_Mc0.00_dMc0.00_Tbd6.40_L0.00_dL0.00_C0.00_Nr3.00_rates0_KOPv_KMOLv.dat 
0.0000e+00 4.0883 3.6482 3.20000 0.82457 0.2845 5.6803e+01 1 1.3002e-06 3.6482 6.940000e-01 3.059170e-01 6.821341e-05 -0.0676 
8.0671e+03 4.2184 3.6390 3.18398 0.82562 0.2845 7.7319e+01 1 2.3714e-06 3.6390 6.940000e-01 3.059170e-01 6.821341e-05 -0.0671 
1.9231e+04 4.2378 3.6363 3.15920 0.82677 0.8803 8.2029e+01 1 2.6062e-06 3.6363 6.938411e-01 3.060550e-01 8.861052e-05 -0.0723 
3.2670e+04 4.2619 3.6327 3.12615 0.82808 2.0103 8.8465e+01 1 2.9309e-06 3.6327 6.935307e-01 3.063230e-01 1.313836e-04 -0.0779 
4.8208e+04 4.2840 3.6287 3.08369 0.82942 3.7066 9.5555e+01 1 3.2734e-06 3.6287 6.929975e-01 3.067850e-01 2.024331e-04 -0.0805 
6.4939e+04 4.3049 3.6235 3.03320 0.83055 6.3001 1.0400e+02 1 3.6224e-06 3.6235 6.922076e-01 3.074580e-01 3.187628e-04 -0.0841 
8.3361e+04 4.3258 3.6168 2.97101 0.83170 10.3502 1.1470e+02 1 3.9994e-06 3.6168 6.911841e-01 3.082730e-01 5.263232e-04 -0.0927 
1.0146e+05 4.3538 3.6073 2.90327 0.83239 13.7070 1.3096e+02 1 4.5186e-06 3.6073 6.899391e-01 3.091670e-01 8.752758e-04 -0.1004 
1.2047e+05 4.3698 3.6042 2.82384 0.83305 12.3660 1.3992e+02 1 5.0816e-06 3.6042 6.884462e-01 3.101210e-01 1.410467e-03 -0.1024 
1.3952e+05 4.3920 3.6003 2.73287 0.83345 7.2118 1.5246e+02 1 5.9293e-06 3.6003 6.867111e-01 3.111190e-01 2.141993e-03 -0.1061 
1.5962e+05 4.4017 3.5969 2.62613 0.83404 3.4443 1.6236e+02 1 6.5917e-06 3.5969 6.847813e-01 3.121570e-01 3.024438e-03 -0.1039 
1.7932e+05 4.4100 3.5934 2.51154 0.83451 2.4497 1.7306e+02 1 7.3282e-06 3.5934 6.827123e-01 3.132220e-01 4.013831e-03 -0.1039 
1.9926e+05 4.4174 3.5897 2.38214 0.83535 2.1010 1.8513e+02 1 8.2224e-06 3.5897 6.805655e-01 3.142880e-01 5.075397e-03 -0.1082 
2.1851e+05 4.4197 3.5862 2.24485 0.83633 2.3381 1.9660e+02 1 9.0991e-06 3.5862 6.783802e-01 3.153400e-01 6.184480e-03 -0.1111 
2.3732e+05 4.4173 3.5827 2.09814 0.83769 2.9006 4.1786e+02 0 9.9770e-06 3.5827 6.762266e-01 3.163490e-01 7.299053e-03 -0.1130 
2.5548e+05 4.4094 3.5797 1.94493 0.83939 6.3123 4.5110e+02 0 1.0839e-05 3.5797 6.742209e-01 3.172810e-01 8.339574e-03 -0.1120 
2.7300e+05 4.3988 3.5770 1.78366 0.84152 10.9141 4.8814e+02 0 1.1858e-05 3.5770 6.723872e-01 3.181400e-01 9.276286e-03 -0.1120 
2.8976e+05 4.3839 3.5744 1.61455 0.84411 14.3435 5.2825e+02 0 1.3002e-05 3.5744 6.707122e-01 3.189180e-01 1.013475e-02 -0.1105 
3.0577e+05 4.3746 3.5721 1.42601 0.84718 16.7882 5.9086e+02 0 1.5453e-05 3.5721 6.692987e-01 3.195700e-01 1.085978e-02 -0.1009 
3.2090e+05 4.3698 3.5746 1.19371 0.85075 18.2625 6.7078e+02 0 2.1677e-05 3.5746 6.683329e-01 3.200130e-01 1.135479e-02 -0.0930 
3.3538e+05 4.1235 3.5936 1.09639 0.85314 18.2625 3.5244e+02 0 7.2946e-06 3.5936 6.683329e-01 3.200130e-01 1.135479e-02 -0.0960 
3.4939e+05 4.1270 3.6029 0.97710 0.85547 18.2625 3.6280e+02 0 9.9541e-06 3.6029 6.683329e-01 3.200130e-01 1.135479e-02 0.6291 
3.5839e+05 4.1326 3.6647 0.86251 0.85682 18.2625 2.3646e+02 0 2.0512e-05 3.6647 6.683329e-01 3.200130e-01 1.135479e-02 999.0000 
 3.4000 27 # agb_3.40_Z0.00010000_Mdot50_eta0.20_Mc0.00_dMc0.00_Tbd6.40_L0.00_dL0.00_C0.00_Nr3.00_rates0_KOPv_KMOLv.dat 
0.0000e+00 4.1141 3.6498 3.40000 0.83701 0.2800 5.7059e+01 1 1.3552e-06 3.6498 6.835000e-01 3.164050e-01 6.818438e-05 -0.0647 
6.8314e+03 4.2370 3.6409 3.38628 0.83795 0.2800 7.6445e+01 1 2.3823e-06 3.6409 6.835000e-01 3.164050e-01 6.818438e-05 -0.0715 
1.6141e+04 4.2544 3.6387 3.36556 0.83895 0.8002 8.0469e+01 1 2.5942e-06 3.6387 6.833711e-01 3.165160e-01 8.548858e-05 -0.0746 
2.7233e+04 4.2793 3.6354 3.33820 0.84007 1.7706 8.6605e+01 1 2.9174e-06 3.6354 6.831271e-01 3.167250e-01 1.206688e-04 -0.0749 
4.0200e+04 4.3008 3.6318 3.30284 0.84125 3.1978 9.2989e+01 1 3.2434e-06 3.6318 6.827135e-01 3.170820e-01 1.775383e-04 -0.0767 
5.4992e+04 4.3211 3.6276 3.25754 0.84248 5.2045 1.0024e+02 1 3.5810e-06 3.6276 6.821011e-01 3.176090e-01 2.621974e-04 -0.0842 
6.9542e+04 4.3577 3.6207 3.20609 0.84325 7.6256 1.1368e+02 1 4.2560e-06 3.6207 6.812975e-01 3.182560e-01 4.177520e-04 -0.0878 
8.5118e+04 4.3871 3.6169 3.14176 0.84395 4.5078 1.2460e+02 1 5.0350e-06 3.6169 6.802661e-01 3.189960e-01 7.076020e-04 -0.0926 
1.0126e+05 4.4097 3.6143 3.06536 0.84454 0.9375 1.3403e+02 1 5.8479e-06 3.6143 6.790324e-01 3.198140e-01 1.120960e-03 -0.0939 
1.1778e+05 4.4307 3.6092 2.98895 0.84500 0.8545 1.4644e+02 1 6.6222e-06 3.6092 6.776295e-01 3.206940e-01 1.639988e-03 -0.1135 
1.3462e+05 4.4514 3.6035 2.90572 0.84536 1.0040 1.6092e+02 1 7.5162e-06 3.6035 6.760441e-01 3.216270e-01 2.286185e-03 -0.1238 
1.5181e+05 4.4633 3.5600 2.81871 0.84571 1.2002 2.2971e+02 1 6.2087e-06 3.5600 6.743097e-01 3.225890e-01 3.049385e-03 -0.1314 
1.6938e+05 4.4162 3.5640 2.74364 0.84610 3.5589 2.0741e+02 1 5.1642e-06 3.5640 6.725672e-01 3.234820e-01 3.886541e-03 -0.1300 
1.8662e+05 4.4289 3.5604 2.66349 0.84653 3.7764 2.2141e+02 1 5.7148e-06 3.5604 6.707576e-01 3.243610e-01 4.801995e-03 -0.1326 
2.0358e+05 4.4345 3.5574 2.57930 0.84704 3.8681 4.5193e+02 0 6.1518e-06 3.5574 6.689103e-01 3.252290e-01 5.760746e-03 -0.1341 
2.2038e+05 4.4367 3.5547 2.49086 0.84776 4.0560 4.8012e+02 0 6.5313e-06 3.5547 6.670539e-01 3.260820e-01 6.739561e-03 -0.1349 
2.3719e+05 4.4374 3.5518 2.39667 0.84878 4.2312 5.1049e+02 0 6.9343e-06 3.5518 6.651972e-01 3.269210e-01 7.729017e-03 -0.1344 
2.5342e+05 4.4349 3.5493 2.30144 0.84990 4.8520 5.3867e+02 0 7.2611e-06 3.5493 6.633660e-01 3.277370e-01 8.710612e-03 -0.1346 
2.6925e+05 4.4314 3.5468 2.20407 0.85122 5.7966 5.6808e+02 0 7.6208e-06 3.5468 6.615812e-01 3.285260e-01 9.670193e-03 -0.1346 
2.8470e+05 4.4264 3.5445 2.10799 0.85280 7.1299 5.9701e+02 0 7.9616e-06 3.5445 6.598687e-01 3.292790e-01 1.058965e-02 -0.1352 
2.9990e+05 4.4200 3.5423 2.00869 0.85470 8.8802 6.2667e+02 0 8.2985e-06 3.5423 6.582580e-01 3.299890e-01 1.144859e-02 -0.1363 
3.1437e+05 4.4127 3.5401 1.90118 0.85678 11.5796 6.6114e+02 0 1.1220e-05 3.5401 6.568060e-01 3.306430e-01 1.220277e-02 -0.1368 
3.2832e+05 4.4054 3.5372 1.76410 0.85912 13.7538 7.1402e+02 0 1.7140e-05 3.5372 6.554686e-01 3.312450e-01 1.289570e-02 -0.1351 
3.4182e+05 4.3997 3.4233 1.37643 0.86183 15.4428 2.4378e+03 0 3.4198e-05 3.4233 6.543020e-01 3.317680e-01 1.349835e-02 -0.1841 
3.5500e+05 4.1463 3.4585 1.12464 0.86389 15.9466 1.2121e+03 0 1.9055e-05 3.4585 6.539284e-01 3.319360e-01 1.369072e-02 -0.1982 
3.6756e+05 4.1496 3.5596 0.89138 0.86615 15.9466 6.1002e+02 0 9.9541e-06 3.5596 6.539284e-01 3.319360e-01 1.369072e-02 3.6994 
3.6925e+05 4.1495 3.6198 0.87160 0.86619 15.9466 3.6355e+02 0 1.5885e-05 3.6198 6.539284e-01 3.319360e-01 1.369072e-02 999.0000 
 3.6000 31 # agb_3.60_Z0.00010000_Mdot50_eta0.20_Mc0.00_dMc0.00_Tbd6.40_L0.00_dL0.00_C0.00_Nr3.00_rates0_KOPv_KMOLv.dat 
0.0000e+00 4.1362 3.6512 3.60000 0.84735 0.2817 5.7128e+01 1 1.3932e-06 3.6512 6.732000e-01 3.266950e-01 6.809982e-05 -0.0656 
6.1457e+03 4.2494 3.6431 3.58742 0.84826 0.2817 7.4710e+01 1 2.3388e-06 3.6431 6.732000e-01 3.266950e-01 6.809982e-05 -0.0709 
1.3847e+04 4.2686 3.6410 3.57024 0.84912 0.7400 7.8780e+01 1 2.5645e-06 3.6410 6.730943e-01 3.267860e-01 8.289085e-05 -0.0725 
2.3391e+04 4.2928 3.6381 3.54647 0.85017 1.5862 8.4414e+01 1 2.8774e-06 3.6381 6.728990e-01 3.269520e-01 1.122980e-04 -0.0729 
3.4499e+04 4.3142 3.6348 3.51671 0.85129 2.8178 9.0310e+01 1 3.1842e-06 3.6348 6.725728e-01 3.272320e-01 1.589834e-04 -0.0771 
4.6718e+04 4.3404 3.6308 3.47986 0.85234 4.4294 9.8077e+01 1 3.6141e-06 3.6308 6.720935e-01 3.276450e-01 2.244144e-04 -0.0812 
5.9537e+04 4.3836 3.6240 3.43340 0.85321 3.5851 1.1236e+02 1 4.4259e-06 3.6240 6.714447e-01 3.281620e-01 3.555025e-04 -0.0846 
7.2858e+04 4.4074 3.6247 3.37836 0.85392 0.4537 1.1769e+02 1 5.2240e-06 3.6247 6.706068e-01 3.287830e-01 5.711877e-04 -0.0880 
8.6483e+04 4.4419 3.6189 3.31407 0.85445 0.5131 1.3212e+02 1 6.2373e-06 3.6189 6.695968e-01 3.295040e-01 8.586594e-04 -0.0984 
1.0066e+05 4.4723 3.6138 3.23694 0.85491 0.7137 1.4679e+02 1 7.4131e-06 3.6138 6.684073e-01 3.303040e-01 1.244967e-03 -0.1076 
1.1516e+05 4.4966 3.6076 3.14951 0.85526 0.9216 1.6284e+02 1 8.5310e-06 3.6076 6.670510e-01 3.311670e-01 1.733341e-03 -0.1155 
1.2993e+05 4.5098 3.5708 3.06376 0.85553 1.1190 2.2152e+02 1 7.3961e-06 3.5708 6.655558e-01 3.320640e-01 2.325054e-03 -0.1207 
1.4504e+05 4.4706 3.5739 2.98738 0.85576 1.2761 2.0421e+02 1 6.3826e-06 3.5739 6.640241e-01 3.328980e-01 3.014931e-03 -0.1220 
1.6037e+05 4.4798 3.5708 2.90361 0.85600 1.3809 2.1554e+02 1 6.9343e-06 3.5708 6.623845e-01 3.337560e-01 3.785025e-03 -0.1219 
1.7590e+05 4.4850 3.5679 2.81289 0.85635 1.4686 2.2584e+02 1 7.4302e-06 3.5679 6.606597e-01 3.346310e-01 4.619914e-03 -0.1215 
1.9128e+05 4.4885 3.5651 2.71736 0.85676 1.5578 2.3615e+02 1 7.9616e-06 3.5651 6.588786e-01 3.355110e-01 5.502340e-03 -0.1226 
2.0659e+05 4.4890 3.5624 2.61689 0.85732 1.6563 4.8157e+02 0 8.4140e-06 3.5624 6.570599e-01 3.363900e-01 6.418989e-03 -0.1249 
2.2175e+05 4.4874 3.5599 2.51204 0.85807 1.7714 5.0908e+02 0 8.8716e-06 3.5599 6.552243e-01 3.372620e-01 7.356833e-03 -0.1268 
2.3659e+05 4.4837 3.5575 2.40477 0.85897 1.9570 5.3668e+02 0 9.3111e-06 3.5575 6.533894e-01 3.381160e-01 8.307247e-03 -0.1289 
2.5120e+05 4.4781 3.5553 2.29441 0.86008 2.2346 5.6408e+02 0 9.7275e-06 3.5553 6.515717e-01 3.389470e-01 9.259608e-03 -0.1304 
2.6553e+05 4.4701 3.5531 2.18170 0.86145 2.6854 5.9078e+02 0 1.0116e-05 3.5531 6.498014e-01 3.397410e-01 1.019753e-02 -0.1303 
2.7936e+05 4.4610 3.5512 2.06883 0.86304 3.4718 6.1789e+02 0 1.0520e-05 3.5512 6.481165e-01 3.404840e-01 1.109898e-02 -0.1301 
2.9291e+05 4.4498 3.5493 1.95349 0.86496 5.8386 6.4559e+02 0 1.0889e-05 3.5493 6.466122e-01 3.411440e-01 1.190126e-02 -0.1275 
3.0587e+05 4.4377 3.5476 1.83670 0.86712 8.6319 6.7426e+02 0 1.2503e-05 3.5476 6.452673e-01 3.417390e-01 1.260853e-02 -0.1246 
3.1831e+05 4.4251 3.5457 1.70449 0.86955 10.8456 7.1278e+02 0 1.6943e-05 3.5457 6.440529e-01 3.422760e-01 1.324531e-02 -0.1202 
3.3034e+05 4.4166 3.5435 1.51479 0.87230 12.5265 7.9346e+02 0 2.9648e-05 3.5435 6.430243e-01 3.427290e-01 1.378287e-02 -0.1151 
3.4190e+05 4.4108 3.5478 1.22787 0.87551 13.5410 9.1031e+02 0 3.5075e-05 3.5478 6.423513e-01 3.430260e-01 1.413345e-02 -0.0997 
3.5300e+05 4.1730 3.5663 1.15308 0.87766 13.5410 4.8000e+02 0 7.1945e-06 3.5663 6.423513e-01 3.430260e-01 1.413345e-02 -0.0957 
3.6389e+05 4.1759 3.5717 1.06618 0.87978 13.5410 4.9402e+02 0 8.8512e-06 3.5717 6.423513e-01 3.430260e-01 1.413345e-02 0.2273 
3.7467e+05 4.1786 3.5940 0.95226 0.88190 13.5410 4.5094e+02 0 1.3122e-05 3.5940 6.423513e-01 3.430260e-01 1.413345e-02 0.9997 
3.7869e+05 4.1826 3.6621 0.88773 0.88245 13.5410 2.6380e+02 0 2.5119e-05 3.6621 6.423513e-01 3.430260e-01 1.413345e-02 999.0000 
 3.8000 30 # agb_3.80_Z0.00010000_Mdot50_eta0.20_Mc0.00_dMc0.00_Tbd6.40_L0.00_dL0.00_C0.00_Nr3.00_rates0_KOPv_KMOLv.dat 
0.0000e+00 4.1657 3.6520 3.80000 0.86381 0.2817 5.8317e+01 1 1.4859e-06 3.6520 6.655000e-01 3.343870e-01 6.804960e-05 -0.0661 
4.9428e+03 4.2751 3.6444 3.78945 0.86460 0.2817 7.5439e+01 1 2.4547e-06 3.6444 6.655000e-01 3.343870e-01 6.804960e-05 -0.0690 
1.1069e+04 4.2949 3.6423 3.77518 0.86533 0.6723 7.9618e+01 1 2.6915e-06 3.6423 6.654171e-01 3.344580e-01 8.031135e-05 -0.0708 
1.8494e+04 4.3150 3.6397 3.75638 0.86618 1.3852 8.4348e+01 1 2.9580e-06 3.6397 6.652684e-01 3.345830e-01 1.040994e-04 -0.0742 
2.7226e+04 4.3397 3.6366 3.73176 0.86713 2.3986 9.0582e+01 1 3.3266e-06 3.6366 6.650291e-01 3.347850e-01 1.407331e-04 -0.0771 
3.6879e+04 4.3820 3.6316 3.69905 0.86804 2.9763 1.0198e+02 1 4.0644e-06 3.6316 6.646806e-01 3.350790e-01 1.949557e-04 -0.0774 
4.7113e+04 4.4177 3.6306 3.65784 0.86884 0.2636 1.1033e+02 1 4.9888e-06 3.6306 6.641763e-01 3.354860e-01 2.918238e-04 -0.0805 
5.7763e+04 4.4439 3.6274 3.60924 0.86950 0.3040 1.1928e+02 1 5.7544e-06 3.6274 6.635270e-01 3.360060e-01 4.210621e-04 -0.0894 
6.8862e+04 4.4889 3.6215 3.54644 0.87006 0.4786 1.3649e+02 1 7.2444e-06 3.6215 6.627141e-01 3.366290e-01 6.087842e-04 -0.0924 
8.0100e+04 4.5229 3.6158 3.47205 0.87046 0.6994 1.5309e+02 1 8.7096e-06 3.6158 6.617565e-01 3.373290e-01 8.638176e-04 -0.1035 
9.1802e+04 4.5461 3.6106 3.38542 0.87082 0.9463 1.6814e+02 1 1.0000e-05 3.6106 6.606576e-01 3.380960e-01 1.192524e-03 -0.1091 
1.0383e+05 4.5612 3.5815 3.29810 0.87113 1.1983 2.1676e+02 1 9.2470e-06 3.5815 6.594342e-01 3.389080e-01 1.599876e-03 -0.1141 
1.1604e+05 4.5334 3.5830 3.21749 0.87133 1.3268 2.0620e+02 1 8.3946e-06 3.5830 6.581635e-01 3.396850e-01 2.088100e-03 -0.1134 
1.2871e+05 4.5426 3.5801 3.12635 0.87157 1.4608 2.1740e+02 1 9.1411e-06 3.5801 6.567718e-01 3.405050e-01 2.652052e-03 -0.1160 
1.4145e+05 4.5480 3.5776 3.02866 0.87174 1.5542 2.2735e+02 1 9.8401e-06 3.5776 6.552752e-01 3.413540e-01 3.290168e-03 -0.1177 
1.5446e+05 4.5494 3.5752 2.92308 0.87194 1.6142 2.3622e+02 1 1.0447e-05 3.5752 6.536782e-01 3.422320e-01 3.997282e-03 -0.1185 
1.6762e+05 4.5487 3.5729 2.81033 0.87225 1.6515 2.4474e+02 1 1.1041e-05 3.5729 6.520015e-01 3.431280e-01 4.762109e-03 -0.1193 
1.8082e+05 4.5463 3.5705 2.69128 0.87266 1.6771 4.9640e+02 0 1.1668e-05 3.5705 6.502638e-01 3.440360e-01 5.574227e-03 -0.1190 
1.9382e+05 4.5421 3.5682 2.56826 0.87319 1.7045 5.2361e+02 0 1.2274e-05 3.5682 6.484900e-01 3.449390e-01 6.422463e-03 -0.1183 
2.0675e+05 4.5348 3.5659 2.44077 0.87391 1.7429 5.5067e+02 0 1.2794e-05 3.5659 6.466963e-01 3.458320e-01 7.297188e-03 -0.1170 
2.1939e+05 4.5254 3.5638 2.31154 0.87479 1.8263 5.7724e+02 0 1.3305e-05 3.5638 6.449084e-01 3.467000e-01 8.188559e-03 -0.1163 
2.3181e+05 4.5140 3.5618 2.17977 0.87592 1.9943 6.0379e+02 0 1.3804e-05 3.5618 6.431485e-01 3.475320e-01 9.083928e-03 -0.1151 
2.4396e+05 4.4999 3.5600 2.04646 0.87733 2.3528 6.2931e+02 0 1.4223e-05 3.5600 6.414596e-01 3.483070e-01 9.962117e-03 -0.1155 
2.5577e+05 4.4832 3.5585 1.91283 0.87905 5.6262 6.5277e+02 0 1.4622e-05 3.5585 6.400285e-01 3.489380e-01 1.072581e-02 -0.1152 
2.6704e+05 4.4661 3.5574 1.78077 0.88102 8.8277 6.7697e+02 0 1.5136e-05 3.5574 6.387335e-01 3.495080e-01 1.141308e-02 -0.1152 
2.7788e+05 4.4469 3.5567 1.64868 0.88329 11.3064 6.9902e+02 0 1.5740e-05 3.5567 6.375685e-01 3.500200e-01 1.203005e-02 -0.1127 
2.8839e+05 4.4343 3.5562 1.50015 0.88587 13.1578 7.4318e+02 0 2.1038e-05 3.5562 6.365833e-01 3.504520e-01 1.255051e-02 -0.1045 
2.9845e+05 4.4284 3.4582 1.18354 0.88875 14.3738 2.1797e+03 0 3.6475e-05 3.4582 6.358720e-01 3.507640e-01 1.292523e-02 -0.0516 
3.0823e+05 4.1970 3.5118 0.97431 0.89078 14.3738 9.5918e+02 0 2.1429e-05 3.5118 6.358720e-01 3.507640e-01 1.292523e-02 1.7966 
3.1256e+05 4.2011 3.6280 0.89659 0.89148 14.3738 3.6962e+02 0 2.1281e-05 3.6280 6.358720e-01 3.507640e-01 1.292523e-02 999.0000 
 4.0000 30 # agb_4.00_Z0.00010000_Mdot50_eta0.20_Mc0.00_dMc0.00_Tbd6.40_L0.00_dL0.00_C0.00_Nr3.00_rates0_KOPv_KMOLv.dat 
0.0000e+00 4.1982 3.6524 4.00000 0.88291 0.2814 6.0129e+01 1 1.6144e-06 3.6524 6.588000e-01 3.410810e-01 6.800152e-05 -0.0631 
3.8838e+03 4.3038 3.6450 3.99107 0.88358 0.2814 7.7085e+01 1 2.6182e-06 3.6450 6.588000e-01 3.410810e-01 6.800152e-05 -0.0701 
8.5422e+03 4.3213 3.6432 3.97954 0.88417 0.6114 8.0763e+01 1 2.8379e-06 3.6432 6.587362e-01 3.411340e-01 7.809233e-05 -0.0726 
1.4180e+04 4.3414 3.6410 3.96432 0.88485 1.2021 8.5361e+01 1 3.1189e-06 3.6410 6.586263e-01 3.412250e-01 9.706740e-05 -0.0733 
2.0715e+04 4.3780 3.6372 3.94375 0.88560 1.9861 9.4091e+01 1 3.7068e-06 3.6372 6.584586e-01 3.413630e-01 1.263280e-04 -0.0736 
2.8101e+04 4.4290 3.6331 3.91447 0.88637 0.4189 1.0684e+02 1 4.7753e-06 3.6331 6.581993e-01 3.415720e-01 1.767081e-04 -0.0788 
3.5994e+04 4.4489 3.6319 3.87983 0.88708 0.1815 1.1224e+02 1 5.3580e-06 3.6319 6.578229e-01 3.418930e-01 2.315747e-04 -0.0799 
4.4310e+04 4.4914 3.6272 3.83509 0.88770 0.2950 1.2632e+02 1 6.6374e-06 3.6272 6.573174e-01 3.423180e-01 3.115742e-04 -0.0731 
5.2834e+04 4.5388 3.6223 3.77760 0.88818 0.4810 1.4393e+02 1 8.5310e-06 3.6223 6.566818e-01 3.428370e-01 4.265567e-04 -0.1113 
6.1674e+04 4.5722 3.6178 3.70707 0.88861 0.7383 1.5970e+02 1 1.0257e-05 3.6178 6.559260e-01 3.434340e-01 5.836552e-04 -0.0962 
7.0767e+04 4.5977 3.6133 3.62469 0.88897 1.0482 1.7494e+02 1 1.1912e-05 3.6133 6.550575e-01 3.440950e-01 7.887227e-04 -0.1003 
8.0066e+04 4.6128 3.5917 3.54024 0.88926 1.3749 2.1314e+02 1 1.1588e-05 3.5917 6.540923e-01 3.447980e-01 1.047527e-03 -0.1066 
8.9739e+04 4.5965 3.5919 3.45547 0.88953 1.5888 2.0922e+02 1 1.1092e-05 3.5919 6.530660e-01 3.455040e-01 1.363913e-03 -0.1064 
9.9512e+04 4.6052 3.5895 3.36337 0.88971 1.7809 2.1934e+02 1 1.2078e-05 3.5895 6.519468e-01 3.462430e-01 1.739356e-03 -0.1084 
1.0967e+05 4.6104 3.5870 3.26060 0.88991 1.9166 2.2907e+02 1 1.2972e-05 3.5870 6.507223e-01 3.470250e-01 2.176013e-03 -0.1073 
1.2002e+05 4.6121 3.5847 3.14989 0.89007 1.9948 2.3781e+02 1 1.3772e-05 3.5847 6.493990e-01 3.478410e-01 2.676584e-03 -0.1063 
1.3062e+05 4.6126 3.5823 3.02976 0.89024 2.0337 2.4710e+02 1 1.4622e-05 3.5823 6.479707e-01 3.486940e-01 3.242207e-03 -0.1065 
1.4139e+05 4.6081 3.5804 2.90265 0.89041 2.0337 2.5407e+02 1 1.5276e-05 3.5804 6.464474e-01 3.495740e-01 3.873464e-03 -0.1073 
1.5231e+05 4.6033 3.5782 2.76769 0.89066 2.0206 5.1337e+02 0 1.6069e-05 3.5782 6.448402e-01 3.504780e-01 4.562509e-03 -0.1086 
1.6330e+05 4.5961 3.5760 2.62569 0.89103 1.9991 5.4010e+02 0 1.6827e-05 3.5760 6.431662e-01 3.513960e-01 5.301924e-03 -0.1096 
1.7426e+05 4.5855 3.5740 2.47833 0.89157 1.9758 5.6590e+02 0 1.7498e-05 3.5740 6.414498e-01 3.523120e-01 6.082118e-03 -0.1105 
1.8504e+05 4.5723 3.5722 2.32897 0.89226 1.9659 5.9059e+02 0 1.8113e-05 3.5722 6.397236e-01 3.532050e-01 6.891677e-03 -0.1117 
1.9564e+05 4.5571 3.5705 2.17684 0.89319 1.9929 6.1560e+02 0 1.8750e-05 3.5705 6.380098e-01 3.540640e-01 7.719315e-03 -0.1118 
2.0593e+05 4.5390 3.5690 2.02501 0.89433 2.1311 6.3937e+02 0 1.9320e-05 3.5690 6.363466e-01 3.548660e-01 8.551452e-03 -0.1095 
2.1599e+05 4.5178 3.5680 1.87220 0.89579 6.6791 6.6061e+02 0 1.9815e-05 3.5680 6.350059e-01 3.554620e-01 9.265961e-03 -0.1065 
2.2561e+05 4.4952 3.5674 1.72120 0.89752 10.3948 6.8098e+02 0 2.0464e-05 3.5674 6.337508e-01 3.560170e-01 9.934573e-03 -0.1010 
2.3487e+05 4.4688 3.5676 1.57109 0.89957 13.2023 6.9586e+02 0 2.1086e-05 3.5676 6.326143e-01 3.565180e-01 1.053962e-02 -0.0925 
2.4377e+05 4.4509 3.4621 1.27522 0.90190 15.2402 2.0697e+03 0 3.8459e-05 3.4621 6.316573e-01 3.569380e-01 1.104843e-02 -0.0556 
2.5245e+05 4.2205 3.4932 1.07864 0.90362 15.9119 1.0895e+03 0 2.2594e-05 3.4932 6.313122e-01 3.570890e-01 1.123160e-02 0.7682 
2.6045e+05 4.2239 3.6310 0.91086 0.90538 15.9119 3.7310e+02 0 2.3988e-05 3.6310 6.313122e-01 3.570890e-01 1.123160e-02 999.0000 
 4.2000 33 # agb_4.20_Z0.00010000_Mdot50_eta0.20_Mc0.00_dMc0.00_Tbd6.40_L0.00_dL0.00_C0.00_Nr3.00_rates0_KOPv_KMOLv.dat 
0.0000e+00 4.2264 3.6529 4.20000 0.90068 0.2814 6.1509e+01 1 1.7219e-06 3.6529 6.534000e-01 3.464750e-01 6.794959e-05 -0.0651 
3.0701e+03 4.3313 3.6457 4.19243 0.90125 0.2814 7.8673e+01 1 2.7861e-06 3.6457 6.534000e-01 3.464750e-01 6.794959e-05 -0.0687 
6.6796e+03 4.3477 3.6440 4.18290 0.90173 0.5619 8.2152e+01 1 3.0061e-06 3.6440 6.533505e-01 3.465160e-01 7.631697e-05 -0.0688 
1.0958e+04 4.3712 3.6417 4.17044 0.90227 1.0562 8.7391e+01 1 3.3497e-06 3.6417 6.532693e-01 3.465820e-01 9.174551e-05 -0.0713 
1.5967e+04 4.4267 3.6363 4.15197 0.90288 1.1429 1.0085e+02 1 4.3451e-06 3.6363 6.531496e-01 3.466750e-01 1.180039e-04 -0.0787 
2.1604e+04 4.4624 3.6344 4.12734 0.90352 0.1272 1.0952e+02 1 5.2360e-06 3.6344 6.529497e-01 3.468370e-01 1.558724e-04 -0.0778 
2.7665e+04 4.4854 3.6325 4.09765 0.90411 0.1846 1.1622e+02 1 5.9293e-06 3.6325 6.526622e-01 3.470850e-01 1.950438e-04 -0.0602 
3.4137e+04 4.5345 3.6281 4.05757 0.90465 0.3066 1.3193e+02 1 7.6208e-06 3.6281 6.522696e-01 3.474260e-01 2.460587e-04 -0.0496 
4.0832e+04 4.5783 3.6239 4.00617 0.90512 0.5087 1.4846e+02 1 9.5940e-06 3.6239 6.517758e-01 3.478470e-01 3.171659e-04 -0.0694 
4.7750e+04 4.6127 3.6199 3.94298 0.90553 0.8052 1.6415e+02 1 1.1588e-05 3.6199 6.511869e-01 3.483380e-01 4.134265e-04 -0.1304 
5.4883e+04 4.6374 3.6158 3.86924 0.90589 1.1813 1.7860e+02 1 1.3366e-05 3.6158 6.505097e-01 3.488880e-01 5.393981e-04 -0.0966 
6.2137e+04 4.6557 3.5999 3.79095 0.90618 1.5975 2.0966e+02 1 1.3709e-05 3.5999 6.497556e-01 3.494790e-01 6.993411e-04 -0.0961 
6.9711e+04 4.6474 3.5995 3.70936 0.90647 1.9033 2.0946e+02 1 1.3614e-05 3.5995 6.489458e-01 3.500880e-01 8.973816e-04 -0.0961 
7.7447e+04 4.6569 3.5972 3.61934 0.90671 2.1785 2.1951e+02 1 1.4791e-05 3.5972 6.480590e-01 3.507330e-01 1.135934e-03 -0.0973 
8.5344e+04 4.6637 3.5949 3.52092 0.90689 2.3710 2.2913e+02 1 1.5922e-05 3.5949 6.470941e-01 3.514120e-01 1.418305e-03 -0.0982 
9.3501e+04 4.6664 3.5758 3.42550 0.90707 2.5273 2.6864e+02 1 1.4894e-05 3.5758 6.460570e-01 3.521150e-01 1.748095e-03 -0.1111 
1.0194e+05 4.6406 3.5768 3.33402 0.90725 2.4695 2.5800e+02 1 1.3677e-05 3.5768 6.449807e-01 3.528060e-01 2.127630e-03 -0.1136 
1.1052e+05 4.6404 3.5751 3.23737 0.90739 2.4510 2.6506e+02 1 1.4289e-05 3.5751 6.438294e-01 3.535220e-01 2.556780e-03 -0.1130 
1.1920e+05 4.6403 3.5732 3.13546 0.90748 2.4149 2.7305e+02 1 1.4997e-05 3.5732 6.426042e-01 3.542600e-01 3.035419e-03 -0.1122 
1.2816e+05 4.6367 3.5714 3.02602 0.90763 2.3630 2.7996e+02 1 1.5524e-05 3.5714 6.412968e-01 3.550290e-01 3.564609e-03 -0.1115 
1.3720e+05 4.6310 3.5696 2.91259 0.90779 2.3048 5.6342e+02 0 1.5996e-05 3.5696 6.399250e-01 3.558120e-01 4.141654e-03 -0.1111 
1.4633e+05 4.6246 3.5678 2.79443 0.90802 2.2524 5.8563e+02 0 1.6558e-05 3.5678 6.384977e-01 3.566070e-01 4.760068e-03 -0.1106 
1.5549e+05 4.6159 3.5662 2.67268 0.90834 2.2065 6.0686e+02 0 1.6982e-05 3.5662 6.370285e-01 3.574060e-01 5.414703e-03 -0.1110 
1.6452e+05 4.6063 3.5644 2.54973 0.90873 2.1796 6.2917e+02 0 1.7418e-05 3.5644 6.355385e-01 3.581950e-01 6.097638e-03 -0.1114 
1.7358e+05 4.5951 3.5628 2.42291 0.90932 2.1695 6.5185e+02 0 1.7865e-05 3.5628 6.340319e-01 3.589750e-01 6.802970e-03 -0.1115 
1.8245e+05 4.5819 3.5614 2.29622 0.91002 2.2024 6.7260e+02 0 1.8239e-05 3.5614 6.325337e-01 3.597290e-01 7.524279e-03 -0.1123 
1.9109e+05 4.5673 3.5601 2.17055 0.91087 2.3216 6.9276e+02 0 1.8578e-05 3.5601 6.310630e-01 3.604450e-01 8.253019e-03 -0.1127 
1.9968e+05 4.5508 3.4875 1.82760 0.91197 6.8738 1.4921e+03 0 4.8417e-05 3.4875 6.298813e-01 3.609710e-01 8.882042e-03 -0.1305 
2.0816e+05 4.4553 3.4750 1.54271 0.91351 10.5367 1.5696e+03 0 3.8815e-05 3.4750 6.287199e-01 3.614840e-01 9.502116e-03 -0.1218 
2.1607e+05 4.2395 3.4934 1.35573 0.91438 13.0991 9.2395e+02 0 2.3605e-05 3.4934 6.277507e-01 3.619110e-01 1.001929e-02 -0.3245 
2.2368e+05 4.2414 3.5019 1.17519 0.91588 14.0577 9.7787e+02 0 2.3714e-05 3.5019 6.273466e-01 3.620880e-01 1.023461e-02 0.2820 
2.3107e+05 4.2436 3.5410 0.99921 0.91758 14.2124 8.0175e+02 0 2.3878e-05 3.5410 6.272785e-01 3.621160e-01 1.027223e-02 1.6789 
2.3499e+05 4.2474 3.6403 0.92390 0.91837 14.2124 3.5732e+02 0 2.8445e-05 3.6403 6.272785e-01 3.621160e-01 1.027223e-02 999.0000 
 4.4000 32 # agb_4.40_Z0.00010000_Mdot50_eta0.20_Mc0.00_dMc0.00_Tbd6.40_L0.00_dL0.00_C0.00_Nr3.00_rates0_KOPv_KMOLv.dat 
0.0000e+00 4.2832 3.6514 4.40000 0.92615 0.2810 6.7421e+01 1 2.0941e-06 3.6514 6.487000e-01 3.512700e-01 6.792077e-05 -0.0665 
2.2400e+03 4.5923 3.6287 4.38330 0.92667 0.0652 1.4044e+02 1 9.0782e-06 3.6287 6.487068e-01 3.512620e-01 6.864774e-05 -0.0768 
4.8581e+03 4.5551 3.6318 4.36664 0.92711 0.0942 1.2849e+02 1 7.6384e-06 3.6318 6.486393e-01 3.513220e-01 7.587192e-05 -0.0770 
7.8977e+03 4.5671 3.6311 4.34610 0.92759 0.1846 1.3229e+02 1 8.1846e-06 3.6311 6.485282e-01 3.514190e-01 8.986173e-05 -0.0670 
1.1446e+04 4.6064 3.6279 4.31705 0.92810 0.3768 1.4605e+02 1 1.0023e-05 3.6279 6.483555e-01 3.515700e-01 1.105363e-04 -0.0663 
1.5435e+04 4.6355 3.6253 4.27920 0.92861 0.7156 1.5776e+02 1 1.1722e-05 3.6253 6.481152e-01 3.517840e-01 1.365827e-04 -0.0528 
1.9801e+04 4.6591 3.6230 4.23233 0.92911 1.2527 1.6849e+02 1 1.3397e-05 3.6230 6.478026e-01 3.520650e-01 1.667628e-04 -0.0810 
2.4463e+04 4.6769 3.6170 4.17813 0.92958 1.9889 1.8296e+02 1 1.4488e-05 3.6170 6.474200e-01 3.524110e-01 2.021796e-04 -0.0848 
2.9412e+04 4.6863 3.6140 4.11707 0.93001 2.7302 1.9183e+02 1 1.5382e-05 3.6140 6.469733e-01 3.528090e-01 2.494089e-04 -0.0862 
3.4483e+04 4.6983 3.6121 4.04947 0.93038 3.3107 2.0045e+02 1 1.6711e-05 3.6121 6.464680e-01 3.532500e-01 3.118068e-04 -0.0878 
3.9772e+04 4.7099 3.6063 3.97484 0.93072 3.7291 2.1572e+02 1 1.7701e-05 3.6063 6.458997e-01 3.537360e-01 3.923670e-04 -0.0930 
4.5241e+04 4.7120 3.6051 3.89436 0.93103 3.8937 2.2078e+02 1 1.8493e-05 3.6051 6.452788e-01 3.542530e-01 4.942516e-04 -0.0926 
5.0825e+04 4.7198 3.6033 3.80636 0.93129 3.9744 2.2960e+02 1 1.9953e-05 3.6033 6.446003e-01 3.548030e-01 6.205367e-04 -0.0917 
5.6604e+04 4.7236 3.6017 3.70988 0.93154 3.9652 2.3685e+02 1 2.1135e-05 3.6017 6.438597e-01 3.553860e-01 7.746077e-04 -0.0915 
6.2560e+04 4.7269 3.6000 3.60446 0.93176 3.9111 2.4492e+02 1 2.2491e-05 3.6000 6.430535e-01 3.560040e-01 9.598300e-04 -0.0905 
6.8725e+04 4.7267 3.5984 3.48985 0.93196 3.8080 2.5192e+02 1 2.3659e-05 3.5984 6.421764e-01 3.566570e-01 1.180356e-03 -0.0897 
7.5037e+04 4.7246 3.5967 3.36759 0.93212 3.6743 2.5874e+02 1 2.4774e-05 3.5967 6.412279e-01 3.573410e-01 1.440344e-03 -0.0890 
8.1621e+04 4.7209 3.5950 3.23407 0.93230 3.5247 2.6559e+02 1 2.5942e-05 3.5950 6.401927e-01 3.580670e-01 1.744620e-03 -0.0889 
8.8363e+04 4.7147 3.5934 3.09228 0.93244 3.3580 2.7187e+02 1 2.6977e-05 3.5934 6.390725e-01 3.588270e-01 2.098759e-03 -0.0892 
9.5249e+04 4.7067 3.5917 2.94238 0.93255 3.1893 2.7813e+02 1 2.8119e-05 3.5917 6.378609e-01 3.596220e-01 2.508296e-03 -0.0897 
1.0241e+05 4.6960 3.5900 2.78045 0.93272 3.0274 5.6589e+02 0 2.9174e-05 3.5900 6.365425e-01 3.604620e-01 2.978529e-03 -0.0903 
1.0967e+05 4.6825 3.5884 2.61112 0.93290 2.8706 5.8922e+02 0 3.0269e-05 3.5884 6.351310e-01 3.613290e-01 3.512186e-03 -0.0918 
1.1697e+05 4.6662 3.5869 2.43611 0.93316 2.7282 6.1303e+02 0 3.1261e-05 3.5869 6.336454e-01 3.622090e-01 4.104978e-03 -0.0914 
1.2431e+05 4.6467 3.5855 2.25455 0.93361 2.6078 6.3745e+02 0 3.2285e-05 3.5855 6.321182e-01 3.630850e-01 4.742052e-03 -0.0913 
1.3146e+05 4.6231 3.5846 2.07421 0.93422 2.5200 6.5696e+02 0 3.3037e-05 3.5846 6.305963e-01 3.639190e-01 5.413257e-03 -0.0893 
1.3839e+05 4.5964 3.5839 1.89541 0.93507 4.5678 6.7558e+02 0 3.3729e-05 3.5839 6.293073e-01 3.645300e-01 6.073338e-03 -0.0875 
1.4506e+05 4.5664 3.5839 1.72017 0.93616 10.4805 6.8933e+02 0 3.4435e-05 3.5839 6.281696e-01 3.650590e-01 6.663648e-03 -0.0802 
1.5151e+05 4.5312 3.5850 1.54711 0.93752 14.8300 6.9411e+02 0 3.4995e-05 3.5850 6.270655e-01 3.655660e-01 7.240129e-03 -0.0715 
1.5771e+05 4.4948 3.5883 1.37400 0.93911 18.0677 6.9154e+02 0 3.6728e-05 3.5883 6.260201e-01 3.660420e-01 7.788287e-03 -0.0613 
1.6369e+05 4.4811 3.5969 1.17251 0.94089 20.4642 7.1615e+02 0 4.1210e-05 3.5969 6.250696e-01 3.664710e-01 8.287985e-03 -0.0285 
1.6947e+05 4.2990 3.6152 1.05289 0.94220 21.8523 4.4607e+02 0 2.4660e-05 3.6152 6.244268e-01 3.667600e-01 8.626484e-03 0.2110 
1.7300e+05 4.3023 3.6759 0.94839 0.94306 21.8523 2.8715e+02 0 4.7643e-05 3.6759 6.244268e-01 3.667600e-01 8.626484e-03 999.0000 
 4.6000 39 # agb_4.60_Z0.00010000_Mdot50_eta0.20_Mc0.00_dMc0.00_Tbd6.40_L0.00_dL0.00_C0.00_Nr3.00_rates0_KOPv_KMOLv.dat 
0.0000e+00 4.3819 3.6466 4.60000 0.95215 0.3138 8.1762e+01 1 3.1046e-06 3.6466 6.444000e-01 3.554640e-01 6.870097e-05 -0.0691 
1.6079e+03 4.4923 3.6388 4.59267 0.95253 0.2487 1.0600e+02 1 5.2481e-06 3.6388 6.444065e-01 3.554570e-01 6.900429e-05 -0.0716 
3.4354e+03 4.5215 3.6365 4.58315 0.95282 0.1178 1.1389e+02 1 6.0395e-06 3.6365 6.443796e-01 3.554770e-01 7.603625e-05 -0.0741 
5.5304e+03 4.5361 3.6357 4.57142 0.95314 0.0849 1.1777e+02 1 6.5313e-06 3.6357 6.443227e-01 3.555230e-01 8.730108e-05 -0.0759 
7.8871e+03 4.5674 3.6333 4.55620 0.95346 0.1377 1.2723e+02 1 7.6384e-06 3.6333 6.442298e-01 3.556000e-01 1.030406e-04 -0.0696 
1.0561e+04 4.6180 3.6297 4.53424 0.95380 0.2458 1.4361e+02 1 9.8855e-06 3.6297 6.440901e-01 3.557190e-01 1.227074e-04 -0.0642 
1.3510e+04 4.6563 3.6262 4.50502 0.95415 0.4302 1.5853e+02 1 1.2023e-05 3.6262 6.439009e-01 3.558850e-01 1.451671e-04 -0.0676 
1.6686e+04 4.6847 3.6235 4.46872 0.95448 0.7210 1.7111e+02 1 1.3964e-05 3.6235 6.436625e-01 3.560980e-01 1.696826e-04 -0.0546 
2.0072e+04 4.7100 3.6211 4.42456 0.95481 1.1689 1.8327e+02 1 1.6106e-05 3.6211 6.433728e-01 3.563600e-01 1.965035e-04 -0.0811 
2.3620e+04 4.7282 3.6154 4.37420 0.95511 1.7739 1.9873e+02 1 1.7458e-05 3.6154 6.430370e-01 3.566630e-01 2.281213e-04 -0.0829 
2.7276e+04 4.7372 3.6141 4.31906 0.95539 2.4173 2.0535e+02 1 1.8621e-05 3.6141 6.426642e-01 3.569950e-01 2.673399e-04 -0.0827 
3.1090e+04 4.7505 3.6098 4.25727 0.95567 3.0823 2.1866e+02 1 1.9999e-05 3.6098 6.422477e-01 3.573620e-01 3.155798e-04 -0.0839 
3.4977e+04 4.7562 3.6085 4.19110 0.95591 3.5759 2.2487e+02 1 2.1086e-05 3.6085 6.417981e-01 3.577510e-01 3.743711e-04 -0.0841 
3.8984e+04 4.7649 3.6069 4.11803 0.95615 3.9603 2.3319e+02 1 2.2646e-05 3.6069 6.413084e-01 3.581690e-01 4.451939e-04 -0.0850 
4.3076e+04 4.7703 3.6003 4.04215 0.95636 4.2429 2.4969e+02 1 2.3067e-05 3.6003 6.407834e-01 3.586070e-01 5.297819e-04 -0.0928 
4.7288e+04 4.7666 3.5996 3.96303 0.95657 4.2797 2.5172e+02 1 2.3335e-05 3.5996 6.402278e-01 3.590600e-01 6.299111e-04 -0.0934 
5.1608e+04 4.7689 3.5983 3.87825 0.95675 4.2988 2.5809e+02 1 2.4434e-05 3.5983 6.396328e-01 3.595360e-01 7.473538e-04 -0.0944 
5.6046e+04 4.7705 3.5969 3.78732 0.95693 4.2777 2.6454e+02 1 2.5586e-05 3.5969 6.389953e-01 3.600340e-01 8.838768e-04 -0.0952 
6.0613e+04 4.7703 3.5957 3.68998 0.95710 4.2071 2.7042e+02 1 2.6607e-05 3.5957 6.383129e-01 3.605560e-01 1.041726e-03 -0.0960 
6.5270e+04 4.7687 3.5944 3.58739 0.95724 4.0983 2.7620e+02 1 2.7606e-05 3.5944 6.375860e-01 3.610980e-01 1.223297e-03 -0.0952 
7.0062e+04 4.7660 3.5932 3.47820 0.95736 3.9692 2.8171e+02 1 2.8642e-05 3.5932 6.368076e-01 3.616650e-01 1.431278e-03 -0.0954 
7.5050e+04 4.7612 3.5919 3.36077 0.95750 3.8241 2.8688e+02 1 2.9512e-05 3.5919 6.359690e-01 3.622620e-01 1.668728e-03 -0.0949 
8.0137e+04 4.7552 3.5907 3.23777 0.95762 3.6695 2.9176e+02 1 3.0479e-05 3.5907 6.350738e-01 3.628820e-01 1.938890e-03 -0.0944 
8.5319e+04 4.7481 3.5893 3.10923 0.95770 3.5148 2.9684e+02 1 3.1333e-05 3.5893 6.341178e-01 3.635260e-01 2.245328e-03 -0.0935 
9.0698e+04 4.7390 3.5882 2.97194 0.95781 3.3609 3.0135e+02 1 3.2285e-05 3.5882 6.330885e-01 3.642030e-01 2.591750e-03 -0.0927 
9.6163e+04 4.7277 3.5868 2.82957 0.95792 3.2092 6.1508e+02 0 3.3037e-05 3.5868 6.319922e-01 3.649020e-01 2.981376e-03 -0.0902 
1.0174e+05 4.7152 3.5855 2.68087 0.95805 3.0722 6.3545e+02 0 3.3884e-05 3.5855 6.308267e-01 3.656250e-01 3.415547e-03 -0.0893 
1.0739e+05 4.7004 3.5842 2.52666 0.95826 2.9493 6.5600e+02 0 3.4674e-05 3.5842 6.296018e-01 3.663630e-01 3.892400e-03 -0.0864 
1.1300e+05 4.6830 3.5832 2.37088 0.95855 2.8450 6.7440e+02 0 3.5318e-05 3.5832 6.283465e-01 3.670950e-01 4.403727e-03 -0.0837 
1.1855e+05 4.6636 3.5822 2.21414 0.95896 2.7750 6.9254e+02 0 3.5975e-05 3.5822 6.270778e-01 3.678110e-01 4.943551e-03 -0.0830 
1.2396e+05 4.6417 3.5816 2.05945 0.95950 2.7622 7.0819e+02 0 3.6475e-05 3.5816 6.258276e-01 3.684890e-01 5.500535e-03 -0.0810 
1.2925e+05 4.6169 3.5814 1.90638 0.96022 5.1337 7.1926e+02 0 3.6813e-05 3.5814 6.247697e-01 3.689930e-01 6.039469e-03 -0.0801 
1.3439e+05 4.5901 3.5817 1.75561 0.96113 10.0453 7.2750e+02 0 3.7239e-05 3.5817 6.238218e-01 3.694350e-01 6.530023e-03 -0.0787 
1.3938e+05 4.5596 3.5829 1.60740 0.96222 13.8323 7.2816e+02 0 3.7584e-05 3.5829 6.228922e-01 3.698640e-01 7.013590e-03 -0.0746 
1.4419e+05 4.5271 3.5852 1.46201 0.96346 16.7881 7.2262e+02 0 3.8194e-05 3.5852 6.219931e-01 3.702750e-01 7.483021e-03 -0.0608 
1.4887e+05 4.5096 3.5898 1.30105 0.96484 19.1044 7.4047e+02 0 4.4055e-05 3.5898 6.211410e-01 3.706620e-01 7.929032e-03 -0.0359 
1.5341e+05 4.3945 3.5996 1.18619 0.96598 20.8314 5.7007e+02 0 3.0061e-05 3.5996 6.203936e-01 3.710000e-01 8.320957e-03 0.1194 
1.5785e+05 4.3961 3.6195 1.04818 0.96733 21.7294 5.3568e+02 0 3.3884e-05 3.6195 6.199574e-01 3.711970e-01 8.549781e-03 0.1322 
1.5981e+05 4.3970 3.6753 0.97363 0.96786 21.7294 3.4827e+02 0 7.6560e-05 3.6753 6.199574e-01 3.711970e-01 8.549781e-03 999.0000 
 4.8000 36 # agb_4.80_Z0.00010000_Mdot50_eta0.20_Mc0.00_dMc0.00_Tbd6.40_L0.00_dL0.00_C0.00_Nr3.00_rates0_KOPv_KMOLv.dat 
0.0000e+00 4.7532 3.6244 4.80000 0.98235 29.4039 1.8578e+02 1 1.7947e-05 3.6244 6.035000e-01 3.963000e-01 1.503739e-04 -0.0756 
1.1091e+03 4.7424 3.6251 4.78416 0.98269 13.3174 1.8152e+02 1 1.7100e-05 3.6251 6.034571e-01 3.963410e-01 1.516360e-04 -0.0786 
2.3647e+03 4.7533 3.6241 4.76513 0.98295 9.2015 1.8689e+02 1 1.8155e-05 3.6241 6.033819e-01 3.964100e-01 1.580753e-04 -0.0778 
3.7872e+03 4.7704 3.6223 4.74166 0.98322 7.1117 1.9596e+02 1 1.9907e-05 3.6223 6.032825e-01 3.964980e-01 1.687955e-04 -0.0773 
5.4055e+03 4.7869 3.6208 4.71249 0.98349 5.9150 2.0481e+02 1 2.1827e-05 3.6208 6.031542e-01 3.966110e-01 1.835583e-04 -0.0752 
7.2302e+03 4.8011 3.6193 4.67686 0.98377 5.3259 2.1338e+02 1 2.3714e-05 3.6193 6.029925e-01 3.967540e-01 2.014001e-04 -0.0762 
9.2427e+03 4.8103 3.6181 4.63526 0.98405 5.0974 2.1979e+02 1 2.5177e-05 3.6181 6.027977e-01 3.969280e-01 2.211946e-04 -0.0771 
1.1433e+04 4.8203 3.6169 4.58702 0.98433 5.1647 2.2707e+02 1 2.6915e-05 3.6169 6.025670e-01 3.971370e-01 2.422010e-04 -0.0775 
1.3789e+04 4.8265 3.6159 4.53255 0.98460 5.3729 2.3275e+02 1 2.8314e-05 3.6159 6.023012e-01 3.973790e-01 2.644753e-04 -0.0786 
1.6280e+04 4.8320 3.6149 4.47212 0.98487 5.6122 2.3852e+02 1 2.9717e-05 3.6149 6.020018e-01 3.976520e-01 2.894810e-04 -0.0798 
1.8885e+04 4.8379 3.6138 4.40554 0.98512 5.7800 2.4494e+02 1 3.1405e-05 3.6138 6.016694e-01 3.979530e-01 3.195717e-04 -0.0808 
2.1568e+04 4.8418 3.6128 4.33403 0.98535 5.8350 2.5058e+02 1 3.2885e-05 3.6128 6.013078e-01 3.982760e-01 3.559297e-04 -0.0805 
2.4373e+04 4.8439 3.6117 4.25615 0.98560 5.8312 2.5579e+02 1 3.4198e-05 3.6117 6.009133e-01 3.986260e-01 3.996358e-04 -0.0801 
2.7265e+04 4.8459 3.6108 4.17247 0.98581 5.7876 2.6117e+02 1 3.5727e-05 3.6108 6.004862e-01 3.989980e-01 4.525733e-04 -0.0795 
3.0250e+04 4.8461 3.6099 4.08293 0.98602 5.7132 2.6598e+02 1 3.7068e-05 3.6099 6.000309e-01 3.993890e-01 5.149447e-04 -0.0792 
3.3297e+04 4.8457 3.6089 3.98853 0.98620 5.6114 2.7080e+02 1 3.8459e-05 3.6089 5.995462e-01 3.997980e-01 5.889276e-04 -0.0792 
3.6467e+04 4.8446 3.6079 3.88654 0.98639 5.5037 2.7594e+02 1 3.9902e-05 3.6079 5.990243e-01 4.002300e-01 6.763297e-04 -0.0795 
3.9706e+04 4.8424 3.6069 3.77906 0.98656 5.3697 2.8092e+02 1 4.1305e-05 3.6069 5.984684e-01 4.006810e-01 7.792550e-04 -0.0790 
4.3082e+04 4.8385 3.6059 3.66331 0.98673 5.2117 2.8546e+02 1 4.2658e-05 3.6059 5.978690e-01 4.011570e-01 9.000864e-04 -0.0781 
4.6534e+04 4.8335 3.6049 3.54179 0.98687 5.0333 2.8990e+02 1 4.3954e-05 3.6049 5.972293e-01 4.016520e-01 1.041494e-03 -0.0775 
5.0099e+04 4.8274 3.6038 3.41267 0.98701 4.8435 2.9449e+02 1 4.5290e-05 3.6038 5.965412e-01 4.021720e-01 1.206609e-03 -0.0766 
5.3781e+04 4.8198 3.6027 3.27556 0.98713 4.6424 2.9887e+02 1 4.6666e-05 3.6027 5.957997e-01 4.027170e-01 1.399107e-03 -0.0766 
5.7582e+04 4.8108 3.6017 3.13003 0.98725 4.4334 3.0320e+02 1 4.8084e-05 3.6017 5.949989e-01 4.032900e-01 1.623209e-03 -0.0760 
6.1507e+04 4.7995 3.6006 2.97596 0.98736 4.2139 3.0720e+02 1 4.9431e-05 3.6006 5.941330e-01 4.038910e-01 1.883912e-03 -0.0758 
6.5551e+04 4.7861 3.5995 2.81329 0.98747 3.9975 6.2905e+02 0 5.0816e-05 3.5995 5.931963e-01 4.045190e-01 2.186367e-03 -0.0748 
6.9663e+04 4.7708 3.5985 2.64422 0.98758 3.7984 6.4857e+02 0 5.2240e-05 3.5985 5.921886e-01 4.051710e-01 2.535941e-03 -0.0731 
7.3864e+04 4.7522 3.5975 2.46781 0.98772 3.6135 6.6803e+02 0 5.3456e-05 3.5975 5.911057e-01 4.058460e-01 2.936743e-03 -0.0730 
7.8116e+04 4.7308 3.5967 2.28565 0.98794 3.4554 6.8723e+02 0 5.4702e-05 3.5967 5.899598e-01 4.065310e-01 3.388731e-03 -0.0723 
8.2356e+04 4.7055 3.5962 2.10099 0.98828 3.3411 7.0362e+02 0 5.5719e-05 3.5962 5.887813e-01 4.072040e-01 3.883391e-03 -0.0711 
8.6469e+04 4.6761 3.5962 1.92058 0.98879 4.4468 7.1429e+02 0 5.6234e-05 3.5962 5.877463e-01 4.077230e-01 4.388206e-03 -0.0686 
9.0426e+04 4.6432 3.5969 1.74560 0.98949 11.1985 7.1871e+02 0 5.6624e-05 3.5969 5.868681e-01 4.081340e-01 4.844564e-03 -0.0656 
9.4220e+04 4.6065 3.5984 1.57777 0.99038 16.0555 7.1569e+02 0 5.4954e-05 3.5984 5.860068e-01 4.085300e-01 5.297698e-03 -0.0522 
9.7865e+04 4.5654 3.6015 1.42109 0.99144 19.6538 6.9806e+02 0 5.0003e-05 3.6015 5.851689e-01 4.089090e-01 5.742969e-03 -0.0414 
1.0139e+05 4.5439 3.5126 1.26754 0.99265 22.3557 1.6316e+03 0 4.7643e-05 3.5126 5.843688e-01 4.092660e-01 6.171526e-03 0.0940 
1.0481e+05 4.7626 3.6167 1.02592 0.99518 24.3846 1.2693e+03 0 7.8886e-05 3.6167 5.836276e-01 4.095930e-01 6.570990e-03 0.2805 
1.0541e+05 4.6870 3.6690 1.00067 0.99529 26.7937 6.8717e+02 0 6.6222e-05 3.6690 5.825156e-01 4.100770e-01 7.175722e-03 999.0000 
