# age(yr) logL logTe m_act mcore c/o period ip Mdot(Msun/yr) logTe X Y CNO dlogTe/dlogL 
 0.5050 3 # agb_0.505_Z0.00600000_Mdot2_eta0.40_Mc0.00_dMc0.00_Tbd6.40_L0.00_dL0.00_C0.00_Nr3.00_rates0_KOPv_KMOLv.dat 
0.0000e+00 2.8328 3.6045 0.50500 0.49099 0.5113 2.0144e+01 1 1.0715e-08 3.6045 7.242000e-01 2.699240e-01 3.960051e-03 -0.0892 
2.1622e+05 2.9523 3.6048 0.49947 0.49200 0.5113 2.5154e+01 1 3.5237e-08 3.6048 7.242000e-01 2.699240e-01 3.960051e-03 -0.0884 
4.0816e+05 3.0076 3.6262 0.49497 0.49284 0.5113 2.3916e+01 1 5.5976e-08 3.6262 7.242000e-01 2.699240e-01 3.960051e-03 999.0000 
 0.5100 3 # agb_0.510_Z0.00600000_Mdot2_eta0.40_Mc0.00_dMc0.00_Tbd6.40_L0.00_dL0.00_C0.00_Nr3.00_rates0_KOPv_KMOLv.dat 
0.0000e+00 2.8819 3.5960 0.51000 0.49179 0.5111 2.3344e+01 1 1.7418e-08 3.5960 7.242000e-01 2.698520e-01 3.960278e-03 -0.0907 
2.1006e+05 3.0241 3.5969 0.50129 0.49289 0.5111 5.9397e+01 0 7.2277e-08 3.5969 7.242000e-01 2.698520e-01 3.960278e-03 -0.0908 
3.8379e+05 3.0492 3.6228 0.49587 0.49367 0.5111 2.6437e+01 1 8.4528e-08 3.6228 7.242000e-01 2.698520e-01 3.960278e-03 999.0000 
 0.5150 3 # agb_0.515_Z0.00600000_Mdot2_eta0.40_Mc0.00_dMc0.00_Tbd6.40_L0.00_dL0.00_C0.00_Nr3.00_rates0_KOPv_KMOLv.dat 
0.0000e+00 2.8955 3.5913 0.51500 0.49205 0.5083 2.4645e+01 1 1.9679e-08 3.5913 7.242000e-01 2.699720e-01 3.961820e-03 -0.0919 
2.1525e+05 3.0052 3.5922 0.50519 0.49323 0.5083 5.8986e+01 0 6.0117e-08 3.5922 7.242000e-01 2.699720e-01 3.961820e-03 -0.0913 
4.0701e+05 3.0718 3.6191 0.49667 0.49424 0.5083 2.8281e+01 1 1.0666e-07 3.6191 7.242000e-01 2.699720e-01 3.961820e-03 999.0000 
 0.5200 3 # agb_0.520_Z0.00600000_Mdot2_eta0.40_Mc0.00_dMc0.00_Tbd6.40_L0.00_dL0.00_C0.00_Nr3.00_rates0_KOPv_KMOLv.dat 
0.0000e+00 2.9001 3.5886 0.52000 0.49304 0.4969 2.5232e+01 1 2.0230e-08 3.5886 7.241000e-01 2.700120e-01 3.966141e-03 -0.0928 
2.1366e+05 3.0017 3.5874 0.51040 0.49422 0.4969 6.0547e+01 0 5.7544e-08 3.5874 7.241000e-01 2.700120e-01 3.966141e-03 -0.0926 
4.1643e+05 3.0708 3.6031 0.50055 0.49538 0.4969 6.2475e+01 0 1.1092e-07 3.6031 7.241000e-01 2.700120e-01 3.966141e-03 999.0000 
 0.5250 4 # agb_0.525_Z0.00600000_Mdot2_eta0.40_Mc0.00_dMc0.00_Tbd6.40_L0.00_dL0.00_C0.00_Nr3.00_rates0_KOPv_KMOLv.dat 
0.0000e+00 2.8995 3.5865 0.52500 0.49349 0.4742 2.5467e+01 1 1.9679e-08 3.5865 7.241000e-01 2.700670e-01 3.973632e-03 -0.0939 
2.1003e+05 3.0112 3.5817 0.51622 0.49463 0.4742 6.4404e+01 0 6.2517e-08 3.5817 7.241000e-01 2.700670e-01 3.973632e-03 -0.0932 
4.4077e+05 3.0441 3.5984 0.50350 0.49612 0.4742 6.1084e+01 0 8.5901e-08 3.5984 7.241000e-01 2.700670e-01 3.973632e-03 -0.0913 
5.5477e+05 2.9959 3.6083 0.50185 0.49644 0.4742 2.6503e+01 1 5.2119e-08 3.6083 7.241000e-01 2.700670e-01 3.973632e-03 999.0000 
 0.5300 4 # agb_0.530_Z0.00600000_Mdot2_eta0.40_Mc0.00_dMc0.00_Tbd6.40_L0.00_dL0.00_C0.00_Nr3.00_rates0_KOPv_KMOLv.dat 
0.0000e+00 2.9243 3.5827 0.53000 0.49471 0.4545 2.7261e+01 1 2.4717e-08 3.5827 7.240000e-01 2.701420e-01 3.979644e-03 -0.0952 
2.0943e+05 3.0260 3.5795 0.51891 0.49593 0.4545 6.7575e+01 0 7.1614e-08 3.5795 7.240000e-01 2.701420e-01 3.979644e-03 -0.0942 
4.3746e+05 3.0621 3.6013 0.50351 0.49750 0.4545 6.1950e+01 0 1.0093e-07 3.6013 7.240000e-01 2.701420e-01 3.979644e-03 -0.0913 
5.2232e+05 2.9203 3.6161 0.50267 0.49766 0.4545 2.1772e+01 1 2.4044e-08 3.6161 7.240000e-01 2.701420e-01 3.979644e-03 999.0000 
 0.5500 4 # agb_0.550_Z0.00600000_Mdot2_eta0.40_Mc0.00_dMc0.00_Tbd6.40_L0.00_dL0.00_C0.00_Nr3.00_rates0_KOPv_KMOLv.dat 
0.0000e+00 2.9786 3.5728 0.55000 0.49845 0.4219 6.1228e+01 0 3.8994e-08 3.5728 7.238000e-01 2.702430e-01 3.989795e-03 -0.0991 
1.9956e+05 3.0829 3.5676 0.53475 0.49977 0.4219 8.3022e+01 0 1.1967e-07 3.5676 7.238000e-01 2.702430e-01 3.989795e-03 -0.0998 
4.2638e+05 3.0950 3.5900 0.51123 0.50160 0.4219 7.2723e+01 0 1.3932e-07 3.5900 7.238000e-01 2.702430e-01 3.989795e-03 -0.0954 
5.4565e+05 3.0943 3.6026 0.50719 0.50207 0.4219 6.5328e+01 0 1.3397e-07 3.6026 7.238000e-01 2.702430e-01 3.989795e-03 999.0000 
 0.5600 5 # agb_0.560_Z0.00600000_Mdot2_eta0.40_Mc0.00_dMc0.00_Tbd6.40_L0.00_dL0.00_C0.00_Nr3.00_rates0_KOPv_KMOLv.dat 
0.0000e+00 2.9655 3.5729 0.56000 0.50041 0.4266 3.0709e+01 1 3.2509e-08 3.5729 7.239000e-01 2.701830e-01 3.988117e-03 -0.0996 
1.9786e+05 3.0576 3.5668 0.54728 0.50171 0.4266 7.7439e+01 0 8.7498e-08 3.5668 7.239000e-01 2.701830e-01 3.988117e-03 -0.0996 
3.4197e+05 3.1044 3.5644 0.54065 0.50243 0.4266 8.8753e+01 0 1.4454e-07 3.5644 7.239000e-01 2.701830e-01 3.988117e-03 -0.0996 
4.1434e+05 3.0933 3.5725 0.52888 0.50337 0.4266 8.2187e+01 0 1.3397e-07 3.5725 7.239000e-01 2.701830e-01 3.988117e-03 -0.0996 
6.0936e+05 3.1458 3.5978 0.51041 0.50488 0.4266 7.6114e+01 0 2.2080e-07 3.5978 7.239000e-01 2.701830e-01 3.988117e-03 999.0000 
 0.5700 5 # agb_0.570_Z0.00600000_Mdot2_eta0.40_Mc0.00_dMc0.00_Tbd6.40_L0.00_dL0.00_C0.00_Nr3.00_rates0_KOPv_KMOLv.dat 
0.0000e+00 3.0000 3.5683 0.57000 0.50244 0.4321 6.4737e+01 0 4.3853e-08 3.5683 7.239000e-01 2.702170e-01 3.986265e-03 -0.1017 
1.9434e+05 3.0872 3.5628 0.55349 0.50383 0.4321 8.4893e+01 0 1.1455e-07 3.5628 7.239000e-01 2.702170e-01 3.986265e-03 -0.1017 
3.2693e+05 3.1355 3.5602 0.54595 0.50453 0.4321 9.7926e+01 0 1.9275e-07 3.5602 7.239000e-01 2.702170e-01 3.986265e-03 -0.1011 
4.1002e+05 3.1219 3.5738 0.52664 0.50570 0.4321 8.6899e+01 0 1.7783e-07 3.5738 7.239000e-01 2.702170e-01 3.986265e-03 -0.1011 
5.6415e+05 3.1703 3.5975 0.51201 0.50675 0.4321 8.0382e+01 0 2.7797e-07 3.5975 7.239000e-01 2.702170e-01 3.986265e-03 999.0000 
 0.5800 3 # agb_0.580_Z0.00600000_Mdot2_eta0.40_Mc0.00_dMc0.00_Tbd6.40_L0.00_dL0.00_C0.00_Nr3.00_rates0_KOPv_KMOLv.dat 
0.0000e+00 3.0635 3.5604 0.58000 0.50443 0.4300 7.8794e+01 0 7.9616e-08 3.5604 7.238000e-01 2.702380e-01 3.986996e-03 -0.1058 
1.9081e+05 3.1490 3.5579 0.55034 0.50603 0.4300 1.0228e+02 0 2.1677e-07 3.5579 7.238000e-01 2.702380e-01 3.986996e-03 -0.1052 
3.7968e+05 3.2162 3.5957 0.51284 0.50779 0.4300 9.0348e+01 0 4.3451e-07 3.5957 7.238000e-01 2.702380e-01 3.986996e-03 999.0000 
 0.5900 3 # agb_0.590_Z0.00600000_Mdot2_eta0.40_Mc0.00_dMc0.00_Tbd6.40_L0.00_dL0.00_C0.00_Nr3.00_rates0_KOPv_KMOLv.dat 
0.0000e+00 3.0994 3.5555 0.59000 0.50600 0.4323 8.7845e+01 0 1.0940e-07 3.5555 7.239000e-01 2.702610e-01 3.986417e-03 -0.1083 
1.8815e+05 3.1844 3.5558 0.54863 0.50774 0.4323 1.1313e+02 0 3.1117e-07 3.5558 7.239000e-01 2.702610e-01 3.986417e-03 -0.1076 
3.4222e+05 3.2505 3.5919 0.51452 0.50908 0.4323 1.0064e+02 0 6.0954e-07 3.5919 7.239000e-01 2.702610e-01 3.986417e-03 999.0000 
 0.6000 3 # agb_0.600_Z0.00600000_Mdot2_eta0.40_Mc0.00_dMc0.00_Tbd6.40_L0.00_dL0.00_C0.00_Nr3.00_rates0_KOPv_KMOLv.dat 
0.0000e+00 3.1514 3.5486 0.60000 0.50743 0.4325 1.0335e+02 0 1.7701e-07 3.5486 7.238000e-01 2.702810e-01 3.986400e-03 -0.1118 
1.8542e+05 3.2378 3.5633 0.53066 0.50939 0.4325 1.2286e+02 0 5.5847e-07 3.5633 7.238000e-01 2.702810e-01 3.986400e-03 -0.1113 
2.9173e+05 3.2472 3.5937 0.51516 0.51005 0.4325 9.8166e+01 0 5.8345e-07 3.5937 7.238000e-01 2.702810e-01 3.986400e-03 999.0000 
 0.6200 5 # agb_0.62_Z0.00600000_Mdot2_eta0.40_Mc0.00_dMc0.00_Tbd6.40_L0.00_dL0.00_C0.00_Nr3.00_rates0_KOPv_KMOLv.dat 
0.0000e+00 3.0744 3.5570 0.62000 0.50868 0.4497 7.8433e+01 0 7.3114e-08 3.5570 7.240000e-01 2.701580e-01 3.980507e-03 -0.1081 
1.8332e+05 3.1551 3.5498 0.59429 0.51029 0.4497 1.0406e+02 0 1.8793e-07 3.5498 7.240000e-01 2.701580e-01 3.980507e-03 -0.1081 
3.1642e+05 3.2105 3.5457 0.57946 0.51124 0.4497 1.2491e+02 0 3.5400e-07 3.5457 7.240000e-01 2.701580e-01 3.980507e-03 -0.1102 
3.8823e+05 3.1927 3.5577 0.54953 0.51248 0.4497 1.1311e+02 0 3.3266e-07 3.5577 7.240000e-01 2.701580e-01 3.980507e-03 -0.1102 
5.4026e+05 3.2442 3.5939 0.51909 0.51386 0.4497 9.6720e+01 0 5.5335e-07 3.5939 7.240000e-01 2.701580e-01 3.980507e-03 999.0000 
 0.6500 3 # agb_0.65_Z0.00600000_Mdot2_eta0.40_Mc0.00_dMc0.00_Tbd6.40_L0.00_dL0.00_C0.00_Nr3.00_rates0_KOPv_KMOLv.dat 
0.0000e+00 3.1991 3.5419 0.65000 0.51267 0.4545 1.1361e+02 0 2.2594e-07 3.5419 7.240000e-01 2.701050e-01 3.979182e-03 -0.1168 
1.7646e+05 3.2763 3.5425 0.56816 0.51477 0.4545 1.5153e+02 0 7.2277e-07 3.5425 7.240000e-01 2.701050e-01 3.979182e-03 -0.1178 
2.9995e+05 3.3292 3.5895 0.52126 0.51597 0.4545 1.2112e+02 0 1.2677e-06 3.5895 7.240000e-01 2.701050e-01 3.979182e-03 999.0000 
 0.6600 5 # agb_0.66_Z0.00600000_Mdot2_eta0.40_Mc0.00_dMc0.00_Tbd6.40_L0.00_dL0.00_C0.00_Nr3.00_rates0_KOPv_KMOLv.dat 
0.0000e+00 3.0684 3.5575 0.66000 0.51123 0.4628 7.2804e+01 0 5.6754e-08 3.5575 7.241000e-01 2.700360e-01 3.976143e-03 -0.1088 
1.7671e+05 3.1482 3.5483 0.64319 0.51271 0.4628 9.6675e+01 0 1.3868e-07 3.5483 7.241000e-01 2.700360e-01 3.976143e-03 -0.1089 
3.7588e+05 3.1826 3.5459 0.61443 0.51477 0.4628 1.1119e+02 0 2.2542e-07 3.5459 7.241000e-01 2.700360e-01 3.976143e-03 -0.1124 
5.9895e+05 3.2119 3.5546 0.55912 0.51756 0.4628 1.1949e+02 0 3.8459e-07 3.5546 7.241000e-01 2.700360e-01 3.976143e-03 -0.1106 
7.4867e+05 3.2534 3.5927 0.52455 0.51902 0.4628 9.8804e+01 0 5.8749e-07 3.5927 7.241000e-01 2.700360e-01 3.976143e-03 999.0000 
 0.6800 5 # agb_0.68_Z0.00600000_Mdot2_eta0.40_Mc0.00_dMc0.00_Tbd6.40_L0.00_dL0.00_C0.00_Nr3.00_rates0_KOPv_KMOLv.dat 
0.0000e+00 3.0617 3.5587 0.68000 0.51260 0.4676 3.6820e+01 1 4.8195e-08 3.5587 7.241000e-01 2.700650e-01 3.974614e-03 -0.1084 
1.7298e+05 3.1494 3.5482 0.66584 0.51403 0.4676 9.4046e+01 0 1.2618e-07 3.5482 7.241000e-01 2.700650e-01 3.974614e-03 -0.1095 
3.7234e+05 3.1695 3.5465 0.64099 0.51609 0.4676 1.0333e+02 0 1.7378e-07 3.5465 7.241000e-01 2.700650e-01 3.974614e-03 -0.1112 
5.8925e+05 3.2075 3.5460 0.59683 0.51876 0.4676 1.2049e+02 0 3.1333e-07 3.5460 7.241000e-01 2.700650e-01 3.974614e-03 -0.1138 
8.0089e+05 3.2658 3.5932 0.52696 0.52161 0.4676 1.0070e+02 0 6.5163e-07 3.5932 7.241000e-01 2.700650e-01 3.974614e-03 999.0000 
 0.7000 4 # agb_0.70_Z0.00600000_Mdot2_eta0.40_Mc0.00_dMc0.00_Tbd6.40_L0.00_dL0.00_C0.00_Nr3.00_rates0_KOPv_KMOLv.dat 
0.0000e+00 3.1324 3.5507 0.70000 0.51350 0.4676 8.4669e+01 0 9.0573e-08 3.5507 7.241000e-01 2.700790e-01 3.974751e-03 -0.1129 
1.7454e+05 3.2030 3.5418 0.67303 0.51524 0.4676 1.1122e+02 0 2.1086e-07 3.5418 7.241000e-01 2.700790e-01 3.974751e-03 -0.1119 
3.7138e+05 3.2469 3.5381 0.62164 0.51769 0.4676 1.3613e+02 0 4.1976e-07 3.5381 7.241000e-01 2.700790e-01 3.974751e-03 -0.1157 
5.7745e+05 3.3083 3.5914 0.52591 0.52068 0.4676 1.1273e+02 0 9.9770e-07 3.5914 7.241000e-01 2.700790e-01 3.974751e-03 999.0000 
 0.7200 6 # agb_0.72_Z0.00600000_Mdot2_eta0.40_Mc0.00_dMc0.00_Tbd6.40_L0.00_dL0.00_C0.00_Nr3.00_rates0_KOPv_KMOLv.dat 
0.0000e+00 3.0789 3.5577 0.72000 0.51408 0.4737 3.7169e+01 1 4.7863e-08 3.5577 7.241000e-01 2.700060e-01 3.972704e-03 -0.1087 
1.7060e+05 3.1572 3.5482 0.70728 0.51553 0.4737 9.0679e+01 0 1.1272e-07 3.5482 7.241000e-01 2.700060e-01 3.972704e-03 -0.1115 
3.6502e+05 3.1917 3.5437 0.68461 0.51760 0.4737 1.0492e+02 0 1.7783e-07 3.5437 7.241000e-01 2.700060e-01 3.972704e-03 -0.1112 
5.8241e+05 3.2174 3.5415 0.64324 0.52040 0.4737 1.1993e+02 0 2.7925e-07 3.5415 7.241000e-01 2.700060e-01 3.972704e-03 -0.1151 
8.1565e+05 3.2551 3.5538 0.56000 0.52392 0.4737 1.3239e+02 0 5.8345e-07 3.5538 7.241000e-01 2.700060e-01 3.972704e-03 -0.1154 
9.2575e+05 3.2390 3.5963 0.52986 0.52475 0.4737 9.1869e+01 0 4.8753e-07 3.5963 7.241000e-01 2.700060e-01 3.972704e-03 999.0000 
 0.7500 5 # agb_0.75_Z0.00600000_Mdot2_eta0.40_Mc0.00_dMc0.00_Tbd6.40_L0.00_dL0.00_C0.00_Nr3.00_rates0_KOPv_KMOLv.dat 
0.0000e+00 3.1498 3.5507 0.75000 0.51644 0.4754 4.3620e+01 1 8.6497e-08 3.5507 7.241000e-01 2.700260e-01 3.972210e-03 -0.1131 
1.6888e+05 3.2206 3.5411 0.72611 0.51820 0.4754 1.0869e+02 0 1.9815e-07 3.5411 7.241000e-01 2.700260e-01 3.972210e-03 -0.1134 
3.6170e+05 3.2554 3.5361 0.68207 0.52070 0.4754 1.2991e+02 0 3.4514e-07 3.5361 7.241000e-01 2.700260e-01 3.972210e-03 -0.1152 
5.7773e+05 3.2934 3.5403 0.58531 0.52413 0.4754 1.5634e+02 0 7.8524e-07 3.5403 7.241000e-01 2.700260e-01 3.972210e-03 -0.1198 
7.0937e+05 3.3224 3.5914 0.53084 0.52561 0.4754 1.1544e+02 0 1.1117e-06 3.5914 7.241000e-01 2.700260e-01 3.972210e-03 999.0000 
 0.7600 3 # agb_0.76_Z0.00600000_Mdot2_eta0.40_Mc0.00_dMc0.00_Tbd6.40_L0.00_dL0.00_C0.00_Nr3.00_rates0_KOPv_KMOLv.dat 
0.0000e+00 3.2736 3.5356 0.76000 0.51913 0.4747 1.2330e+02 0 2.9444e-07 3.5356 7.241000e-01 2.700280e-01 3.972429e-03 -0.1217 
1.6542e+05 3.3397 3.5250 0.67112 0.52147 0.4747 1.7568e+02 0 8.6099e-07 3.5250 7.241000e-01 2.700280e-01 3.972429e-03 -0.1202 
3.1526e+05 3.4149 3.5870 0.52879 0.52378 0.4747 1.4810e+02 0 2.8054e-06 3.5870 7.241000e-01 2.700280e-01 3.972429e-03 999.0000 
 0.7800 3 # agb_0.78_Z0.00600000_Mdot2_eta0.40_Mc0.00_dMc0.00_Tbd6.40_L0.00_dL0.00_C0.00_Nr3.00_rates0_KOPv_KMOLv.dat 
0.0000e+00 3.3043 3.5327 0.78000 0.52031 0.4763 1.3240e+02 0 3.7068e-07 3.5327 7.241000e-01 2.700380e-01 3.972170e-03 -0.1233 
1.6342e+05 3.3721 3.5210 0.66248 0.52282 0.4763 1.9813e+02 0 1.2503e-06 3.5210 7.241000e-01 2.700380e-01 3.972170e-03 -0.1221 
2.9275e+05 3.4382 3.5840 0.53025 0.52474 0.4763 1.5990e+02 0 3.5400e-06 3.5840 7.241000e-01 2.700380e-01 3.972170e-03 999.0000 
 0.8000 3 # agb_0.80_Z0.00600000_Mdot2_eta0.40_Mc0.00_dMc0.00_Tbd6.40_L0.00_dL0.00_C0.00_Nr3.00_rates0_KOPv_KMOLv.dat 
0.0000e+00 3.2790 3.5370 0.80000 0.52014 0.4785 1.1775e+02 0 2.6303e-07 3.5370 7.241000e-01 2.700500e-01 3.971301e-03 -0.1208 
1.6364e+05 3.3440 3.5253 0.72539 0.52248 0.4785 1.6502e+02 0 7.0469e-07 3.5253 7.241000e-01 2.700500e-01 3.971301e-03 -0.1198 
3.3987e+05 3.4241 3.5857 0.53090 0.52563 0.4785 1.5233e+02 0 3.0479e-06 3.5857 7.241000e-01 2.700500e-01 3.971301e-03 999.0000 
 0.8500 5 # agb_0.85_Z0.00600000_Mdot2_eta0.40_Mc0.00_dMc0.00_Tbd6.40_L0.00_dL0.00_C0.00_Nr3.00_rates0_KOPv_KMOLv.dat 
0.0000e+00 3.3029 3.5369 0.85000 0.52274 0.4816 1.1775e+02 0 2.7479e-07 3.5369 7.241000e-01 2.700710e-01 3.970380e-03 -0.1208 
1.5881e+05 3.3705 3.5241 0.77626 0.52516 0.4816 1.6653e+02 0 7.4302e-07 3.5241 7.241000e-01 2.700710e-01 3.970380e-03 -0.1208 
3.0028e+05 3.4382 3.5131 0.67997 0.52747 0.4816 2.4063e+02 0 2.2646e-06 3.5131 7.241000e-01 2.700710e-01 3.970380e-03 -0.1198 
3.4720e+05 3.4104 3.5738 0.53804 0.52891 0.4816 1.6238e+02 0 2.7102e-06 3.5738 7.241000e-01 2.700710e-01 3.970380e-03 -0.1198 
3.4895e+05 3.3839 3.5886 0.53395 0.52891 0.4816 1.3506e+02 0 2.0045e-06 3.5886 7.241000e-01 2.700710e-01 3.970380e-03 999.0000 
 0.9000 4 # agb_0.90_Z0.00600000_Mdot2_eta0.40_Mc0.00_dMc0.00_Tbd6.40_L0.00_dL0.00_C0.00_Nr3.00_rates0_KOPv_KMOLv.dat 
0.0000e+00 3.2758 3.5434 0.90000 0.52364 0.4796 5.2812e+01 1 1.7179e-07 3.5434 7.231000e-01 2.710380e-01 3.977388e-03 -0.1168 
1.5628e+05 3.3468 3.5320 0.85836 0.52586 0.4796 1.3445e+02 0 4.1687e-07 3.5320 7.231000e-01 2.710380e-01 3.977388e-03 -0.1152 
3.4178e+05 3.3793 3.5231 0.76677 0.52926 0.4796 1.7320e+02 0 8.4333e-07 3.5231 7.231000e-01 2.710380e-01 3.977388e-03 -0.1194 
5.2792e+05 3.4458 3.5853 0.53857 0.53321 0.4796 1.5845e+02 0 3.6058e-06 3.5853 7.231000e-01 2.710380e-01 3.977388e-03 999.0000 
 0.9500 4 # agb_0.95_Z0.00600000_Mdot2_eta0.40_Mc0.00_dMc0.00_Tbd6.40_L0.00_dL0.00_C0.00_Nr3.00_rates0_KOPv_KMOLv.dat 
0.0000e+00 3.3089 3.5424 0.95000 0.52595 0.4671 5.4973e+01 1 2.0137e-07 3.5424 7.200000e-01 2.741100e-01 4.001653e-03 -0.1173 
1.5290e+05 3.3796 3.5306 0.90176 0.52833 0.4671 1.4011e+02 0 4.9431e-07 3.5306 7.200000e-01 2.741100e-01 4.001653e-03 -0.1156 
3.3573e+05 3.4164 3.5194 0.78570 0.53207 0.4671 1.9033e+02 0 1.1402e-06 3.5194 7.200000e-01 2.741100e-01 4.001653e-03 -0.1218 
5.0173e+05 3.4797 3.5841 0.54124 0.53573 0.4671 1.7204e+02 0 4.9545e-06 3.5841 7.200000e-01 2.741100e-01 4.001653e-03 999.0000 
 1.0000 6 # agb_1.00_Z0.00600000_Mdot2_eta0.40_Mc0.00_dMc0.00_Tbd6.40_L0.00_dL0.00_C0.00_Nr3.00_rates0_KOPv_KMOLv.dat 
0.0000e+00 3.3147 3.5450 1.00000 0.52742 0.4546 5.3124e+01 1 1.7947e-07 3.5450 7.145000e-01 2.795040e-01 4.049678e-03 -0.1161 
1.5207e+05 3.3709 3.5356 0.95996 0.52983 0.4546 1.2426e+02 0 3.6644e-07 3.5356 7.145000e-01 2.795040e-01 4.049678e-03 -0.1161 
3.3026e+05 3.4174 3.5244 0.87448 0.53350 0.4546 1.6568e+02 0 8.0724e-07 3.5244 7.145000e-01 2.795040e-01 4.049678e-03 -0.1136 
4.9987e+05 3.4821 3.5092 0.71624 0.53739 0.4546 2.6227e+02 0 3.0061e-06 3.5092 7.145000e-01 2.795040e-01 4.049678e-03 -0.1136 
5.3488e+05 3.4578 3.5331 0.58168 0.53874 0.4546 2.4200e+02 0 4.0551e-06 3.5331 7.145000e-01 2.795040e-01 4.049678e-03 -0.1188 
5.8323e+05 3.2150 3.6002 0.54403 0.53894 0.4546 8.2063e+01 0 3.4995e-07 3.6002 7.145000e-01 2.795040e-01 4.049678e-03 999.0000 
 1.0500 5 # agb_1.05_Z0.00600000_Mdot2_eta0.40_Mc0.00_dMc0.00_Tbd6.40_L0.00_dL0.00_C0.00_Nr3.00_rates0_KOPv_KMOLv.dat 
0.0000e+00 3.3420 3.5446 1.05000 0.52924 0.4440 5.4607e+01 1 2.0091e-07 3.5446 7.134000e-01 2.805030e-01 4.060375e-03 -0.1161 
1.4733e+05 3.4027 3.5347 1.01021 0.53168 0.4440 1.2841e+02 0 4.2756e-07 3.5347 7.134000e-01 2.805030e-01 4.060375e-03 -0.1133 
3.2540e+05 3.4385 3.5245 0.91978 0.53560 0.4440 1.6575e+02 0 8.4528e-07 3.5245 7.134000e-01 2.805030e-01 4.060375e-03 -0.1181 
5.2727e+05 3.4811 3.5224 0.60432 0.54113 0.4440 2.7116e+02 0 4.7424e-06 3.5224 7.134000e-01 2.805030e-01 4.060375e-03 -0.1284 
5.9608e+05 3.3588 3.5922 0.54683 0.54177 0.4440 1.2096e+02 0 1.4355e-06 3.5922 7.134000e-01 2.805030e-01 4.060375e-03 999.0000 
 1.1000 8 # agb_1.10_Z0.00600000_Mdot2_eta0.40_Mc0.00_dMc0.00_Tbd6.40_L0.00_dL0.00_C0.00_Nr3.00_rates0_KOPv_KMOLv.dat 
0.0000e+00 3.1725 3.5670 1.10000 0.52746 0.4300 3.3201e+01 1 3.0479e-08 3.5670 7.114000e-01 2.825060e-01 4.072623e-03 -0.1027 
1.4458e+05 3.2495 3.5582 1.09427 0.52901 0.4300 4.0878e+01 1 6.7920e-08 3.5582 7.114000e-01 2.825060e-01 4.072623e-03 -0.1037 
3.1860e+05 3.2746 3.5549 1.08388 0.53138 0.4300 4.4055e+01 1 9.0573e-08 3.5549 7.114000e-01 2.825060e-01 4.072623e-03 -0.1062 
5.0817e+05 3.3159 3.5493 1.06675 0.53451 0.4300 4.9901e+01 1 1.4555e-07 3.5493 7.114000e-01 2.825060e-01 4.072623e-03 -0.1085 
7.1877e+05 3.3497 3.5435 1.03481 0.53869 0.4300 5.6248e+01 1 2.2803e-07 3.5435 7.114000e-01 2.825060e-01 4.072623e-03 -0.1114 
9.3714e+05 3.3860 3.5359 0.97575 0.54369 0.4300 1.2623e+02 0 4.0179e-07 3.5359 7.114000e-01 2.825060e-01 4.072623e-03 -0.1167 
1.1546e+06 3.4281 3.5234 0.84727 0.54934 0.4300 1.7616e+02 0 9.9083e-07 3.5234 7.114000e-01 2.825060e-01 4.072623e-03 -0.1261 
1.3250e+06 3.4878 3.5858 0.55935 0.55382 0.4300 1.6749e+02 0 4.7973e-06 3.5858 7.114000e-01 2.825060e-01 4.072623e-03 999.0000 
 1.1500 8 # agb_1.15_Z0.00600000_Mdot2_eta0.40_Mc0.00_dMc0.00_Tbd6.40_L0.00_dL0.00_C0.00_Nr3.00_rates0_KOPv_KMOLv.dat 
0.0000e+00 3.1860 3.5680 1.15000 0.52776 0.4189 3.3032e+01 1 3.0130e-08 3.5680 7.110000e-01 2.829250e-01 4.076312e-03 -0.1018 
1.4862e+05 3.2459 3.5612 1.14401 0.52944 0.4189 3.8853e+01 1 5.6494e-08 3.5612 7.110000e-01 2.829250e-01 4.076312e-03 -0.1029 
3.1468e+05 3.2995 3.5547 1.13441 0.53175 0.4189 4.5106e+01 1 1.0023e-07 3.5547 7.110000e-01 2.829250e-01 4.076312e-03 -0.1050 
5.0819e+05 3.3311 3.5503 1.11691 0.53511 0.4189 4.9779e+01 1 1.4555e-07 3.5503 7.110000e-01 2.829250e-01 4.076312e-03 -0.1079 
7.2097e+05 3.3575 3.5455 1.08548 0.53952 0.4189 5.4876e+01 1 2.0989e-07 3.5455 7.110000e-01 2.829250e-01 4.076312e-03 -0.1103 
9.3632e+05 3.4026 3.5369 1.02857 0.54464 0.4189 1.2384e+02 0 3.9902e-07 3.5369 7.110000e-01 2.829250e-01 4.076312e-03 -0.1151 
1.1524e+06 3.4442 3.5246 0.90814 0.55048 0.4189 1.6971e+02 0 9.2897e-07 3.5246 7.110000e-01 2.829250e-01 4.076312e-03 -0.1241 
1.3414e+06 3.5045 3.5882 0.56100 0.55598 0.4189 1.6973e+02 0 5.5335e-06 3.5882 7.110000e-01 2.829250e-01 4.076312e-03 999.0000 
 1.2000 7 # agb_1.20_Z0.00600000_Mdot2_eta0.40_Mc0.00_dMc0.00_Tbd6.40_L0.00_dL0.00_C0.00_Nr3.00_rates0_KOPv_KMOLv.dat 
0.0000e+00 3.2458 3.5639 1.20000 0.53062 0.4089 3.7144e+01 1 4.7973e-08 3.5639 7.111000e-01 2.828520e-01 4.079036e-03 -0.1040 
1.4315e+05 3.3139 3.5560 1.19098 0.53250 0.4089 4.4782e+01 1 9.8401e-08 3.5560 7.111000e-01 2.828520e-01 4.079036e-03 -0.1038 
3.1001e+05 3.3576 3.5501 1.17509 0.53529 0.4089 5.0982e+01 1 1.6106e-07 3.5501 7.111000e-01 2.828520e-01 4.079036e-03 -0.1063 
5.0279e+05 3.3906 3.5446 1.14493 0.53933 0.4089 5.7118e+01 1 2.4604e-07 3.5446 7.111000e-01 2.828520e-01 4.079036e-03 -0.1094 
7.1121e+05 3.4247 3.5375 1.08835 0.54452 0.4089 6.5740e+01 1 4.1400e-07 3.5375 7.111000e-01 2.828520e-01 4.079036e-03 -0.1138 
9.2204e+05 3.4676 3.5250 0.97174 0.55051 0.4089 1.6760e+02 0 9.4406e-07 3.5250 7.111000e-01 2.828520e-01 4.079036e-03 -0.1216 
1.1233e+06 3.5192 3.5858 0.56235 0.55691 0.4089 1.7881e+02 0 6.3973e-06 3.5858 7.111000e-01 2.828520e-01 4.079036e-03 999.0000 
 1.2500 8 # agb_1.25_Z0.00600000_Mdot2_eta0.40_Mc0.00_dMc0.00_Tbd6.40_L0.00_dL0.00_C0.00_Nr3.00_rates0_KOPv_KMOLv.dat 
0.0000e+00 3.2539 3.5653 1.25000 0.53085 0.4017 3.6551e+01 1 4.5394e-08 3.5653 7.118000e-01 2.821930e-01 4.081756e-03 -0.1029 
1.4136e+05 3.3270 3.5569 1.24175 0.53273 0.4017 4.4586e+01 1 9.7724e-08 3.5569 7.118000e-01 2.821930e-01 4.081756e-03 -0.1029 
3.0730e+05 3.3703 3.5512 1.22717 0.53554 0.4017 5.0621e+01 1 1.5812e-07 3.5512 7.118000e-01 2.821930e-01 4.081756e-03 -0.1050 
5.0194e+05 3.3946 3.5470 1.19980 0.53968 0.4017 5.5224e+01 1 2.1878e-07 3.5470 7.118000e-01 2.821930e-01 4.081756e-03 -0.1077 
7.0891e+05 3.4331 3.5398 1.14987 0.54489 0.4017 6.3826e+01 1 3.7411e-07 3.5398 7.118000e-01 2.821930e-01 4.081756e-03 -0.1118 
9.1991e+05 3.4732 3.5290 1.05160 0.55097 0.4017 1.5252e+02 0 7.6560e-07 3.5290 7.118000e-01 2.821930e-01 4.081756e-03 -0.1187 
1.1251e+06 3.5169 3.5089 0.77855 0.55766 0.4017 2.6379e+02 0 3.2509e-06 3.5089 7.118000e-01 2.821930e-01 4.081756e-03 -0.1301 
1.2200e+06 3.5277 3.5880 0.56472 0.55970 0.4017 1.7800e+02 0 6.7920e-06 3.5880 7.118000e-01 2.821930e-01 4.081756e-03 999.0000 
 1.3000 9 # agb_1.30_Z0.00600000_Mdot2_eta0.40_Mc0.00_dMc0.00_Tbd6.40_L0.00_dL0.00_C0.00_Nr3.00_rates0_KOPv_KMOLv.dat 
0.0000e+00 3.2226 3.5708 1.30000 0.53184 0.3964 3.2504e+01 1 2.8973e-08 3.5708 7.129000e-01 2.810520e-01 4.083590e-03 -0.1002 
1.4124e+05 3.2898 3.5635 1.29451 0.53360 0.3964 3.8866e+01 1 5.8210e-08 3.5635 7.129000e-01 2.810520e-01 4.083590e-03 -0.1013 
3.0923e+05 3.3140 3.5604 1.28475 0.53627 0.3964 4.1695e+01 1 7.6384e-08 3.5604 7.129000e-01 2.810520e-01 4.083590e-03 -0.1029 
4.9427e+05 3.3572 3.5549 1.26834 0.53986 0.3964 4.7293e+01 1 1.2359e-07 3.5549 7.129000e-01 2.810520e-01 4.083590e-03 -0.1046 
6.9388e+05 3.4036 3.5481 1.23966 0.54444 0.3964 5.4780e+01 1 2.1478e-07 3.5481 7.129000e-01 2.810520e-01 4.083590e-03 -0.1075 
9.0170e+05 3.4443 3.5406 1.18861 0.54969 0.4065 6.3660e+01 1 3.7497e-07 3.5406 7.126604e-01 2.812660e-01 4.108055e-03 -0.1126 
1.1087e+06 3.4844 3.5300 1.08985 0.55550 0.4318 1.5016e+02 0 7.6033e-07 3.5300 7.122432e-01 2.816230e-01 4.165925e-03 -0.1198 
1.3077e+06 3.5280 3.5097 0.82954 0.56181 0.4792 2.5365e+02 0 2.9648e-06 3.5097 7.116920e-01 2.820670e-01 4.270141e-03 -0.1314 
1.4064e+06 3.5525 3.5880 0.56924 0.56422 0.4792 1.8671e+02 0 8.4140e-06 3.5880 7.116920e-01 2.820670e-01 4.270141e-03 999.0000 
 1.3500 7 # agb_1.35_Z0.00600000_Mdot2_eta0.40_Mc0.00_dMc0.00_Tbd6.40_L0.00_dL0.00_C0.00_Nr3.00_rates0_KOPv_KMOLv.dat 
0.0000e+00 3.3254 3.5620 1.35000 0.53480 0.3890 4.1031e+01 1 7.2611e-08 3.5620 7.139000e-01 2.800170e-01 4.085431e-03 -0.1051 
1.3413e+05 3.4033 3.5526 1.33803 0.53691 0.3890 5.0941e+01 1 1.6558e-07 3.5526 7.139000e-01 2.800170e-01 4.085431e-03 -0.1029 
3.0162e+05 3.4306 3.5482 1.31393 0.54040 0.3890 5.5806e+01 1 2.3281e-07 3.5482 7.139000e-01 2.800170e-01 4.085431e-03 -0.1053 
4.8846e+05 3.4718 3.5412 1.26978 0.54525 0.3890 6.4473e+01 1 3.9811e-07 3.5412 7.139000e-01 2.800170e-01 4.085431e-03 -0.1087 
6.9103e+05 3.5052 3.5323 1.18406 0.55116 0.3983 7.5808e+01 1 7.1121e-07 3.5323 7.136297e-01 2.802640e-01 4.108469e-03 -0.1155 
8.9337e+05 3.5431 3.5160 0.98935 0.55774 0.4219 2.1164e+02 0 1.9275e-06 3.5160 7.131716e-01 2.806660e-01 4.162591e-03 -0.1242 
1.0346e+06 3.5971 3.5856 0.56774 0.56235 0.4219 2.1122e+02 0 1.3213e-05 3.5856 7.131716e-01 2.806660e-01 4.162591e-03 999.0000 
 1.4000 9 # agb_1.40_Z0.00600000_Mdot2_eta0.40_Mc0.00_dMc0.00_Tbd6.40_L0.00_dL0.00_C0.00_Nr3.00_rates0_KOPv_KMOLv.dat 
0.0000e+00 3.2458 3.5725 1.40000 0.53421 0.3809 3.2247e+01 1 2.8576e-08 3.5725 7.142000e-01 2.797820e-01 4.088039e-03 -0.0991 
1.3753e+05 3.3097 3.5657 1.39496 0.53600 0.3809 3.8172e+01 1 5.5335e-08 3.5657 7.142000e-01 2.797820e-01 4.088039e-03 -0.0995 
3.0170e+05 3.3354 3.5626 1.38594 0.53875 0.3809 4.1049e+01 1 7.3451e-08 3.5626 7.142000e-01 2.797820e-01 4.088039e-03 -0.1010 
4.8034e+05 3.3868 3.5563 1.37110 0.54238 0.3809 4.7494e+01 1 1.2853e-07 3.5563 7.142000e-01 2.797820e-01 4.088039e-03 -0.1026 
6.7638e+05 3.4296 3.5502 1.34483 0.54713 0.3809 5.4259e+01 1 2.1232e-07 3.5502 7.142000e-01 2.797820e-01 4.088039e-03 -0.1050 
8.8159e+05 3.4645 3.5439 1.29852 0.55251 0.3942 6.1673e+01 1 3.4198e-07 3.5439 7.138917e-01 2.800570e-01 4.119963e-03 -0.1106 
1.0826e+06 3.5060 3.5344 1.21449 0.55822 0.4304 7.3803e+01 1 6.5615e-07 3.5344 7.133144e-01 2.805490e-01 4.202096e-03 -0.1172 
1.2772e+06 3.5474 3.5182 1.02746 0.56448 0.4905 2.0243e+02 0 1.7701e-06 3.5182 7.126307e-01 2.810960e-01 4.333793e-03 -0.1261 
1.4176e+06 3.6029 3.5870 0.57445 0.56921 0.5167 2.0921e+02 0 1.3397e-05 3.5870 7.124019e-01 2.812670e-01 4.389905e-03 999.0000 
 1.4500 9 # agb_1.45_Z0.00600000_Mdot2_eta0.40_Mc0.00_dMc0.00_Tbd6.40_L0.00_dL0.00_C0.00_Nr3.00_rates0_KOPv_KMOLv.dat 
0.0000e+00 3.2743 3.5717 1.45000 0.53743 0.3735 3.3563e+01 1 3.3884e-08 3.5717 7.144000e-01 2.795550e-01 4.090927e-03 -0.0996 
1.3274e+05 3.3375 3.5649 1.44439 0.53929 0.3735 3.9679e+01 1 6.5313e-08 3.5649 7.144000e-01 2.795550e-01 4.090927e-03 -0.0996 
2.9225e+05 3.3646 3.5616 1.43421 0.54216 0.3735 4.2871e+01 1 8.8105e-08 3.5616 7.144000e-01 2.795550e-01 4.090927e-03 -0.1012 
4.7038e+05 3.4051 3.5563 1.41629 0.54613 0.3735 4.8302e+01 1 1.3868e-07 3.5563 7.144000e-01 2.795550e-01 4.090927e-03 -0.1028 
6.6004e+05 3.4511 3.5497 1.38623 0.55074 0.3825 5.5772e+01 1 2.3878e-07 3.5497 7.141217e-01 2.798090e-01 4.113846e-03 -0.1063 
8.5946e+05 3.4871 3.5430 1.33295 0.55602 0.4090 6.3837e+01 1 3.9355e-07 3.5430 7.135321e-01 2.803340e-01 4.177031e-03 -0.1115 
1.0537e+06 3.5319 3.5322 1.23526 0.56163 0.4637 7.7931e+01 1 8.0724e-07 3.5322 7.126981e-01 2.810390e-01 4.300271e-03 -0.1185 
1.2425e+06 3.5731 3.5135 1.00390 0.56793 0.5435 2.2837e+02 0 2.4946e-06 3.5135 7.118176e-01 2.817390e-01 4.474788e-03 -0.1276 
1.3617e+06 3.6215 3.5886 0.57704 0.57198 0.5488 2.1410e+02 0 1.5668e-05 3.5886 7.117716e-01 2.817740e-01 4.486290e-03 999.0000 
 1.5000 7 # agb_1.50_Z0.00600000_Mdot2_eta0.40_Mc0.00_dMc0.00_Tbd6.40_L0.00_dL0.00_C0.00_Nr3.00_rates0_KOPv_KMOLv.dat 
0.0000e+00 3.3628 3.5644 1.50000 0.53634 0.3650 4.0936e+01 1 7.4302e-08 3.5644 7.139000e-01 2.801240e-01 4.093315e-03 -0.1034 
1.3353e+05 3.4311 3.5562 1.48818 0.53864 0.3650 4.9446e+01 1 1.5311e-07 3.5562 7.139000e-01 2.801240e-01 4.093315e-03 -0.1004 
2.9814e+05 3.4630 3.5515 1.46518 0.54240 0.3650 5.4677e+01 1 2.2336e-07 3.5515 7.139000e-01 2.801240e-01 4.093315e-03 -0.1023 
4.8272e+05 3.5064 3.5446 1.42380 0.54764 0.3650 6.3194e+01 1 3.8371e-07 3.5446 7.139000e-01 2.801240e-01 4.093315e-03 -0.1053 
6.8247e+05 3.5395 3.5368 1.34656 0.55383 0.3785 7.3142e+01 1 6.5163e-07 3.5368 7.135223e-01 2.804680e-01 4.126293e-03 -0.1110 
8.8098e+05 3.5755 3.5236 1.19150 0.56044 0.4190 1.7985e+02 0 1.4322e-06 3.5236 7.127905e-01 2.811050e-01 4.217737e-03 -0.1196 
1.0697e+06 3.6178 3.5886 0.57265 0.56765 0.4805 2.1377e+02 0 1.5488e-05 3.5886 7.120428e-01 2.817140e-01 4.350708e-03 999.0000 
 1.5500 12 # agb_1.55_Z0.00600000_Mdot2_eta0.40_Mc0.00_dMc0.00_Tbd6.40_L0.00_dL0.00_C0.00_Nr3.00_rates0_KOPv_KMOLv.dat 
0.0000e+00 3.1855 3.5841 1.55000 0.52631 0.3678 2.5185e+01 1 1.1041e-08 3.5841 7.115000e-01 2.825020e-01 4.090082e-03 -0.0929 
1.4822e+05 3.2457 3.5782 1.54798 0.52795 0.3678 2.9385e+01 1 2.0370e-08 3.5782 7.115000e-01 2.825020e-01 4.090082e-03 -0.0921 
3.1503e+05 3.2937 3.5733 1.54482 0.53021 0.3678 3.3279e+01 1 3.3343e-08 3.5733 7.115000e-01 2.825020e-01 4.090082e-03 -0.0930 
5.1217e+05 3.3167 3.5709 1.53913 0.53357 0.3678 3.5401e+01 1 4.2658e-08 3.5709 7.115000e-01 2.825020e-01 4.090082e-03 -0.0963 
7.1910e+05 3.3588 3.5662 1.53018 0.53768 0.3678 3.9684e+01 1 6.6681e-08 3.5662 7.115000e-01 2.825020e-01 4.090082e-03 -0.0974 
9.3656e+05 3.3961 3.5617 1.51562 0.54219 0.3808 4.4130e+01 1 1.0046e-07 3.5617 7.111769e-01 2.827920e-01 4.121789e-03 -0.1000 
1.1515e+06 3.4390 3.5561 1.49344 0.54675 0.4177 5.0129e+01 1 1.6368e-07 3.5561 7.105227e-01 2.833580e-01 4.206993e-03 -0.1015 
1.3697e+06 3.4740 3.5505 1.45653 0.55177 0.4914 5.6391e+01 1 2.5468e-07 3.5505 7.095841e-01 2.841270e-01 4.370418e-03 -0.1055 
1.5795e+06 3.5109 3.5434 1.39648 0.55700 0.6102 6.4920e+01 1 4.2756e-07 3.5434 7.084265e-01 2.850190e-01 4.628327e-03 -0.1086 
1.7788e+06 3.5541 3.5327 1.28795 0.56261 0.7700 7.9191e+01 1 8.7700e-07 3.5327 7.071463e-01 2.859450e-01 4.972105e-03 -0.1159 
1.9683e+06 3.5959 3.5181 1.04132 0.56895 0.9447 2.2310e+02 0 2.7164e-06 3.5181 7.059210e-01 2.867860e-01 5.346692e-03 -0.1116 
2.0883e+06 3.6430 3.5809 0.57853 0.57312 0.9971 2.3994e+02 0 1.9861e-05 3.5809 7.055854e-01 2.870070e-01 5.458764e-03 999.0000 
 1.6000 10 # agb_1.60_Z0.00600000_Mdot2_eta0.40_Mc0.00_dMc0.00_Tbd6.40_L0.00_dL0.00_C0.00_Nr3.00_rates0_KOPv_KMOLv.dat 
0.0000e+00 3.3042 3.5743 1.60000 0.52726 0.3666 3.3097e+01 1 3.2961e-08 3.5743 7.107000e-01 2.832720e-01 4.089059e-03 -0.0977 
1.4370e+05 3.3744 3.5669 1.59478 0.52933 0.3666 3.9789e+01 1 6.8077e-08 3.5669 7.107000e-01 2.832720e-01 4.089059e-03 -0.0947 
3.2171e+05 3.4034 3.5634 1.58465 0.53273 0.3666 4.3172e+01 1 9.3325e-08 3.5634 7.107000e-01 2.832720e-01 4.089059e-03 -0.0961 
5.1729e+05 3.4502 3.5576 1.56813 0.53732 0.3666 4.9336e+01 1 1.5560e-07 3.5576 7.107000e-01 2.832720e-01 4.089059e-03 -0.0983 
7.3726e+05 3.4710 3.5542 1.53902 0.54291 0.3796 5.3076e+01 1 2.0512e-07 3.5542 7.103257e-01 2.836140e-01 4.120653e-03 -0.1003 
9.5284e+05 3.5105 3.5478 1.49386 0.54851 0.4200 6.0709e+01 1 3.3884e-07 3.5478 7.095349e-01 2.843090e-01 4.212503e-03 -0.1047 
1.1654e+06 3.5473 3.5398 1.41749 0.55437 0.5054 7.0710e+01 1 5.9156e-07 3.5398 7.084032e-01 2.852490e-01 4.397275e-03 -0.1101 
1.3692e+06 3.5860 3.5276 1.27261 0.56062 0.6412 1.6738e+02 0 1.2706e-06 3.5276 7.070752e-01 2.862800e-01 4.684790e-03 -0.1147 
1.5615e+06 3.6274 3.4962 0.80013 0.56766 0.7974 3.6903e+02 0 9.2257e-06 3.4962 7.058379e-01 2.871800e-01 5.012537e-03 -0.1279 
1.6307e+06 3.5794 3.5863 0.57429 0.56917 0.7974 1.9980e+02 0 1.0715e-05 3.5863 7.058379e-01 2.871800e-01 5.012537e-03 999.0000 
 1.6500 10 # agb_1.65_Z0.00600000_Mdot2_eta0.40_Mc0.00_dMc0.00_Tbd6.40_L0.00_dL0.00_C0.00_Nr3.00_rates0_KOPv_KMOLv.dat 
0.0000e+00 3.3067 3.5757 1.65000 0.52298 0.3660 3.2382e+01 1 3.0549e-08 3.5757 7.104000e-01 2.835450e-01 4.087120e-03 -0.0967 
1.5505e+05 3.3553 3.5707 1.64461 0.52525 0.3660 3.6786e+01 1 5.0466e-08 3.5707 7.104000e-01 2.835450e-01 4.087120e-03 -0.0934 
3.3341e+05 3.4148 3.5640 1.63544 0.52862 0.3660 4.3187e+01 1 9.4189e-08 3.5640 7.104000e-01 2.835450e-01 4.087120e-03 -0.0951 
5.4114e+05 3.4519 3.5595 1.61942 0.53352 0.3660 4.8036e+01 1 1.4191e-07 3.5595 7.104000e-01 2.835450e-01 4.087120e-03 -0.0964 
7.6358e+05 3.4854 3.5547 1.59374 0.53901 0.3802 5.3326e+01 1 2.1086e-07 3.5547 7.099985e-01 2.839120e-01 4.121189e-03 -0.0988 
9.9262e+05 3.5143 3.5497 1.55156 0.54490 0.4249 5.9092e+01 1 3.0974e-07 3.5497 7.091515e-01 2.846540e-01 4.221531e-03 -0.1026 
1.2143e+06 3.5471 3.5430 1.48404 0.55082 0.5197 6.7453e+01 1 5.0350e-07 3.5430 7.079361e-01 2.856590e-01 4.424603e-03 -0.1059 
1.4252e+06 3.5858 3.5326 1.36548 0.55696 0.6721 8.1478e+01 1 9.9541e-07 3.5326 7.064859e-01 2.867790e-01 4.744464e-03 -0.1098 
1.6255e+06 3.6245 3.5116 1.08674 0.56378 0.8623 2.4259e+02 0 3.2359e-06 3.5116 7.050049e-01 2.878520e-01 5.140977e-03 -0.1209 
1.7579e+06 3.6715 3.5816 0.57371 0.56848 0.9664 2.5620e+02 0 2.6730e-05 3.5816 7.042940e-01 2.883400e-01 5.357025e-03 999.0000 
 1.7000 10 # agb_1.70_Z0.00600000_Mdot2_eta0.40_Mc0.00_dMc0.00_Tbd6.40_L0.00_dL0.00_C0.00_Nr3.00_rates0_KOPv_KMOLv.dat 
0.0000e+00 3.3478 3.5733 1.70000 0.51774 0.3666 3.5005e+01 1 4.1879e-08 3.5733 7.095000e-01 2.844220e-01 4.085602e-03 -0.0973 
1.5653e+05 3.4224 3.5652 1.69312 0.52015 0.3666 4.2650e+01 1 9.0573e-08 3.5652 7.095000e-01 2.844220e-01 4.085602e-03 -0.0922 
3.5731e+05 3.4402 3.5629 1.67926 0.52437 0.3666 4.5015e+01 1 1.1143e-07 3.5629 7.095000e-01 2.844220e-01 4.085602e-03 -0.0942 
5.7887e+05 3.4832 3.5573 1.65671 0.53011 0.3666 5.1092e+01 1 1.8072e-07 3.5573 7.095000e-01 2.844220e-01 4.085602e-03 -0.0956 
8.1764e+05 3.5083 3.5531 1.62013 0.53656 0.3846 5.5772e+01 1 2.5177e-07 3.5531 7.090229e-01 2.848550e-01 4.127727e-03 -0.0990 
1.0487e+06 3.5481 3.5463 1.56484 0.54275 0.4431 6.4174e+01 1 4.2462e-07 3.5463 7.080412e-01 2.857050e-01 4.254590e-03 -0.1027 
1.2752e+06 3.5809 3.5381 1.47267 0.54918 0.5630 7.4656e+01 1 7.3282e-07 3.5381 7.066762e-01 2.868100e-01 4.505403e-03 -0.1087 
1.4912e+06 3.6155 3.5254 1.29633 0.55599 0.7444 1.7929e+02 0 1.6106e-06 3.5254 7.051046e-01 2.879960e-01 4.879506e-03 -0.1114 
1.6931e+06 3.6534 3.5088 0.64885 0.56368 0.9405 4.2187e+02 0 9.0782e-06 3.5088 7.036744e-01 2.890110e-01 5.282263e-03 -0.1142 
1.7225e+06 3.3291 3.5915 0.56920 0.56378 0.9405 1.0994e+02 0 9.5499e-07 3.5915 7.036744e-01 2.890110e-01 5.282263e-03 999.0000 
 1.7500 11 # agb_1.75_Z0.00600000_Mdot2_eta0.40_Mc0.00_dMc0.00_Tbd6.40_L0.00_dL0.00_C0.00_Nr3.00_rates0_KOPv_KMOLv.dat 
0.0000e+00 3.2911 3.5806 1.75000 0.51698 0.3665 2.9474e+01 1 2.1380e-08 3.5806 7.095000e-01 2.844220e-01 4.085600e-03 -0.0934 
1.6287e+05 3.3422 3.5755 1.74624 0.51921 0.3665 3.3620e+01 1 3.6141e-08 3.5755 7.095000e-01 2.844220e-01 4.085600e-03 -0.0901 
3.5117e+05 3.3982 3.5696 1.73989 0.52252 0.3665 3.8963e+01 1 6.4417e-08 3.5696 7.095000e-01 2.844220e-01 4.085600e-03 -0.0915 
5.7093e+05 3.4318 3.5658 1.72895 0.52737 0.3665 4.2764e+01 1 9.2683e-08 3.5658 7.095000e-01 2.844220e-01 4.085600e-03 -0.0932 
8.0121e+05 3.4685 3.5613 1.71290 0.53249 0.3808 4.7474e+01 1 1.3900e-07 3.5613 7.090894e-01 2.847970e-01 4.120131e-03 -0.0950 
1.0493e+06 3.4876 3.5584 1.68596 0.53828 0.4261 5.0633e+01 1 1.7783e-07 3.5584 7.082184e-01 2.855620e-01 4.221655e-03 -0.0969 
1.2852e+06 3.5203 3.5532 1.64703 0.54373 0.5232 5.6493e+01 1 2.6853e-07 3.5532 7.069484e-01 2.866170e-01 4.429431e-03 -0.1008 
1.5105e+06 3.5593 3.5463 1.58764 0.54915 0.6857 6.5039e+01 1 4.5290e-07 3.5463 7.053737e-01 2.878400e-01 4.769767e-03 -0.1019 
1.7291e+06 3.5954 3.5392 1.48706 0.55505 0.9104 7.5675e+01 1 8.1283e-07 3.5392 7.035943e-01 2.891380e-01 5.237178e-03 -0.1009 
1.9363e+06 3.6318 3.5091 1.27116 0.56156 1.1742 2.1900e+02 0 2.1577e-06 3.5091 7.017461e-01 2.904210e-01 5.785678e-03 -0.1234 
2.1283e+06 3.6719 3.5772 0.57438 0.56927 1.4005 2.6626e+02 0 2.7290e-05 3.5772 7.002675e-01 2.914130e-01 6.257235e-03 999.0000 
 1.8000 24 # agb_1.80_Z0.00600000_Mdot2_eta0.40_Mc0.00_dMc0.00_Tbd6.40_L0.00_dL0.00_C0.00_Nr3.00_rates0_KOPv_KMOLv.dat 
0.0000e+00 2.9863 3.6089 1.80000 0.48404 0.3697 1.3518e+01 1 9.0157e-10 3.6089 7.085000e-01 2.853960e-01 4.082943e-03 -0.0835 
2.2108e+05 3.0313 3.6050 1.79959 0.48515 0.3697 1.5102e+01 1 1.4223e-09 3.6050 7.085000e-01 2.853960e-01 4.082943e-03 -0.0820 
4.6564e+05 3.0666 3.6020 1.79908 0.48663 0.3697 1.6469e+01 1 2.0277e-09 3.6020 7.085000e-01 2.853960e-01 4.082943e-03 -0.0823 
7.3648e+05 3.0834 3.6006 1.79873 0.48857 0.3697 1.7162e+01 1 2.4044e-09 3.6006 7.085000e-01 2.853960e-01 4.082943e-03 -0.0826 
1.0302e+06 3.0988 3.5993 1.79824 0.49102 0.3697 1.7821e+01 1 2.8054e-09 3.5993 7.085000e-01 2.853960e-01 4.082943e-03 -0.0828 
1.3314e+06 3.1359 3.5960 1.79763 0.49377 0.3697 1.9539e+01 1 4.0832e-09 3.5960 7.085000e-01 2.853960e-01 4.082943e-03 -0.0825 
1.6608e+06 3.1422 3.5955 1.79673 0.49729 0.3697 1.9846e+01 1 4.3652e-09 3.5955 7.085000e-01 2.853960e-01 4.082943e-03 -0.0830 
1.9802e+06 3.1765 3.5925 1.79560 0.50094 0.3697 2.1619e+01 1 6.1802e-09 3.5925 7.085000e-01 2.853960e-01 4.082943e-03 -0.0838 
2.2971e+06 3.2096 3.5894 1.79410 0.50492 0.3697 2.3493e+01 1 8.6497e-09 3.5894 7.085000e-01 2.853960e-01 4.082943e-03 -0.0843 
2.6071e+06 3.2407 3.5865 1.79207 0.50855 0.3982 2.5414e+01 1 1.1858e-08 3.5865 7.081561e-01 2.856750e-01 4.146148e-03 -0.0854 
2.9236e+06 3.2576 3.5850 1.78916 0.51226 0.4654 2.6536e+01 1 1.4158e-08 3.5850 7.075239e-01 2.861580e-01 4.291515e-03 -0.0858 
3.2312e+06 3.2812 3.5820 1.78529 0.51579 0.5773 2.8349e+01 1 1.8155e-08 3.5820 7.066532e-01 2.867820e-01 4.531405e-03 -0.0870 
3.5185e+06 3.3209 3.5783 1.78060 0.51883 0.7374 3.1373e+01 1 2.7290e-08 3.5783 7.055717e-01 2.875140e-01 4.873896e-03 -0.0881 
3.8132e+06 3.3494 3.5741 1.77397 0.52230 0.9425 3.4157e+01 1 3.7154e-08 3.5741 7.043151e-01 2.883210e-01 5.314572e-03 -0.0875 
4.1005e+06 3.3788 3.5626 1.76490 0.52585 1.1875 3.9312e+01 1 5.2845e-08 3.5626 7.029056e-01 2.891890e-01 5.844703e-03 -0.0998 
4.3796e+06 3.4078 3.5533 1.75254 0.52954 1.4640 4.4518e+01 1 7.4645e-08 3.5533 7.013686e-01 2.901080e-01 6.448473e-03 -0.1067 
4.6490e+06 3.4385 3.5449 1.73569 0.53347 1.7567 5.0320e+01 1 1.0765e-07 3.5449 6.997622e-01 2.910530e-01 7.093935e-03 -0.1146 
4.9114e+06 3.4667 3.5404 1.71240 0.53784 2.0559 5.5132e+01 1 1.5031e-07 3.5404 6.981178e-01 2.920120e-01 7.759654e-03 -0.1172 
5.1604e+06 3.4966 3.5287 1.67964 0.54252 2.3523 6.4093e+01 1 2.2491e-07 3.5287 6.964704e-01 2.929730e-01 8.424620e-03 -0.1253 
5.4007e+06 3.5236 3.5227 1.63107 0.54780 2.6382 7.1420e+01 1 3.2885e-07 3.5227 6.948538e-01 2.939190e-01 9.070803e-03 -0.1285 
5.6220e+06 3.5569 3.5141 1.56062 0.55333 2.9049 8.2673e+01 1 5.4200e-07 3.5141 6.933142e-01 2.948260e-01 9.677475e-03 -0.1327 
5.8316e+06 3.5895 3.4950 1.43988 0.55959 3.1377 2.0199e+02 0 1.0399e-06 3.4950 6.919425e-01 2.956400e-01 1.020981e-02 -0.1426 
6.0265e+06 3.6255 3.4690 1.18182 0.56682 3.3014 3.2970e+02 0 3.0620e-06 3.4690 6.909629e-01 2.962240e-01 1.058544e-02 -0.1540 
6.1931e+06 3.6717 3.5654 0.58001 0.57457 3.3014 2.9319e+02 0 2.7925e-05 3.5654 6.909629e-01 2.962240e-01 1.058544e-02 999.0000 
 1.8500 18 # agb_1.85_Z0.00600000_Mdot2_eta0.40_Mc0.00_dMc0.00_Tbd6.40_L0.00_dL0.00_C0.00_Nr3.00_rates0_KOPv_KMOLv.dat 
0.0000e+00 3.1219 3.5990 1.85000 0.49811 0.3673 1.8364e+01 1 3.2211e-09 3.5990 7.078000e-01 2.861730e-01 4.081835e-03 -0.0864 
1.9362e+05 3.1779 3.5940 1.84935 0.49970 0.3673 2.1110e+01 1 5.6624e-09 3.5940 7.078000e-01 2.861730e-01 4.081835e-03 -0.0834 
4.1350e+05 3.2152 3.5906 1.84837 0.50193 0.3673 2.3187e+01 1 8.2794e-09 3.5906 7.078000e-01 2.861730e-01 4.081835e-03 -0.0839 
6.5998e+05 3.2494 3.5874 1.84686 0.50497 0.3673 2.5274e+01 1 1.1722e-08 3.5874 7.078000e-01 2.861730e-01 4.081835e-03 -0.0847 
9.3306e+05 3.2705 3.5854 1.84452 0.50898 0.3673 2.6667e+01 1 1.4555e-08 3.5854 7.078000e-01 2.861730e-01 4.081835e-03 -0.0856 
1.2078e+06 3.3118 3.5815 1.84136 0.51347 0.3673 2.9627e+01 1 2.2233e-08 3.5815 7.078000e-01 2.861730e-01 4.081835e-03 -0.0865 
1.4859e+06 3.3445 3.5784 1.83689 0.51779 0.3885 3.2214e+01 1 3.1117e-08 3.5784 7.073986e-01 2.865250e-01 4.129920e-03 -0.0887 
1.7724e+06 3.3663 3.5762 1.83018 0.52225 0.4457 3.4142e+01 1 3.9264e-08 3.5762 7.066302e-01 2.871650e-01 4.253777e-03 -0.0901 
2.0517e+06 3.3924 3.5734 1.82094 0.52651 0.5525 3.6653e+01 1 5.2119e-08 3.5734 7.055491e-01 2.880130e-01 4.479805e-03 -0.0918 
2.3242e+06 3.4213 3.5693 1.80808 0.53072 0.7183 3.9948e+01 1 7.1614e-08 3.5693 7.041967e-01 2.890090e-01 4.826563e-03 -0.0909 
2.5761e+06 3.4677 3.5639 1.79176 0.53442 0.9432 4.5473e+01 1 1.1858e-07 3.5639 7.026153e-01 2.901080e-01 5.296035e-03 -0.0892 
2.8347e+06 3.4991 3.5485 1.76577 0.53887 1.2192 5.4286e+01 1 1.8030e-07 3.5485 7.008468e-01 2.912840e-01 5.873997e-03 -0.1074 
3.0854e+06 3.5286 3.5366 1.72640 0.54364 1.5340 6.3248e+01 1 2.7164e-07 3.5366 6.989269e-01 2.925220e-01 6.536864e-03 -0.1179 
3.3230e+06 3.5612 3.5247 1.66646 0.54875 1.8650 7.4600e+01 1 4.3853e-07 3.5247 6.969441e-01 2.937810e-01 7.238299e-03 -0.1254 
3.5479e+06 3.5941 3.5151 1.57082 0.55442 2.1921 8.7557e+01 1 7.5683e-07 3.5151 6.949831e-01 2.950190e-01 7.935761e-03 -0.1301 
3.7582e+06 3.6294 3.4911 1.38686 0.56091 2.4892 2.3651e+02 0 1.7498e-06 3.4911 6.931854e-01 2.961530e-01 8.572990e-03 -0.1424 
3.9527e+06 3.6666 3.4366 0.82923 0.56878 2.6901 6.6447e+02 0 6.3096e-06 3.4366 6.919603e-01 2.969240e-01 9.005855e-03 -0.1589 
4.0296e+06 3.6361 3.5662 0.57646 0.57096 2.6901 2.7054e+02 0 2.0091e-05 3.5662 6.919603e-01 2.969240e-01 9.005855e-03 999.0000 
 1.9000 20 # agb_1.90_Z0.00600000_Mdot2_eta0.40_Mc0.00_dMc0.00_Tbd6.40_L0.00_dL0.00_C0.00_Nr3.00_rates0_KOPv_KMOLv.dat 
0.0000e+00 3.0896 3.6034 1.90000 0.50027 0.3675 1.6538e+01 1 2.1232e-09 3.6034 7.072000e-01 2.867550e-01 4.080210e-03 -0.0853 
1.9159e+05 3.1258 3.6002 1.89960 0.50174 0.3675 1.8088e+01 1 3.0620e-09 3.6002 7.072000e-01 2.867550e-01 4.080210e-03 -0.0827 
4.0451e+05 3.1648 3.5967 1.89902 0.50370 0.3675 1.9932e+01 1 4.5394e-09 3.5967 7.072000e-01 2.867550e-01 4.080210e-03 -0.0832 
6.3986e+05 3.2055 3.5931 1.89814 0.50631 0.3675 2.2059e+01 1 6.8549e-09 3.5931 7.072000e-01 2.867550e-01 4.080210e-03 -0.0835 
9.0012e+05 3.2318 3.5907 1.89680 0.50973 0.3675 2.3560e+01 1 8.9536e-09 3.5907 7.072000e-01 2.867550e-01 4.080210e-03 -0.0843 
1.1766e+06 3.2548 3.5886 1.89479 0.51391 0.3675 2.4976e+01 1 1.1350e-08 3.5886 7.072000e-01 2.867550e-01 4.080210e-03 -0.0858 
1.4470e+06 3.2956 3.5848 1.89210 0.51767 0.3846 2.7682e+01 1 1.7179e-08 3.5848 7.068457e-01 2.870680e-01 4.120156e-03 -0.0870 
1.7291e+06 3.3181 3.5827 1.88807 0.52155 0.4306 2.9317e+01 1 2.1727e-08 3.5827 7.061586e-01 2.876500e-01 4.221872e-03 -0.0883 
1.9950e+06 3.3604 3.5787 1.88297 0.52485 0.5178 3.2685e+01 1 3.3574e-08 3.5787 7.051785e-01 2.884360e-01 4.409044e-03 -0.0895 
2.2705e+06 3.3901 3.5747 1.87547 0.52849 0.6561 3.5593e+01 1 4.6132e-08 3.5747 7.039424e-01 2.893720e-01 4.701369e-03 -0.0893 
2.5406e+06 3.4212 3.5714 1.86522 0.53213 0.8496 3.8706e+01 1 6.4417e-08 3.5714 7.024842e-01 2.904130e-01 5.107846e-03 -0.0902 
2.8037e+06 3.4540 3.5608 1.85085 0.53584 1.0951 4.4601e+01 1 9.5060e-08 3.5608 7.008373e-01 2.915300e-01 5.623693e-03 -0.0984 
3.0706e+06 3.4761 3.5500 1.82851 0.54023 1.3841 5.0576e+01 1 1.2853e-07 3.5500 6.990312e-01 2.927100e-01 6.233483e-03 -0.1081 
3.3143e+06 3.5147 3.5392 1.79838 0.54429 1.7029 5.9264e+01 1 2.0654e-07 3.5392 6.971079e-01 2.939360e-01 6.910257e-03 -0.1174 
3.5552e+06 3.5434 3.5336 1.75278 0.54908 2.0341 6.5923e+01 1 3.0269e-07 3.5336 6.951295e-01 2.951830e-01 7.617924e-03 -0.1196 
3.7791e+06 3.5794 3.5178 1.68366 0.55413 2.3639 8.0668e+01 1 5.2360e-07 3.5178 6.931492e-01 2.964270e-01 8.326851e-03 -0.1308 
3.9916e+06 3.6148 3.5065 1.56872 0.55992 2.6764 9.6965e+01 1 9.6605e-07 3.5065 6.912469e-01 2.976240e-01 9.002449e-03 -0.1363 
4.1904e+06 3.6513 3.4855 1.33546 0.56670 2.9449 2.7002e+02 0 2.4946e-06 3.4855 6.895862e-01 2.986710e-01 9.586237e-03 -0.1461 
4.3731e+06 3.6908 3.4476 0.65419 0.57523 3.0713 7.8654e+02 0 6.6834e-06 3.4476 6.887992e-01 2.991670e-01 9.861813e-03 -0.1764 
4.3971e+06 3.3687 3.5707 0.58068 0.57531 3.0713 1.4206e+02 0 1.4488e-06 3.5707 6.887992e-01 2.991670e-01 9.861813e-03 999.0000 
 1.9500 19 # agb_1.95_Z0.00600000_Mdot2_eta0.40_Mc0.00_dMc0.00_Tbd6.40_L0.00_dL0.00_C0.00_Nr3.00_rates0_KOPv_KMOLv.dat 
0.0000e+00 3.1053 3.6035 1.95000 0.50322 0.3668 1.6783e+01 1 2.2803e-09 3.6035 7.064000e-01 2.875380e-01 4.079817e-03 -0.0860 
1.8347e+05 3.1498 3.5996 1.94960 0.50468 0.3668 1.8741e+01 1 3.5727e-09 3.5996 7.064000e-01 2.875380e-01 4.079817e-03 -0.0830 
3.8820e+05 3.1957 3.5955 1.94900 0.50666 0.3668 2.1003e+01 1 5.6885e-09 3.5955 7.064000e-01 2.875380e-01 4.079817e-03 -0.0834 
6.2880e+05 3.2037 3.5948 1.94798 0.50959 0.3668 2.1427e+01 1 6.1660e-09 3.5948 7.064000e-01 2.875380e-01 4.079817e-03 -0.0845 
8.6990e+05 3.2608 3.5896 1.94663 0.51287 0.3668 2.4722e+01 1 1.0990e-08 3.5896 7.064000e-01 2.875380e-01 4.079817e-03 -0.0854 
1.1386e+06 3.2874 3.5872 1.94444 0.51719 0.3668 2.6437e+01 1 1.4454e-08 3.5872 7.064000e-01 2.875380e-01 4.079817e-03 -0.0868 
1.4138e+06 3.3059 3.5855 1.94122 0.52141 0.3855 2.7707e+01 1 1.7498e-08 3.5855 7.060289e-01 2.878650e-01 4.122585e-03 -0.0879 
1.6736e+06 3.3491 3.5814 1.93706 0.52496 0.4356 3.0923e+01 1 2.7227e-08 3.5814 7.053119e-01 2.884680e-01 4.231853e-03 -0.0888 
1.9435e+06 3.3777 3.5786 1.93093 0.52870 0.5302 3.3328e+01 1 3.6728e-08 3.5786 7.042922e-01 2.892810e-01 4.432257e-03 -0.0902 
2.2100e+06 3.4070 3.5746 1.92250 0.53236 0.6794 3.6290e+01 1 5.0350e-08 3.5746 7.030049e-01 2.902480e-01 4.743864e-03 -0.0897 
2.4706e+06 3.4412 3.5705 1.91086 0.53600 0.8858 3.9942e+01 1 7.2778e-08 3.5705 7.014893e-01 2.913230e-01 5.172666e-03 -0.0885 
2.7252e+06 3.4752 3.5583 1.89426 0.53972 1.1458 4.6652e+01 1 1.0990e-07 3.5583 6.997711e-01 2.924860e-01 5.713379e-03 -0.1027 
2.9771e+06 3.5045 3.5473 1.86964 0.54381 1.4489 5.3746e+01 1 1.5996e-07 3.5473 6.978853e-01 2.937210e-01 6.346648e-03 -0.1117 
3.2150e+06 3.5401 3.5367 1.83486 0.54794 1.7791 6.2592e+01 1 2.5119e-07 3.5367 6.958859e-01 2.950050e-01 7.040305e-03 -0.1188 
3.4472e+06 3.5706 3.5305 1.78268 0.55270 2.1204 7.0280e+01 1 3.7931e-07 3.5305 6.938273e-01 2.963170e-01 7.761474e-03 -0.1217 
3.6680e+06 3.6015 3.5148 1.69932 0.55802 2.4582 8.5495e+01 1 6.3826e-07 3.5148 6.917695e-01 2.976260e-01 8.479629e-03 -0.1319 
3.8726e+06 3.6387 3.5014 1.55810 0.56389 2.7758 1.9838e+02 0 1.2735e-06 3.5014 6.898033e-01 2.988810e-01 9.158495e-03 -0.1402 
4.0640e+06 3.6754 3.4720 1.22794 0.57097 3.0393 3.4672e+02 0 4.3451e-06 3.4720 6.881456e-01 2.999420e-01 9.724744e-03 -0.1506 
4.2164e+06 3.7265 3.5748 0.58386 0.57878 3.0555 3.0296e+02 0 3.1405e-05 3.5748 6.880435e-01 3.000070e-01 9.759631e-03 999.0000 
 2.0000 16 # agb_2.00_Z0.00600000_Mdot2_eta0.40_Mc0.00_dMc0.00_Tbd6.40_L0.00_dL0.00_C0.00_Nr3.00_rates0_KOPv_KMOLv.dat 
0.0000e+00 3.2203 3.5948 2.00000 0.50920 0.3664 2.1799e+01 1 6.6834e-09 3.5948 7.057000e-01 2.882210e-01 4.077950e-03 -0.0890 
1.7415e+05 3.2665 3.5905 1.99882 0.51113 0.3664 2.4476e+01 1 1.0666e-08 3.5905 7.057000e-01 2.882210e-01 4.077950e-03 -0.0857 
3.7322e+05 3.3155 3.5861 1.99695 0.51390 0.3664 2.7678e+01 1 1.7539e-08 3.5861 7.057000e-01 2.882210e-01 4.077950e-03 -0.0865 
6.0124e+05 3.3512 3.5827 1.99388 0.51783 0.3664 3.0297e+01 1 2.5235e-08 3.5827 7.057000e-01 2.882210e-01 4.077950e-03 -0.0877 
8.5278e+05 3.3781 3.5801 1.98890 0.52301 0.3664 3.2498e+01 1 3.3420e-08 3.5801 7.057000e-01 2.882210e-01 4.077950e-03 -0.0888 
1.1018e+06 3.4168 3.5761 1.98203 0.52776 0.3870 3.5969e+01 1 5.0003e-08 3.5761 7.052547e-01 2.886190e-01 4.124128e-03 -0.0900 
1.3607e+06 3.4385 3.5738 1.97159 0.53261 0.4465 3.8182e+01 1 6.3387e-08 3.5738 7.043745e-01 2.893680e-01 4.250439e-03 -0.0912 
1.6029e+06 3.4811 3.5691 1.95823 0.53668 0.5636 4.2867e+01 1 1.0000e-07 3.5691 7.031205e-01 2.903720e-01 4.491424e-03 -0.0925 
1.8513e+06 3.5115 3.5646 1.93810 0.54108 0.7497 4.7066e+01 1 1.4125e-07 3.5646 7.015498e-01 2.915540e-01 4.869111e-03 -0.0917 
2.0992e+06 3.5362 3.5597 1.90775 0.54582 1.0044 5.1480e+01 1 1.9275e-07 3.5597 6.997094e-01 2.928650e-01 5.384141e-03 -0.0926 
2.3284e+06 3.5752 3.5411 1.86445 0.55013 1.3168 6.4107e+01 1 3.2885e-07 3.5411 6.976422e-01 2.942800e-01 6.016888e-03 -0.1125 
2.5571e+06 3.6033 3.5282 1.79370 0.55519 1.6674 7.5632e+01 1 5.1642e-07 3.5282 6.954113e-01 2.957750e-01 6.730101e-03 -0.1230 
2.7700e+06 3.6388 3.5181 1.68327 0.56050 2.0292 8.9775e+01 1 9.2897e-07 3.5181 6.931284e-01 2.972900e-01 7.469549e-03 -0.1282 
2.9720e+06 3.6731 3.4908 1.46102 0.56678 2.3748 2.4940e+02 0 2.2751e-06 3.4908 6.909340e-01 2.987420e-01 8.179773e-03 -0.1433 
3.1585e+06 3.7113 3.4303 0.79399 0.57468 2.6349 8.0780e+02 0 6.9984e-06 3.4303 6.892727e-01 2.998400e-01 8.716881e-03 -0.1621 
3.2147e+06 3.6096 3.5677 0.58125 0.57595 2.6349 2.4951e+02 0 1.5031e-05 3.5677 6.892727e-01 2.998400e-01 8.716881e-03 999.0000 
 2.0500 17 # agb_2.05_Z0.00600000_Mdot2_eta0.40_Mc0.00_dMc0.00_Tbd6.40_L0.00_dL0.00_C0.00_Nr3.00_rates0_KOPv_KMOLv.dat 
0.0000e+00 3.1963 3.5985 2.05000 0.51274 0.3684 2.0052e+01 1 4.8195e-09 3.5985 7.047000e-01 2.892070e-01 4.075850e-03 -0.0878 
1.6825e+05 3.2386 3.5946 2.04918 0.51453 0.3684 2.2283e+01 1 7.3961e-09 3.5946 7.047000e-01 2.892070e-01 4.075850e-03 -0.0850 
3.5805e+05 3.2898 3.5900 2.04789 0.51703 0.3684 2.5332e+01 1 1.2417e-08 3.5900 7.047000e-01 2.892070e-01 4.075850e-03 -0.0865 
5.7359e+05 3.3285 3.5865 2.04581 0.52051 0.3684 2.7915e+01 1 1.8408e-08 3.5865 7.047000e-01 2.892070e-01 4.075850e-03 -0.0872 
8.1172e+05 3.3594 3.5836 2.04246 0.52510 0.3684 3.0194e+01 1 2.5293e-08 3.5836 7.047000e-01 2.892070e-01 4.075850e-03 -0.0880 
1.0615e+06 3.3815 3.5814 2.03733 0.52973 0.3861 3.1995e+01 1 3.1915e-08 3.5814 7.042979e-01 2.895680e-01 4.116170e-03 -0.0889 
1.2999e+06 3.4260 3.5769 2.03055 0.53365 0.4371 3.5929e+01 1 5.0582e-08 3.5769 7.034928e-01 2.902590e-01 4.225405e-03 -0.0897 
1.5488e+06 3.4545 3.5739 2.02036 0.53776 0.5387 3.8791e+01 1 6.8549e-08 3.5739 7.023290e-01 2.912050e-01 4.435432e-03 -0.0909 
1.7944e+06 3.4847 3.5696 2.00614 0.54172 0.7038 4.2445e+01 1 9.5719e-08 3.5696 7.008553e-01 2.923340e-01 4.770688e-03 -0.0910 
2.0343e+06 3.5192 3.5651 1.98612 0.54564 0.9351 4.6969e+01 1 1.4093e-07 3.5651 6.991175e-01 2.935910e-01 5.237399e-03 -0.0907 
2.2756e+06 3.5453 3.5506 1.95473 0.55002 1.2261 5.5268e+01 1 2.0370e-07 3.5506 6.971489e-01 2.949550e-01 5.824682e-03 -0.1071 
2.5006e+06 3.5825 3.5376 1.90996 0.55415 1.5628 6.5800e+01 1 3.3266e-07 3.5376 6.949894e-01 2.964120e-01 6.506040e-03 -0.1179 
2.7218e+06 3.6121 3.5259 1.83968 0.55892 1.9230 7.7138e+01 1 5.2481e-07 3.5259 6.927176e-01 2.979240e-01 7.238326e-03 -0.1259 
2.9297e+06 3.6470 3.5159 1.72810 0.56413 2.2869 9.1394e+01 1 9.3541e-07 3.5159 6.904140e-01 2.994530e-01 7.981863e-03 -0.1304 
3.1252e+06 3.6825 3.4902 1.50995 0.57020 2.6320 2.4862e+02 0 2.2542e-06 3.4902 6.882023e-01 3.009210e-01 8.690537e-03 -0.1443 
3.3063e+06 3.7205 3.4270 0.85905 0.57792 2.8968 7.9090e+02 0 7.1450e-06 3.4270 6.864878e-01 3.020580e-01 9.237194e-03 -0.1633 
3.3750e+06 3.6879 3.5720 0.58527 0.58016 2.8968 2.8430e+02 0 3.0761e-05 3.5720 6.864878e-01 3.020580e-01 9.237194e-03 999.0000 
 2.1000 13 # agb_2.10_Z0.00600000_Mdot2_eta0.40_Mc0.00_dMc0.00_Tbd6.40_L0.00_dL0.00_C0.00_Nr3.00_rates0_KOPv_KMOLv.dat 
0.0000e+00 3.3302 3.5880 2.10000 0.52579 0.3679 2.7319e+01 1 1.7140e-08 3.5880 7.039000e-01 2.899930e-01 4.074370e-03 -0.0910 
1.5039e+05 3.3644 3.5847 2.09721 0.52815 0.3679 2.9813e+01 1 2.4322e-08 3.5847 7.039000e-01 2.899930e-01 4.074370e-03 -0.0885 
3.2339e+05 3.4221 3.5790 2.09259 0.53164 0.3679 3.4581e+01 1 4.3954e-08 3.5790 7.039000e-01 2.899930e-01 4.074370e-03 -0.0892 
5.2483e+05 3.4558 3.5756 2.08486 0.53597 0.3773 3.7792e+01 1 6.2517e-08 3.5756 7.035848e-01 2.902850e-01 4.096703e-03 -0.0901 
7.3722e+05 3.4973 3.5712 2.07381 0.54028 0.4066 4.2233e+01 1 9.6828e-08 3.5712 7.028238e-01 2.909780e-01 4.163619e-03 -0.0918 
9.6824e+05 3.5213 3.5683 2.05640 0.54494 0.4764 4.5276e+01 1 1.2706e-07 3.5683 7.015901e-01 2.920570e-01 4.311711e-03 -0.0929 
1.1933e+06 3.5565 3.5634 2.03233 0.54914 0.6102 5.0324e+01 1 1.8967e-07 3.5634 6.999502e-01 2.934150e-01 4.582899e-03 -0.0940 
1.4211e+06 3.5847 3.5593 1.99583 0.55364 0.8215 5.5119e+01 1 2.6853e-07 3.5593 6.979860e-01 2.949450e-01 5.002732e-03 -0.0939 
1.6422e+06 3.6153 3.5462 1.93950 0.55826 1.1069 6.5125e+01 1 4.1879e-07 3.5462 6.957629e-01 2.965860e-01 5.566157e-03 -0.1058 
1.8516e+06 3.6501 3.5287 1.85136 0.56292 1.4502 8.0785e+01 1 7.3451e-07 3.5287 6.933331e-01 2.983130e-01 6.244056e-03 -0.1207 
2.0542e+06 3.6817 3.5107 1.69489 0.56831 1.8228 1.0217e+02 1 1.4223e-06 3.5107 6.908038e-01 3.000750e-01 6.981775e-03 -0.1330 
2.2434e+06 3.7174 3.4829 1.33332 0.57471 2.1848 3.2098e+02 0 4.8084e-06 3.4829 6.883772e-01 3.017490e-01 7.701879e-03 -0.1429 
2.4004e+06 3.7669 3.5753 0.58775 0.58234 2.3940 3.2818e+02 0 2.4491e-05 3.5753 6.869883e-01 3.026980e-01 8.119919e-03 999.0000 
 2.1500 15 # agb_2.15_Z0.00600000_Mdot2_eta0.40_Mc0.00_dMc0.00_Tbd6.40_L0.00_dL0.00_C0.00_Nr3.00_rates0_KOPv_KMOLv.dat 
0.0000e+00 3.2561 3.5962 2.15000 0.53084 0.3667 2.2199e+01 1 7.4989e-09 3.5962 7.035000e-01 2.904790e-01 4.075258e-03 -0.0881 
1.4078e+05 3.3027 3.5920 2.14881 0.53270 0.3667 2.4940e+01 1 1.2023e-08 3.5920 7.035000e-01 2.904790e-01 4.075258e-03 -0.0875 
2.9952e+05 3.3574 3.5870 2.14691 0.53531 0.3667 2.8615e+01 1 2.0941e-08 3.5870 7.035000e-01 2.904790e-01 4.075258e-03 -0.0879 
4.8947e+05 3.3800 3.5847 2.14341 0.53928 0.3667 3.0331e+01 1 2.6424e-08 3.5847 7.035000e-01 2.904790e-01 4.075258e-03 -0.0886 
6.8988e+05 3.4152 3.5813 2.13802 0.54337 0.3787 3.3232e+01 1 3.8019e-08 3.5813 7.031612e-01 2.907890e-01 4.103309e-03 -0.0896 
8.9066e+05 3.4625 3.5766 2.13061 0.54703 0.4146 3.7572e+01 1 6.2087e-08 3.5766 7.024225e-01 2.914460e-01 4.182743e-03 -0.0908 
1.1056e+06 3.4946 3.5731 2.11911 0.55088 0.4916 4.0982e+01 1 8.7498e-08 3.5731 7.012993e-01 2.924020e-01 4.343747e-03 -0.0932 
1.3204e+06 3.5289 3.5686 2.10250 0.55458 0.6274 4.5286e+01 1 1.2764e-07 3.5686 6.998319e-01 2.935840e-01 4.618580e-03 -0.0941 
1.5435e+06 3.5509 3.5653 2.07673 0.55877 0.8314 4.8587e+01 1 1.6634e-07 3.5653 6.980675e-01 2.949280e-01 5.025311e-03 -0.0928 
1.7473e+06 3.5946 3.5524 2.04157 0.56227 1.1008 5.8348e+01 1 2.8379e-07 3.5524 6.960515e-01 2.963920e-01 5.559478e-03 -0.1045 
1.9557e+06 3.6235 3.5384 1.98395 0.56652 1.4237 6.9193e+01 1 4.3853e-07 3.5384 6.938209e-01 2.979610e-01 6.199477e-03 -0.1183 
2.1527e+06 3.6582 3.5244 1.89422 0.57090 1.7812 8.3640e+01 1 7.5509e-07 3.5244 6.914317e-01 2.996120e-01 6.909774e-03 -0.1281 
2.3408e+06 3.6925 3.5124 1.74232 0.57590 2.1505 1.0145e+02 1 1.4388e-06 3.5124 6.889757e-01 3.012990e-01 7.646161e-03 -0.1326 
2.5179e+06 3.7277 3.4757 1.38327 0.58198 2.5027 3.3886e+02 0 4.8978e-06 3.4757 6.866170e-01 3.029150e-01 8.351867e-03 -0.1498 
2.6716e+06 3.7773 3.5778 0.59504 0.58987 2.7132 3.2494e+02 0 2.6062e-05 3.5778 6.852064e-01 3.038770e-01 8.775680e-03 999.0000 
 2.2000 15 # agb_2.20_Z0.00600000_Mdot2_eta0.40_Mc0.00_dMc0.00_Tbd6.40_L0.00_dL0.00_C0.00_Nr3.00_rates0_KOPv_KMOLv.dat 
0.0000e+00 3.3017 3.5935 2.20000 0.53486 0.3677 2.4328e+01 1 1.0990e-08 3.5935 7.030000e-01 2.909680e-01 4.074434e-03 -0.0885 
1.3138e+05 3.3680 3.5873 2.19838 0.53680 0.3677 2.8744e+01 1 2.1478e-08 3.5873 7.030000e-01 2.909680e-01 4.074434e-03 -0.0875 
2.9384e+05 3.3877 3.5854 2.19546 0.53991 0.3677 3.0236e+01 1 2.6363e-08 3.5854 7.030000e-01 2.909680e-01 4.074434e-03 -0.0889 
4.7161e+05 3.4308 3.5812 2.19087 0.54343 0.3758 3.3778e+01 1 4.1020e-08 3.5812 7.027323e-01 2.912160e-01 4.093627e-03 -0.0894 
6.6992e+05 3.4629 3.5780 2.18354 0.54731 0.3996 3.6732e+01 1 5.7412e-08 3.5780 7.020922e-01 2.918000e-01 4.148620e-03 -0.0916 
8.8096e+05 3.4923 3.5749 2.17247 0.55122 0.4546 3.9764e+01 1 7.8705e-08 3.5749 7.010303e-01 2.927380e-01 4.267526e-03 -0.0932 
1.0957e+06 3.5240 3.5714 2.15644 0.55497 0.5612 4.3403e+01 1 1.1117e-07 3.5714 6.995765e-01 2.939640e-01 4.486148e-03 -0.0951 
1.3094e+06 3.5575 3.5666 2.13356 0.55859 0.7356 4.8066e+01 1 1.6218e-07 3.5666 6.977969e-01 2.953830e-01 4.833805e-03 -0.0939 
1.5185e+06 3.5946 3.5612 2.10091 0.56217 0.9812 5.3912e+01 1 2.5003e-07 3.5612 6.957508e-01 2.969290e-01 5.317604e-03 -0.0916 
1.7283e+06 3.6242 3.5435 2.04823 0.56625 1.2891 6.5662e+01 1 3.9084e-07 3.5435 6.934789e-01 2.985740e-01 5.922494e-03 -0.1144 
1.9259e+06 3.6609 3.5294 1.96815 0.57029 1.6433 7.9467e+01 1 6.7298e-07 3.5294 6.910173e-01 3.003120e-01 6.618800e-03 -0.1238 
2.1188e+06 3.6921 3.5192 1.83490 0.57510 2.0193 9.3924e+01 1 1.1830e-06 3.5192 6.884525e-01 3.021030e-01 7.360337e-03 -0.1286 
2.2989e+06 3.7278 3.4894 1.56190 0.58066 2.3921 2.6878e+02 0 3.1623e-06 3.4894 6.859076e-01 3.038710e-01 8.098769e-03 -0.1451 
2.4662e+06 3.7668 3.4248 0.79129 0.58822 2.6971 9.6336e+02 0 7.9616e-06 3.4248 6.838196e-01 3.053160e-01 8.706029e-03 -0.1715 
2.5046e+06 3.6040 3.5690 0.59440 0.58891 2.6971 2.3872e+02 0 1.3213e-05 3.5690 6.838196e-01 3.053160e-01 8.706029e-03 999.0000 
 2.2500 11 # agb_2.25_Z0.00600000_Mdot2_eta0.40_Mc0.00_dMc0.00_Tbd6.40_L0.00_dL0.00_C0.00_Nr3.00_rates0_KOPv_KMOLv.dat 
0.0000e+00 3.4731 3.5787 2.25000 0.54544 0.3680 3.6664e+01 1 5.7544e-08 3.5787 7.025000e-01 2.914570e-01 4.072761e-03 -0.0949 
1.1845e+05 3.5393 3.5719 2.24273 0.54813 0.3680 4.3586e+01 1 1.1376e-07 3.5719 7.025000e-01 2.914570e-01 4.072761e-03 -0.0928 
2.6568e+05 3.5735 3.5681 2.23007 0.55191 0.3750 4.7837e+01 1 1.6406e-07 3.5681 7.022466e-01 2.916940e-01 4.089121e-03 -0.0938 
4.4111e+05 3.6005 3.5648 2.20857 0.55671 0.3970 5.1759e+01 1 2.2284e-07 3.5648 7.015588e-01 2.923300e-01 4.139649e-03 -0.0958 
6.3721e+05 3.6179 3.5620 2.17381 0.56194 0.4551 5.4979e+01 1 2.8054e-07 3.5620 7.002830e-01 2.934770e-01 4.263665e-03 -0.0974 
8.2828e+05 3.6528 3.5565 2.12562 0.56635 0.5817 6.1750e+01 1 4.3251e-07 3.5565 6.984600e-01 2.950370e-01 4.515727e-03 -0.0985 
1.0232e+06 3.6786 3.5515 2.05023 0.57103 0.7967 6.8380e+01 1 6.3387e-07 3.5515 6.962402e-01 2.968240e-01 4.930880e-03 -0.0992 
1.2095e+06 3.7106 3.5357 1.93063 0.57562 1.0950 8.3950e+01 1 1.1220e-06 3.5357 6.937284e-01 2.987430e-01 5.501709e-03 -0.1115 
1.3902e+06 3.7404 3.5094 1.69928 0.58085 1.4524 1.1469e+02 1 2.5061e-06 3.5094 6.910199e-01 3.007400e-01 6.185069e-03 -0.1308 
1.5600e+06 3.7729 3.4470 1.00812 0.58729 1.8237 6.4348e+02 0 8.0724e-06 3.4470 6.883374e-01 3.026780e-01 6.897117e-03 -0.1532 
1.6413e+06 3.7849 3.5791 0.59665 0.59119 1.8237 3.2583e+02 0 2.6242e-05 3.5791 6.883374e-01 3.026780e-01 6.897117e-03 999.0000 
 2.3000 12 # agb_2.30_Z0.00600000_Mdot2_eta0.40_Mc0.00_dMc0.00_Tbd6.40_L0.00_dL0.00_C0.00_Nr3.00_rates0_KOPv_KMOLv.dat 
0.0000e+00 3.4213 3.5852 2.30000 0.55291 0.3669 3.1454e+01 1 3.1623e-08 3.5852 7.024000e-01 2.915460e-01 4.072565e-03 -0.0928 
1.1061e+05 3.4844 3.5791 2.29599 0.55518 0.3669 3.6957e+01 1 6.0117e-08 3.5791 7.024000e-01 2.915460e-01 4.072565e-03 -0.0917 
2.5006e+05 3.4994 3.5775 2.28874 0.55839 0.3729 3.8492e+01 1 7.0795e-08 3.5775 7.021889e-01 2.917430e-01 4.086451e-03 -0.0931 
4.0662e+05 3.5423 3.5730 2.27706 0.56215 0.3902 4.3140e+01 1 1.1117e-07 3.5730 7.016420e-01 2.922500e-01 4.126630e-03 -0.0940 
5.8352e+05 3.5715 3.5696 2.25854 0.56627 0.4324 4.6831e+01 1 1.5346e-07 3.5696 7.006245e-01 2.931710e-01 4.219872e-03 -0.0945 
7.6641e+05 3.6072 3.5652 2.23112 0.57012 0.5226 5.1973e+01 1 2.2961e-07 3.5652 6.991175e-01 2.944840e-01 4.405247e-03 -0.0970 
9.5336e+05 3.6370 3.5604 2.18995 0.57395 0.6843 5.7373e+01 1 3.3189e-07 3.5604 6.972068e-01 2.960640e-01 4.722946e-03 -0.0965 
1.1375e+06 3.6688 3.5554 2.12884 0.57779 0.9246 6.4027e+01 1 5.0466e-07 3.5554 6.949886e-01 2.978000e-01 5.186608e-03 -0.0949 
1.3152e+06 3.7045 3.5348 2.03048 0.58170 1.2337 8.1397e+01 1 9.0782e-07 3.5348 6.925220e-01 2.996500e-01 5.779803e-03 -0.1188 
1.4882e+06 3.7360 3.5152 1.85711 0.58614 1.5917 1.0419e+02 1 1.7783e-06 3.5152 6.898606e-01 3.015950e-01 6.467119e-03 -0.1315 
1.6529e+06 3.7684 3.4808 1.44368 0.59157 1.9660 3.4116e+02 0 6.2087e-06 3.4808 6.871546e-01 3.035450e-01 7.187876e-03 -0.1471 
1.7959e+06 3.8162 3.5843 0.60390 0.59889 2.2489 3.2987e+02 0 2.6915e-05 3.5843 6.851431e-01 3.049780e-01 7.735341e-03 999.0000 
 2.3500 11 # agb_2.35_Z0.00600000_Mdot2_eta0.40_Mc0.00_dMc0.00_Tbd6.40_L0.00_dL0.00_C0.00_Nr3.00_rates0_KOPv_KMOLv.dat 
0.0000e+00 3.5115 3.5780 2.35000 0.56286 0.3669 3.8683e+01 1 7.3114e-08 3.5780 7.021000e-01 2.918360e-01 4.072152e-03 -0.0952 
1.0178e+05 3.5610 3.5729 2.34196 0.56547 0.3669 4.4035e+01 1 1.2218e-07 3.5729 7.021000e-01 2.918360e-01 4.072152e-03 -0.0939 
2.2383e+05 3.6070 3.5678 2.32814 0.56894 0.3737 4.9867e+01 1 1.9861e-07 3.5678 7.018630e-01 2.920580e-01 4.087615e-03 -0.0951 
3.6973e+05 3.6374 3.5640 2.30458 0.57329 0.3945 5.4522e+01 1 2.7990e-07 3.5640 7.012230e-01 2.926500e-01 4.135211e-03 -0.0962 
5.3193e+05 3.6651 3.5599 2.26671 0.57789 0.4485 5.9575e+01 1 3.9264e-07 3.5599 7.000323e-01 2.937220e-01 4.249614e-03 -0.0984 
7.0104e+05 3.6882 3.5558 2.20880 0.58231 0.5656 6.4926e+01 1 5.4200e-07 3.5558 6.983014e-01 2.952100e-01 4.481146e-03 -0.1018 
8.6676e+05 3.7181 3.5496 2.12267 0.58642 0.7655 7.3225e+01 1 8.4333e-07 3.5496 6.961678e-01 2.969450e-01 4.863472e-03 -0.1011 
1.0310e+06 3.7470 3.5369 1.97729 0.59084 1.0458 8.7807e+01 1 1.4723e-06 3.5369 6.937282e-01 2.988330e-01 5.393657e-03 -0.1074 
1.1875e+06 3.7775 3.5054 1.68460 0.59559 1.3864 2.4328e+02 0 3.7584e-06 3.5054 6.910610e-01 3.008290e-01 6.037115e-03 -0.1331 
1.3360e+06 3.8102 3.4371 0.88216 0.60188 1.7414 8.6173e+02 0 8.7902e-06 3.4371 6.884194e-01 3.027670e-01 6.709567e-03 -0.1648 
1.3826e+06 3.7407 3.5783 0.60888 0.60347 1.7414 2.9195e+02 0 3.7497e-05 3.5783 6.884194e-01 3.027670e-01 6.709567e-03 999.0000 
 2.4000 9 # agb_2.40_Z0.00600000_Mdot2_eta0.40_Mc0.00_dMc0.00_Tbd6.40_L0.00_dL0.00_C0.00_Nr3.00_rates0_KOPv_KMOLv.dat 
0.0000e+00 3.6182 3.5687 2.40000 0.57570 0.3661 4.9795e+01 1 2.0045e-07 3.5687 7.019000e-01 2.920270e-01 4.071510e-03 -0.1005 
8.9153e+04 3.6727 3.5623 2.38069 0.57869 0.3661 5.7916e+01 1 3.5892e-07 3.5623 7.019000e-01 2.920270e-01 4.071510e-03 -0.0976 
2.0611e+05 3.6921 3.5592 2.34464 0.58269 0.3794 6.1842e+01 1 4.6026e-07 3.5592 7.014289e-01 2.924670e-01 4.101930e-03 -0.0997 
3.4251e+05 3.7247 3.5540 2.28633 0.58741 0.4142 6.9100e+01 1 6.9823e-07 3.5540 7.004227e-01 2.933950e-01 4.179025e-03 -0.1031 
4.9262e+05 3.7486 3.5484 2.19160 0.59215 0.5004 7.6818e+01 1 1.0304e-06 3.5484 6.987202e-01 2.949150e-01 4.353382e-03 -0.1056 
6.4380e+05 3.7729 3.5404 2.04008 0.59657 0.6733 8.8334e+01 1 1.6904e-06 3.5404 6.964607e-01 2.968290e-01 4.682489e-03 -0.1087 
7.9123e+05 3.8011 3.5286 1.75845 0.60124 0.9366 1.0939e+02 1 3.7154e-06 3.5286 6.938615e-01 2.989150e-01 5.174349e-03 -0.1057 
9.3235e+05 3.8299 3.4566 0.94443 0.60712 1.2597 7.1182e+02 0 9.2045e-06 3.4566 6.911384e-01 3.010090e-01 5.776252e-03 -0.1496 
9.8406e+05 3.7933 3.5846 0.61476 0.60937 1.2597 3.0766e+02 0 3.4041e-05 3.5846 6.911384e-01 3.010090e-01 5.776252e-03 999.0000 
 2.6000 7 # agb_2.60_Z0.00600000_Mdot2_eta0.40_Mc0.00_dMc0.00_Tbd6.40_L0.00_dL0.00_C0.00_Nr3.00_rates0_KOPv_KMOLv.dat 
0.0000e+00 3.7679 3.5587 2.60000 0.62302 0.3677 6.7685e+01 1 6.9823e-07 3.5587 7.019000e-01 2.919790e-01 4.069119e-03 -0.1073 
5.6885e+04 3.8106 3.5526 2.55530 0.62583 0.3677 7.7168e+01 1 1.1429e-06 3.5526 7.019000e-01 2.919790e-01 4.069119e-03 -0.1058 
1.2822e+05 3.8385 3.5472 2.47769 0.62915 0.3805 8.5867e+01 1 1.6904e-06 3.5472 7.014714e-01 2.923790e-01 4.097575e-03 -0.1084 
2.1618e+05 3.8588 3.5404 2.33486 0.63343 0.4126 9.6516e+01 1 2.5468e-06 3.5404 7.005699e-01 2.932100e-01 4.166433e-03 -0.1131 
3.1233e+05 3.8791 3.5288 2.07018 0.63765 0.4897 1.1595e+02 1 4.7534e-06 3.5288 6.990175e-01 2.946040e-01 4.317737e-03 -0.1213 
4.0999e+05 3.9019 3.4913 1.32260 0.64198 0.6431 4.5266e+02 0 1.3740e-05 3.4913 6.968992e-01 2.964230e-01 4.601604e-03 -0.1369 
4.7951e+05 3.9358 3.5962 0.65144 0.64624 0.8119 3.6167e+02 0 2.6062e-05 3.5962 6.951316e-01 2.978690e-01 4.908661e-03 999.0000 
 2.8000 8 # agb_2.80_Z0.00600000_Mdot2_eta0.40_Mc0.00_dMc0.00_Tbd6.40_L0.00_dL0.00_C0.00_Nr3.00_rates0_KOPv_KMOLv.dat 
0.0000e+00 3.8279 3.5578 2.80000 0.67117 0.3675 7.3211e+01 1 9.9312e-07 3.5578 7.029000e-01 2.910550e-01 4.068813e-03 -0.1090 
3.4714e+04 3.8806 3.5506 2.75454 0.67319 0.3675 8.5712e+01 1 1.7989e-06 3.5506 7.029000e-01 2.910550e-01 4.068813e-03 -0.1158 
7.8450e+04 3.8991 3.5464 2.67705 0.67540 0.3775 9.2715e+01 1 2.3988e-06 3.5464 7.025912e-01 2.913420e-01 4.090551e-03 -0.1169 
1.3105e+05 3.9202 3.5402 2.54256 0.67816 0.3995 1.0355e+02 1 3.5481e-06 3.5402 7.019871e-01 2.918980e-01 4.137589e-03 -0.1202 
1.9105e+05 3.9439 3.5289 2.28360 0.68117 0.4451 1.2406e+02 1 6.5615e-06 3.5289 7.009476e-01 2.928410e-01 4.228812e-03 -0.1280 
2.5503e+05 3.9668 3.4971 1.58628 0.68434 0.5349 4.2181e+02 0 1.8707e-05 3.4971 6.993923e-01 2.942190e-01 4.396559e-03 -0.1516 
3.1919e+05 3.9932 3.5111 0.76280 0.68924 0.6751 7.6360e+02 0 1.3397e-05 3.5111 6.975543e-01 2.957900e-01 4.649935e-03 -0.2303 
3.2341e+05 3.8056 3.5915 0.69493 0.68925 0.6751 2.6624e+02 0 4.3451e-05 3.5915 6.975543e-01 2.957900e-01 4.649935e-03 999.0000 
 3.0000 7 # agb_3.00_Z0.00600000_Mdot2_eta0.40_Mc0.00_dMc0.00_Tbd6.40_L0.00_dL0.00_C0.00_Nr3.00_rates0_KOPv_KMOLv.dat 
0.0000e+00 3.9783 3.5462 3.00000 0.72518 0.3690 1.0131e+02 1 3.6308e-06 3.5462 7.036000e-01 2.903360e-01 4.068175e-03 -0.1152 
2.1162e+04 4.0171 3.5390 2.89802 0.72695 0.3690 1.1671e+02 1 6.0674e-06 3.5390 7.036000e-01 2.903360e-01 4.068175e-03 -0.1233 
4.6241e+04 4.0368 3.5319 2.72877 0.72865 0.3780 1.3141e+02 1 9.1411e-06 3.5319 7.033451e-01 2.905720e-01 4.087243e-03 -0.1301 
7.6657e+04 4.0521 3.5197 2.39632 0.73076 0.3969 1.5794e+02 1 1.6788e-05 3.5197 7.028515e-01 2.910240e-01 4.126495e-03 -0.1410 
1.1180e+05 4.0703 3.4929 1.76460 0.73327 0.4336 5.0168e+02 0 1.6444e-05 3.4929 7.019797e-01 2.918200e-01 4.198796e-03 -0.1748 
1.4973e+05 4.0893 3.4675 1.12842 0.73670 0.5005 9.8195e+02 0 1.6711e-05 3.4675 7.006620e-01 2.930070e-01 4.322577e-03 -0.2091 
1.7406e+05 4.1134 3.6081 0.74483 0.73944 0.5623 4.2884e+02 0 2.5235e-05 3.6081 6.997566e-01 2.937950e-01 4.433384e-03 999.0000 
 3.2000 8 # agb_3.20_Z0.00600000_Mdot2_eta0.40_Mc0.00_dMc0.00_Tbd6.40_L0.00_dL0.00_C0.00_Nr3.00_rates0_KOPv_KMOLv.dat 
0.0000e+00 4.0637 3.5418 3.20000 0.76476 0.3686 1.1839e+02 1 6.9183e-06 3.5418 6.990000e-01 2.950190e-01 4.066205e-03 -0.1184 
1.4253e+04 4.1026 3.5340 3.06745 0.76623 0.3686 1.3755e+02 1 1.1912e-05 3.5340 6.990000e-01 2.950200e-01 4.066205e-03 -0.1269 
3.0985e+04 4.1178 3.5261 2.84784 0.76756 0.3765 1.5564e+02 1 1.8030e-05 3.5261 6.987953e-01 2.952070e-01 4.082562e-03 -0.1344 
5.1185e+04 4.1302 3.5105 2.38698 0.76917 0.3924 3.7318e+02 0 3.7239e-05 3.5105 6.984068e-01 2.955620e-01 4.114817e-03 -0.1577 
7.4777e+04 4.1436 3.4899 1.88927 0.77117 0.4220 5.7078e+02 0 1.8967e-05 3.4899 6.977046e-01 2.962040e-01 4.172313e-03 -0.2127 
1.0030e+05 4.1591 3.4682 1.38192 0.77368 0.4721 9.4982e+02 0 1.9634e-05 3.4682 6.966223e-01 2.971880e-01 4.264771e-03 -0.1972 
1.2549e+05 4.1652 3.4999 0.90291 0.77700 0.5401 1.0644e+03 0 1.9907e-05 3.4999 6.954598e-01 2.982210e-01 4.386048e-03 -0.1128 
1.3228e+05 4.1343 3.6097 0.78308 0.77760 0.5401 4.2354e+02 0 2.7227e-05 3.6097 6.954598e-01 2.982210e-01 4.386048e-03 999.0000 
 3.4000 9 # agb_3.40_Z0.00600000_Mdot2_eta0.40_Mc0.00_dMc0.00_Tbd6.40_L0.00_dL0.00_C0.00_Nr3.00_rates0_KOPv_KMOLv.dat 
0.0000e+00 4.0964 3.5437 3.40000 0.78010 0.3703 1.2019e+02 1 7.7983e-06 3.5437 6.881000e-01 3.059050e-01 4.063157e-03 -0.1172 
1.2035e+04 4.1355 3.5362 3.27735 0.78145 0.3703 1.3891e+02 1 1.3213e-05 3.5362 6.881000e-01 3.059050e-01 4.063157e-03 -0.1248 
2.6410e+04 4.1474 3.5299 3.07785 0.78268 0.3776 1.5358e+02 1 1.8535e-05 3.5299 6.879228e-01 3.060670e-01 4.077907e-03 -0.1301 
4.3545e+04 4.1586 3.5184 2.70399 0.78410 0.3919 1.8220e+02 1 3.2509e-05 3.5184 6.875926e-01 3.063680e-01 4.106189e-03 -0.1509 
6.3606e+04 4.1712 3.4997 2.18943 0.78577 0.4173 4.8717e+02 0 2.1979e-05 3.4997 6.870077e-01 3.069020e-01 4.154491e-03 -0.1904 
8.5875e+04 4.1842 3.4788 1.70483 0.78779 0.4608 7.5716e+02 0 2.0797e-05 3.4788 6.860520e-01 3.077740e-01 4.233132e-03 -0.1923 
1.0851e+05 4.1885 3.4675 1.24712 0.79029 0.5328 1.1197e+03 0 2.0989e-05 3.4675 6.848013e-01 3.088900e-01 4.359364e-03 -0.1898 
1.2992e+05 4.1946 3.5796 0.80776 0.79365 0.6100 6.1667e+02 0 2.1330e-05 3.5796 6.837831e-01 3.097660e-01 4.493554e-03 0.0679 
1.3020e+05 4.3166 3.6217 0.79922 0.79366 0.6100 5.6089e+02 0 2.8249e-05 3.6217 6.837831e-01 3.097660e-01 4.493554e-03 999.0000 
 3.6000 9 # agb_3.60_Z0.00600000_Mdot2_eta0.40_Mc0.00_dMc0.00_Tbd6.40_L0.00_dL0.00_C0.00_Nr3.00_rates0_KOPv_KMOLv.dat 
0.0000e+00 4.1235 3.5459 3.60000 0.79374 0.3704 1.2069e+02 1 8.4140e-06 3.5459 6.777000e-01 3.162940e-01 4.060319e-03 -0.1157 
1.0570e+04 4.1617 3.5388 3.48167 0.79505 0.3704 1.3871e+02 1 1.3932e-05 3.5388 6.777000e-01 3.162940e-01 4.060319e-03 -0.1249 
2.2907e+04 4.1739 3.5333 3.30116 0.79618 0.3773 1.5172e+02 1 1.8967e-05 3.5333 6.775435e-01 3.164360e-01 4.073840e-03 -0.1317 
3.7670e+04 4.1868 3.5238 2.97933 0.79748 0.3903 1.7550e+02 1 3.0832e-05 3.5238 6.772568e-01 3.166970e-01 4.099034e-03 -0.1436 
5.5012e+04 4.1985 3.5065 2.45327 0.79895 0.4125 4.3973e+02 0 2.8973e-05 3.5065 6.767570e-01 3.171530e-01 4.140570e-03 -0.1701 
7.4615e+04 4.2097 3.4883 1.98536 0.80065 0.4503 6.4157e+02 0 2.2080e-05 3.4883 6.759209e-01 3.179170e-01 4.207595e-03 -0.1909 
9.4949e+04 4.2218 3.4704 1.53180 0.80269 0.5182 9.7720e+02 0 2.2699e-05 3.4704 6.747404e-01 3.189720e-01 4.324724e-03 -0.1905 
1.1469e+05 4.2263 3.4775 1.09696 0.80537 0.6165 1.2513e+03 0 2.2909e-05 3.4775 6.734482e-01 3.200860e-01 4.493078e-03 -0.1281 
1.2761e+05 4.2366 3.6153 0.81329 0.80757 0.6798 4.8933e+02 0 2.5351e-05 3.6153 6.727753e-01 3.206440e-01 4.601593e-03 999.0000 
 3.8000 10 # agb_3.80_Z0.00600000_Mdot2_eta0.40_Mc0.00_dMc0.00_Tbd6.40_L0.00_dL0.00_C0.00_Nr3.00_rates0_KOPv_KMOLv.dat 
0.0000e+00 4.1502 3.5478 3.80000 0.80779 0.3718 1.2159e+02 1 9.1201e-06 3.5478 6.690000e-01 3.248840e-01 4.058100e-03 -0.1149 
9.1054e+03 4.1878 3.5410 3.69084 0.80901 0.3718 1.3892e+02 1 1.4825e-05 3.5410 6.690000e-01 3.248840e-01 4.058100e-03 -0.1264 
1.9708e+04 4.1978 3.5365 3.53114 0.81003 0.3781 1.4957e+02 1 1.9099e-05 3.5365 6.688652e-01 3.250060e-01 4.070230e-03 -0.1311 
3.2267e+04 4.2095 3.5292 3.26894 0.81118 0.3897 1.6771e+02 1 2.8119e-05 3.5292 6.686241e-01 3.252240e-01 4.092210e-03 -0.1391 
4.7147e+04 4.2200 3.5145 2.76790 0.81246 0.4085 2.0725e+02 1 4.1976e-05 3.5145 6.682161e-01 3.255960e-01 4.126921e-03 -0.1598 
6.4032e+04 4.2303 3.4988 2.30522 0.81386 0.4394 5.3492e+02 0 2.3121e-05 3.4988 6.675318e-01 3.262220e-01 4.181212e-03 -0.2050 
8.2110e+04 4.2417 3.4809 1.86014 0.81545 0.4961 7.8061e+02 0 2.3768e-05 3.4809 6.665157e-01 3.271350e-01 4.277797e-03 -0.1920 
1.0016e+05 4.2531 3.4688 1.43720 0.81747 0.5895 1.1253e+03 0 2.4378e-05 3.4688 6.652464e-01 3.282370e-01 4.435677e-03 -0.1763 
1.1721e+05 4.2576 3.4885 1.03230 0.82018 0.7039 1.2846e+03 0 2.4660e-05 3.4885 6.640038e-01 3.292760e-01 4.629166e-03 -0.0670 
1.2601e+05 4.2644 3.6200 0.82720 0.82179 0.7362 4.9156e+02 0 2.6730e-05 3.6200 6.637064e-01 3.295160e-01 4.683796e-03 999.0000 
 4.0000 11 # agb_4.00_Z0.00600000_Mdot2_eta0.40_Mc0.00_dMc0.00_Tbd6.40_L0.00_dL0.00_C0.00_Nr3.00_rates0_KOPv_KMOLv.dat 
0.0000e+00 4.1755 3.5494 4.00000 0.82169 0.3723 1.2258e+02 1 9.8628e-06 3.5494 6.616000e-01 3.323760e-01 4.056122e-03 -0.1147 
7.8451e+03 4.2130 3.5430 3.89920 0.82281 0.3723 1.3938e+02 1 1.5776e-05 3.5430 6.616000e-01 3.323760e-01 4.056122e-03 -0.1255 
1.7003e+04 4.2243 3.5387 3.75058 0.82375 0.3781 1.4978e+02 1 2.0277e-05 3.5387 6.614838e-01 3.324810e-01 4.067003e-03 -0.1292 
2.7675e+04 4.2348 3.5327 3.52285 0.82476 0.3885 1.6480e+02 1 2.7990e-05 3.5327 6.612785e-01 3.326660e-01 4.086404e-03 -0.1352 
4.0394e+04 4.2448 3.5214 3.10395 0.82590 0.4047 1.9443e+02 1 4.8084e-05 3.5214 6.609389e-01 3.329740e-01 4.115970e-03 -0.1486 
5.4925e+04 4.2532 3.5066 2.61141 0.82709 0.4300 4.6941e+02 0 2.8576e-05 3.5066 6.603830e-01 3.334830e-01 4.159832e-03 -0.1999 
7.0863e+04 4.2630 3.4911 2.18181 0.82838 0.4762 6.4743e+02 0 2.4946e-05 3.4911 6.595298e-01 3.342530e-01 4.237858e-03 -0.1798 
8.7158e+04 4.2723 3.4757 1.77355 0.82985 0.5573 9.1399e+02 0 2.5468e-05 3.4757 6.583869e-01 3.352520e-01 4.373447e-03 -0.1874 
1.0296e+05 4.2754 3.4702 1.38087 0.83176 0.6731 1.2112e+03 0 2.5645e-05 3.4702 6.570899e-01 3.363440e-01 4.567085e-03 -0.1589 
1.1770e+05 4.2797 3.4967 1.01040 0.83435 0.7965 1.2781e+03 0 2.5942e-05 3.4967 6.559272e-01 3.372890e-01 4.773906e-03 -0.0382 
1.2460e+05 4.2841 3.6228 0.84093 0.83569 0.8108 4.9373e+02 0 2.7733e-05 3.6228 6.558079e-01 3.373830e-01 4.798019e-03 999.0000 
 4.2000 12 # agb_4.20_Z0.00600000_Mdot2_eta0.40_Mc0.00_dMc0.00_Tbd6.40_L0.00_dL0.00_C0.00_Nr3.00_rates0_KOPv_KMOLv.dat 
0.0000e+00 4.2037 3.5505 4.20000 0.83781 0.3732 1.2494e+02 1 1.1092e-05 3.5505 6.546000e-01 3.393690e-01 4.054119e-03 -0.1152 
6.6162e+03 4.2391 3.5447 4.10660 0.83883 0.3732 1.4071e+02 1 1.7179e-05 3.5447 6.546000e-01 3.393690e-01 4.054119e-03 -0.1226 
1.4299e+04 4.2489 3.5410 3.97349 0.83966 0.3784 1.4960e+02 1 2.1281e-05 3.5410 6.545017e-01 3.394580e-01 4.063778e-03 -0.1274 
2.3181e+04 4.2588 3.5360 3.77833 0.84054 0.3876 1.6215e+02 1 2.7990e-05 3.5360 6.543321e-01 3.396100e-01 4.080579e-03 -0.1325 
3.3734e+04 4.2679 3.5279 3.44939 0.84151 0.4014 1.8330e+02 1 4.2073e-05 3.5279 6.540587e-01 3.398570e-01 4.105374e-03 -0.1429 
4.5807e+04 4.2768 3.5142 2.94927 0.84251 0.4215 2.2316e+02 1 3.9811e-05 3.5142 6.536277e-01 3.402510e-01 4.139902e-03 -0.1777 
5.9307e+04 4.2843 3.5013 2.53390 0.84355 0.4565 5.4182e+02 0 2.6182e-05 3.5013 6.529551e-01 3.408610e-01 4.198440e-03 -0.1912 
7.3513e+04 4.2933 3.4872 2.13986 0.84465 0.5193 7.3001e+02 0 2.6730e-05 3.4872 6.520180e-01 3.416870e-01 4.302059e-03 -0.1867 
8.7649e+04 4.3020 3.4748 1.76537 0.84595 0.6170 9.8901e+02 0 2.7290e-05 3.4748 6.508593e-01 3.426750e-01 4.463197e-03 -0.1781 
1.0127e+05 4.3047 3.4700 1.40207 0.84770 0.7451 1.2778e+03 0 2.7479e-05 3.4700 6.495996e-01 3.437120e-01 4.674702e-03 -0.1416 
1.1393e+05 4.3085 3.4944 1.06089 0.85005 0.8770 1.3318e+03 0 2.7669e-05 3.4944 6.484675e-01 3.446140e-01 4.893727e-03 -0.0985 
1.2184e+05 4.3160 3.6238 0.85718 0.85181 0.9359 5.1619e+02 0 2.8184e-05 3.6238 6.480111e-01 3.449680e-01 4.991824e-03 999.0000 
 4.4000 14 # agb_4.40_Z0.00600000_Mdot2_eta0.40_Mc0.00_dMc0.00_Tbd6.40_L0.00_dL0.00_C0.00_Nr3.00_rates0_KOPv_KMOLv.dat 
0.0000e+00 4.2330 3.5511 4.40000 0.85574 0.3748 1.2812e+02 1 1.2706e-05 3.5511 6.486000e-01 3.453640e-01 4.052485e-03 -0.1138 
5.5146e+03 4.2682 3.5456 4.31048 0.85666 0.3748 1.4383e+02 1 1.9498e-05 3.5456 6.486000e-01 3.453640e-01 4.052485e-03 -0.1211 
1.1780e+04 4.2777 3.5424 4.18967 0.85738 0.3795 1.5203e+02 1 2.3714e-05 3.5424 6.485174e-01 3.454370e-01 4.061049e-03 -0.1250 
1.9105e+04 4.2855 3.5383 4.01794 0.85814 0.3876 1.6230e+02 1 2.9648e-05 3.5383 6.483782e-01 3.455610e-01 4.075619e-03 -0.1311 
2.7647e+04 4.2947 3.5319 3.75401 0.85896 0.3994 1.7912e+02 1 4.1210e-05 3.5319 6.481594e-01 3.457580e-01 4.096488e-03 -0.1391 
3.7488e+04 4.3028 3.5210 3.31233 0.85981 0.4155 2.0986e+02 1 5.5847e-05 3.5210 6.478250e-01 3.460630e-01 4.124067e-03 -0.1642 
4.8500e+04 4.3107 3.5094 2.90114 0.86065 0.4411 4.7319e+02 0 3.2137e-05 3.5094 6.473139e-01 3.465290e-01 4.166598e-03 -0.1940 
6.0404e+04 4.3175 3.4978 2.53360 0.86148 0.4866 6.0203e+02 0 2.8249e-05 3.4978 6.465848e-01 3.471780e-01 4.241307e-03 -0.1718 
7.2664e+04 4.3244 3.4857 2.17820 0.86236 0.5603 7.8095e+02 0 2.8708e-05 3.4857 6.456427e-01 3.479920e-01 4.361780e-03 -0.1846 
8.4805e+04 4.3309 3.4758 1.84203 0.86346 0.6657 1.0059e+03 0 2.9174e-05 3.4758 6.445313e-01 3.489210e-01 4.534214e-03 -0.1725 
9.6437e+04 4.3332 3.4706 1.51790 0.86491 0.7972 1.2615e+03 0 2.9309e-05 3.4706 6.433401e-01 3.498850e-01 4.750074e-03 -0.1438 
1.0730e+05 4.3363 3.4848 1.21302 0.86683 0.9365 1.3686e+03 0 2.9512e-05 3.4848 6.422139e-01 3.507700e-01 4.979893e-03 -0.0461 
1.1747e+05 4.3399 3.5379 0.92467 0.86929 1.0508 1.0960e+03 0 2.9785e-05 3.5379 6.413645e-01 3.514210e-01 5.169394e-03 0.1519 
1.1953e+05 4.3034 3.6226 0.87492 0.86951 1.0508 4.9808e+02 0 2.8510e-05 3.6226 6.413645e-01 3.514210e-01 5.169394e-03 999.0000 
 4.6000 15 # agb_4.60_Z0.00600000_Mdot2_eta0.40_Mc0.00_dMc0.00_Tbd6.40_L0.00_dL0.00_C0.00_Nr3.00_rates0_KOPv_KMOLv.dat 
0.0000e+00 4.2620 3.5516 4.60000 0.87440 0.3756 1.3163e+02 1 1.4622e-05 3.5516 6.440000e-01 3.499590e-01 4.050338e-03 -0.1138 
4.5071e+03 4.2987 3.5461 4.51482 0.87521 0.3756 1.4799e+02 1 2.2646e-05 3.5461 6.440000e-01 3.499590e-01 4.050338e-03 -0.1198 
9.6256e+03 4.3056 3.5435 4.40325 0.87583 0.3798 1.5472e+02 1 2.6485e-05 3.5435 6.439311e-01 3.500200e-01 4.057918e-03 -0.1215 
1.5545e+04 4.3132 3.5398 4.24913 0.87648 0.3869 1.6414e+02 1 3.2359e-05 3.5398 6.438176e-01 3.501200e-01 4.070553e-03 -0.1271 
2.2414e+04 4.3215 3.5345 4.02284 0.87716 0.3970 1.7807e+02 1 4.2560e-05 3.5345 6.436432e-01 3.502760e-01 4.088258e-03 -0.1392 
3.0332e+04 4.3288 3.5263 3.66072 0.87787 0.4102 2.0121e+02 1 6.3533e-05 3.5263 6.433834e-01 3.505120e-01 4.110759e-03 -0.1570 
3.9263e+04 4.3355 3.5159 3.24717 0.87858 0.4288 2.3364e+02 1 4.2560e-05 3.5159 6.429991e-01 3.508630e-01 4.141618e-03 -0.1893 
4.9016e+04 4.3425 3.5063 2.90526 0.87926 0.4608 5.2162e+02 0 2.9923e-05 3.5063 6.424476e-01 3.513580e-01 4.194005e-03 -0.1879 
5.9263e+04 4.3478 3.4958 2.56740 0.87989 0.5131 6.4798e+02 0 3.0339e-05 3.4958 6.417177e-01 3.519980e-01 4.278932e-03 -0.1817 
6.9724e+04 4.3533 3.4860 2.25205 0.88059 0.5908 8.0596e+02 0 3.0690e-05 3.4860 6.408209e-01 3.527610e-01 4.405247e-03 -0.1850 
8.0005e+04 4.3596 3.4764 1.94691 0.88146 0.6956 1.0156e+03 0 3.1189e-05 3.4764 6.397916e-01 3.536100e-01 4.575921e-03 -0.1702 
8.9921e+04 4.3653 3.4733 1.64891 0.88264 0.8233 1.2273e+03 0 3.1550e-05 3.4733 6.386891e-01 3.544930e-01 4.784680e-03 -0.1343 
9.9293e+04 4.3675 3.4821 1.36552 0.88421 0.9629 1.3512e+03 0 3.1696e-05 3.4821 6.375970e-01 3.553440e-01 5.014135e-03 -0.0646 
1.0804e+05 4.3705 3.4860 1.09924 0.88619 1.0953 1.5963e+03 0 3.1915e-05 3.4860 6.366349e-01 3.560770e-01 5.232978e-03 0.0659 
1.1481e+05 4.3770 3.6269 0.89369 0.88803 1.1788 5.5456e+02 0 3.2434e-05 3.6269 6.360617e-01 3.565050e-01 5.371619e-03 999.0000 
 4.8000 17 # agb_4.80_Z0.00600000_Mdot2_eta0.40_Mc0.00_dMc0.00_Tbd6.40_L0.00_dL0.00_C0.00_Nr3.00_rates0_KOPv_KMOLv.dat 
0.0000e+00 4.2932 3.5518 4.80000 0.89490 0.3770 1.3617e+02 1 1.7298e-05 3.5518 6.394000e-01 3.545550e-01 4.048338e-03 -0.1128 
3.6633e+03 4.3251 3.5468 4.72056 0.89561 0.3770 1.5098e+02 1 2.5351e-05 3.5468 6.394000e-01 3.545550e-01 4.048338e-03 -0.1222 
7.7381e+03 4.3354 3.5440 4.61680 0.89614 0.3807 1.5887e+02 1 3.0409e-05 3.5440 6.393438e-01 3.546040e-01 4.054958e-03 -0.1270 
1.2440e+04 4.3407 3.5411 4.47839 0.89668 0.3870 1.6647e+02 1 3.5727e-05 3.5411 6.392526e-01 3.546840e-01 4.065903e-03 -0.1317 
1.7848e+04 4.3485 3.5367 4.28327 0.89724 0.3957 1.7841e+02 1 4.5082e-05 3.5367 6.391161e-01 3.548050e-01 4.080898e-03 -0.1405 
2.4042e+04 4.3559 3.5303 3.99058 0.89781 0.4066 1.9647e+02 1 6.2087e-05 3.5303 6.389178e-01 3.549830e-01 4.099391e-03 -0.1526 
3.1020e+04 4.3622 3.5215 3.60339 0.89838 0.4202 2.2324e+02 1 5.5590e-05 3.5215 6.386335e-01 3.552430e-01 4.121877e-03 -0.1732 
3.8743e+04 4.3685 3.5128 3.26862 0.89893 0.4423 2.5291e+02 1 3.7325e-05 3.5128 6.382297e-01 3.556090e-01 4.157741e-03 -0.1825 
4.6997e+04 4.3737 3.5047 2.97017 0.89942 0.4777 5.5616e+02 0 3.2211e-05 3.5047 6.376886e-01 3.560880e-01 4.214920e-03 -0.1635 
5.5639e+04 4.3779 3.4961 2.67809 0.89991 0.5308 6.6571e+02 0 3.2509e-05 3.4961 6.370112e-01 3.566750e-01 4.300395e-03 -0.1845 
6.4347e+04 4.3822 3.4880 2.39984 0.90042 0.6049 7.9786e+02 0 3.2810e-05 3.4880 6.362075e-01 3.573520e-01 4.419805e-03 -0.1839 
7.3032e+04 4.3868 3.4796 2.12404 0.90107 0.7010 9.6908e+02 0 3.3189e-05 3.4796 6.352988e-01 3.580970e-01 4.575245e-03 -0.1698 
8.1426e+04 4.3905 3.4757 1.85526 0.90191 0.8173 1.1430e+03 0 3.3420e-05 3.4757 6.343176e-01 3.588800e-01 4.763834e-03 -0.1461 
8.9422e+04 4.3922 3.4791 1.59815 0.90302 0.9474 1.2727e+03 0 3.3574e-05 3.4791 6.333119e-01 3.596630e-01 4.976123e-03 -0.0965 
9.7000e+04 4.3942 3.4681 1.35321 0.90446 1.0815 1.6387e+03 0 3.3729e-05 3.4681 6.323444e-01 3.604000e-01 5.196003e-03 -0.0326 
1.0413e+05 4.3968 3.4821 1.12144 0.90622 1.2071 1.7215e+03 0 3.3963e-05 3.4821 6.314842e-01 3.610430e-01 5.403056e-03 0.1157 
1.1050e+05 4.4014 3.6301 0.91357 0.90812 1.2976 5.5761e+02 0 3.4277e-05 3.6301 6.308889e-01 3.614800e-01 5.553024e-03 999.0000 
 5.0000 21 # agb_5.00_Z0.00600000_Mdot2_eta0.40_Mc0.00_dMc0.00_Tbd6.40_L0.00_dL0.00_C0.00_Nr3.00_rates0_KOPv_KMOLv.dat 
0.0000e+00 4.3305 3.5509 5.00000 0.92104 0.3775 1.4370e+02 1 2.1979e-05 3.5509 6.354000e-01 3.585510e-01 4.047713e-03 -0.1152 
2.7734e+03 4.3614 3.5462 4.92430 0.92163 0.3775 1.5861e+02 1 3.1696e-05 3.5462 6.354000e-01 3.585510e-01 4.047713e-03 -0.1229 
5.8596e+03 4.3681 3.5440 4.82883 0.92205 0.3808 1.6490e+02 1 3.6308e-05 3.5440 6.353556e-01 3.585900e-01 4.053447e-03 -0.1280 
9.3653e+03 4.3741 3.5413 4.70443 0.92247 0.3862 1.7231e+02 1 4.2267e-05 3.5413 6.352857e-01 3.586500e-01 4.062763e-03 -0.1303 
1.3404e+04 4.3811 3.5376 4.53227 0.92292 0.3936 1.8270e+02 1 5.1642e-05 3.5376 6.351835e-01 3.587390e-01 4.075353e-03 -0.1374 
1.7914e+04 4.3887 3.5325 4.29179 0.92334 0.4026 1.9770e+02 1 6.7298e-05 3.5325 6.350388e-01 3.588670e-01 4.090532e-03 -0.1466 
2.3036e+04 4.3954 3.5255 3.96155 0.92378 0.4132 2.1957e+02 1 6.8077e-05 3.5255 6.348374e-01 3.590500e-01 4.108013e-03 -0.1625 
2.8785e+04 4.4000 3.5185 3.65664 0.92423 0.4279 2.4284e+02 1 4.7753e-05 3.5185 6.345582e-01 3.593040e-01 4.131798e-03 -0.1829 
3.4953e+04 4.4050 3.5121 3.39183 0.92462 0.4500 2.6669e+02 1 3.6392e-05 3.5121 6.341873e-01 3.596360e-01 4.167353e-03 -0.1750 
4.1480e+04 4.4084 3.5054 3.13775 0.92496 0.4823 5.6875e+02 0 3.4834e-05 3.5054 6.337195e-01 3.600490e-01 4.219249e-03 -0.1649 
4.8244e+04 4.4122 3.4986 2.89470 0.92528 0.5276 6.5533e+02 0 3.5156e-05 3.4986 6.331560e-01 3.605350e-01 4.291720e-03 -0.1798 
5.5150e+04 4.4151 3.4921 2.65585 0.92562 0.5879 7.5535e+02 0 3.5400e-05 3.4921 6.325018e-01 3.610870e-01 4.388419e-03 -0.1781 
6.2036e+04 4.4185 3.4853 2.41942 0.92600 0.6644 8.7928e+02 0 3.5645e-05 3.4853 6.317673e-01 3.616920e-01 4.511230e-03 -0.1709 
6.8850e+04 4.4203 3.4789 2.18438 0.92650 0.7569 1.0246e+03 0 3.5810e-05 3.4789 6.309653e-01 3.623370e-01 4.660416e-03 -0.1693 
7.5504e+04 4.4222 3.4775 1.95365 0.92716 0.8634 1.1523e+03 0 3.5975e-05 3.4775 6.301176e-01 3.630040e-01 4.832801e-03 -0.1400 
8.1817e+04 4.4236 3.4826 1.73422 0.92799 0.9802 1.2298e+03 0 3.6058e-05 3.4826 6.292492e-01 3.636730e-01 5.022796e-03 -0.0946 
8.7879e+04 4.4250 3.4624 1.52267 0.92906 1.1018 1.6602e+03 0 3.6224e-05 3.4624 6.283924e-01 3.643210e-01 5.221678e-03 -0.0522 
9.3632e+04 4.4267 3.4632 1.32104 0.93036 1.2225 1.8814e+03 0 3.6392e-05 3.4632 6.275775e-01 3.649270e-01 5.420089e-03 0.0417 
9.9131e+04 4.4286 3.4883 1.12740 0.93189 1.3353 1.7415e+03 0 3.6559e-05 3.4883 6.268407e-01 3.654680e-01 5.606543e-03 0.1407 
1.0441e+05 4.4309 3.6241 0.94045 0.93363 1.4245 6.1255e+02 0 3.6728e-05 3.6241 6.262739e-01 3.658790e-01 5.754580e-03 0.5817 
1.0446e+05 4.3357 3.6264 0.93887 0.93364 1.4245 4.8556e+02 0 3.2285e-05 3.6264 6.262739e-01 3.658790e-01 5.754580e-03 999.0000 
 5.2000 24 # agb_5.20_Z0.00600000_Mdot2_eta0.40_Mc0.00_dMc0.00_Tbd6.40_L0.00_dL0.00_C0.00_Nr3.00_rates0_KOPv_KMOLv.dat 
0.0000e+00 4.3714 3.5495 5.20000 0.94623 0.3771 1.5339e+02 1 2.9040e-05 3.5495 6.320000e-01 3.619480e-01 4.048124e-03 -0.1178 
2.1404e+03 4.4002 3.5451 5.12364 0.94673 0.3771 1.6832e+02 1 4.1020e-05 3.5451 6.320000e-01 3.619480e-01 4.048125e-03 -0.1266 
4.4927e+03 4.4081 3.5427 5.02783 0.94708 0.3801 1.7538e+02 1 4.7424e-05 3.5427 6.319643e-01 3.619780e-01 4.053210e-03 -0.1285 
7.1660e+03 4.4161 3.5398 4.90022 0.94743 0.3847 1.8421e+02 1 5.6364e-05 3.5398 6.319088e-01 3.620250e-01 4.061527e-03 -0.1328 
1.0177e+04 4.4233 3.5363 4.72932 0.94778 0.3907 1.9498e+02 1 6.8391e-05 3.5363 6.318285e-01 3.620940e-01 4.072902e-03 -0.1389 
1.3577e+04 4.4325 3.5311 4.48398 0.94813 0.3968 2.1171e+02 1 9.0365e-05 3.5311 6.317163e-01 3.621910e-01 4.086918e-03 -0.1506 
1.7414e+04 4.4389 3.5255 4.22123 0.94848 0.4020 2.3017e+02 1 6.7453e-05 3.5255 6.315615e-01 3.623280e-01 4.103395e-03 -0.1687 
2.1679e+04 4.4437 3.5201 3.97882 0.94882 0.4064 2.4891e+02 1 5.2000e-05 3.5201 6.313534e-01 3.625150e-01 4.123623e-03 -0.1734 
2.6282e+04 4.4472 3.5154 3.75608 0.94912 0.4132 2.6704e+02 1 4.2364e-05 3.5154 6.310842e-01 3.627550e-01 4.151140e-03 -0.1585 
3.1241e+04 4.4507 3.5103 3.54244 0.94941 0.4249 2.8735e+02 1 3.8459e-05 3.5103 6.307492e-01 3.630500e-01 4.188447e-03 -0.1575 
3.6399e+04 4.4520 3.5051 3.33100 0.94965 0.4473 5.9535e+02 0 3.8548e-05 3.5051 6.303472e-01 3.634000e-01 4.237023e-03 -0.1724 
4.1777e+04 4.4530 3.5000 3.12160 0.94988 0.4828 6.6246e+02 0 3.8637e-05 3.5000 6.298789e-01 3.638020e-01 4.299377e-03 -0.1748 
4.7266e+04 4.4514 3.4951 2.91463 0.95011 0.5318 7.3346e+02 0 3.8459e-05 3.4951 6.293460e-01 3.642510e-01 4.378186e-03 -0.1770 
5.2726e+04 4.4523 3.4900 2.71120 0.95033 0.5928 8.2077e+02 0 3.8548e-05 3.4900 6.287553e-01 3.647400e-01 4.475365e-03 -0.1736 
5.8220e+04 4.4528 3.4847 2.50606 0.95062 0.6658 9.2506e+02 0 3.8637e-05 3.4847 6.281115e-01 3.652610e-01 4.591952e-03 -0.1625 
6.3640e+04 4.4529 3.4797 2.30349 0.95098 0.7504 1.0437e+03 0 3.8637e-05 3.4797 6.274225e-01 3.658070e-01 4.727532e-03 -0.1677 
6.8933e+04 4.4531 3.4786 2.10555 0.95145 0.8451 1.1435e+03 0 3.8637e-05 3.4786 6.267000e-01 3.663700e-01 4.880045e-03 -0.1417 
7.4050e+04 4.4559 3.4808 1.91304 0.95206 0.9479 1.2299e+03 0 3.8905e-05 3.4808 6.259576e-01 3.669370e-01 5.046325e-03 -0.1039 
7.8974e+04 4.4569 3.4658 1.72735 0.95281 1.0567 1.5445e+03 0 3.8994e-05 3.4658 6.252065e-01 3.675030e-01 5.223064e-03 -0.0769 
8.3703e+04 4.4580 3.4576 1.54852 0.95373 1.1678 1.8375e+03 0 3.9084e-05 3.4576 6.244659e-01 3.680520e-01 5.404559e-03 -0.0302 
8.8210e+04 4.4594 3.4655 1.37751 0.95481 1.2782 1.9096e+03 0 3.9174e-05 3.4655 6.237508e-01 3.685770e-01 5.585837e-03 0.0551 
9.2542e+04 4.4611 3.4747 1.21256 0.95606 1.3848 1.9794e+03 0 3.9355e-05 3.4747 6.230766e-01 3.690650e-01 5.761615e-03 0.2062 
9.6745e+04 4.4628 3.5180 1.05177 0.95747 1.4825 1.5345e+03 0 3.9537e-05 3.5180 6.224695e-01 3.695010e-01 5.923623e-03 0.4212 
9.9112e+04 4.4659 3.6378 0.96326 0.95824 1.5452 5.7335e+02 0 3.9811e-05 3.6378 6.220862e-01 3.697740e-01 6.027968e-03 999.0000 
 5.4000 28 # agb_5.40_Z0.00600000_Mdot2_eta0.40_Mc0.00_dMc0.00_Tbd6.40_L0.00_dL0.00_C0.00_Nr3.00_rates0_KOPv_KMOLv.dat 
0.0000e+00 4.4131 3.5479 5.40000 0.96929 0.3768 1.6439e+02 1 3.8994e-05 3.5479 6.290000e-01 3.649450e-01 4.047682e-03 -0.1181 
1.6776e+03 4.4586 3.5412 5.30555 0.96973 0.3743 1.8934e+02 1 6.5917e-05 3.5412 6.289982e-01 3.649450e-01 4.049084e-03 -0.1252 
3.5175e+03 4.4736 3.5376 5.17699 0.97003 0.3675 2.0224e+02 1 8.3560e-05 3.5376 6.289647e-01 3.649700e-01 4.057500e-03 -0.1306 
5.5956e+03 4.4831 3.5337 5.00014 0.97032 0.3525 2.1553e+02 1 1.0399e-04 3.5337 6.289127e-01 3.650080e-01 4.071362e-03 -0.1396 
7.9326e+03 4.4918 3.5296 4.81203 0.97060 0.3262 2.3023e+02 1 8.4140e-05 3.5296 6.288373e-01 3.650640e-01 4.090556e-03 -0.1513 
1.0573e+04 4.4991 3.5256 4.62861 0.97088 0.2872 2.4498e+02 1 6.8234e-05 3.5256 6.287331e-01 3.651430e-01 4.114372e-03 -0.1516 
1.3531e+04 4.5029 3.5221 4.44812 0.97116 0.2387 2.5833e+02 1 5.7810e-05 3.5221 6.285957e-01 3.652530e-01 4.141018e-03 -0.1517 
1.6762e+04 4.5064 3.5186 4.27273 0.97142 0.1864 2.7230e+02 1 4.9659e-05 3.5186 6.284209e-01 3.653990e-01 4.169125e-03 -0.1437 
2.0308e+04 4.5083 3.5158 4.09838 0.97168 0.1385 2.8492e+02 1 4.3853e-05 3.5158 6.282047e-01 3.655820e-01 4.200672e-03 -0.1441 
2.4068e+04 4.5102 3.5119 3.91902 0.97191 0.1032 3.0085e+02 1 4.4055e-05 3.5119 6.279448e-01 3.658050e-01 4.235781e-03 -0.1586 
2.8090e+04 4.5085 3.5081 3.72858 0.97213 0.0842 3.1630e+02 1 4.3853e-05 3.5081 6.276394e-01 3.660680e-01 4.275631e-03 -0.1625 
3.2246e+04 4.5061 3.5044 3.54122 0.97231 0.0803 6.3982e+02 0 4.3652e-05 3.5044 6.272875e-01 3.663700e-01 4.322771e-03 -0.1641 
3.6536e+04 4.5019 3.5009 3.35595 0.97247 0.0898 6.8643e+02 0 4.3251e-05 3.5009 6.268906e-01 3.667060e-01 4.379621e-03 -0.1618 
4.0907e+04 4.4984 3.4972 3.17249 0.97262 0.1137 7.4085e+02 0 4.2855e-05 3.4972 6.264508e-01 3.670740e-01 4.447630e-03 -0.1626 
4.5332e+04 4.4933 3.4933 2.99128 0.97277 0.1564 7.9914e+02 0 4.2364e-05 3.4933 6.259706e-01 3.674710e-01 4.526975e-03 -0.1675 
4.9816e+04 4.4876 3.4896 2.80947 0.97296 0.2148 8.6328e+02 0 4.1783e-05 3.4896 6.254513e-01 3.678930e-01 4.618873e-03 -0.1805 
5.4230e+04 4.4843 3.4856 2.63170 0.97314 0.2829 9.4168e+02 0 4.1495e-05 3.4856 6.248960e-01 3.683370e-01 4.724798e-03 -0.1691 
5.8634e+04 4.4821 3.4816 2.45496 0.97340 0.3595 1.0344e+03 0 4.1305e-05 3.4816 6.243103e-01 3.687970e-01 4.844276e-03 -0.1626 
6.2959e+04 4.4809 3.4768 2.28178 0.97373 0.4438 1.1496e+03 0 4.1210e-05 3.4768 6.236997e-01 3.692690e-01 4.976227e-03 -0.1499 
6.7174e+04 4.4810 3.4736 2.11287 0.97415 0.5347 1.2678e+03 0 4.1210e-05 3.4736 6.230703e-01 3.697490e-01 5.119149e-03 -0.1392 
7.1265e+04 4.4817 3.4715 1.94873 0.97466 0.6309 1.3914e+03 0 4.1305e-05 3.4715 6.224285e-01 3.702310e-01 5.271227e-03 -0.1033 
7.5218e+04 4.4825 3.4722 1.78981 0.97529 0.7309 1.4960e+03 0 4.1305e-05 3.4722 6.217821e-01 3.707100e-01 5.429939e-03 -0.0698 
7.9030e+04 4.4834 3.4738 1.63625 0.97603 0.8328 1.6023e+03 0 4.1400e-05 3.4738 6.211399e-01 3.711810e-01 5.592508e-03 -0.0302 
8.2690e+04 4.4846 3.4825 1.48845 0.97689 0.9350 1.6189e+03 0 4.1495e-05 3.4825 6.205092e-01 3.716390e-01 5.756274e-03 0.0237 
8.6247e+04 4.4857 3.4814 1.34442 0.97788 1.0360 1.7953e+03 0 4.1687e-05 3.4814 6.198965e-01 3.720790e-01 5.918852e-03 0.0940 
8.9692e+04 4.4870 3.4963 1.20445 0.97898 1.1340 1.7406e+03 0 4.1783e-05 3.4963 6.193101e-01 3.724980e-01 6.077347e-03 0.2060 
9.3035e+04 4.4885 3.5246 1.06821 0.98020 1.2224 1.5106e+03 0 4.1879e-05 3.5246 6.187869e-01 3.728680e-01 6.220978e-03 0.4916 
9.5071e+04 4.4915 3.6365 0.98650 0.98094 1.2751 6.0112e+02 0 4.2170e-05 3.6365 6.184783e-01 3.730860e-01 6.306841e-03 999.0000 
