# age(yr) logL logTe m_act mcore c/o period ip Mdot(Msun/yr) logTe X Y CNO dlogTe/dlogL 
 0.5150 3 # agb_0.515_Z0.00100000_Mdot51_eta1.00_Mc0.00_dMc0.00_Tbd6.40_L0.00_dL0.00_C0.00_Nr3.00_rates0_KOPv_KMOLv.dat 
0.0000e+00 2.9167 3.6438 0.51500 0.49802 0.5366 1.7446e+01 1 1.7338e-08 3.6438 7.405000e-01 2.585160e-01 6.637973e-04 -0.0779 
2.5073e+05 3.1675 3.6456 0.50469 0.49981 0.5366 2.7520e+01 1 8.3176e-08 3.6456 7.405000e-01 2.585160e-01 6.637973e-04 -0.0787 
3.6985e+05 3.0042 3.6699 0.50230 0.50018 0.5366 1.7133e+01 1 3.8905e-08 3.6699 7.405000e-01 2.585160e-01 6.637973e-04 999.0000 
 0.5250 3 # agb_0.525_Z0.00100000_Mdot51_eta1.00_Mc0.00_dMc0.00_Tbd6.40_L0.00_dL0.00_C0.00_Nr3.00_rates0_KOPv_KMOLv.dat 
0.0000e+00 3.0358 3.6277 0.52500 0.49881 0.5214 2.4177e+01 1 2.9785e-08 3.6277 7.403000e-01 2.587090e-01 6.648358e-04 -0.0823 
2.5508e+05 3.2150 3.6289 0.51116 0.50100 0.5214 3.3719e+01 1 9.6828e-08 3.6289 7.403000e-01 2.587090e-01 6.648358e-04 -0.0833 
4.0869e+05 3.1886 3.6439 0.50676 0.50172 0.5214 2.8903e+01 1 9.4189e-08 3.6439 7.403000e-01 2.587090e-01 6.648358e-04 999.0000 
 0.5300 3 # agb_0.530_Z0.00100000_Mdot51_eta1.00_Mc0.00_dMc0.00_Tbd6.40_L0.00_dL0.00_C0.00_Nr3.00_rates0_KOPv_KMOLv.dat 
0.0000e+00 3.1227 3.6189 0.53000 0.50044 0.4632 3.0079e+01 1 4.6345e-08 3.6189 7.401000e-01 2.588960e-01 6.679484e-04 -0.0836 
2.5231e+05 3.2561 3.6284 0.51200 0.50288 0.4632 7.3861e+01 0 1.2823e-07 3.6284 7.401000e-01 2.588960e-01 6.679484e-04 -0.0840 
3.8188e+05 3.1678 3.6453 0.50851 0.50342 0.4632 2.7500e+01 1 8.4918e-08 3.6453 7.401000e-01 2.588960e-01 6.679484e-04 999.0000 
 0.5400 3 # agb_0.540_Z0.00100000_Mdot51_eta1.00_Mc0.00_dMc0.00_Tbd6.40_L0.00_dL0.00_C0.00_Nr3.00_rates0_KOPv_KMOLv.dat 
0.0000e+00 3.1943 3.6099 0.54000 0.50256 0.4072 3.6279e+01 1 6.4863e-08 3.6099 7.397000e-01 2.593170e-01 6.709120e-04 -0.0854 
2.4831e+05 3.2994 3.6179 0.51902 0.50531 0.4072 8.8262e+01 0 1.4655e-07 3.6179 7.397000e-01 2.593170e-01 6.709120e-04 -0.0857 
4.0225e+05 3.2870 3.6350 0.51234 0.50629 0.4072 7.4536e+01 0 1.5849e-07 3.6350 7.397000e-01 2.593170e-01 6.709120e-04 999.0000 
 0.5500 5 # agb_0.550_Z0.00100000_Mdot51_eta1.00_Mc0.00_dMc0.00_Tbd6.40_L0.00_dL0.00_C0.00_Nr3.00_rates0_KOPv_KMOLv.dat 
0.0000e+00 2.9977 3.6234 0.55000 0.50075 0.4199 2.2716e+01 1 2.0701e-08 3.6234 7.399000e-01 2.591650e-01 6.702441e-04 -0.0851 
2.4742e+05 3.2162 3.6078 0.54073 0.50285 0.4199 7.7298e+01 0 6.4417e-08 3.6078 7.399000e-01 2.591650e-01 6.702441e-04 -0.0851 
4.5012e+05 3.2625 3.6073 0.53418 0.50432 0.4199 8.7102e+01 0 8.9743e-08 3.6073 7.399000e-01 2.591650e-01 6.702441e-04 -0.0876 
5.7662e+05 3.2603 3.6208 0.52045 0.50677 0.4199 7.8607e+01 0 1.0520e-07 3.6208 7.399000e-01 2.591650e-01 6.702441e-04 -0.0876 
7.5612e+05 3.2764 3.6394 0.51309 0.50802 0.4199 3.4876e+01 1 1.3868e-07 3.6394 7.399000e-01 2.591650e-01 6.702441e-04 999.0000 
 0.5600 3 # agb_0.560_Z0.00100000_Mdot51_eta1.00_Mc0.00_dMc0.00_Tbd6.40_L0.00_dL0.00_C0.00_Nr3.00_rates0_KOPv_KMOLv.dat 
0.0000e+00 3.2006 3.6046 0.56000 0.50405 0.3710 3.7450e+01 1 5.9566e-08 3.6046 7.391000e-01 2.598890e-01 6.727348e-04 -0.0876 
2.3989e+05 3.3227 3.6005 0.54137 0.50673 0.3710 1.0463e+02 0 1.4125e-07 3.6005 7.391000e-01 2.598890e-01 6.727348e-04 -0.0887 
4.8933e+05 3.3884 3.6319 0.51542 0.50988 0.3710 9.5614e+01 0 3.1333e-07 3.6319 7.391000e-01 2.598890e-01 6.727348e-04 999.0000 
 0.5700 5 # agb_0.570_Z0.00100000_Mdot51_eta1.00_Mc0.00_dMc0.00_Tbd6.40_L0.00_dL0.00_C0.00_Nr3.00_rates0_KOPv_KMOLv.dat 
0.0000e+00 3.0081 3.6202 0.57000 0.50294 0.3986 2.3278e+01 1 1.9815e-08 3.6202 7.396000e-01 2.594630e-01 6.714069e-04 -0.0852 
2.4617e+05 3.2198 3.6032 0.56073 0.50517 0.3986 7.8607e+01 0 5.8479e-08 3.6032 7.396000e-01 2.594630e-01 6.714069e-04 -0.0852 
4.7213e+05 3.2980 3.5992 0.55188 0.50722 0.3986 9.8383e+01 0 9.7275e-08 3.5992 7.396000e-01 2.594630e-01 6.714069e-04 -0.0889 
5.6592e+05 3.2770 3.6054 0.54203 0.50919 0.3986 9.0298e+01 0 9.4189e-08 3.6054 7.396000e-01 2.594630e-01 6.714069e-04 -0.0889 
8.4369e+05 3.3756 3.6350 0.51805 0.51300 0.3986 8.9964e+01 0 2.5119e-07 3.6350 7.396000e-01 2.594630e-01 6.714069e-04 999.0000 
 0.5800 5 # agb_0.580_Z0.00100000_Mdot51_eta1.00_Mc0.00_dMc0.00_Tbd6.40_L0.00_dL0.00_C0.00_Nr3.00_rates0_KOPv_KMOLv.dat 
0.0000e+00 3.0233 3.6182 0.58000 0.50438 0.3969 2.4077e+01 1 2.0559e-08 3.6182 7.395000e-01 2.594760e-01 6.713528e-04 -0.0856 
2.3587e+05 3.2448 3.5998 0.56984 0.50652 0.3969 8.4468e+01 0 7.5858e-08 3.5998 7.395000e-01 2.594760e-01 6.713528e-04 -0.0856 
4.6272e+05 3.3040 3.5975 0.55920 0.50867 0.3969 1.0009e+02 0 1.1402e-07 3.5975 7.395000e-01 2.594760e-01 6.713528e-04 -0.0892 
5.5185e+05 3.2987 3.6019 0.54812 0.51057 0.3969 9.6825e+01 0 1.2134e-07 3.6019 7.395000e-01 2.594760e-01 6.713528e-04 -0.0892 
8.2837e+05 3.3803 3.6342 0.51969 0.51446 0.3969 9.1344e+01 0 3.0269e-07 3.6342 7.395000e-01 2.594760e-01 6.713528e-04 999.0000 
 0.5900 5 # agb_0.590_Z0.00100000_Mdot51_eta1.00_Mc0.00_dMc0.00_Tbd6.40_L0.00_dL0.00_C0.00_Nr3.00_rates0_KOPv_KMOLv.dat 
0.0000e+00 3.0419 3.6159 0.59000 0.50599 0.3976 2.5101e+01 1 2.1777e-08 3.6159 7.394000e-01 2.595980e-01 6.714799e-04 -0.0863 
2.3457e+05 3.2507 3.5982 0.57995 0.50822 0.3976 8.5427e+01 0 7.1779e-08 3.5982 7.394000e-01 2.595980e-01 6.714799e-04 -0.0863 
4.5703e+05 3.3228 3.5944 0.56941 0.51045 0.3976 1.0559e+02 0 1.1508e-07 3.5944 7.394000e-01 2.595980e-01 6.714799e-04 -0.0893 
5.4765e+05 3.3094 3.5987 0.55813 0.51249 0.3976 1.0040e+02 0 1.1588e-07 3.5987 7.394000e-01 2.595980e-01 6.714799e-04 -0.0893 
8.4516e+05 3.4032 3.6299 0.52345 0.51733 0.3976 9.9248e+01 0 3.2285e-07 3.6299 7.394000e-01 2.595980e-01 6.714799e-04 999.0000 
 0.6000 4 # agb_0.600_Z0.00100000_Mdot51_eta1.00_Mc0.00_dMc0.00_Tbd6.40_L0.00_dL0.00_C0.00_Nr3.00_rates0_KOPv_KMOLv.dat 
0.0000e+00 3.0467 3.6151 0.60000 0.50769 0.4026 2.5260e+01 1 2.1528e-08 3.6151 7.395000e-01 2.595240e-01 6.711460e-04 -0.0867 
2.3216e+05 3.2610 3.5966 0.59007 0.51001 0.4026 8.7309e+01 0 6.9183e-08 3.5966 7.395000e-01 2.595240e-01 6.711460e-04 -0.0893 
5.3362e+05 3.3328 3.5946 0.57018 0.51422 0.4026 1.0765e+02 0 1.1695e-07 3.5946 7.395000e-01 2.595240e-01 6.711460e-04 -0.0901 
8.7335e+05 3.4195 3.6337 0.52575 0.52066 0.4026 9.9106e+01 0 3.4754e-07 3.6337 7.395000e-01 2.595240e-01 6.711460e-04 999.0000 
 0.6200 5 # agb_0.62_Z0.00100000_Mdot51_eta1.00_Mc0.00_dMc0.00_Tbd6.40_L0.00_dL0.00_C0.00_Nr3.00_rates0_KOPv_KMOLv.dat 
0.0000e+00 3.2211 3.5988 0.62000 0.51226 0.3971 3.8515e+01 1 5.1050e-08 3.5988 7.390000e-01 2.600400e-01 6.715154e-04 -0.0901 
2.1952e+05 3.3632 3.5870 0.60581 0.51506 0.3971 1.1672e+02 0 1.1220e-07 3.5870 7.390000e-01 2.600400e-01 6.715154e-04 -0.0901 
4.2712e+05 3.4225 3.5838 0.59195 0.51782 0.3971 1.4006e+02 0 1.6982e-07 3.5838 7.390000e-01 2.600400e-01 6.715154e-04 -0.0903 
5.2391e+05 3.4187 3.5886 0.57329 0.52068 0.3971 1.3694e+02 0 1.8967e-07 3.5886 7.390000e-01 2.600400e-01 6.715154e-04 -0.0903 
7.8057e+05 3.4951 3.6288 0.53150 0.52587 0.3971 1.2135e+02 0 5.2602e-07 3.6288 7.390000e-01 2.600400e-01 6.715154e-04 999.0000 
 0.6500 4 # agb_0.65_Z0.00100000_Mdot51_eta1.00_Mc0.00_dMc0.00_Tbd6.40_L0.00_dL0.00_C0.00_Nr3.00_rates0_KOPv_KMOLv.dat 
0.0000e+00 3.1663 3.6037 0.65000 0.51465 0.4188 3.2803e+01 1 3.4041e-08 3.6037 7.393000e-01 2.596250e-01 6.702758e-04 -0.0882 
2.1665e+05 3.3310 3.5889 0.63623 0.51731 0.4188 1.0223e+02 0 1.0186e-07 3.5889 7.393000e-01 2.596250e-01 6.702758e-04 -0.0898 
5.0772e+05 3.3954 3.5858 0.60692 0.52241 0.4188 1.2658e+02 0 1.6904e-07 3.5858 7.393000e-01 2.596250e-01 6.702758e-04 -0.0904 
8.4272e+05 3.4670 3.6322 0.53572 0.53047 0.4188 1.0982e+02 0 5.4200e-07 3.6322 7.393000e-01 2.596250e-01 6.702758e-04 999.0000 
 0.6600 5 # agb_0.66_Z0.00100000_Mdot51_eta1.00_Mc0.00_dMc0.00_Tbd6.40_L0.00_dL0.00_C0.00_Nr3.00_rates0_KOPv_KMOLv.dat 
0.0000e+00 3.1308 3.6070 0.66000 0.51595 0.4279 2.9780e+01 1 2.7479e-08 3.6070 7.395000e-01 2.594600e-01 6.697537e-04 -0.0885 
2.1084e+05 3.3325 3.5886 0.64840 0.51848 0.4279 1.0103e+02 0 9.2045e-08 3.5886 7.395000e-01 2.594600e-01 6.697537e-04 -0.0891 
4.9796e+05 3.3950 3.5847 0.62334 0.52345 0.4279 1.2470e+02 0 1.4723e-07 3.5847 7.395000e-01 2.594600e-01 6.697537e-04 -0.0899 
8.3075e+05 3.4650 3.5926 0.56746 0.53146 0.4279 1.4788e+02 0 3.1915e-07 3.5926 7.395000e-01 2.594600e-01 6.697537e-04 -0.0909 
9.9669e+05 3.4912 3.6303 0.53962 0.53427 0.4279 1.1711e+02 0 5.8076e-07 3.6303 7.395000e-01 2.594600e-01 6.697537e-04 999.0000 
 0.6800 5 # agb_0.68_Z0.00100000_Mdot51_eta1.00_Mc0.00_dMc0.00_Tbd6.40_L0.00_dL0.00_C0.00_Nr3.00_rates0_KOPv_KMOLv.dat 
0.0000e+00 3.1670 3.6039 0.68000 0.51789 0.4328 3.2054e+01 1 3.1261e-08 3.6039 7.396000e-01 2.594870e-01 6.694658e-04 -0.0891 
2.1198e+05 3.3475 3.5874 0.66966 0.52071 0.4328 1.0266e+02 0 7.2611e-08 3.5874 7.396000e-01 2.594870e-01 6.694658e-04 -0.0889 
4.9204e+05 3.4274 3.5809 0.64858 0.52602 0.4328 1.3384e+02 0 1.2474e-07 3.5809 7.396000e-01 2.594870e-01 6.694658e-04 -0.0905 
8.1900e+05 3.4969 3.5805 0.60463 0.53464 0.4328 1.6706e+02 0 2.3659e-07 3.5805 7.396000e-01 2.594870e-01 6.694658e-04 -0.0927 
1.0622e+06 3.5760 3.6251 0.54763 0.54147 0.4328 1.4635e+02 0 7.4131e-07 3.6251 7.396000e-01 2.594870e-01 6.694658e-04 999.0000 
 0.7000 5 # agb_0.70_Z0.00100000_Mdot51_eta1.00_Mc0.00_dMc0.00_Tbd6.40_L0.00_dL0.00_C0.00_Nr3.00_rates0_KOPv_KMOLv.dat 
0.0000e+00 3.1855 3.6026 0.70000 0.51953 0.4393 3.2983e+01 1 3.2584e-08 3.6026 7.396000e-01 2.594200e-01 6.690886e-04 -0.0894 
1.9976e+05 3.3829 3.5842 0.68923 0.52220 0.4393 1.1136e+02 0 9.4842e-08 3.5842 7.396000e-01 2.594200e-01 6.690886e-04 -0.0897 
4.8797e+05 3.4273 3.5808 0.66446 0.52788 0.4393 1.3105e+02 0 1.3459e-07 3.5808 7.396000e-01 2.594200e-01 6.690886e-04 -0.0903 
8.0683e+05 3.5015 3.5790 0.61644 0.53646 0.4393 1.6813e+02 0 2.6182e-07 3.5790 7.396000e-01 2.594200e-01 6.690886e-04 -0.0929 
1.0527e+06 3.5796 3.6257 0.54965 0.54362 0.4393 1.4627e+02 0 8.6696e-07 3.6257 7.396000e-01 2.594200e-01 6.690886e-04 999.0000 
 0.7200 6 # agb_0.72_Z0.00100000_Mdot51_eta1.00_Mc0.00_dMc0.00_Tbd6.40_L0.00_dL0.00_C0.00_Nr3.00_rates0_KOPv_KMOLv.dat 
0.0000e+00 3.1549 3.6058 0.72000 0.52096 0.4483 3.0032e+01 1 2.6424e-08 3.6058 7.398000e-01 2.592590e-01 6.686511e-04 -0.0888 
2.0328e+05 3.3614 3.5869 0.71038 0.52372 0.4483 1.0088e+02 0 7.2778e-08 3.5869 7.398000e-01 2.592590e-01 6.686511e-04 -0.0896 
4.8019e+05 3.4249 3.5811 0.69019 0.52914 0.4483 1.2564e+02 0 1.1194e-07 3.5811 7.398000e-01 2.592590e-01 6.686511e-04 -0.0899 
7.9110e+05 3.5078 3.5752 0.65162 0.53751 0.4483 1.6773e+02 0 2.1135e-07 3.5752 7.398000e-01 2.592590e-01 6.686511e-04 -0.0930 
1.0961e+06 3.5712 3.5932 0.57438 0.54780 0.4483 1.8444e+02 0 5.3580e-07 3.5932 7.398000e-01 2.592590e-01 6.686511e-04 -0.0899 
1.2041e+06 3.5135 3.6305 0.55499 0.54954 0.4483 1.1979e+02 0 5.1880e-07 3.6305 7.398000e-01 2.592590e-01 6.686511e-04 999.0000 
 0.7500 6 # agb_0.75_Z0.00100000_Mdot51_eta1.00_Mc0.00_dMc0.00_Tbd6.40_L0.00_dL0.00_C0.00_Nr3.00_rates0_KOPv_KMOLv.dat 
0.0000e+00 3.1516 3.6069 0.75000 0.52283 0.4549 2.8996e+01 1 2.4155e-08 3.6069 7.398000e-01 2.591930e-01 6.683091e-04 -0.0892 
1.9531e+05 3.3731 3.5866 0.74041 0.52547 0.4549 5.0793e+01 1 8.0724e-08 3.5866 7.398000e-01 2.591930e-01 6.683091e-04 -0.0899 
4.7019e+05 3.4238 3.5817 0.71958 0.53087 0.4549 1.2002e+02 0 1.1508e-07 3.5817 7.398000e-01 2.591930e-01 6.683091e-04 -0.0902 
7.7891e+05 3.5004 3.5753 0.68002 0.53925 0.4549 1.5872e+02 0 2.0559e-07 3.5753 7.398000e-01 2.591930e-01 6.683091e-04 -0.0922 
1.0734e+06 3.5728 3.5789 0.60823 0.54916 0.4549 1.9974e+02 0 4.6666e-07 3.5789 7.398000e-01 2.591930e-01 6.683091e-04 -0.0931 
1.2326e+06 3.6083 3.6284 0.55885 0.55345 0.4549 1.4990e+02 0 1.0839e-06 3.6284 7.398000e-01 2.591930e-01 6.683091e-04 999.0000 
 0.7600 6 # agb_0.76_Z0.00100000_Mdot51_eta1.00_Mc0.00_dMc0.00_Tbd6.40_L0.00_dL0.00_C0.00_Nr3.00_rates0_KOPv_KMOLv.dat 
0.0000e+00 3.1679 3.6058 0.76000 0.52396 0.4577 2.9911e+01 1 2.5704e-08 3.6058 7.397000e-01 2.593070e-01 6.683269e-04 -0.0893 
1.9322e+05 3.3820 3.5862 0.75051 0.52664 0.4577 5.1442e+01 1 8.0353e-08 3.5862 7.397000e-01 2.593070e-01 6.683269e-04 -0.0897 
4.5554e+05 3.4530 3.5791 0.73106 0.53184 0.4577 1.2925e+02 0 1.2764e-07 3.5791 7.397000e-01 2.593070e-01 6.683269e-04 -0.0901 
7.6857e+05 3.5147 3.5739 0.69119 0.54060 0.4577 1.6345e+02 0 2.0941e-07 3.5739 7.397000e-01 2.593070e-01 6.683269e-04 -0.0922 
1.0614e+06 3.5815 3.5757 0.62171 0.55071 0.4577 2.0539e+02 0 4.4361e-07 3.5757 7.397000e-01 2.593070e-01 6.683269e-04 -0.0937 
1.2356e+06 3.6286 3.6259 0.56196 0.55602 0.4577 1.5964e+02 0 1.1749e-06 3.6259 7.397000e-01 2.593070e-01 6.683269e-04 999.0000 
 0.7800 6 # agb_0.78_Z0.00100000_Mdot51_eta1.00_Mc0.00_dMc0.00_Tbd6.40_L0.00_dL0.00_C0.00_Nr3.00_rates0_KOPv_KMOLv.dat 
0.0000e+00 3.2941 3.5953 0.78000 0.52791 0.4591 4.0163e+01 1 4.7206e-08 3.5953 7.393000e-01 2.597210e-01 6.686223e-04 -0.0904 
1.8470e+05 3.4473 3.5806 0.76823 0.53092 0.4591 1.2041e+02 0 1.0765e-07 3.5806 7.393000e-01 2.597210e-01 6.686223e-04 -0.0902 
4.4547e+05 3.5054 3.5746 0.74338 0.53705 0.4591 1.4899e+02 0 1.6144e-07 3.5746 7.393000e-01 2.597210e-01 6.686223e-04 -0.0913 
7.4184e+05 3.5658 3.5697 0.69654 0.54649 0.4591 1.8891e+02 0 2.7290e-07 3.5697 7.393000e-01 2.597210e-01 6.686223e-04 -0.0938 
1.0222e+06 3.6142 3.5773 0.61439 0.55720 0.4591 2.2027e+02 0 5.6105e-07 3.5773 7.393000e-01 2.597210e-01 6.686223e-04 -0.0931 
1.1606e+06 3.6357 3.6274 0.56682 0.56115 0.4591 1.5875e+02 0 1.1830e-06 3.6274 7.393000e-01 2.597210e-01 6.686223e-04 999.0000 
 0.8000 5 # agb_0.80_Z0.00100000_Mdot51_eta1.00_Mc0.00_dMc0.00_Tbd6.40_L0.00_dL0.00_C0.00_Nr3.00_rates0_KOPv_KMOLv.dat 
0.0000e+00 3.4322 3.5834 0.80000 0.53251 0.4589 5.5725e+01 1 9.4842e-08 3.5834 7.389000e-01 2.600210e-01 6.689429e-04 -0.0914 
1.8028e+05 3.4871 3.5774 0.78218 0.53592 0.4589 1.3334e+02 0 1.5596e-07 3.5774 7.389000e-01 2.600210e-01 6.689429e-04 -0.0910 
4.3247e+05 3.5466 3.5712 0.74470 0.54276 0.4589 1.6812e+02 0 2.4717e-07 3.5712 7.389000e-01 2.600210e-01 6.689429e-04 -0.0925 
7.1604e+05 3.5914 3.5693 0.67566 0.55276 0.4589 2.0641e+02 0 4.2170e-07 3.5693 7.389000e-01 2.600210e-01 6.689429e-04 -0.0958 
9.4862e+05 3.6488 3.6289 0.56698 0.56169 0.4589 1.6121e+02 0 1.5740e-06 3.6289 7.389000e-01 2.600210e-01 6.689429e-04 999.0000 
 0.8500 7 # agb_0.85_Z0.00100000_Mdot51_eta1.00_Mc0.00_dMc0.00_Tbd6.40_L0.00_dL0.00_C0.00_Nr3.00_rates0_KOPv_KMOLv.dat 
0.0000e+00 3.2633 3.6010 0.85000 0.53119 0.4588 3.4861e+01 1 3.4914e-08 3.6010 7.349000e-01 2.641420e-01 6.749945e-04 -0.0890 
1.7732e+05 3.4513 3.5834 0.84061 0.53414 0.4588 5.6258e+01 1 8.8512e-08 3.5834 7.349000e-01 2.641420e-01 6.749945e-04 -0.0904 
4.3404e+05 3.5056 3.5774 0.81985 0.54042 0.4588 1.3314e+02 0 1.2618e-07 3.5774 7.349000e-01 2.641420e-01 6.749945e-04 -0.0909 
7.1919e+05 3.5725 3.5704 0.78315 0.54990 0.4588 1.7150e+02 0 2.0606e-07 3.5704 7.349000e-01 2.641420e-01 6.749945e-04 -0.0930 
9.8564e+05 3.6301 3.5654 0.72727 0.56050 0.4588 2.1802e+02 0 3.5156e-07 3.5654 7.349000e-01 2.641420e-01 6.749945e-04 -0.0969 
1.2258e+06 3.6742 3.5726 0.63808 0.57129 0.4588 2.5373e+02 0 7.1121e-07 3.5726 7.349000e-01 2.641420e-01 6.749945e-04 -0.0940 
1.3481e+06 3.6904 3.6267 0.58147 0.57553 0.4588 1.7643e+02 0 1.5417e-06 3.6267 7.349000e-01 2.641420e-01 6.749945e-04 999.0000 
 0.9000 7 # agb_0.90_Z0.00100000_Mdot51_eta1.00_Mc0.00_dMc0.00_Tbd6.40_L0.00_dL0.00_C0.00_Nr3.00_rates0_KOPv_KMOLv.dat 
0.0000e+00 3.3811 3.5925 0.90000 0.53562 0.4455 4.4703e+01 1 5.8479e-08 3.5925 7.330000e-01 2.660290e-01 6.761747e-04 -0.0906 
1.7161e+05 3.5001 3.5809 0.88865 0.53893 0.4455 6.0887e+01 1 1.0715e-07 3.5809 7.330000e-01 2.660290e-01 6.761747e-04 -0.0903 
4.1672e+05 3.5582 3.5743 0.86480 0.54581 0.4455 1.4668e+02 0 1.5668e-07 3.5743 7.330000e-01 2.660290e-01 6.761747e-04 -0.0917 
6.8880e+05 3.6115 3.5683 0.82515 0.55585 0.4455 1.8186e+02 0 2.3768e-07 3.5683 7.330000e-01 2.660290e-01 6.761747e-04 -0.0938 
9.4139e+05 3.6570 3.5636 0.76816 0.56672 0.4455 2.2385e+02 0 3.7239e-07 3.5636 7.330000e-01 2.660290e-01 6.761747e-04 -0.0986 
1.1671e+06 3.6952 3.5652 0.68445 0.57750 0.4455 2.6667e+02 0 6.6069e-07 3.5652 7.330000e-01 2.660290e-01 6.761747e-04 -0.0967 
1.3194e+06 3.7337 3.6281 0.59018 0.58445 0.4455 1.8942e+02 0 2.0559e-06 3.6281 7.330000e-01 2.660290e-01 6.761747e-04 999.0000 
 0.9500 8 # agb_0.95_Z0.00100000_Mdot51_eta1.00_Mc0.00_dMc0.00_Tbd6.40_L0.00_dL0.00_C0.00_Nr3.00_rates0_KOPv_KMOLv.dat 
0.0000e+00 3.2990 3.6023 0.95000 0.53722 0.4356 3.4836e+01 1 3.5318e-08 3.6023 7.308000e-01 2.682390e-01 6.788181e-04 -0.0888 
1.7143e+05 3.4672 3.5864 0.94083 0.54040 0.4356 5.3485e+01 1 7.9433e-08 3.5864 7.308000e-01 2.682390e-01 6.788181e-04 -0.0900 
4.0401e+05 3.5475 3.5781 0.92258 0.54664 0.4356 6.6536e+01 1 1.2794e-07 3.5781 7.308000e-01 2.682390e-01 6.788181e-04 -0.0908 
6.7336e+05 3.6073 3.5714 0.89016 0.55643 0.4356 1.6376e+02 0 1.9364e-07 3.5714 7.308000e-01 2.682390e-01 6.788181e-04 -0.0929 
9.2432e+05 3.6581 3.5655 0.84412 0.56727 0.4356 2.0287e+02 0 2.9376e-07 3.5655 7.308000e-01 2.682390e-01 6.788181e-04 -0.0968 
1.1466e+06 3.7003 3.5611 0.78281 0.57796 0.4356 2.4806e+02 0 4.6026e-07 3.5611 7.308000e-01 2.682390e-01 6.788181e-04 -0.0990 
1.3503e+06 3.7315 3.5647 0.68971 0.58877 0.4356 2.8861e+02 0 8.1658e-07 3.5647 7.308000e-01 2.682390e-01 6.788181e-04 -0.0972 
1.4747e+06 3.7631 3.6291 0.60037 0.59472 0.4356 1.9728e+02 0 2.3768e-06 3.6291 7.308000e-01 2.682390e-01 6.788181e-04 999.0000 
 1.0000 8 # agb_1.00_Z0.00100000_Mdot51_eta1.00_Mc0.00_dMc0.00_Tbd6.40_L0.00_dL0.00_C0.00_Nr3.00_rates0_KOPv_KMOLv.dat 
0.0000e+00 3.4417 3.5917 1.00000 0.54201 0.4194 4.7613e+01 1 6.7764e-08 3.5917 7.288000e-01 2.701430e-01 6.795408e-04 -0.0902 
1.6413e+05 3.5218 3.5838 0.98688 0.54557 0.4194 5.8828e+01 1 1.1776e-07 3.5838 7.288000e-01 2.701430e-01 6.795408e-04 -0.0900 
3.9087e+05 3.5874 3.5762 0.96166 0.55255 0.4194 7.1037e+01 1 1.7701e-07 3.5762 7.288000e-01 2.701430e-01 6.795408e-04 -0.0912 
6.4759e+05 3.6330 3.5705 0.92008 0.56285 0.4194 1.6962e+02 0 2.5235e-07 3.5705 7.288000e-01 2.701430e-01 6.795408e-04 -0.0934 
8.8154e+05 3.6752 3.5650 0.86493 0.57357 0.4194 2.0694e+02 0 3.7154e-07 3.5650 7.288000e-01 2.701430e-01 6.795408e-04 -0.0975 
1.0894e+06 3.7134 3.5608 0.79155 0.58401 0.4194 2.5357e+02 0 5.8614e-07 3.5608 7.288000e-01 2.701430e-01 6.795408e-04 -0.0993 
1.2812e+06 3.7421 3.5686 0.67358 0.59458 0.4194 2.9160e+02 0 1.1588e-06 3.5686 7.288000e-01 2.701430e-01 6.795408e-04 -0.0973 
1.3702e+06 3.7467 3.6314 0.60341 0.59815 0.4194 1.8559e+02 0 2.5468e-06 3.6314 7.288000e-01 2.701430e-01 6.795408e-04 999.0000 
 1.0500 9 # agb_1.05_Z0.00100000_Mdot51_eta1.00_Mc0.00_dMc0.00_Tbd6.40_L0.00_dL0.00_C0.00_Nr3.00_rates0_KOPv_KMOLv.dat 
0.0000e+00 3.3852 3.5990 1.05000 0.54148 0.4078 3.9695e+01 1 4.6989e-08 3.5990 7.277000e-01 2.712690e-01 6.802142e-04 -0.0894 
1.6003e+05 3.5209 3.5860 1.03984 0.54477 0.4078 5.6264e+01 1 1.0162e-07 3.5860 7.277000e-01 2.712690e-01 6.802142e-04 -0.0895 
3.8922e+05 3.5767 3.5801 1.01927 0.55156 0.4078 6.5737e+01 1 1.4355e-07 3.5801 7.277000e-01 2.712690e-01 6.802142e-04 -0.0903 
6.4937e+05 3.6247 3.5741 0.98508 0.56180 0.4078 1.5162e+02 0 1.9999e-07 3.5741 7.277000e-01 2.712690e-01 6.802142e-04 -0.0918 
8.7997e+05 3.6792 3.5674 0.94210 0.57221 0.4078 1.8926e+02 0 3.0061e-07 3.5674 7.277000e-01 2.712690e-01 6.802142e-04 -0.0948 
1.0927e+06 3.7147 3.5625 0.88545 0.58291 0.4078 2.2647e+02 0 4.2954e-07 3.5625 7.277000e-01 2.712690e-01 6.802142e-04 -0.0998 
1.2867e+06 3.7426 3.5594 0.80850 0.59358 0.4078 2.6892e+02 0 6.3973e-07 3.5594 7.277000e-01 2.712690e-01 6.802142e-04 -0.0996 
1.4596e+06 3.7717 3.5662 0.69137 0.60385 0.4078 3.1080e+02 0 1.2417e-06 3.5662 7.277000e-01 2.712690e-01 6.802142e-04 -0.0972 
1.5442e+06 3.7811 3.6281 0.61381 0.60771 0.4078 2.0324e+02 0 2.8774e-06 3.6281 7.277000e-01 2.712690e-01 6.802142e-04 999.0000 
 1.1000 6 # agb_1.10_Z0.00100000_Mdot51_eta1.00_Mc0.00_dMc0.00_Tbd6.40_L0.00_dL0.00_C0.00_Nr3.00_rates0_KOPv_KMOLv.dat 
0.0000e+00 3.4803 3.5928 1.10000 0.54828 0.3963 4.8295e+01 1 7.1285e-08 3.5928 7.265000e-01 2.725000e-01 6.808113e-04 -0.0896 
1.5542e+05 3.5498 3.5859 1.08829 0.55202 0.3963 5.8006e+01 1 1.0447e-07 3.5859 7.265000e-01 2.725000e-01 6.808113e-04 -0.0895 
3.6616e+05 3.6217 3.5779 1.06708 0.55915 0.3963 7.0846e+01 1 1.5959e-07 3.5779 7.265000e-01 2.725000e-01 6.808113e-04 -0.0903 
6.0781e+05 3.6625 3.5729 1.03288 0.56973 0.3963 1.5985e+02 0 2.1380e-07 3.5729 7.265000e-01 2.725000e-01 6.808113e-04 -0.0930 
8.2404e+05 3.7293 3.5487 0.90019 0.57956 1.6719 2.6063e+02 0 1.1015e-06 3.5487 7.240123e-01 2.745080e-01 1.157839e-03 -0.1109 
9.1533e+05 3.7312 3.6223 0.58590 0.58085 4.9552 1.9973e+02 0 1.7458e-05 3.6223 7.194542e-01 2.777160e-01 2.499565e-03 999.0000 
 1.1500 6 # agb_1.15_Z0.00100000_Mdot51_eta1.00_Mc0.00_dMc0.00_Tbd6.40_L0.00_dL0.00_C0.00_Nr3.00_rates0_KOPv_KMOLv.dat 
0.0000e+00 3.4760 3.5953 1.15000 0.54969 0.3865 4.5994e+01 1 6.5163e-08 3.5953 7.258000e-01 2.732420e-01 6.813601e-04 -0.0891 
1.4721e+05 3.5742 3.5857 1.14051 0.55321 0.3865 5.9289e+01 1 1.0162e-07 3.5857 7.258000e-01 2.732420e-01 6.813601e-04 -0.0892 
3.6116e+05 3.6264 3.5800 1.12130 0.56060 0.3865 6.8607e+01 1 1.3900e-07 3.5800 7.258000e-01 2.732420e-01 6.813601e-04 -0.0895 
5.9620e+05 3.6723 3.5746 1.09239 0.57105 0.3865 7.8709e+01 1 1.8793e-07 3.5746 7.258000e-01 2.732420e-01 6.813601e-04 -0.0924 
8.1103e+05 3.7351 3.5523 0.98516 0.58088 1.6269 2.3577e+02 0 8.5114e-07 3.5523 7.233954e-01 2.751820e-01 1.143291e-03 -0.1093 
9.1849e+05 3.7701 3.6179 0.58903 0.58316 4.7841 2.2535e+02 0 2.0606e-05 3.6179 7.190487e-01 2.782430e-01 2.420485e-03 999.0000 
 1.2000 6 # agb_1.20_Z0.00100000_Mdot51_eta1.00_Mc0.00_dMc0.00_Tbd6.40_L0.00_dL0.00_C0.00_Nr3.00_rates0_KOPv_KMOLv.dat 
0.0000e+00 3.4256 3.6018 1.20000 0.54907 0.3783 3.9132e+01 1 4.7643e-08 3.6018 7.258000e-01 2.731940e-01 6.817984e-04 -0.0886 
1.5187e+05 3.5418 3.5908 1.19069 0.55258 0.3783 5.2659e+01 1 8.7297e-08 3.5908 7.258000e-01 2.731940e-01 6.817984e-04 -0.0885 
3.6563e+05 3.5997 3.5848 1.17262 0.55969 0.3783 6.1661e+01 1 1.2218e-07 3.5848 7.258000e-01 2.731940e-01 6.817984e-04 -0.0892 
5.9962e+05 3.6637 3.5764 1.13591 0.56869 0.7407 7.4919e+01 1 2.3714e-07 3.5764 7.242983e-01 2.745500e-01 8.265632e-04 -0.0913 
8.1994e+05 3.7323 3.5421 0.93426 0.57757 2.4311 2.6920e+02 0 1.7989e-06 3.5421 7.205802e-01 2.775820e-01 1.507529e-03 -0.1206 
9.0904e+05 3.7143 3.6147 0.58414 0.57813 5.6172 2.0628e+02 0 2.0559e-05 3.6147 7.156825e-01 2.810780e-01 2.897555e-03 999.0000 
 1.2500 6 # agb_1.25_Z0.00100000_Mdot51_eta1.00_Mc0.00_dMc0.00_Tbd6.40_L0.00_dL0.00_C0.00_Nr3.00_rates0_KOPv_KMOLv.dat 
0.0000e+00 3.4547 3.6011 1.25000 0.55188 0.3733 4.0612e+01 1 5.2000e-08 3.6011 7.262000e-01 2.727600e-01 6.819925e-04 -0.0884 
1.4870e+05 3.5491 3.5923 1.24015 0.55546 0.3733 5.1707e+01 1 9.0991e-08 3.5923 7.262000e-01 2.727600e-01 6.819925e-04 -0.0887 
3.4678e+05 3.6283 3.5841 1.22266 0.56217 0.3733 6.3931e+01 1 1.4158e-07 3.5841 7.262000e-01 2.727600e-01 6.819925e-04 -0.0889 
5.8013e+05 3.6758 3.5773 1.18511 0.57134 0.7295 7.4478e+01 1 2.4717e-07 3.5773 7.247409e-01 2.740760e-01 8.235888e-04 -0.0915 
7.9595e+05 3.7395 3.5455 1.00451 0.58009 2.3715 2.4868e+02 0 1.5704e-06 3.5455 7.211680e-01 2.769880e-01 1.479961e-03 -0.1185 
8.9555e+05 3.7519 3.6207 0.58644 0.58128 5.4806 2.1182e+02 0 2.5351e-05 3.6207 7.164272e-01 2.803770e-01 2.820322e-03 999.0000 
 1.3000 6 # agb_1.30_Z0.00100000_Mdot51_eta1.00_Mc0.00_dMc0.00_Tbd6.40_L0.00_dL0.00_C0.00_Nr3.00_rates0_KOPv_KMOLv.dat 
0.0000e+00 3.4293 3.6053 1.30000 0.55609 0.3679 3.6858e+01 1 4.3551e-08 3.6053 7.268000e-01 2.722360e-01 6.823959e-04 -0.0882 
1.3966e+05 3.5697 3.5924 1.29203 0.55952 0.3679 5.2545e+01 1 8.2794e-08 3.5924 7.268000e-01 2.722360e-01 6.823959e-04 -0.0878 
3.3624e+05 3.6313 3.5860 1.27662 0.56646 0.3679 6.2000e+01 1 1.1668e-07 3.5860 7.268000e-01 2.722360e-01 6.823959e-04 -0.0882 
5.5246e+05 3.6938 3.5781 1.24604 0.57510 0.7131 7.4591e+01 1 2.1979e-07 3.5781 7.253798e-01 2.735170e-01 8.195564e-04 -0.0910 
7.6238e+05 3.7511 3.5498 1.10093 0.58368 2.3169 2.2616e+02 0 1.2162e-06 3.5498 7.218676e-01 2.763860e-01 1.458119e-03 -0.1176 
8.7828e+05 3.7921 3.6167 0.59193 0.58594 5.4096 2.3833e+02 0 3.0269e-05 3.6167 7.171236e-01 2.797960e-01 2.780839e-03 999.0000 
 1.3500 6 # agb_1.35_Z0.00100000_Mdot51_eta1.00_Mc0.00_dMc0.00_Tbd6.40_L0.00_dL0.00_C0.00_Nr3.00_rates0_KOPv_KMOLv.dat 
0.0000e+00 3.5076 3.6002 1.35000 0.55904 0.3601 4.3302e+01 1 6.0814e-08 3.6002 7.267000e-01 2.723060e-01 6.828361e-04 -0.0880 
1.3343e+05 3.6024 3.5912 1.34138 0.56252 0.3601 5.5201e+01 1 9.7949e-08 3.5912 7.267000e-01 2.723060e-01 6.828361e-04 -0.0877 
3.2580e+05 3.6560 3.5856 1.32450 0.56972 0.3601 6.3875e+01 1 1.3274e-07 3.5856 7.267000e-01 2.723060e-01 6.828361e-04 -0.0887 
5.3828e+05 3.7053 3.5788 1.29186 0.57856 0.7186 7.4384e+01 1 2.3281e-07 3.5788 7.252726e-01 2.735910e-01 8.240329e-04 -0.0908 
7.3898e+05 3.7624 3.5508 1.14832 0.58681 2.3395 2.2123e+02 0 1.2359e-06 3.5508 7.218394e-01 2.763800e-01 1.463764e-03 -0.1169 
8.5960e+05 3.8072 3.6157 0.59530 0.58958 5.4038 2.4730e+02 0 3.3037e-05 3.6157 7.172307e-01 2.796810e-01 2.760005e-03 999.0000 
 1.4000 6 # agb_1.40_Z0.00100000_Mdot51_eta1.00_Mc0.00_dMc0.00_Tbd6.40_L0.00_dL0.00_C0.00_Nr3.00_rates0_KOPv_KMOLv.dat 
0.0000e+00 3.5576 3.5977 1.40000 0.56341 0.3509 4.7456e+01 1 7.4131e-08 3.5977 7.262000e-01 2.727720e-01 6.832458e-04 -0.0878 
1.2752e+05 3.6273 3.5908 1.39051 0.56697 0.3509 5.6902e+01 1 1.1246e-07 3.5908 7.262000e-01 2.727720e-01 6.832458e-04 -0.0876 
3.1407e+05 3.6706 3.5861 1.37207 0.57439 0.3509 6.4191e+01 1 1.4454e-07 3.5861 7.262000e-01 2.727720e-01 6.832458e-04 -0.0884 
5.0873e+05 3.7281 3.5785 1.34004 0.58258 0.7117 7.6285e+01 1 2.6182e-07 3.5785 7.247962e-01 2.740340e-01 8.243221e-04 -0.0920 
7.0661e+05 3.7745 3.5523 1.19878 0.59103 2.3134 2.1588e+02 0 1.2359e-06 3.5523 7.214690e-01 2.767300e-01 1.451235e-03 -0.1165 
8.3152e+05 3.8231 3.6210 0.59943 0.59442 5.3203 2.4301e+02 0 3.5892e-05 3.6210 7.169979e-01 2.799330e-01 2.708433e-03 999.0000 
 1.4500 6 # agb_1.45_Z0.00100000_Mdot51_eta1.00_Mc0.00_dMc0.00_Tbd6.40_L0.00_dL0.00_C0.00_Nr3.00_rates0_KOPv_KMOLv.dat 
0.0000e+00 3.5421 3.6008 1.45000 0.56063 0.3443 4.4302e+01 1 6.5464e-08 3.6008 7.256000e-01 2.733450e-01 6.837015e-04 -0.0873 
1.3014e+05 3.6161 3.5936 1.44103 0.56413 0.3443 5.3620e+01 1 1.0568e-07 3.5936 7.256000e-01 2.733450e-01 6.837015e-04 -0.0871 
3.2053e+05 3.6615 3.5888 1.42353 0.57144 0.3443 6.0720e+01 1 1.3646e-07 3.5888 7.256000e-01 2.733450e-01 6.837015e-04 -0.0876 
5.3021e+05 3.7054 3.5827 1.39131 0.58022 0.6854 6.9653e+01 1 2.2491e-07 3.5827 7.242606e-01 2.745500e-01 8.172858e-04 -0.0905 
7.2544e+05 3.7641 3.5577 1.27225 0.58802 2.2116 1.9051e+02 0 9.9541e-07 3.5577 7.210701e-01 2.771400e-01 1.413909e-03 -0.1126 
8.7176e+05 3.8192 3.6143 0.59879 0.59265 5.1391 2.5604e+02 0 3.3729e-05 3.6143 7.167218e-01 2.802580e-01 2.633470e-03 999.0000 
 1.5000 6 # agb_1.50_Z0.00100000_Mdot51_eta1.00_Mc0.00_dMc0.00_Tbd6.40_L0.00_dL0.00_C0.00_Nr3.00_rates0_KOPv_KMOLv.dat 
0.0000e+00 3.4046 3.6142 1.50000 0.55248 0.3391 3.0681e+01 1 3.2434e-08 3.6142 7.259000e-01 2.731200e-01 6.840388e-04 -0.0866 
1.4266e+05 3.5544 3.6009 1.49377 0.55580 0.3391 4.4564e+01 1 6.4269e-08 3.6009 7.259000e-01 2.731200e-01 6.840388e-04 -0.0874 
3.4281e+05 3.6192 3.5947 1.48184 0.56252 0.3391 5.2755e+01 1 9.0157e-08 3.5947 7.259000e-01 2.731200e-01 6.840388e-04 -0.0870 
5.6502e+05 3.6801 3.5873 1.45952 0.57079 0.6322 6.2749e+01 1 1.5668e-07 3.5873 7.246790e-01 2.742240e-01 8.002369e-04 -0.0884 
7.8442e+05 3.7349 3.5671 1.37956 0.57887 2.0071 8.2731e+01 1 5.8884e-07 3.5671 7.216384e-01 2.767200e-01 1.341134e-03 -0.1070 
9.8999e+05 3.7848 3.6209 0.59193 0.58680 4.8220 2.2578e+02 0 2.4491e-05 3.6209 7.173496e-01 2.798220e-01 2.517979e-03 999.0000 
 1.5500 7 # agb_1.55_Z0.00100000_Mdot51_eta1.00_Mc0.00_dMc0.00_Tbd6.40_L0.00_dL0.00_C0.00_Nr3.00_rates0_KOPv_KMOLv.dat 
0.0000e+00 3.3948 3.6165 1.55000 0.54969 0.3348 2.9137e+01 1 2.9854e-08 3.6165 7.260000e-01 2.729960e-01 6.841098e-04 -0.0871 
1.4544e+05 3.5431 3.6035 1.54409 0.55294 0.3348 4.2124e+01 1 6.0954e-08 3.6035 7.260000e-01 2.729960e-01 6.841098e-04 -0.0876 
3.4903e+05 3.6100 3.5972 1.53281 0.55950 0.3348 5.0047e+01 1 8.5704e-08 3.5972 7.260000e-01 2.729960e-01 6.841098e-04 -0.0869 
5.7730e+05 3.6688 3.5901 1.51199 0.56764 0.6120 5.9105e+01 1 1.4421e-07 3.5901 7.248357e-01 2.740500e-01 7.937599e-04 -0.0875 
8.0300e+05 3.7253 3.5716 1.44326 0.57557 1.9146 7.6889e+01 1 4.9774e-07 3.5716 7.219278e-01 2.764440e-01 1.303938e-03 -0.1045 
1.0180e+06 3.7729 3.5227 0.94252 0.58349 4.6432 3.4789e+02 0 6.9183e-06 3.5227 7.177687e-01 2.794610e-01 2.437318e-03 -0.1293 
1.0871e+06 3.6777 3.6123 0.58987 0.58379 7.0114 1.9253e+02 0 2.2131e-05 3.6123 7.146441e-01 2.815240e-01 3.484388e-03 999.0000 
 1.6000 7 # agb_1.60_Z0.00100000_Mdot51_eta1.00_Mc0.00_dMc0.00_Tbd6.40_L0.00_dL0.00_C0.00_Nr3.00_rates0_KOPv_KMOLv.dat 
0.0000e+00 3.5186 3.6072 1.60000 0.54513 0.3331 3.8494e+01 1 5.1404e-08 3.6072 7.261000e-01 2.728760e-01 6.838495e-04 -0.0868 
1.5040e+05 3.5764 3.6020 1.59326 0.54867 0.3331 4.4555e+01 1 7.1285e-08 3.6020 7.261000e-01 2.728760e-01 6.838495e-04 -0.0873 
3.7330e+05 3.6167 3.5980 1.58003 0.55625 0.3331 4.9601e+01 1 8.8105e-08 3.5980 7.261000e-01 2.728760e-01 6.838495e-04 -0.0868 
6.0774e+05 3.6701 3.5913 1.55808 0.56455 0.6518 5.7853e+01 1 1.4723e-07 3.5913 7.248519e-01 2.739990e-01 8.075018e-04 -0.0876 
8.3759e+05 3.7233 3.5722 1.48582 0.57228 2.0876 7.5122e+01 1 5.2000e-07 3.5722 7.218993e-01 2.763930e-01 1.362628e-03 -0.1044 
1.0607e+06 3.7657 3.5249 0.99058 0.58025 4.9196 3.2107e+02 0 6.3241e-06 3.5249 7.177990e-01 2.793160e-01 2.530097e-03 -0.1277 
1.1415e+06 3.7076 3.6152 0.58711 0.58099 7.3310 2.0146e+02 0 2.7479e-05 3.6152 7.147041e-01 2.813340e-01 3.592083e-03 999.0000 
 1.6500 8 # agb_1.65_Z0.00100000_Mdot51_eta1.00_Mc0.00_dMc0.00_Tbd6.40_L0.00_dL0.00_C0.00_Nr3.00_rates0_KOPv_KMOLv.dat 
0.0000e+00 3.1918 3.6363 1.65000 0.51536 0.3336 1.6835e+01 1 1.1092e-08 3.6363 7.267000e-01 2.722780e-01 6.832174e-04 -0.0811 
2.0087e+05 3.3708 3.6207 1.64687 0.51797 0.3336 2.6215e+01 1 2.5704e-08 3.6207 7.267000e-01 2.722780e-01 6.832174e-04 -0.0817 
4.8931e+05 3.4138 3.6170 1.64059 0.52348 0.3336 2.9216e+01 1 3.1550e-08 3.6170 7.267000e-01 2.722780e-01 6.832174e-04 -0.0828 
8.0166e+05 3.5005 3.6093 1.63123 0.53152 0.3336 3.6305e+01 1 4.7643e-08 3.6093 7.267000e-01 2.722780e-01 6.832174e-04 -0.0856 
1.1168e+06 3.5635 3.6015 1.61255 0.53994 0.8365 4.3402e+01 1 9.0782e-08 3.6015 7.253739e-01 2.734130e-01 8.730844e-04 -0.0879 
1.4086e+06 3.6328 3.5819 1.54755 0.54758 2.5369 5.8066e+01 1 3.5892e-07 3.5819 7.226407e-01 2.754770e-01 1.538558e-03 -0.1009 
1.6886e+06 3.6899 3.5444 1.19065 0.55547 5.4954 1.9291e+02 0 2.8314e-06 3.5444 7.188469e-01 2.779950e-01 2.805989e-03 -0.1166 
1.8398e+06 3.7163 3.6141 0.56388 0.55814 8.1839 2.1497e+02 0 3.5400e-05 3.6141 7.155736e-01 2.799990e-01 4.059027e-03 999.0000 
 1.7000 7 # agb_1.70_Z0.00100000_Mdot51_eta1.00_Mc0.00_dMc0.00_Tbd6.40_L0.00_dL0.00_C0.00_Nr3.00_rates0_KOPv_KMOLv.dat 
0.0000e+00 3.4455 3.6163 1.70000 0.53939 0.3306 3.0536e+01 1 3.3963e-08 3.6163 7.264000e-01 2.725560e-01 6.830689e-04 -0.0864 
1.5970e+05 3.5296 3.6090 1.69439 0.54275 0.3306 3.7642e+01 1 5.4576e-08 3.6090 7.264000e-01 2.725560e-01 6.830689e-04 -0.0850 
3.8937e+05 3.5815 3.6044 1.68364 0.54971 0.3306 4.2969e+01 1 7.0469e-08 3.6044 7.264000e-01 2.725560e-01 6.830689e-04 -0.0862 
6.4543e+05 3.6292 3.5985 1.66469 0.55818 0.5991 4.9223e+01 1 1.0889e-07 3.5985 7.253039e-01 2.735470e-01 7.867407e-04 -0.0874 
8.8072e+05 3.6975 3.5817 1.61480 0.56507 1.8507 6.4079e+01 1 3.4674e-07 3.5817 7.226152e-01 2.757550e-01 1.264627e-03 -0.1015 
1.1225e+06 3.7396 3.5524 1.36062 0.57273 4.4863 9.3606e+01 1 1.9861e-06 3.5524 7.187539e-01 2.785410e-01 2.332369e-03 -0.1180 
1.2784e+06 3.7856 3.6115 0.58159 0.57602 7.7673 2.4992e+02 0 4.1495e-05 3.6115 7.145212e-01 2.813150e-01 3.772439e-03 999.0000 
 1.7500 7 # agb_1.75_Z0.00100000_Mdot51_eta1.00_Mc0.00_dMc0.00_Tbd6.40_L0.00_dL0.00_C0.00_Nr3.00_rates0_KOPv_KMOLv.dat 
0.0000e+00 3.3482 3.6267 1.75000 0.54150 0.3293 2.3346e+01 1 2.1135e-08 3.6267 7.258000e-01 2.731380e-01 6.828895e-04 -0.0834 
1.6088e+05 3.4824 3.6146 1.74487 0.54473 0.3293 3.2648e+01 1 4.3652e-08 3.6146 7.258000e-01 2.731380e-01 6.828895e-04 -0.0840 
3.7927e+05 3.5565 3.6082 1.73548 0.55102 0.3293 3.9308e+01 1 6.2230e-08 3.6082 7.258000e-01 2.731380e-01 6.828895e-04 -0.0857 
6.2406e+05 3.6224 3.6010 1.71901 0.55878 0.5578 4.6965e+01 1 1.0139e-07 3.6010 7.248264e-01 2.740230e-01 7.713044e-04 -0.0879 
8.6340e+05 3.6864 3.5866 1.67655 0.56588 1.6444 5.9436e+01 1 2.7990e-07 3.5866 7.223445e-01 2.760890e-01 1.184287e-03 -0.0988 
1.0998e+06 3.7373 3.5608 1.48729 0.57302 4.0825 8.3767e+01 1 1.4028e-06 3.5608 7.186546e-01 2.787960e-01 2.159831e-03 -0.1144 
1.2846e+06 3.7902 3.6102 0.58372 0.57782 7.4153 2.5471e+02 0 4.1976e-05 3.6102 7.143137e-01 2.816790e-01 3.601172e-03 999.0000 
 1.8000 7 # agb_1.80_Z0.00100000_Mdot51_eta1.00_Mc0.00_dMc0.00_Tbd6.40_L0.00_dL0.00_C0.00_Nr3.00_rates0_KOPv_KMOLv.dat 
0.0000e+00 3.3617 3.6272 1.80000 0.55075 0.3265 2.3502e+01 1 2.1878e-08 3.6272 7.256000e-01 2.733210e-01 6.829087e-04 -0.0830 
1.4670e+05 3.5146 3.6135 1.79443 0.55400 0.3265 3.4412e+01 1 5.0699e-08 3.6135 7.256000e-01 2.733210e-01 6.829087e-04 -0.0837 
3.4593e+05 3.5864 3.6072 1.78432 0.56031 0.3265 4.1229e+01 1 7.1450e-08 3.6072 7.256000e-01 2.733210e-01 6.829087e-04 -0.0870 
5.6798e+05 3.6528 3.5999 1.76684 0.56796 0.5558 4.9367e+01 1 1.1695e-07 3.5999 7.246444e-01 2.741880e-01 7.707840e-04 -0.0884 
7.8549e+05 3.7155 3.5855 1.72274 0.57485 1.6366 6.2337e+01 1 3.1696e-07 3.5855 7.222202e-01 2.762030e-01 1.176903e-03 -0.0993 
1.0014e+06 3.7636 3.5602 1.53420 0.58168 4.0378 8.6922e+01 1 1.5171e-06 3.5602 7.186195e-01 2.788520e-01 2.122456e-03 -0.1165 
1.1790e+06 3.8137 3.6137 0.59240 0.58685 7.3459 2.5670e+02 0 4.4361e-05 3.6137 7.143238e-01 2.817290e-01 3.523708e-03 999.0000 
 1.8500 7 # agb_1.85_Z0.00100000_Mdot51_eta1.00_Mc0.00_dMc0.00_Tbd6.40_L0.00_dL0.00_C0.00_Nr3.00_rates0_KOPv_KMOLv.dat 
0.0000e+00 3.5808 3.6100 1.85000 0.57577 0.3247 3.9261e+01 1 5.8614e-08 3.6100 7.251000e-01 2.739040e-01 6.826194e-04 -0.0869 
1.1018e+05 3.6678 3.6018 1.84330 0.57921 0.3247 4.8965e+01 1 8.8920e-08 3.6018 7.251000e-01 2.739040e-01 6.826194e-04 -0.0884 
2.7265e+05 3.7008 3.5985 1.82999 0.58538 0.4161 5.3475e+01 1 1.1298e-07 3.5985 7.245594e-01 2.744080e-01 7.189533e-04 -0.0882 
4.5296e+05 3.7500 3.5912 1.80435 0.59230 0.8773 6.2200e+01 1 2.0184e-07 3.5912 7.227664e-01 2.760220e-01 8.965230e-04 -0.0910 
6.2906e+05 3.8024 3.5715 1.72274 0.59791 2.4348 8.0951e+01 1 7.2277e-07 3.5715 7.194422e-01 2.787480e-01 1.489882e-03 -0.1084 
8.0978e+05 3.8374 3.5311 1.26177 0.60412 5.3034 2.8651e+02 0 5.8749e-06 3.5311 7.151179e-01 2.819210e-01 2.628990e-03 -0.1310 
9.0251e+05 3.8538 3.6153 0.61099 0.60547 8.5292 2.6906e+02 0 4.8641e-05 3.6153 7.108331e-01 2.848070e-01 4.003129e-03 999.0000 
 1.9000 7 # agb_1.90_Z0.00100000_Mdot51_eta1.00_Mc0.00_dMc0.00_Tbd6.40_L0.00_dL0.00_C0.00_Nr3.00_rates0_KOPv_KMOLv.dat 
0.0000e+00 3.6435 3.6058 1.90000 0.58556 0.3235 4.4789e+01 1 7.6913e-08 3.6058 7.247000e-01 2.742900e-01 6.825680e-04 -0.0885 
1.0200e+05 3.6953 3.6009 1.89244 0.58910 0.3235 5.1150e+01 1 1.0139e-07 3.6009 7.247000e-01 2.742900e-01 6.825680e-04 -0.0881 
2.4272e+05 3.7457 3.5960 1.87890 0.59484 0.4146 5.8364e+01 1 1.3996e-07 3.5960 7.241707e-01 2.747830e-01 7.184209e-04 -0.0877 
4.0697e+05 3.7844 3.5896 1.85235 0.60155 0.8732 6.6087e+01 1 2.3550e-07 3.5896 7.224208e-01 2.763570e-01 8.927164e-04 -0.0924 
5.7139e+05 3.8267 3.5711 1.76920 0.60727 2.3866 8.3759e+01 1 7.7625e-07 3.5711 7.192215e-01 2.789840e-01 1.460119e-03 -0.1101 
7.3537e+05 3.8610 3.5337 1.34351 0.61305 5.1672 2.7889e+02 0 5.5081e-06 3.5337 7.150471e-01 2.820650e-01 2.541617e-03 -0.1315 
8.2976e+05 3.8876 3.6155 0.62056 0.61472 8.5469 2.8578e+02 0 5.2481e-05 3.6155 7.106136e-01 2.850580e-01 3.957782e-03 999.0000 
 1.9500 7 # agb_1.95_Z0.00100000_Mdot51_eta1.00_Mc0.00_dMc0.00_Tbd6.40_L0.00_dL0.00_C0.00_Nr3.00_rates0_KOPv_KMOLv.dat 
0.0000e+00 3.5679 3.6144 1.95000 0.60226 0.3217 3.6147e+01 1 5.2240e-08 3.6144 7.245000e-01 2.744760e-01 6.823344e-04 -0.0871 
8.5492e+04 3.7215 3.6002 1.94267 0.60544 0.3217 5.3224e+01 1 1.1455e-07 3.6002 7.245000e-01 2.744760e-01 6.823344e-04 -0.0887 
2.0437e+05 3.7720 3.5953 1.92904 0.60990 0.4634 6.0725e+01 1 1.6406e-07 3.5953 7.236901e-01 2.752300e-01 7.380173e-04 -0.0905 
3.5410e+05 3.8108 3.5883 1.89880 0.61589 0.9567 6.9187e+01 1 2.8249e-07 3.5883 7.216718e-01 2.770560e-01 9.283887e-04 -0.0929 
5.0139e+05 3.8602 3.5684 1.80420 0.62060 2.4857 8.9910e+01 1 9.7499e-07 3.5684 7.181445e-01 2.800020e-01 1.504305e-03 -0.1134 
6.5175e+05 3.8937 3.5233 1.25356 0.62571 5.3537 3.5068e+02 0 9.1622e-06 3.5233 7.136249e-01 2.833920e-01 2.619590e-03 -0.1370 
7.2285e+05 3.8997 3.6179 0.63180 0.62623 8.7452 2.8258e+02 0 5.4075e-05 3.6179 7.091138e-01 2.864490e-01 4.048372e-03 999.0000 
 2.0000 7 # agb_2.00_Z0.00100000_Mdot51_eta1.00_Mc0.00_dMc0.00_Tbd6.40_L0.00_dL0.00_C0.00_Nr3.00_rates0_KOPv_KMOLv.dat 
0.0000e+00 3.5655 3.6158 2.00000 0.60283 0.3210 3.5153e+01 1 5.0234e-08 3.6158 7.248000e-01 2.741650e-01 6.823556e-04 -0.0873 
8.5161e+04 3.7195 3.6017 1.99276 0.60600 0.3210 5.1782e+01 1 1.1220e-07 3.6017 7.248000e-01 2.741650e-01 6.823556e-04 -0.0878 
2.0360e+05 3.7680 3.5970 1.97946 0.61042 0.4585 5.8765e+01 1 1.5776e-07 3.5970 7.240174e-01 2.748930e-01 7.361770e-04 -0.0902 
3.5163e+05 3.8104 3.5900 1.95053 0.61631 0.9309 6.7353e+01 1 2.7102e-07 3.5900 7.220805e-01 2.766460e-01 9.178305e-04 -0.0923 
4.9963e+05 3.8574 3.5713 1.86254 0.62104 2.4057 8.6180e+01 1 8.7700e-07 3.5713 7.186641e-01 2.795050e-01 1.470167e-03 -0.1118 
6.4800e+05 3.8925 3.5344 1.42921 0.62574 5.1966 2.8132e+02 0 5.9429e-06 3.5344 7.142669e-01 2.828130e-01 2.546808e-03 -0.1337 
7.3935e+05 3.9236 3.6209 0.63253 0.62724 8.7717 2.9002e+02 0 5.7016e-05 3.6209 7.095203e-01 2.860370e-01 4.043239e-03 999.0000 
 2.0500 7 # agb_2.05_Z0.00100000_Mdot51_eta1.00_Mc0.00_dMc0.00_Tbd6.40_L0.00_dL0.00_C0.00_Nr3.00_rates0_KOPv_KMOLv.dat 
0.0000e+00 3.7378 3.6018 2.05000 0.62241 0.3192 5.2735e+01 1 1.1143e-07 3.6018 7.252000e-01 2.737530e-01 6.823381e-04 -0.0895 
7.0068e+04 3.7966 3.5963 2.04126 0.62558 0.3192 6.1278e+01 1 1.6293e-07 3.5963 7.252000e-01 2.737530e-01 6.823381e-04 -0.0915 
1.6832e+05 3.8366 3.5923 2.02541 0.62998 0.4586 6.8149e+01 1 2.2080e-07 3.5923 7.244274e-01 2.744710e-01 7.362331e-04 -0.0911 
2.8674e+05 3.8728 3.5858 1.99444 0.63515 0.9294 7.6986e+01 1 3.6644e-07 3.5858 7.225381e-01 2.761810e-01 9.139906e-04 -0.0921 
4.1012e+05 3.9097 3.5675 1.90343 0.63953 2.3275 9.6416e+01 1 1.0965e-06 3.5675 7.193004e-01 2.789020e-01 1.425557e-03 -0.1121 
5.3487e+05 3.9381 3.5318 1.47168 0.64389 4.9827 3.1044e+02 0 6.9183e-06 3.5318 7.151553e-01 2.820310e-01 2.429278e-03 -0.1365 
6.1638e+05 3.9690 3.6202 0.65146 0.64559 8.5381 3.1454e+02 0 4.6238e-05 3.6202 7.104837e-01 2.852210e-01 3.887097e-03 999.0000 
 2.1000 7 # agb_2.10_Z0.00100000_Mdot51_eta1.00_Mc0.00_dMc0.00_Tbd6.40_L0.00_dL0.00_C0.00_Nr3.00_rates0_KOPv_KMOLv.dat 
0.0000e+00 3.7239 3.6044 2.10000 0.62959 0.3190 4.9827e+01 1 1.0139e-07 3.6044 7.257000e-01 2.733430e-01 6.821331e-04 -0.0894 
6.5609e+04 3.8160 3.5959 2.09240 0.63275 0.3190 6.2862e+01 1 1.4757e-07 3.5959 7.257000e-01 2.733430e-01 6.821331e-04 -0.0917 
1.5723e+05 3.8529 3.5923 2.07879 0.63704 0.4554 6.9302e+01 1 1.9724e-07 3.5923 7.249525e-01 2.740380e-01 7.345645e-04 -0.0917 
2.6717e+05 3.8916 3.5858 2.05215 0.64204 0.9041 7.8494e+01 1 3.3266e-07 3.5858 7.231473e-01 2.756720e-01 9.029255e-04 -0.0910 
3.8054e+05 3.9282 3.5686 1.97698 0.64595 2.2303 9.7014e+01 1 9.7499e-07 3.5686 7.200351e-01 2.782990e-01 1.383291e-03 -0.1119 
4.9882e+05 3.9546 3.5392 1.63992 0.65009 4.7739 2.7353e+02 0 5.0699e-06 3.5392 7.160526e-01 2.813200e-01 2.333900e-03 -0.1332 
5.9306e+05 3.9881 3.6223 0.65879 0.65290 8.3384 3.1894e+02 0 4.5604e-05 3.6223 7.113873e-01 2.845180e-01 3.777235e-03 999.0000 
 2.1500 7 # agb_2.15_Z0.00100000_Mdot51_eta1.00_Mc0.00_dMc0.00_Tbd6.40_L0.00_dL0.00_C0.00_Nr3.00_rates0_KOPv_KMOLv.dat 
0.0000e+00 3.8141 3.5977 2.15000 0.64520 0.3179 6.0962e+01 1 1.5311e-07 3.5977 7.264000e-01 2.726330e-01 6.820458e-04 -0.0907 
5.3709e+04 3.8765 3.5919 2.14221 0.64808 0.3179 7.1461e+01 1 1.9724e-07 3.5919 7.264000e-01 2.726330e-01 6.820458e-04 -0.0904 
1.3489e+05 3.8952 3.5898 2.12704 0.65236 0.4502 7.5338e+01 1 2.4044e-07 3.5898 7.256905e-01 2.732920e-01 7.324459e-04 -0.0908 
2.2983e+05 3.9256 3.5843 2.09957 0.65712 0.8679 8.3511e+01 1 3.7844e-07 3.5843 7.240029e-01 2.748220e-01 8.876846e-04 -0.0906 
3.2851e+05 3.9577 3.5683 2.02686 0.66089 2.0558 1.0132e+02 1 1.0116e-06 3.5683 7.211206e-01 2.772760e-01 1.311864e-03 -0.1117 
4.2798e+05 3.9857 3.5418 1.74377 0.66424 4.3854 2.7104e+02 0 4.6345e-06 3.5418 7.174101e-01 2.801200e-01 2.167661e-03 -0.1324 
5.2282e+05 4.0152 3.6236 0.67417 0.66810 7.7586 3.2787e+02 0 4.3551e-05 3.6236 7.129921e-01 2.831820e-01 3.503370e-03 999.0000 
 2.2000 8 # agb_2.20_Z0.00100000_Mdot51_eta1.00_Mc0.00_dMc0.00_Tbd6.40_L0.00_dL0.00_C0.00_Nr3.00_rates0_KOPv_KMOLv.dat 
0.0000e+00 3.8113 3.5993 2.20000 0.65554 0.3169 5.9255e+01 1 1.4655e-07 3.5993 7.271000e-01 2.718240e-01 6.819779e-04 -0.0905 
4.9830e+04 3.8847 3.5925 2.19051 0.65835 0.3169 7.1394e+01 1 2.4266e-07 3.5925 7.271000e-01 2.718240e-01 6.819779e-04 -0.0905 
1.1927e+05 3.9143 3.5894 2.17416 0.66201 0.4400 7.7391e+01 1 3.0761e-07 3.5894 7.264503e-01 2.724270e-01 7.286294e-04 -0.0901 
2.0392e+05 3.9440 3.5841 2.14500 0.66633 0.8077 8.5506e+01 1 4.5709e-07 3.5841 7.249366e-01 2.738030e-01 8.650485e-04 -0.0915 
2.9278e+05 3.9765 3.5695 2.07695 0.66983 1.8255 1.0273e+02 1 1.0765e-06 3.5695 7.223236e-01 2.760500e-01 1.226862e-03 -0.1104 
3.8574e+05 4.0010 3.5462 1.83672 0.67326 3.8881 1.3563e+02 1 4.0551e-06 3.5462 7.188924e-01 2.787250e-01 1.974652e-03 -0.1304 
4.7689e+05 4.0250 3.5095 0.80867 0.67718 6.9969 7.8897e+02 0 1.4421e-05 3.5095 7.147603e-01 2.816350e-01 3.179862e-03 -0.1963 
4.8458e+05 3.7449 3.6248 0.68235 0.67719 6.9969 1.7551e+02 0 2.1184e-05 3.6248 7.147603e-01 2.816350e-01 3.179862e-03 999.0000 
 2.2500 8 # agb_2.25_Z0.00100000_Mdot51_eta1.00_Mc0.00_dMc0.00_Tbd6.40_L0.00_dL0.00_C0.00_Nr3.00_rates0_KOPv_KMOLv.dat 
0.0000e+00 3.8130 3.6005 2.25000 0.66816 0.3158 5.8248e+01 1 1.4388e-07 3.6005 7.281000e-01 2.709160e-01 6.820080e-04 -0.0901 
4.4276e+04 3.9145 3.5912 2.24171 0.67087 0.3158 7.5261e+01 1 2.3174e-07 3.5912 7.281000e-01 2.709160e-01 6.820080e-04 -0.0897 
1.0514e+05 3.9428 3.5883 2.22770 0.67429 0.4334 8.1178e+01 1 2.9309e-07 3.5883 7.274884e-01 2.714830e-01 7.264571e-04 -0.0905 
1.7941e+05 3.9739 3.5831 2.20280 0.67835 0.7689 8.9785e+01 1 4.3551e-07 3.5831 7.260893e-01 2.727560e-01 8.508224e-04 -0.0912 
2.5863e+05 4.0027 3.5700 2.14625 0.68167 1.6738 1.0556e+02 1 9.6828e-07 3.5700 7.236583e-01 2.748640e-01 1.170925e-03 -0.1087 
3.4057e+05 4.0269 3.5497 1.96201 0.68463 3.5406 1.3400e+02 1 3.3113e-06 3.5497 7.204525e-01 2.773910e-01 1.841854e-03 -0.1279 
4.2223e+05 4.0485 3.4929 1.08244 0.68780 6.4122 7.4172e+02 0 1.5205e-05 3.4929 7.165857e-01 2.801450e-01 2.938917e-03 -0.1732 
4.4975e+05 3.9983 3.6248 0.69389 0.68794 8.9990 3.0451e+02 0 5.7280e-05 3.6248 7.133942e-01 2.822480e-01 4.007029e-03 999.0000 
 2.3000 8 # agb_2.30_Z0.00100000_Mdot51_eta1.00_Mc0.00_dMc0.00_Tbd6.40_L0.00_dL0.00_C0.00_Nr3.00_rates0_KOPv_KMOLv.dat 
0.0000e+00 3.8132 3.6018 2.30000 0.68004 0.3149 5.7080e+01 1 1.4028e-07 3.6018 7.289000e-01 2.701080e-01 6.819642e-04 -0.0896 
3.8043e+04 3.9437 3.5899 2.29212 0.68248 0.3149 7.9226e+01 1 2.6485e-07 3.5899 7.289000e-01 2.701080e-01 6.819642e-04 -0.0907 
9.3359e+04 3.9646 3.5877 2.27776 0.68580 0.4250 8.3913e+01 1 3.2063e-07 3.5877 7.283382e-01 2.706280e-01 7.233648e-04 -0.0910 
1.5915e+05 3.9944 3.5829 2.25357 0.68959 0.7269 9.2274e+01 1 4.6452e-07 3.5829 7.270669e-01 2.717870e-01 8.349584e-04 -0.0917 
2.2981e+05 4.0225 3.5710 2.20237 0.69274 1.5102 1.0723e+02 1 9.4624e-07 3.5710 7.248497e-01 2.737250e-01 1.110757e-03 -0.1069 
3.0202e+05 4.0476 3.5527 2.05371 0.69527 3.1589 1.3306e+02 1 2.9040e-06 3.5527 7.218870e-01 2.760950e-01 1.696920e-03 -0.1259 
3.7585e+05 4.0678 3.5048 1.34151 0.69803 5.7567 5.7376e+02 0 1.5922e-05 3.5048 7.183111e-01 2.786830e-01 2.671511e-03 -0.1620 
4.1909e+05 4.0828 3.6307 0.70446 0.69921 9.0529 3.4418e+02 0 4.2756e-05 3.6307 7.141884e-01 2.814370e-01 4.016391e-03 999.0000 
 2.3500 8 # agb_2.35_Z0.00100000_Mdot51_eta1.00_Mc0.00_dMc0.00_Tbd6.40_L0.00_dL0.00_C0.00_Nr3.00_rates0_KOPv_KMOLv.dat 
0.0000e+00 3.8198 3.6025 2.35000 0.69156 0.3151 5.6851e+01 1 1.4125e-07 3.6025 7.295000e-01 2.695010e-01 6.820442e-04 -0.0893 
3.4139e+04 3.9679 3.5889 2.34196 0.69390 0.3151 8.2466e+01 1 2.9444e-07 3.5889 7.295000e-01 2.695010e-01 6.820442e-04 -0.0898 
8.0854e+04 3.9937 3.5862 2.32866 0.69672 0.4193 8.8490e+01 1 3.6308e-07 3.5862 7.289771e-01 2.699840e-01 7.210765e-04 -0.0908 
1.3856e+05 4.0216 3.5818 2.30597 0.70011 0.6915 9.6638e+01 1 5.1286e-07 3.5818 7.278218e-01 2.710380e-01 8.214474e-04 -0.0915 
2.0162e+05 4.0466 3.5716 2.26120 0.70301 1.3700 1.1012e+02 1 9.5280e-07 3.5716 7.258016e-01 2.728170e-01 1.059557e-03 -0.1056 
2.6952e+05 4.0656 3.5552 2.13466 0.70579 2.8125 1.3236e+02 1 2.5763e-06 3.5552 7.230763e-01 2.750290e-01 1.567653e-03 -0.1246 
3.3550e+05 4.0864 3.5207 1.64150 0.70811 5.1433 4.3299e+02 0 1.4355e-05 3.5207 7.197772e-01 2.774570e-01 2.427925e-03 -0.1528 
3.9462e+05 4.1094 3.6298 0.71668 0.71100 8.3529 3.6250e+02 0 3.8637e-05 3.6298 7.157350e-01 2.801960e-01 3.708816e-03 999.0000 
 2.4000 9 # agb_2.40_Z0.00100000_Mdot51_eta1.00_Mc0.00_dMc0.00_Tbd6.40_L0.00_dL0.00_C0.00_Nr3.00_rates0_KOPv_KMOLv.dat 
0.0000e+00 3.8311 3.6028 2.40000 0.70367 0.3148 5.7298e+01 1 1.4555e-07 3.6028 7.302000e-01 2.687940e-01 6.820226e-04 -0.0881 
3.0511e+04 3.9896 3.5882 2.39191 0.70590 0.3148 8.5379e+01 1 3.2285e-07 3.5882 7.302000e-01 2.687940e-01 6.820226e-04 -0.0908 
7.1326e+04 4.0194 3.5852 2.37873 0.70850 0.4122 9.2375e+01 1 4.0644e-07 3.5852 7.297203e-01 2.692370e-01 7.183033e-04 -0.0907 
1.2223e+05 4.0439 3.5811 2.35670 0.71165 0.6584 1.0006e+02 1 5.5335e-07 3.5811 7.286693e-01 2.701960e-01 8.087041e-04 -0.0915 
1.7828e+05 4.0671 3.5725 2.31588 0.71438 1.2436 1.1222e+02 1 9.4842e-07 3.5725 7.268364e-01 2.718220e-01 1.013229e-03 -0.1033 
2.3796e+05 4.0868 3.5571 2.21166 0.71682 2.4963 1.3324e+02 1 2.3605e-06 3.5571 7.243380e-01 2.738790e-01 1.450215e-03 -0.1220 
2.9733e+05 4.1057 3.5311 1.86674 0.71888 4.5673 3.6681e+02 0 9.3972e-06 3.5311 7.213067e-01 2.761490e-01 2.202250e-03 -0.1470 
3.5710e+05 4.1215 3.4963 0.92272 0.72183 7.4744 9.7776e+02 0 1.7989e-05 3.4963 7.176114e-01 2.786950e-01 3.333588e-03 -0.2500 
3.7097e+05 4.0174 3.6262 0.72858 0.72256 7.4744 3.0028e+02 0 6.4121e-05 3.6262 7.176114e-01 2.786950e-01 3.333588e-03 999.0000 
 2.6000 10 # agb_2.60_Z0.00100000_Mdot51_eta1.00_Mc0.00_dMc0.00_Tbd6.40_L0.00_dL0.00_C0.00_Nr3.00_rates0_KOPv_KMOLv.dat 
0.0000e+00 3.9274 3.5991 2.60000 0.74980 0.3139 6.7400e+01 1 2.1135e-07 3.5991 7.305000e-01 2.684540e-01 6.824703e-04 -0.0880 
1.9308e+04 4.0833 3.5843 2.59167 0.75158 0.3139 1.0008e+02 1 5.0582e-07 3.5843 7.305000e-01 2.684540e-01 6.824703e-04 -0.0964 
4.4118e+04 4.1062 3.5819 2.57915 0.75346 0.3900 1.0648e+02 1 6.0395e-07 3.5819 7.301529e-01 2.687730e-01 7.103403e-04 -0.0970 
7.5044e+04 4.1260 3.5787 2.55979 0.75573 0.5555 1.1346e+02 1 7.5683e-07 3.5787 7.294488e-01 2.694170e-01 7.704624e-04 -0.0976 
1.1019e+05 4.1442 3.5752 2.52995 0.75788 0.8832 1.2109e+02 1 1.0257e-06 3.5752 7.282387e-01 2.705110e-01 8.846291e-04 -0.0952 
1.4732e+05 4.1607 3.5640 2.47517 0.75952 1.5597 1.3694e+02 1 1.8365e-06 3.5640 7.265210e-01 2.719950e-01 1.115423e-03 -0.1109 
1.8543e+05 4.1771 3.5499 2.35324 0.76080 2.7583 1.6065e+02 1 4.2073e-06 3.5499 7.244047e-01 2.736910e-01 1.531655e-03 -0.1250 
2.2541e+05 4.1891 3.5262 1.99288 0.76223 4.5314 4.3520e+02 0 1.4093e-05 3.5262 7.219108e-01 2.755370e-01 2.171686e-03 -0.1528 
2.6511e+05 4.2002 3.4849 1.22198 0.76411 6.9643 1.0021e+03 0 2.1577e-05 3.4849 7.188530e-01 2.776470e-01 3.104431e-03 -0.2326 
2.8868e+05 4.2097 3.6345 0.77213 0.76607 9.2906 4.0674e+02 0 3.5645e-05 3.6345 7.160309e-01 2.794900e-01 4.064408e-03 999.0000 
 2.8000 11 # agb_2.80_Z0.00100000_Mdot51_eta1.00_Mc0.00_dMc0.00_Tbd6.40_L0.00_dL0.00_C0.00_Nr3.00_rates0_KOPv_KMOLv.dat 
0.0000e+00 4.0431 3.5932 2.80000 0.78217 0.3130 8.3734e+01 1 3.4514e-07 3.5932 7.239000e-01 2.750340e-01 6.823562e-04 -0.0925 
1.3634e+04 4.1560 3.5823 2.79200 0.78368 0.3130 1.1170e+02 1 6.9502e-07 3.5823 7.239000e-01 2.750340e-01 6.823562e-04 -0.0962 
3.1006e+04 4.1733 3.5804 2.78037 0.78517 0.3767 1.1713e+02 1 7.9799e-07 3.5804 7.236303e-01 2.752810e-01 7.053036e-04 -0.0962 
5.2634e+04 4.1867 3.5788 2.76338 0.78695 0.5042 1.2183e+02 1 9.3325e-07 3.5788 7.231093e-01 2.757560e-01 7.508600e-04 -0.0969 
7.7561e+04 4.2009 3.5756 2.73883 0.78871 0.7277 1.2863e+02 1 1.1668e-06 3.5756 7.222380e-01 2.765490e-01 8.280109e-04 -0.0947 
1.0436e+05 4.2143 3.5696 2.70118 0.79014 1.1525 1.3875e+02 1 1.6711e-06 3.5696 7.209910e-01 2.776510e-01 9.707724e-04 -0.1003 
1.3212e+05 4.2278 3.5584 2.63246 0.79119 1.9208 1.5638e+02 1 3.0479e-06 3.5584 7.194291e-01 2.789510e-01 1.230486e-03 -0.1178 
1.6065e+05 4.2397 3.5453 2.48923 0.79204 3.0984 1.8104e+02 1 6.4863e-06 3.5453 7.175949e-01 2.803730e-01 1.638053e-03 -0.1361 
1.9032e+05 4.2486 3.5235 2.11521 0.79299 4.7077 4.8271e+02 0 1.9231e-05 3.5235 7.154719e-01 2.819100e-01 2.216660e-03 -0.1607 
2.2008e+05 4.2545 3.4979 1.45440 0.79430 6.8578 8.6159e+02 0 2.4434e-05 3.4979 7.128638e-01 2.836880e-01 3.033931e-03 -0.2096 
2.4811e+05 4.2617 3.6343 0.80387 0.79754 9.2453 4.4114e+02 0 3.3266e-05 3.6343 7.100264e-01 2.855300e-01 4.009593e-03 999.0000 
 3.0000 13 # agb_3.00_Z0.00100000_Mdot51_eta1.00_Mc0.00_dMc0.00_Tbd6.40_L0.00_dL0.00_C0.00_Nr3.00_rates0_KOPv_KMOLv.dat 
0.0000e+00 4.0754 3.5950 3.00000 0.79625 0.3154 8.4682e+01 1 3.7757e-07 3.5950 7.101000e-01 2.889180e-01 6.816962e-04 -0.0934 
1.1519e+04 4.1920 3.5839 2.99363 0.79765 0.3154 1.1380e+02 1 6.6222e-07 3.5839 7.101000e-01 2.889180e-01 6.816962e-04 -0.0929 
2.6263e+04 4.2080 3.5822 2.98439 0.79903 0.3732 1.1884e+02 1 7.5162e-07 3.5822 7.098707e-01 2.891270e-01 7.020206e-04 -0.0947 
4.4561e+04 4.2216 3.5807 2.97103 0.80067 0.4851 1.2347e+02 1 8.7297e-07 3.5807 7.094345e-01 2.895230e-01 7.411075e-04 -0.0964 
6.5804e+04 4.2336 3.5779 2.95208 0.80230 0.6739 1.2921e+02 1 1.0568e-06 3.5779 7.087102e-01 2.901830e-01 8.047590e-04 -0.0945 
8.8786e+04 4.2451 3.5741 2.92468 0.80364 1.0249 1.3631e+02 1 1.4093e-06 3.5741 7.076767e-01 2.911000e-01 9.199721e-04 -0.0952 
1.1265e+05 4.2573 3.5644 2.87812 0.80464 1.6546 1.5096e+02 1 2.3714e-06 3.5644 7.063852e-01 2.921810e-01 1.127260e-03 -0.1148 
1.3712e+05 4.2683 3.5543 2.79120 0.80539 2.6198 1.6847e+02 1 4.4463e-06 3.5543 7.048811e-01 2.933580e-01 1.450818e-03 -0.1292 
1.6263e+05 4.2763 3.5414 2.60848 0.80611 3.9392 1.9438e+02 1 9.4189e-06 3.5414 7.031653e-01 2.946130e-01 1.906843e-03 -0.1382 
1.8866e+05 4.2829 3.5274 2.20475 0.80686 5.6240 4.8499e+02 0 2.3174e-05 3.5274 7.011906e-01 2.959710e-01 2.515194e-03 -0.1593 
2.1487e+05 4.2866 3.4858 1.56168 0.80799 7.7766 9.6704e+02 0 2.6363e-05 3.4858 6.987706e-01 2.975510e-01 3.340641e-03 -0.2148 
2.4016e+05 4.2916 3.5239 0.93285 0.81103 10.0736 1.1063e+03 0 2.6669e-05 3.5239 6.961720e-01 2.991800e-01 4.289855e-03 -0.1466 
2.4557e+05 4.2360 3.6426 0.81661 0.81159 10.0736 3.8138e+02 0 4.4771e-05 3.6426 6.961720e-01 2.991800e-01 4.289855e-03 999.0000 
 3.2000 14 # agb_3.20_Z0.00100000_Mdot51_eta1.00_Mc0.00_dMc0.00_Tbd6.40_L0.00_dL0.00_C0.00_Nr3.00_rates0_KOPv_KMOLv.dat 
0.0000e+00 4.1036 3.5969 3.20000 0.80968 0.3191 8.5069e+01 1 4.0644e-07 3.5969 6.977000e-01 3.013060e-01 6.813336e-04 -0.0930 
9.8326e+03 4.2210 3.5859 3.19405 0.81098 0.3191 1.1446e+02 1 7.2611e-07 3.5859 6.977000e-01 3.013060e-01 6.813336e-04 -0.0942 
2.2401e+04 4.2358 3.5843 3.18552 0.81224 0.3709 1.1906e+02 1 8.1470e-07 3.5843 6.975052e-01 3.014830e-01 6.993260e-04 -0.0924 
3.7983e+04 4.2475 3.5830 3.17342 0.81371 0.4685 1.2309e+02 1 9.2470e-07 3.5830 6.971411e-01 3.018130e-01 7.329284e-04 -0.0938 
5.6133e+04 4.2590 3.5805 3.15664 0.81521 0.6261 1.2839e+02 1 1.0914e-06 3.5805 6.965434e-01 3.023570e-01 7.854992e-04 -0.0923 
7.5898e+04 4.2704 3.5777 3.13348 0.81647 0.9085 1.3429e+02 1 1.3740e-06 3.5777 6.956887e-01 3.031190e-01 8.771220e-04 -0.0930 
9.6548e+04 4.2814 3.5698 3.09729 0.81741 1.4146 1.4603e+02 1 2.0989e-06 3.5698 6.946131e-01 3.040290e-01 1.041170e-03 -0.1093 
1.1774e+05 4.2917 3.5614 3.03585 0.81812 2.1943 1.5989e+02 1 3.5400e-06 3.5614 6.933636e-01 3.050190e-01 1.297335e-03 -0.1180 
1.3996e+05 4.3006 3.5579 2.93062 0.81883 3.2626 1.6980e+02 1 5.7943e-06 3.5579 6.919573e-01 3.060620e-01 1.656806e-03 -0.1195 
1.6214e+05 4.3090 3.5385 2.70642 0.81932 4.6208 2.0690e+02 1 1.3490e-05 3.5385 6.903775e-01 3.071630e-01 2.129888e-03 -0.1494 
1.8505e+05 4.3123 3.5224 2.22509 0.81991 6.3020 5.3699e+02 0 2.7925e-05 3.5224 6.885451e-01 3.083730e-01 2.743419e-03 -0.1659 
2.0823e+05 4.3128 3.4840 1.60933 0.82098 8.4238 1.0139e+03 0 2.7990e-05 3.4840 6.862676e-01 3.098110e-01 3.567554e-03 -0.2133 
2.3037e+05 4.3175 3.5045 1.02494 0.82382 10.5636 1.2803e+03 0 2.8249e-05 3.5045 6.839204e-01 3.112430e-01 4.463137e-03 -0.1480 
2.3834e+05 4.3127 3.6423 0.83092 0.82521 10.9145 4.4681e+02 0 3.6392e-05 3.6423 6.835304e-01 3.114740e-01 4.617107e-03 999.0000 
 3.4000 15 # agb_3.40_Z0.00100000_Mdot51_eta1.00_Mc0.00_dMc0.00_Tbd6.40_L0.00_dL0.00_C0.00_Nr3.00_rates0_KOPv_KMOLv.dat 
0.0000e+00 4.1310 3.5986 3.40000 0.82241 0.3227 8.5649e+01 1 4.3752e-07 3.5986 6.871000e-01 3.118960e-01 6.808190e-04 -0.0911 
8.4535e+03 4.2460 3.5879 3.39449 0.82361 0.3227 1.1447e+02 1 7.8163e-07 3.5879 6.871000e-01 3.118960e-01 6.808190e-04 -0.0923 
1.9760e+04 4.2563 3.5867 3.38619 0.82486 0.3693 1.1773e+02 1 8.5114e-07 3.5867 6.869347e-01 3.120450e-01 6.967180e-04 -0.0939 
3.3160e+04 4.2689 3.5855 3.37508 0.82623 0.4550 1.2183e+02 1 9.6161e-07 3.5855 6.866307e-01 3.123200e-01 7.257099e-04 -0.0942 
4.8054e+04 4.2834 3.5827 3.36079 0.82746 0.5885 1.2794e+02 1 1.1298e-06 3.5827 6.861355e-01 3.127710e-01 7.696114e-04 -0.0933 
6.5106e+04 4.2945 3.5804 3.34078 0.82864 0.8173 1.3319e+02 1 1.3740e-06 3.5804 6.854259e-01 3.134060e-01 8.427325e-04 -0.0919 
8.3021e+04 4.3048 3.5745 3.31171 0.82954 1.2252 1.4232e+02 1 1.9231e-06 3.5745 6.845259e-01 3.141750e-01 9.726049e-04 -0.1056 
1.0145e+05 4.3148 3.5672 3.26587 0.83020 1.8589 1.5401e+02 1 2.9923e-06 3.5672 6.834772e-01 3.150180e-01 1.176241e-03 -0.1140 
1.2118e+05 4.3226 3.5648 3.19100 0.83099 2.7333 1.6089e+02 1 4.4978e-06 3.5648 6.823039e-01 3.159010e-01 1.462756e-03 -0.1162 
1.4005e+05 4.3351 3.5491 3.05422 0.83132 3.8456 1.8879e+02 1 9.1411e-06 3.5491 6.810070e-01 3.168190e-01 1.837880e-03 -0.1339 
1.5988e+05 4.3389 3.5421 2.81088 0.83175 5.2067 2.0883e+02 1 1.6032e-05 3.5421 6.795485e-01 3.177950e-01 2.314366e-03 -0.1432 
1.8017e+05 4.3424 3.5131 2.29475 0.83225 6.8389 6.0700e+02 0 2.9923e-05 3.5131 6.778670e-01 3.188690e-01 2.912601e-03 -0.1843 
2.0065e+05 4.3362 3.4929 1.71314 0.83311 8.8856 9.3276e+02 0 2.9512e-05 3.4929 6.757556e-01 3.201660e-01 3.711324e-03 -0.2027 
2.2038e+05 4.3329 3.4807 1.16836 0.83544 10.9586 1.4568e+03 0 2.9309e-05 3.4807 6.735458e-01 3.214840e-01 4.583106e-03 -0.1763 
2.3236e+05 4.3414 3.6427 0.84339 0.83774 12.2000 4.6822e+02 0 3.5237e-05 3.6427 6.721723e-01 3.222850e-01 5.139825e-03 999.0000 
 3.6000 16 # agb_3.60_Z0.00100000_Mdot51_eta1.00_Mc0.00_dMc0.00_Tbd6.40_L0.00_dL0.00_C0.00_Nr3.00_rates0_KOPv_KMOLv.dat 
0.0000e+00 4.1596 3.6000 3.60000 0.83670 0.3292 8.6788e+01 1 4.7424e-07 3.6000 6.774000e-01 3.215870e-01 6.798488e-04 -0.0910 
7.5130e+03 4.2696 3.5897 3.59454 0.83788 0.3292 1.1449e+02 1 8.3753e-07 3.5897 6.774000e-01 3.215870e-01 6.798488e-04 -0.0920 
1.6671e+04 4.2844 3.5883 3.58717 0.83895 0.3715 1.1896e+02 1 9.2897e-07 3.5883 6.772601e-01 3.217130e-01 6.939023e-04 -0.0921 
2.7895e+04 4.2962 3.5871 3.57707 0.84019 0.4472 1.2289e+02 1 1.0351e-06 3.5871 6.770071e-01 3.219410e-01 7.188880e-04 -0.0921 
4.1031e+04 4.3073 3.5847 3.56349 0.84148 0.5609 1.2781e+02 1 1.1776e-06 3.5847 6.765997e-01 3.223110e-01 7.554463e-04 -0.0931 
5.5510e+04 4.3176 3.5836 3.54583 0.84263 0.7466 1.3171e+02 1 1.3804e-06 3.5836 6.760159e-01 3.228360e-01 8.135134e-04 -0.0940 
7.0708e+04 4.3301 3.5785 3.52139 0.84353 1.0725 1.4034e+02 1 1.8281e-06 3.5785 6.752721e-01 3.234770e-01 9.149699e-04 -0.1006 
8.6328e+04 4.3431 3.5713 3.48459 0.84419 1.5813 1.5227e+02 1 2.7227e-06 3.5713 6.743989e-01 3.241880e-01 1.075412e-03 -0.1101 
1.0240e+05 4.3565 3.5688 3.42971 0.84472 2.2594 1.6020e+02 1 3.9811e-06 3.5688 6.734190e-01 3.249340e-01 1.306892e-03 -0.1110 
1.1880e+05 4.3734 3.5547 3.32756 0.84516 2.9106 1.8613e+02 1 7.6736e-06 3.5547 6.723279e-01 3.257040e-01 1.624263e-03 -0.1283 
1.3547e+05 4.3781 3.5502 3.16482 0.84548 3.5463 1.9900e+02 1 1.2246e-05 3.5502 6.711120e-01 3.265110e-01 2.029034e-03 -0.1317 
1.5257e+05 4.3854 3.5262 2.81215 0.84580 4.4212 4.9508e+02 0 2.9512e-05 3.5262 6.697560e-01 3.273710e-01 2.518465e-03 -0.1602 
1.7014e+05 4.3683 3.5124 2.30905 0.84617 6.0777 6.4375e+02 0 3.1769e-05 3.5124 6.681617e-01 3.283630e-01 3.111371e-03 -0.1864 
1.8815e+05 4.3594 3.4771 1.76984 0.84701 8.0997 1.0993e+03 0 3.1117e-05 3.4771 6.662008e-01 3.295430e-01 3.877492e-03 -0.2108 
2.0520e+05 4.3544 3.4751 1.27506 0.84897 10.1420 1.4854e+03 0 3.0761e-05 3.4751 6.641402e-01 3.307510e-01 4.710847e-03 -0.1698 
2.1945e+05 4.3612 3.6436 0.85768 0.85202 11.6375 4.7824e+02 0 3.5318e-05 3.6436 6.625598e-01 3.316590e-01 5.364421e-03 999.0000 
 3.8000 18 # agb_3.80_Z0.00100000_Mdot51_eta1.00_Mc0.00_dMc0.00_Tbd6.40_L0.00_dL0.00_C0.00_Nr3.00_rates0_KOPv_KMOLv.dat 
0.0000e+00 4.1878 3.6011 3.80000 0.85184 0.3353 8.8156e+01 1 5.1523e-07 3.6011 6.694000e-01 3.295800e-01 6.788926e-04 -0.0903 
6.2919e+03 4.2972 3.5911 3.79502 0.85291 0.3353 1.1598e+02 1 9.1622e-07 3.5911 6.694000e-01 3.295800e-01 6.788926e-04 -0.0921 
1.3976e+04 4.3110 3.5897 3.78837 0.85387 0.3731 1.2028e+02 1 1.0046e-06 3.5897 6.692837e-01 3.296830e-01 6.911570e-04 -0.0914 
2.3248e+04 4.3227 3.5884 3.77953 0.85496 0.4392 1.2416e+02 1 1.1117e-06 3.5884 6.690777e-01 3.298680e-01 7.124807e-04 -0.0920 
3.4086e+04 4.3354 3.5870 3.76790 0.85611 0.5350 1.2858e+02 1 1.2531e-06 3.5870 6.687508e-01 3.301640e-01 7.427364e-04 -0.0927 
4.6083e+04 4.3493 3.5839 3.75279 0.85717 0.6787 1.3524e+02 1 1.4825e-06 3.5839 6.682831e-01 3.305860e-01 7.875591e-04 -0.0967 
5.8911e+04 4.3631 3.5809 3.73274 0.85804 0.9095 1.4216e+02 1 1.8493e-06 3.5809 6.676808e-01 3.311090e-01 8.658360e-04 -0.0965 
7.2057e+04 4.3824 3.5759 3.70360 0.85869 1.0751 1.5340e+02 1 2.6062e-06 3.5759 6.669601e-01 3.316960e-01 9.988006e-04 -0.1056 
8.5614e+04 4.4005 3.5744 3.65897 0.85923 0.8695 1.6132e+02 1 3.6898e-06 3.5744 6.661236e-01 3.323230e-01 1.206036e-03 -0.1127 
9.9341e+04 4.4212 3.5732 3.59174 0.85962 0.3696 1.7056e+02 1 5.6105e-06 3.5732 6.651798e-01 3.329820e-01 1.488341e-03 -0.1209 
1.1339e+05 4.4366 3.5711 3.49208 0.85999 0.1724 1.8080e+02 1 8.6298e-06 3.5711 6.641395e-01 3.336830e-01 1.823781e-03 -0.1131 
1.2767e+05 4.4524 3.5664 3.33324 0.86025 0.1796 1.9719e+02 1 1.3868e-05 3.5664 6.629809e-01 3.344380e-01 2.222755e-03 -0.1203 
1.4229e+05 4.4592 3.5602 3.06605 0.86051 0.2284 2.1813e+02 1 2.2961e-05 3.5602 6.616908e-01 3.352440e-01 2.700031e-03 -0.1347 
1.5731e+05 4.4548 3.5484 2.58519 0.86080 0.3634 5.1132e+02 0 3.8815e-05 3.5484 6.602286e-01 3.361160e-01 3.281313e-03 -0.1590 
1.7266e+05 4.4217 3.5028 2.09006 0.86137 2.4006 8.6448e+02 0 3.5975e-05 3.5028 6.585856e-01 3.370920e-01 3.936044e-03 -0.1801 
1.8777e+05 4.3805 3.4751 1.60881 0.86244 4.6947 1.2776e+03 0 3.2659e-05 3.4751 6.566908e-01 3.381920e-01 4.713624e-03 -0.1899 
2.0157e+05 4.3840 3.4863 1.18984 0.86465 6.7496 1.5281e+03 0 3.2961e-05 3.4863 6.548978e-01 3.392130e-01 5.465028e-03 -0.0968 
2.1204e+05 4.3916 3.6391 0.87325 0.86722 8.0684 5.2433e+02 0 3.3497e-05 3.6391 6.536897e-01 3.398920e-01 5.978218e-03 999.0000 
 4.0000 21 # agb_4.00_Z0.00100000_Mdot51_eta1.00_Mc0.00_dMc0.00_Tbd6.40_L0.00_dL0.00_C0.00_Nr3.00_rates0_KOPv_KMOLv.dat 
0.0000e+00 4.2437 3.5996 4.00000 0.87586 0.3401 9.6182e+01 1 6.4121e-07 3.5996 6.632000e-01 3.357730e-01 6.783685e-04 -0.0893 
4.8834e+03 4.3384 3.5907 3.99542 0.87679 0.3401 1.2222e+02 1 1.0740e-06 3.5907 6.632000e-01 3.357730e-01 6.783687e-04 -0.0943 
1.0664e+04 4.3567 3.5888 3.98940 0.87758 0.3728 1.2817e+02 1 1.2050e-06 3.5888 6.631085e-01 3.358540e-01 6.888733e-04 -0.0967 
1.7615e+04 4.3728 3.5871 3.98131 0.87847 0.4246 1.3378e+02 1 1.3552e-06 3.5871 6.629514e-01 3.359930e-01 7.070356e-04 -0.0980 
2.5742e+04 4.3961 3.5848 3.97020 0.87942 0.4203 1.4227e+02 1 1.6144e-06 3.5848 6.627058e-01 3.362090e-01 7.358571e-04 -0.0976 
3.4819e+04 4.4146 3.5828 3.95560 0.88033 0.1854 1.4963e+02 1 1.9275e-06 3.5828 6.623397e-01 3.365280e-01 7.824340e-04 -0.0970 
4.4531e+04 4.4275 3.5821 3.93700 0.88110 0.0556 1.5435e+02 1 2.2856e-06 3.5821 6.618553e-01 3.369470e-01 8.465197e-04 -0.0976 
5.4669e+04 4.4442 3.5801 3.91267 0.88171 0.0576 1.6195e+02 1 2.8907e-06 3.5801 6.612634e-01 3.374470e-01 9.372753e-04 -0.0986 
6.5130e+04 4.4684 3.5762 3.87820 0.88220 0.0745 1.7501e+02 1 4.0087e-06 3.5762 6.605722e-01 3.380080e-01 1.066453e-03 -0.0990 
7.5707e+04 4.4900 3.5736 3.82968 0.88256 0.0981 1.8675e+02 1 5.6234e-06 3.5736 6.597965e-01 3.386090e-01 1.238428e-03 -0.0890 
8.6567e+04 4.5097 3.5709 3.75834 0.88289 0.1288 1.9945e+02 1 8.1658e-06 3.5709 6.589377e-01 3.392480e-01 1.455498e-03 -0.0806 
9.7542e+04 4.5261 3.5666 3.65317 0.88314 0.1670 2.1510e+02 1 1.2106e-05 3.5666 6.579963e-01 3.399220e-01 1.719785e-03 -0.0549 
1.0875e+05 4.5335 3.5632 3.49772 0.88336 0.2112 2.2859e+02 1 1.7660e-05 3.5632 6.569688e-01 3.406290e-01 2.035712e-03 0.1831 
1.2016e+05 4.5370 3.5586 3.25975 0.88354 0.2625 2.4653e+02 1 2.6792e-05 3.5586 6.558383e-01 3.413780e-01 2.411351e-03 -2.0131 
1.3192e+05 4.5311 3.5500 2.86290 0.88374 0.3237 5.4543e+02 0 4.4668e-05 3.5500 6.545698e-01 3.421850e-01 2.865934e-03 -0.1490 
1.4404e+05 4.5015 3.5430 2.40835 0.88405 0.4773 6.3468e+02 0 4.3152e-05 3.5430 6.531317e-01 3.430380e-01 3.442156e-03 -0.1595 
1.5627e+05 4.4577 3.4962 1.97315 0.88468 3.0571 1.0461e+03 0 3.9084e-05 3.4962 6.515893e-01 3.439420e-01 4.067623e-03 -0.1674 
1.6806e+05 4.4090 3.4757 1.58784 0.88574 5.7295 1.3700e+03 0 3.4914e-05 3.4757 6.498936e-01 3.449160e-01 4.773113e-03 -0.1643 
1.7862e+05 4.4121 3.4864 1.24323 0.88759 7.9746 1.5630e+03 0 3.5156e-05 3.4864 6.483594e-01 3.457830e-01 5.422418e-03 -0.0679 
1.8830e+05 4.4159 3.5745 0.92425 0.89022 9.5740 9.3720e+02 0 3.5481e-05 3.5745 6.471938e-01 3.464340e-01 5.921437e-03 0.1793 
1.8944e+05 4.2789 3.6336 0.89599 0.89026 9.5740 4.1852e+02 0 3.9084e-05 3.6336 6.471938e-01 3.464340e-01 5.921437e-03 999.0000 
 4.2000 22 # agb_4.20_Z0.00100000_Mdot51_eta1.00_Mc0.00_dMc0.00_Tbd6.40_L0.00_dL0.00_C0.00_Nr3.00_rates0_KOPv_KMOLv.dat 
0.0000e+00 4.2788 3.5999 4.20000 0.89104 0.3427 9.9832e+01 1 7.2277e-07 3.5999 6.554000e-01 3.435680e-01 6.778899e-04 -0.0902 
4.1014e+03 4.3709 3.5910 4.19565 0.89188 0.3423 1.2621e+02 1 1.2134e-06 3.5910 6.554006e-01 3.435670e-01 6.779529e-04 -0.0963 
8.9211e+03 4.3992 3.5881 4.18972 0.89259 0.3561 1.3582e+02 1 1.4289e-06 3.5881 6.553263e-01 3.436300e-01 6.883741e-04 -0.0969 
1.4605e+04 4.4267 3.5854 4.18148 0.89336 0.2462 1.4583e+02 1 1.7179e-06 3.5854 6.551928e-01 3.437410e-01 7.112175e-04 -0.0971 
2.1260e+04 4.4442 3.5844 4.17042 0.89419 0.0593 1.5193e+02 1 1.9770e-06 3.5844 6.549750e-01 3.439270e-01 7.420681e-04 -0.0969 
2.8794e+04 4.4566 3.5830 4.15631 0.89502 0.0435 1.5728e+02 1 2.2233e-06 3.5830 6.546612e-01 3.442120e-01 7.702760e-04 -0.0974 
3.6835e+04 4.4772 3.5808 4.13835 0.89572 0.0526 1.6634e+02 1 2.6730e-06 3.5808 6.542421e-01 3.445880e-01 8.130591e-04 -0.0982 
4.5284e+04 4.5008 3.5781 4.11473 0.89630 0.0671 1.7766e+02 1 3.3884e-06 3.5781 6.537237e-01 3.450390e-01 8.784595e-04 -0.0981 
5.3997e+04 4.5212 3.5758 4.08356 0.89675 0.0869 1.8836e+02 1 4.3652e-06 3.5758 6.531228e-01 3.455450e-01 9.721228e-04 -0.0901 
6.2939e+04 4.5425 3.5738 4.04095 0.89715 0.1141 1.9982e+02 1 5.8614e-06 3.5738 6.524473e-01 3.460930e-01 1.097345e-03 -0.0811 
7.1996e+04 4.5587 3.5702 3.98310 0.89746 0.1487 2.1288e+02 1 7.9250e-06 3.5702 6.517069e-01 3.466720e-01 1.256849e-03 -0.0698 
8.1145e+04 4.5712 3.5684 3.90428 0.89771 0.1907 2.2291e+02 1 1.0789e-05 3.5684 6.509067e-01 3.472740e-01 1.451918e-03 -0.0623 
9.0539e+04 4.5826 3.5659 3.79199 0.89795 0.2414 2.3519e+02 1 1.5066e-05 3.5659 6.500367e-01 3.479080e-01 1.684614e-03 -0.1509 
1.0010e+05 4.5882 3.5615 3.63172 0.89816 0.3001 2.5087e+02 1 2.1232e-05 3.5615 6.490942e-01 3.485710e-01 1.958973e-03 0.1924 
1.0978e+05 4.5872 3.5576 3.40096 0.89832 0.3656 2.6640e+02 1 3.0269e-05 3.5576 6.480685e-01 3.492680e-01 2.282644e-03 3.1909 
1.1976e+05 4.5779 3.5521 3.04220 0.89847 0.4401 5.6245e+02 0 4.6026e-05 3.5521 6.469287e-01 3.500130e-01 2.671410e-03 -0.1448 
1.3021e+05 4.5538 3.5450 2.60540 0.89874 0.5358 6.5291e+02 0 4.8753e-05 3.5450 6.456327e-01 3.508130e-01 3.158931e-03 -0.1524 
1.4073e+05 4.5123 3.5011 2.18860 0.89912 1.8344 1.0306e+03 0 4.4259e-05 3.5011 6.442347e-01 3.516120e-01 3.748490e-03 -0.1567 
1.5113e+05 4.4347 3.5003 1.81950 0.89979 5.1506 1.0306e+03 0 3.7068e-05 3.5003 6.427308e-01 3.524740e-01 4.376471e-03 -0.1577 
1.6078e+05 4.4276 3.4741 1.49142 0.90103 8.1374 1.5337e+03 0 3.6392e-05 3.4741 6.412376e-01 3.533160e-01 5.011770e-03 -0.1273 
1.6960e+05 4.4304 3.4925 1.18971 0.90292 10.5417 1.6036e+03 0 3.6644e-05 3.4925 6.399144e-01 3.540520e-01 5.581982e-03 -0.0537 
1.7766e+05 4.4341 3.6406 0.91209 0.90535 12.1814 5.4733e+02 0 3.6983e-05 3.6406 6.389385e-01 3.545900e-01 6.006358e-03 999.0000 
 4.4000 25 # agb_4.40_Z0.00100000_Mdot51_eta1.00_Mc0.00_dMc0.00_Tbd6.40_L0.00_dL0.00_C0.00_Nr3.00_rates0_KOPv_KMOLv.dat 
0.0000e+00 4.3082 3.6002 4.40000 0.91292 0.3436 1.0262e+02 1 7.9616e-07 3.6002 6.502000e-01 3.487630e-01 6.774898e-04 -0.0946 
3.1970e+03 4.4333 3.5881 4.39560 0.91364 0.3121 1.4106e+02 1 1.5959e-06 3.5881 6.502028e-01 3.487580e-01 6.794064e-04 -0.0963 
6.9013e+03 4.4682 3.5847 4.38945 0.91422 0.1482 1.5425e+02 1 1.9679e-06 3.5847 6.501355e-01 3.488090e-01 6.955149e-04 -0.0965 
1.1262e+04 4.4875 3.5837 4.38121 0.91485 0.0442 1.6122e+02 1 2.2336e-06 3.5837 6.500136e-01 3.489120e-01 7.137311e-04 -0.0951 
1.6311e+04 4.5025 3.5821 4.37057 0.91552 0.0449 1.6785e+02 1 2.5003e-06 3.5821 6.498250e-01 3.490830e-01 7.314746e-04 -0.0971 
2.2028e+04 4.5275 3.5795 4.35636 0.91619 0.0541 1.7941e+02 1 2.9648e-06 3.5795 6.495549e-01 3.493320e-01 7.512738e-04 -0.0974 
2.8188e+04 4.5479 3.5772 4.33854 0.91678 0.0672 1.8972e+02 1 3.4834e-06 3.5772 6.492020e-01 3.496560e-01 7.788463e-04 -0.0974 
3.4755e+04 4.5683 3.5750 4.31581 0.91731 0.0852 2.0067e+02 1 4.1976e-06 3.5750 6.487688e-01 3.500470e-01 8.200784e-04 -0.0983 
4.1583e+04 4.5854 3.5747 4.28779 0.91775 0.1090 2.0816e+02 1 4.9659e-06 3.5747 6.482660e-01 3.504890e-01 8.791417e-04 -0.0912 
4.8539e+04 4.6044 3.5718 4.25199 0.91811 0.1411 2.2120e+02 1 6.3096e-06 3.5718 6.477022e-01 3.509710e-01 9.588458e-04 -0.0774 
5.5615e+04 4.6163 3.5706 4.20700 0.91841 0.1805 2.2939e+02 1 7.8343e-06 3.5706 6.470891e-01 3.514800e-01 1.061506e-03 -0.0716 
6.2845e+04 4.6290 3.5687 4.14824 0.91869 0.2300 2.3967e+02 1 1.0069e-05 3.5687 6.464267e-01 3.520130e-01 1.188253e-03 -0.0647 
7.0075e+04 4.6377 3.5661 4.07299 0.91888 0.2882 2.5062e+02 1 1.3032e-05 3.5661 6.457238e-01 3.525610e-01 1.340550e-03 -0.0570 
7.7527e+04 4.6423 3.5642 3.97301 0.91910 0.3557 2.5937e+02 1 1.6749e-05 3.5642 6.449727e-01 3.531290e-01 1.519702e-03 0.0937 
8.5047e+04 4.6455 3.5621 3.84030 0.91928 0.4325 2.6961e+02 1 2.1928e-05 3.5621 6.441730e-01 3.537170e-01 1.728224e-03 0.2741 
9.2756e+04 4.6455 3.5593 3.65673 0.91945 0.5190 2.8216e+02 1 2.9309e-05 3.5593 6.433110e-01 3.543330e-01 1.970517e-03 -2.3531 
1.0066e+05 4.6392 3.5549 3.39337 0.91960 0.6149 2.9927e+02 1 4.0458e-05 3.5549 6.423733e-01 3.549810e-01 2.255009e-03 -0.1348 
1.0877e+05 4.6231 3.5490 3.01558 0.91974 0.7237 6.4464e+02 0 5.7148e-05 3.5490 6.413385e-01 3.556670e-01 2.597788e-03 -0.1413 
1.1721e+05 4.5905 3.5449 2.62675 0.91994 0.9027 7.0432e+02 0 5.2966e-05 3.5449 6.401832e-01 3.563840e-01 3.029511e-03 -0.1505 
1.2571e+05 4.5521 3.5021 2.25685 0.92022 2.0638 1.0861e+03 0 4.8529e-05 3.5021 6.389347e-01 3.571000e-01 3.552668e-03 -0.1465 
1.3419e+05 4.4642 3.5034 1.93589 0.92075 6.2478 1.0124e+03 0 3.9628e-05 3.5034 6.376319e-01 3.578480e-01 4.096403e-03 -0.1535 
1.4217e+05 4.4537 3.4788 1.64588 0.92164 9.9618 1.4262e+03 0 3.8726e-05 3.4788 6.363099e-01 3.585940e-01 4.658559e-03 -0.1332 
1.4948e+05 4.4558 3.4847 1.37898 0.92300 12.9848 1.5938e+03 0 3.8905e-05 3.4847 6.350816e-01 3.592790e-01 5.187886e-03 -0.0540 
1.5631e+05 4.4583 3.4998 1.12854 0.92482 15.3649 1.6768e+03 0 3.9084e-05 3.4998 6.339936e-01 3.598790e-01 5.661325e-03 0.1065 
1.6169e+05 4.4630 3.6469 0.93242 0.92657 16.9116 5.4068e+02 0 3.9537e-05 3.6469 6.332179e-01 3.603030e-01 6.001352e-03 999.0000 
 4.6000 29 # agb_4.60_Z0.00100000_Mdot51_eta1.00_Mc0.00_dMc0.00_Tbd6.40_L0.00_dL0.00_C0.00_Nr3.00_rates0_KOPv_KMOLv.dat 
0.0000e+00 4.3349 3.6007 4.60000 0.93419 0.3445 1.0501e+02 1 8.6696e-07 3.6007 6.458000e-01 3.531590e-01 6.771663e-04 -0.0935 
2.5356e+03 4.4983 3.5851 4.59537 0.93480 0.2205 1.5887e+02 1 2.1330e-06 3.5851 6.457995e-01 3.531530e-01 6.830583e-04 -0.0957 
5.3861e+03 4.5299 3.5828 4.58918 0.93527 0.0606 1.7130e+02 1 2.5586e-06 3.5828 6.457353e-01 3.532030e-01 6.967794e-04 -0.0957 
8.7172e+03 4.5420 3.5815 4.58129 0.93577 0.0446 1.7695e+02 1 2.7925e-06 3.5815 6.456248e-01 3.533020e-01 7.083757e-04 -0.0961 
1.2565e+04 4.5643 3.5793 4.57081 0.93630 0.0522 1.8757e+02 1 3.2285e-06 3.5793 6.454597e-01 3.534530e-01 7.220499e-04 -0.0972 
1.6879e+04 4.5908 3.5765 4.55697 0.93683 0.0641 2.0124e+02 1 3.8371e-06 3.5765 6.452313e-01 3.536650e-01 7.373153e-04 -0.0971 
2.1584e+04 4.6092 3.5745 4.53978 0.93732 0.0794 2.1156e+02 1 4.3954e-06 3.5745 6.449393e-01 3.539370e-01 7.554754e-04 -0.0978 
2.6647e+04 4.6283 3.5724 4.51828 0.93778 0.1001 2.2301e+02 1 5.1404e-06 3.5724 6.445825e-01 3.542670e-01 7.815924e-04 -0.0968 
3.1922e+04 4.6427 3.5707 4.49240 0.93818 0.1267 2.3259e+02 1 5.9841e-06 3.5707 6.441698e-01 3.546410e-01 8.186842e-04 -0.0974 
3.7367e+04 4.6548 3.5718 4.46210 0.93852 0.1597 2.3671e+02 1 6.7920e-06 3.5718 6.437090e-01 3.550500e-01 8.688065e-04 -0.0805 
4.2952e+04 4.6686 3.5694 4.42496 0.93882 0.2028 2.4799e+02 1 8.1470e-06 3.5694 6.432036e-01 3.554890e-01 9.334316e-04 -0.0771 
4.8560e+04 4.6768 3.5685 4.38091 0.93906 0.2536 2.5481e+02 1 9.6605e-06 3.5685 6.426664e-01 3.559440e-01 1.013993e-03 -0.0741 
5.4293e+04 4.6846 3.5666 4.32645 0.93929 0.3153 2.6366e+02 1 1.1749e-05 3.5666 6.420951e-01 3.564160e-01 1.111256e-03 -0.0599 
6.0125e+04 4.6891 3.5654 4.25933 0.93952 0.3867 2.7038e+02 1 1.4223e-05 3.5654 6.414929e-01 3.569000e-01 1.226127e-03 -0.0588 
6.5978e+04 4.6934 3.5641 4.17624 0.93969 0.4685 2.7804e+02 1 1.7458e-05 3.5641 6.408619e-01 3.573950e-01 1.359572e-03 0.1151 
7.1936e+04 4.6955 3.5616 4.07019 0.93986 0.5612 2.8789e+02 1 2.1777e-05 3.5616 6.401963e-01 3.579050e-01 1.512999e-03 0.3285 
7.8033e+04 4.6939 3.5598 3.93259 0.94003 0.6623 2.9600e+02 1 2.7102e-05 3.5598 6.394914e-01 3.584310e-01 1.688705e-03 -0.2908 
8.4214e+04 4.6903 3.5564 3.74876 0.94017 0.7750 3.0885e+02 1 3.4834e-05 3.5564 6.387426e-01 3.589740e-01 1.890485e-03 -0.1243 
9.0556e+04 4.6801 3.5535 3.48871 0.94030 0.8994 3.2129e+02 1 4.5186e-05 3.5535 6.379375e-01 3.595400e-01 2.125164e-03 -0.1295 
9.7093e+04 4.6642 3.5246 3.14670 0.94042 1.1176 8.4610e+02 0 6.2806e-05 3.5246 6.370604e-01 3.601330e-01 2.405014e-03 -0.1335 
1.0386e+05 4.5994 3.5247 2.82734 0.94055 1.1895 8.0535e+02 0 5.4075e-05 3.5247 6.361168e-01 3.607210e-01 2.754519e-03 -0.1410 
1.1080e+05 4.5677 3.5211 2.51166 0.94073 1.5674 8.6191e+02 0 5.0350e-05 3.5211 6.350688e-01 3.613390e-01 3.177561e-03 -0.1403 
1.1773e+05 4.5309 3.5035 2.21019 0.94102 4.9558 1.0420e+03 0 4.6238e-05 3.5035 6.339820e-01 3.619590e-01 3.635839e-03 -0.1524 
1.2449e+05 4.4856 3.4909 1.94476 0.94149 9.3845 1.1826e+03 0 4.1687e-05 3.4909 6.328444e-01 3.626070e-01 4.115351e-03 -0.1462 
1.3090e+05 4.4752 3.4891 1.69817 0.94224 13.1458 1.3265e+03 0 4.0644e-05 3.4891 6.317083e-01 3.632450e-01 4.601744e-03 -0.1177 
1.3688e+05 4.4767 3.4747 1.46763 0.94336 16.1838 1.7261e+03 0 4.0832e-05 3.4747 6.306395e-01 3.638380e-01 5.064602e-03 -0.0516 
1.4250e+05 4.4786 3.4905 1.25015 0.94479 18.6481 1.7399e+03 0 4.1020e-05 3.4905 6.296450e-01 3.643850e-01 5.499131e-03 0.0638 
1.4783e+05 4.4808 3.5417 1.04235 0.94654 20.5555 1.3032e+03 0 4.1210e-05 3.5417 6.287774e-01 3.648580e-01 5.880837e-03 0.2412 
1.5025e+05 4.4813 3.6454 0.95399 0.94727 21.4900 5.5950e+02 0 4.1210e-05 3.6454 6.283153e-01 3.651080e-01 6.085266e-03 999.0000 
 4.8000 34 # agb_4.80_Z0.00100000_Mdot51_eta1.00_Mc0.00_dMc0.00_Tbd6.40_L0.00_dL0.00_C0.00_Nr3.00_rates0_KOPv_KMOLv.dat 
0.0000e+00 4.3863 3.5987 4.80000 0.96213 0.3445 1.1454e+02 1 1.0641e-06 3.5987 6.417000e-01 3.572550e-01 6.770917e-04 -0.0961 
1.8579e+03 4.5796 3.5803 4.79509 0.96261 0.1605 1.8678e+02 1 3.1117e-06 3.5803 6.416944e-01 3.572520e-01 6.852123e-04 -0.0952 
3.9436e+03 4.5995 3.5791 4.78886 0.96297 0.0552 1.9557e+02 1 3.4914e-06 3.5791 6.416356e-01 3.573000e-01 6.950208e-04 -0.0780 
6.2904e+03 4.6124 3.5779 4.78127 0.96334 0.0503 2.0224e+02 1 3.8107e-06 3.5779 6.415391e-01 3.573880e-01 7.037143e-04 -0.0962 
8.9811e+03 4.6341 3.5756 4.77131 0.96372 0.0591 2.1410e+02 1 4.3752e-06 3.5756 6.414022e-01 3.575130e-01 7.144447e-04 -0.0967 
1.1976e+04 4.6550 3.5735 4.75868 0.96409 0.0716 2.2635e+02 1 5.0350e-06 3.5735 6.412224e-01 3.576800e-01 7.266207e-04 -0.0972 
1.5279e+04 4.6738 3.5713 4.74293 0.96447 0.0878 2.3836e+02 1 5.7148e-06 3.5713 6.409961e-01 3.578920e-01 7.395988e-04 -0.0985 
1.8849e+04 4.6902 3.5695 4.72371 0.96483 0.1087 2.4949e+02 1 6.4863e-06 3.5695 6.407232e-01 3.581490e-01 7.553177e-04 -0.1012 
2.2641e+04 4.7025 3.5680 4.70091 0.96517 0.1351 2.5859e+02 1 7.2611e-06 3.5680 6.404066e-01 3.584430e-01 7.766137e-04 -0.1012 
2.6554e+04 4.7127 3.5666 4.67467 0.96546 0.1677 2.6685e+02 1 8.1470e-06 3.5666 6.400533e-01 3.587660e-01 8.048902e-04 -0.1005 
3.0588e+04 4.7195 3.5695 4.64572 0.96572 0.2052 2.6537e+02 1 8.6896e-06 3.5695 6.396685e-01 3.591130e-01 8.412055e-04 -0.0920 
3.4709e+04 4.7333 3.5674 4.61124 0.96596 0.2561 2.7751e+02 1 1.0209e-05 3.5674 6.392512e-01 3.594840e-01 8.861359e-04 -0.0718 
3.8891e+04 4.7375 3.5670 4.57190 0.96617 0.3129 2.8168e+02 1 1.1455e-05 3.5670 6.388115e-01 3.598670e-01 9.407600e-04 -0.0778 
4.3159e+04 4.7427 3.5653 4.52571 0.96639 0.3813 2.8953e+02 1 1.3213e-05 3.5653 6.383489e-01 3.602630e-01 1.005485e-03 -0.0734 
4.7445e+04 4.7453 3.5646 4.47261 0.96657 0.4584 2.9397e+02 1 1.5101e-05 3.5646 6.378693e-01 3.606650e-01 1.080972e-03 -0.0663 
5.1776e+04 4.7481 3.5627 4.40993 0.96674 0.5481 3.0181e+02 1 1.7660e-05 3.5627 6.373706e-01 3.610750e-01 1.167744e-03 -0.1449 
5.6130e+04 4.7477 3.5620 4.33631 0.96688 0.6455 3.0581e+02 1 2.0370e-05 3.5620 6.368555e-01 3.614890e-01 1.266496e-03 0.3218 
6.0581e+04 4.7480 3.5595 4.24535 0.96703 0.7582 3.1507e+02 1 2.4322e-05 3.5595 6.363173e-01 3.619140e-01 1.377975e-03 -0.1074 
6.5119e+04 4.7442 3.5587 4.13248 0.96718 0.8768 3.1914e+02 1 2.8314e-05 3.5587 6.357562e-01 3.623460e-01 1.503661e-03 -0.1091 
6.9687e+04 4.7412 3.5555 3.98390 0.96730 1.0332 3.3102e+02 1 3.4834e-05 3.5555 6.351702e-01 3.627880e-01 1.645243e-03 -0.1136 
7.4387e+04 4.7320 3.5375 3.78655 0.96743 1.2119 7.4264e+02 0 5.5081e-05 3.5375 6.345501e-01 3.632440e-01 1.806514e-03 -0.1206 
7.9211e+04 4.6961 3.5376 3.57275 0.96754 1.2600 7.2143e+02 0 5.7943e-05 3.5376 6.339050e-01 3.636970e-01 1.994697e-03 -0.1248 
8.4152e+04 4.6807 3.5345 3.31112 0.96764 1.3946 7.6744e+02 0 6.5313e-05 3.5345 6.332057e-01 3.641740e-01 2.213767e-03 -0.1271 
8.9266e+04 4.6591 3.5315 3.03633 0.96775 1.5427 8.1173e+02 0 6.2087e-05 3.5315 6.324362e-01 3.646780e-01 2.474374e-03 -0.1321 
9.4476e+04 4.6333 3.5169 2.76398 0.96785 1.9694 9.5080e+02 0 5.8479e-05 3.5169 6.316079e-01 3.651930e-01 2.783226e-03 -0.1386 
9.9724e+04 4.5862 3.5162 2.50877 0.96797 2.6161 9.3952e+02 0 5.2481e-05 3.5162 6.307239e-01 3.657080e-01 3.145782e-03 -0.1416 
1.0502e+05 4.5547 3.5141 2.26175 0.96820 4.9840 9.7926e+02 0 4.8865e-05 3.5141 6.297965e-01 3.662330e-01 3.540823e-03 -0.1415 
1.1018e+05 4.5250 3.4955 2.03894 0.96859 9.4746 1.1882e+03 0 4.5604e-05 3.4955 6.288633e-01 3.667650e-01 3.933976e-03 -0.1339 
1.1509e+05 4.5047 3.4945 1.83519 0.96908 13.3260 1.2591e+03 0 4.3551e-05 3.4945 6.279129e-01 3.673000e-01 4.340149e-03 -0.1131 
1.1976e+05 4.5057 3.4776 1.64148 0.96985 16.4359 1.6227e+03 0 4.3652e-05 3.4776 6.270095e-01 3.678020e-01 4.730572e-03 -0.0684 
1.2419e+05 4.5070 3.4834 1.45697 0.97083 19.0360 1.7197e+03 0 4.3752e-05 3.4834 6.261327e-01 3.682860e-01 5.112913e-03 -0.0317 
1.2841e+05 4.5084 3.4971 1.28064 0.97202 21.1936 1.7146e+03 0 4.3853e-05 3.4971 6.252981e-01 3.687420e-01 5.479530e-03 0.0924 
1.3246e+05 4.5101 3.5314 1.11088 0.97342 22.9651 1.4404e+03 0 4.4055e-05 3.5314 6.245223e-01 3.691630e-01 5.822328e-03 0.2564 
1.3560e+05 4.5134 3.6521 0.98065 0.97459 24.3318 5.5193e+02 0 4.4361e-05 3.6521 6.238559e-01 3.695230e-01 6.118316e-03 999.0000 
 5.0000 41 # agb_5.00_Z0.00100000_Mdot51_eta1.00_Mc0.00_dMc0.00_Tbd6.40_L0.00_dL0.00_C0.00_Nr3.00_rates0_KOPv_KMOLv.dat 
0.0000e+00 4.4374 3.5967 5.00000 0.98990 0.3463 1.2503e+02 1 1.3092e-06 3.5967 6.385000e-01 3.604500e-01 6.770034e-04 -0.0946 
1.3651e+03 4.6258 3.5787 4.99558 0.99028 0.1731 2.0136e+02 1 3.7670e-06 3.5787 6.384933e-01 3.604490e-01 6.845592e-04 -0.0932 
2.8670e+03 4.6489 3.5773 4.99002 0.99055 0.0692 2.1237e+02 1 4.3053e-06 3.5773 6.384472e-01 3.604860e-01 6.935398e-04 -0.0848 
4.5357e+03 4.6602 3.5762 4.98337 0.99082 0.0544 2.1877e+02 1 4.6452e-06 3.5762 6.383724e-01 3.605520e-01 7.013287e-04 -0.0959 
6.4239e+03 4.6802 3.5740 4.97488 0.99109 0.0611 2.3082e+02 1 5.2602e-06 3.5740 6.382674e-01 3.606480e-01 7.104378e-04 -0.0968 
8.5209e+03 4.7021 3.5717 4.96408 0.99136 0.0724 2.4453e+02 1 6.0534e-06 3.5717 6.381315e-01 3.607730e-01 7.207588e-04 -0.1023 
1.0815e+04 4.7184 3.5700 4.95091 0.99163 0.0865 2.5545e+02 1 6.7764e-06 3.5700 6.379647e-01 3.609280e-01 7.316805e-04 -0.1006 
1.3298e+04 4.7343 3.5683 4.93501 0.99190 0.1041 2.6681e+02 1 7.6033e-06 3.5683 6.377658e-01 3.611150e-01 7.429447e-04 -0.0966 
1.5927e+04 4.7464 3.5669 4.91654 0.99215 0.1257 2.7617e+02 1 8.3753e-06 3.5669 6.375370e-01 3.613300e-01 7.558996e-04 -0.0977 
1.8691e+04 4.7568 3.5656 4.89526 0.99239 0.1525 2.8477e+02 1 9.2257e-06 3.5656 6.372795e-01 3.615700e-01 7.722249e-04 -0.0977 
2.1592e+04 4.7657 3.5644 4.87074 0.99263 0.1854 2.9265e+02 1 1.0139e-05 3.5644 6.369944e-01 3.618330e-01 7.925899e-04 -0.0988 
2.4549e+04 4.7726 3.5670 4.84455 0.99283 0.2219 2.9159e+02 1 1.0617e-05 3.5670 6.366880e-01 3.621130e-01 8.176468e-04 -0.0902 
2.7554e+04 4.7830 3.5658 4.81481 0.99302 0.2706 3.0089e+02 1 1.1912e-05 3.5658 6.363598e-01 3.624100e-01 8.476461e-04 -0.0898 
3.0654e+04 4.7873 3.5655 4.78119 0.99322 0.3249 3.0494e+02 1 1.3032e-05 3.5655 6.360124e-01 3.627200e-01 8.831453e-04 -0.0839 
3.3762e+04 4.7915 3.5643 4.74401 0.99339 0.3889 3.1131e+02 1 1.4421e-05 3.5643 6.356521e-01 3.630380e-01 9.244943e-04 -0.0660 
3.6881e+04 4.7929 3.5641 4.70324 0.99353 0.4595 3.1382e+02 1 1.5740e-05 3.5641 6.352813e-01 3.633590e-01 9.720911e-04 -0.0672 
4.0057e+04 4.7953 3.5625 4.65692 0.99369 0.5428 3.2054e+02 1 1.7620e-05 3.5625 6.348968e-01 3.636880e-01 1.026099e-03 -0.0805 
4.3270e+04 4.7961 3.5621 4.60462 0.99384 0.6345 3.2391e+02 1 1.9543e-05 3.5621 6.345003e-01 3.640220e-01 1.086997e-03 -0.0456 
4.6519e+04 4.7957 3.5603 4.54464 0.99398 0.7386 3.3017e+02 1 2.2029e-05 3.5603 6.340920e-01 3.643600e-01 1.155190e-03 0.4207 
4.9810e+04 4.7932 3.5599 4.47523 0.99412 0.8495 3.3208e+02 1 2.4378e-05 3.5599 6.336727e-01 3.647020e-01 1.231017e-03 -0.1012 
5.3102e+04 4.7928 3.5580 4.39178 0.99424 0.9945 3.3983e+02 1 2.8119e-05 3.5580 6.332420e-01 3.650460e-01 1.314948e-03 -0.1024 
5.6486e+04 4.7885 3.5464 4.28873 0.99437 1.1623 3.7146e+02 1 3.7844e-05 3.5464 6.327941e-01 3.653990e-01 1.408038e-03 -0.1037 
5.9884e+04 4.7675 3.5470 4.18209 0.99448 1.2254 3.6057e+02 1 3.8815e-05 3.5470 6.323424e-01 3.657440e-01 1.512465e-03 -0.1055 
6.3387e+04 4.7621 3.5456 4.05630 0.99460 1.3499 3.6624e+02 1 4.4668e-05 3.5456 6.318672e-01 3.661010e-01 1.628123e-03 -0.1065 
6.6927e+04 4.7551 3.5442 3.91018 0.99469 1.4853 3.7222e+02 1 5.1761e-05 3.5442 6.313695e-01 3.664680e-01 1.757066e-03 -0.1079 
7.0547e+04 4.7462 3.5353 3.71608 0.99478 1.7184 7.9459e+02 0 6.8865e-05 3.5353 6.308454e-01 3.668450e-01 1.901151e-03 -0.1206 
7.4246e+04 4.7218 3.5342 3.49970 0.99486 1.8051 8.0257e+02 0 7.1779e-05 3.5342 6.302932e-01 3.672280e-01 2.067163e-03 -0.1226 
7.8051e+04 4.7042 3.5320 3.27278 0.99494 1.9560 8.3577e+02 0 6.8865e-05 3.5320 6.296955e-01 3.676310e-01 2.259112e-03 -0.1266 
8.1955e+04 4.6840 3.5299 3.04463 0.99502 2.1321 8.6877e+02 0 6.5766e-05 3.5299 6.290469e-01 3.680520e-01 2.482342e-03 -0.1264 
8.5942e+04 4.6614 3.5176 2.81856 0.99510 2.6749 9.8843e+02 0 6.2373e-05 3.5176 6.283585e-01 3.684800e-01 2.738303e-03 -0.1314 
8.9930e+04 4.6210 3.5172 2.60649 0.99518 3.1423 9.7225e+02 0 5.6885e-05 3.5172 6.276320e-01 3.689070e-01 3.032928e-03 -0.1325 
9.3974e+04 4.5952 3.5156 2.40043 0.99534 4.3519 1.0022e+03 0 5.3580e-05 3.5156 6.268695e-01 3.693400e-01 3.356406e-03 -0.1310 
9.7922e+04 4.5692 3.5146 2.21118 0.99556 7.4039 1.0280e+03 0 5.0466e-05 3.5146 6.260997e-01 3.697730e-01 3.687034e-03 -0.1260 
1.0178e+05 4.5462 3.4930 2.03468 0.99590 11.2131 1.2756e+03 0 4.7863e-05 3.4930 6.253295e-01 3.702070e-01 4.015836e-03 -0.1206 
1.0545e+05 4.5305 3.4926 1.87188 0.99631 14.4572 1.3327e+03 0 4.6132e-05 3.4926 6.245593e-01 3.706370e-01 4.348326e-03 -0.1040 
1.0900e+05 4.5313 3.4791 1.71461 0.99691 17.1361 1.6295e+03 0 4.6238e-05 3.4791 6.238200e-01 3.710450e-01 4.670374e-03 -0.0586 
1.1240e+05 4.5321 3.4827 1.56336 0.99764 19.4349 1.7186e+03 0 4.6345e-05 3.4827 6.230906e-01 3.714450e-01 4.990520e-03 -0.0175 
1.1567e+05 4.5332 3.4904 1.41768 0.99852 21.4066 1.7558e+03 0 4.6452e-05 3.4904 6.223774e-01 3.718330e-01 5.305599e-03 0.0586 
1.1882e+05 4.5343 3.5046 1.27683 0.99953 23.1025 1.7039e+03 0 4.6559e-05 3.5046 6.216840e-01 3.722080e-01 5.613644e-03 0.1443 
1.2188e+05 4.5356 3.5340 1.13989 1.00066 24.5714 1.4552e+03 0 4.6774e-05 3.5340 6.210105e-01 3.725710e-01 5.914291e-03 0.3050 
1.2483e+05 4.5372 3.6532 1.00733 1.00190 25.8645 5.6286e+02 0 4.6881e-05 3.6532 6.203500e-01 3.729240e-01 6.210372e-03 999.0000 
