# age(yr) logL logTe m_act mcore c/o period ip Mdot(Msun/yr) logTe X Y CNO dlogTe/dlogL 
 0.5100 3 # agb_0.510_Z0.01000000_Mdot2_eta0.40_Mc0.00_dMc0.00_Tbd6.40_L0.00_dL0.00_C0.00_Nr3.00_rates0_KOPv_KMOLv.dat 
0.0000e+00 2.9179 3.5759 0.51000 0.49106 0.5000 5.5652e+01 0 2.7040e-08 3.5759 7.101000e-01 2.800980e-01 6.621803e-03 -0.0952 
1.8155e+05 3.0455 3.5850 0.49859 0.49211 0.5000 6.9646e+01 0 9.5499e-08 3.5850 7.101000e-01 2.800980e-01 6.621803e-03 -0.0944 
3.0366e+05 3.0677 3.6087 0.49466 0.49259 0.5000 5.9657e+01 0 1.0889e-07 3.6087 7.101000e-01 2.800980e-01 6.621803e-03 999.0000 
 0.5150 3 # agb_0.515_Z0.01000000_Mdot2_eta0.40_Mc0.00_dMc0.00_Tbd6.40_L0.00_dL0.00_C0.00_Nr3.00_rates0_KOPv_KMOLv.dat 
0.0000e+00 2.9302 3.5713 0.51500 0.49167 0.4952 5.9114e+01 0 3.0200e-08 3.5713 7.100000e-01 2.801120e-01 6.625522e-03 -0.0974 
1.8267e+05 3.0401 3.5776 0.50238 0.49277 0.4952 7.3052e+01 0 9.1622e-08 3.5776 7.100000e-01 2.801120e-01 6.625522e-03 -0.0979 
3.2161e+05 3.0951 3.6070 0.49551 0.49345 0.4952 6.4272e+01 0 1.4223e-07 3.6070 7.100000e-01 2.801120e-01 6.625522e-03 999.0000 
 0.5250 3 # agb_0.525_Z0.01000000_Mdot2_eta0.40_Mc0.00_dMc0.00_Tbd6.40_L0.00_dL0.00_C0.00_Nr3.00_rates0_KOPv_KMOLv.dat 
0.0000e+00 2.9454 3.5649 0.52500 0.49358 0.4608 6.3618e+01 0 3.3884e-08 3.5649 7.099000e-01 2.802370e-01 6.644949e-03 -0.1013 
1.7870e+05 3.0576 3.5653 0.51125 0.49470 0.4608 8.3449e+01 0 1.0889e-07 3.5653 7.099000e-01 2.802370e-01 6.644949e-03 -0.1025 
3.3027e+05 3.1129 3.5853 0.50074 0.49559 0.4608 8.0472e+01 0 1.8072e-07 3.5853 7.099000e-01 2.802370e-01 6.644949e-03 999.0000 
 0.5400 3 # agb_0.540_Z0.01000000_Mdot2_eta0.40_Mc0.00_dMc0.00_Tbd6.40_L0.00_dL0.00_C0.00_Nr3.00_rates0_KOPv_KMOLv.dat 
0.0000e+00 3.0167 3.5524 0.54000 0.49712 0.4382 8.1312e+01 0 6.5615e-08 3.5524 7.098000e-01 2.802520e-01 6.656091e-03 -0.1079 
1.7423e+05 3.1088 3.5597 0.51600 0.49844 0.4382 9.7492e+01 0 1.7783e-07 3.5597 7.098000e-01 2.802520e-01 6.656091e-03 -0.1095 
2.9966e+05 3.1630 3.5821 0.50438 0.49917 0.4382 9.1968e+01 0 2.9107e-07 3.5821 7.098000e-01 2.802520e-01 6.656091e-03 999.0000 
 0.5500 3 # agb_0.550_Z0.01000000_Mdot2_eta0.40_Mc0.00_dMc0.00_Tbd6.40_L0.00_dL0.00_C0.00_Nr3.00_rates0_KOPv_KMOLv.dat 
0.0000e+00 3.0290 3.5487 0.55000 0.49899 0.4379 8.4993e+01 0 7.0958e-08 3.5487 7.098000e-01 2.802810e-01 6.656590e-03 -0.1108 
1.7011e+05 3.1274 3.5513 0.52473 0.50032 0.4379 1.0795e+02 0 2.1038e-07 3.5513 7.098000e-01 2.802810e-01 6.656590e-03 -0.1117 
3.0757e+05 3.1845 3.5800 0.50672 0.50129 0.4379 9.7888e+01 0 3.5645e-07 3.5800 7.098000e-01 2.802810e-01 6.656590e-03 999.0000 
 0.5600 3 # agb_0.560_Z0.01000000_Mdot2_eta0.40_Mc0.00_dMc0.00_Tbd6.40_L0.00_dL0.00_C0.00_Nr3.00_rates0_KOPv_KMOLv.dat 
0.0000e+00 3.0353 3.5463 0.56000 0.50082 0.4391 8.6667e+01 0 7.2111e-08 3.5463 7.098000e-01 2.803110e-01 6.655345e-03 -0.1129 
1.6657e+05 3.1342 3.5445 0.53552 0.50215 0.4391 1.1434e+02 0 2.1727e-07 3.5445 7.098000e-01 2.803110e-01 6.655345e-03 -0.1139 
3.2414e+05 3.1920 3.5796 0.50896 0.50347 0.4391 9.9480e+01 0 3.7844e-07 3.5796 7.098000e-01 2.803110e-01 6.655345e-03 999.0000 
 0.5700 5 # agb_0.570_Z0.01000000_Mdot2_eta0.40_Mc0.00_dMc0.00_Tbd6.40_L0.00_dL0.00_C0.00_Nr3.00_rates0_KOPv_KMOLv.dat 
0.0000e+00 3.0266 3.5457 0.57000 0.50144 0.4426 8.4136e+01 0 6.2951e-08 3.5457 7.099000e-01 2.802430e-01 6.653363e-03 -0.1138 
1.6667e+05 3.1161 3.5408 0.54884 0.50274 0.4426 1.1104e+02 0 1.7219e-07 3.5408 7.099000e-01 2.802430e-01 6.653363e-03 -0.1138 
2.7615e+05 3.1573 3.5399 0.54048 0.50334 0.4426 1.2436e+02 0 2.6977e-07 3.5399 7.099000e-01 2.802430e-01 6.653363e-03 -0.1156 
3.4798e+05 3.1410 3.5657 0.51668 0.50443 0.4426 9.9211e+01 0 2.3550e-07 3.5657 7.099000e-01 2.802430e-01 6.653363e-03 -0.1156 
4.4716e+05 3.1527 3.5839 0.51008 0.50493 0.4426 8.7571e+01 0 2.5235e-07 3.5839 7.099000e-01 2.802430e-01 6.653363e-03 999.0000 
 0.5900 3 # agb_0.590_Z0.01000000_Mdot2_eta0.40_Mc0.00_dMc0.00_Tbd6.40_L0.00_dL0.00_C0.00_Nr3.00_rates0_KOPv_KMOLv.dat 
0.0000e+00 3.0818 3.5371 0.59000 0.50510 0.4412 9.9622e+01 0 1.0046e-07 3.5371 7.098000e-01 2.802810e-01 6.654273e-03 -0.1185 
1.6102e+05 3.1667 3.5334 0.55808 0.50655 0.4412 1.3079e+02 0 2.7606e-07 3.5334 7.098000e-01 2.802810e-01 6.654273e-03 -0.1209 
3.2481e+05 3.2339 3.5776 0.51376 0.50824 0.4412 1.1030e+02 0 5.5719e-07 3.5776 7.098000e-01 2.802810e-01 6.654273e-03 999.0000 
 0.6000 6 # agb_0.600_Z0.01000000_Mdot2_eta0.40_Mc0.00_dMc0.00_Tbd6.40_L0.00_dL0.00_C0.00_Nr3.00_rates0_KOPv_KMOLv.dat 
0.0000e+00 3.0267 3.5430 0.60000 0.50497 0.4522 8.2250e+01 0 5.4450e-08 3.5430 7.099000e-01 2.802240e-01 6.648735e-03 -0.1170 
1.6019e+05 3.1157 3.5339 0.58351 0.50622 0.4522 1.1159e+02 0 1.4622e-07 3.5339 7.099000e-01 2.802240e-01 6.648735e-03 -0.1170 
2.8446e+05 3.1667 3.5298 0.57227 0.50706 0.4522 1.3210e+02 0 2.5942e-07 3.5298 7.099000e-01 2.802240e-01 6.648735e-03 -0.1194 
3.3501e+05 3.1407 3.5374 0.55814 0.50784 0.4522 1.1906e+02 0 2.1038e-07 3.5374 7.099000e-01 2.802240e-01 6.648735e-03 -0.1194 
5.2341e+05 3.1649 3.5721 0.51867 0.50990 0.4522 9.8523e+01 0 2.8445e-07 3.5721 7.099000e-01 2.802240e-01 6.648735e-03 -0.1185 
5.9362e+05 3.0720 3.5894 0.51553 0.51013 0.4522 6.8914e+01 0 1.0914e-07 3.5894 7.099000e-01 2.802240e-01 6.648735e-03 999.0000 
 0.6200 5 # agb_0.62_Z0.01000000_Mdot2_eta0.40_Mc0.00_dMc0.00_Tbd6.40_L0.00_dL0.00_C0.00_Nr3.00_rates0_KOPv_KMOLv.dat 
0.0000e+00 3.0810 3.5354 0.62000 0.50703 0.4583 9.6498e+01 0 8.6099e-08 3.5354 7.099000e-01 2.801700e-01 6.644563e-03 -0.1206 
1.5724e+05 3.1651 3.5271 0.59517 0.50843 0.4583 1.3009e+02 0 2.2909e-07 3.5271 7.099000e-01 2.801700e-01 6.644563e-03 -0.1206 
2.7267e+05 3.2126 3.5231 0.58050 0.50928 0.4583 1.5332e+02 0 3.9902e-07 3.5231 7.099000e-01 2.801700e-01 6.644563e-03 -0.1227 
3.3089e+05 3.1864 3.5351 0.55384 0.51030 0.4583 1.3556e+02 0 3.3884e-07 3.5351 7.099000e-01 2.801700e-01 6.644563e-03 -0.1227 
4.7234e+05 3.2497 3.5772 0.51726 0.51174 0.4583 1.1396e+02 0 6.3680e-07 3.5772 7.099000e-01 2.801700e-01 6.644563e-03 999.0000 
 0.6500 3 # agb_0.65_Z0.01000000_Mdot2_eta0.40_Mc0.00_dMc0.00_Tbd6.40_L0.00_dL0.00_C0.00_Nr3.00_rates0_KOPv_KMOLv.dat 
0.0000e+00 3.1982 3.5199 0.65000 0.51039 0.4646 1.3802e+02 0 2.4831e-07 3.5199 7.099000e-01 2.802180e-01 6.641376e-03 -0.1290 
1.5344e+05 3.2792 3.5192 0.56860 0.51225 0.4646 1.8784e+02 0 8.2604e-07 3.5192 7.099000e-01 2.802180e-01 6.641376e-03 -0.1296 
2.6319e+05 3.3332 3.5748 0.51853 0.51337 0.4646 1.4008e+02 0 1.4322e-06 3.5748 7.099000e-01 2.802180e-01 6.641376e-03 999.0000 
 0.6600 3 # agb_0.66_Z0.01000000_Mdot2_eta0.40_Mc0.00_dMc0.00_Tbd6.40_L0.00_dL0.00_C0.00_Nr3.00_rates0_KOPv_KMOLv.dat 
0.0000e+00 3.2437 3.5138 0.66000 0.51235 0.4667 1.5921e+02 0 3.7757e-07 3.5138 7.100000e-01 2.801310e-01 6.639919e-03 -0.1317 
1.5112e+05 3.3161 3.5406 0.53430 0.51439 0.4667 1.7816e+02 0 1.2942e-06 3.5406 7.100000e-01 2.801310e-01 6.639919e-03 -0.1311 
2.2240e+05 3.2811 3.5759 0.52037 0.51485 0.4667 1.2308e+02 0 8.5114e-07 3.5759 7.100000e-01 2.801310e-01 6.639919e-03 999.0000 
 0.6800 3 # agb_0.68_Z0.01000000_Mdot2_eta0.40_Mc0.00_dMc0.00_Tbd6.40_L0.00_dL0.00_C0.00_Nr3.00_rates0_KOPv_KMOLv.dat 
0.0000e+00 3.2273 3.5164 0.68000 0.51247 0.4693 1.4598e+02 0 2.9040e-07 3.5164 7.100000e-01 2.801530e-01 6.638166e-03 -0.1311 
1.5056e+05 3.2993 3.5119 0.59242 0.51442 0.4693 2.0190e+02 0 9.1201e-07 3.5119 7.100000e-01 2.801530e-01 6.638166e-03 -0.1312 
2.6475e+05 3.3622 3.5722 0.52108 0.51576 0.4693 1.5227e+02 0 1.8923e-06 3.5722 7.100000e-01 2.801530e-01 6.638166e-03 999.0000 
 0.7000 5 # agb_0.70_Z0.01000000_Mdot2_eta0.40_Mc0.00_dMc0.00_Tbd6.40_L0.00_dL0.00_C0.00_Nr3.00_rates0_KOPv_KMOLv.dat 
0.0000e+00 3.1673 3.5248 0.70000 0.51253 0.4716 1.1531e+02 0 1.4289e-07 3.5248 7.100000e-01 2.801680e-01 6.637048e-03 -0.1270 
1.4974e+05 3.2465 3.5138 0.66003 0.51421 0.4716 1.6012e+02 0 3.8815e-07 3.5138 7.100000e-01 2.801680e-01 6.637048e-03 -0.1270 
2.7015e+05 3.3071 3.5068 0.62630 0.51549 0.4716 2.0456e+02 0 8.4723e-07 3.5068 7.100000e-01 2.801680e-01 6.637048e-03 -0.1291 
3.1613e+05 3.2765 3.5178 0.58218 0.51651 0.4716 1.8497e+02 0 7.5162e-07 3.5178 7.100000e-01 2.801680e-01 6.637048e-03 -0.1291 
4.3897e+05 3.3299 3.5745 0.52335 0.51799 0.4716 1.3828e+02 0 1.3521e-06 3.5745 7.100000e-01 2.801680e-01 6.637048e-03 999.0000 
 0.7200 5 # agb_0.72_Z0.01000000_Mdot2_eta0.40_Mc0.00_dMc0.00_Tbd6.40_L0.00_dL0.00_C0.00_Nr3.00_rates0_KOPv_KMOLv.dat 
0.0000e+00 3.2018 3.5208 0.72000 0.51362 0.4708 1.2585e+02 0 1.8621e-07 3.5208 7.100000e-01 2.801730e-01 6.638156e-03 -0.1292 
1.4894e+05 3.2672 3.5110 0.67158 0.51541 0.4708 1.6929e+02 0 4.5499e-07 3.5110 7.100000e-01 2.801730e-01 6.638156e-03 -0.1292 
2.6100e+05 3.3317 3.5030 0.63618 0.51663 0.4708 2.2043e+02 0 1.0423e-06 3.5030 7.100000e-01 2.801730e-01 6.638156e-03 -0.1298 
3.1385e+05 3.3048 3.5202 0.56817 0.51788 0.4708 1.9724e+02 0 1.0544e-06 3.5202 7.100000e-01 2.801730e-01 6.638156e-03 -0.1298 
4.1574e+05 3.3358 3.5736 0.52448 0.51896 0.4708 1.4091e+02 0 1.4256e-06 3.5736 7.100000e-01 2.801730e-01 6.638156e-03 999.0000 
 0.7500 7 # agb_0.75_Z0.01000000_Mdot2_eta0.40_Mc0.00_dMc0.00_Tbd6.40_L0.00_dL0.00_C0.00_Nr3.00_rates0_KOPv_KMOLv.dat 
0.0000e+00 3.0884 3.5373 0.75000 0.51338 0.4766 8.1259e+01 0 5.0816e-08 3.5373 7.100000e-01 2.802030e-01 6.634467e-03 -0.1216 
1.4661e+05 3.1617 3.5273 0.73874 0.51468 0.4766 1.0614e+02 0 1.1324e-07 3.5273 7.100000e-01 2.802030e-01 6.634467e-03 -0.1233 
3.0915e+05 3.1896 3.5230 0.72017 0.51643 0.4766 1.2007e+02 0 1.6368e-07 3.5230 7.100000e-01 2.802030e-01 6.634467e-03 -0.1250 
4.8326e+05 3.2217 3.5185 0.69052 0.51865 0.4766 1.3957e+02 0 2.6002e-07 3.5185 7.100000e-01 2.802030e-01 6.634467e-03 -0.1268 
6.7265e+05 3.2449 3.5167 0.63715 0.52149 0.4766 1.6057e+02 0 4.2073e-07 3.5167 7.100000e-01 2.802030e-01 6.634467e-03 -0.1298 
8.7055e+05 3.2793 3.5771 0.53040 0.52484 0.4766 1.1915e+02 0 7.8343e-07 3.5771 7.100000e-01 2.802030e-01 6.634467e-03 -0.1257 
8.7177e+05 3.2793 3.5796 0.52986 0.52485 0.4766 1.1662e+02 0 7.7804e-07 3.5796 7.100000e-01 2.802030e-01 6.634467e-03 999.0000 
 0.7600 4 # agb_0.76_Z0.01000000_Mdot2_eta0.40_Mc0.00_dMc0.00_Tbd6.40_L0.00_dL0.00_C0.00_Nr3.00_rates0_KOPv_KMOLv.dat 
0.0000e+00 3.2053 3.5223 0.76000 0.51446 0.4765 1.1920e+02 0 1.6181e-07 3.5223 7.100000e-01 2.802060e-01 6.634596e-03 -0.1281 
1.4785e+05 3.2721 3.5116 0.71782 0.51627 0.4765 1.6040e+02 0 3.8726e-07 3.5116 7.100000e-01 2.802060e-01 6.634596e-03 -0.1294 
3.1120e+05 3.3116 3.5068 0.63327 0.51875 0.4765 2.0472e+02 0 8.5507e-07 3.5068 7.100000e-01 2.802060e-01 6.634596e-03 -0.1327 
4.4961e+05 3.3746 3.5716 0.52632 0.52086 0.4765 1.5595e+02 0 2.0701e-06 3.5716 7.100000e-01 2.802060e-01 6.634596e-03 999.0000 
 0.7800 4 # agb_0.78_Z0.01000000_Mdot2_eta0.40_Mc0.00_dMc0.00_Tbd6.40_L0.00_dL0.00_C0.00_Nr3.00_rates0_KOPv_KMOLv.dat 
0.0000e+00 3.2279 3.5204 0.78000 0.51632 0.4764 1.2459e+02 0 1.8750e-07 3.5204 7.100000e-01 2.802110e-01 6.634181e-03 -0.1293 
1.4419e+05 3.2972 3.5089 0.73509 0.51816 0.4764 1.7014e+02 0 4.6452e-07 3.5089 7.100000e-01 2.802110e-01 6.634181e-03 -0.1300 
3.0601e+05 3.3320 3.5042 0.63818 0.52077 0.4764 2.1768e+02 0 1.0304e-06 3.5042 7.100000e-01 2.802110e-01 6.634181e-03 -0.1335 
4.3577e+05 3.3910 3.5723 0.52799 0.52278 0.4764 1.6036e+02 0 2.3933e-06 3.5723 7.100000e-01 2.802110e-01 6.634181e-03 999.0000 
 0.8000 5 # agb_0.80_Z0.01000000_Mdot2_eta0.40_Mc0.00_dMc0.00_Tbd6.40_L0.00_dL0.00_C0.00_Nr3.00_rates0_KOPv_KMOLv.dat 
0.0000e+00 3.2760 3.5151 0.80000 0.51736 0.4789 1.4219e+02 0 2.8314e-07 3.5151 7.100000e-01 2.801220e-01 6.633303e-03 -0.1322 
1.4331e+05 3.3423 3.5021 0.72891 0.51943 0.4789 2.0129e+02 0 7.6033e-07 3.5021 7.100000e-01 2.801220e-01 6.633303e-03 -0.1322 
2.5982e+05 3.4075 3.4921 0.65836 0.52110 0.4789 2.7905e+02 0 2.0512e-06 3.4921 7.100000e-01 2.801220e-01 6.633303e-03 -0.1317 
3.0502e+05 3.3776 3.5451 0.53735 0.52239 0.4789 1.9522e+02 0 2.2594e-06 3.5451 7.100000e-01 2.801220e-01 6.633303e-03 -0.1317 
3.5987e+05 3.2198 3.5824 0.52776 0.52266 0.4789 9.9928e+01 0 4.3752e-07 3.5824 7.100000e-01 2.801220e-01 6.633303e-03 999.0000 
 0.8500 6 # agb_0.85_Z0.01000000_Mdot2_eta0.40_Mc0.00_dMc0.00_Tbd6.40_L0.00_dL0.00_C0.00_Nr3.00_rates0_KOPv_KMOLv.dat 
0.0000e+00 3.1828 3.5307 0.85000 0.51687 0.4816 9.5135e+01 0 8.8512e-08 3.5307 7.100000e-01 2.801390e-01 6.631710e-03 -0.1243 
1.4450e+05 3.2399 3.5219 0.83002 0.51852 0.4816 1.1939e+02 0 1.7258e-07 3.5219 7.100000e-01 2.801390e-01 6.631710e-03 -0.1242 
3.0167e+05 3.2868 3.5139 0.79666 0.52074 0.4816 1.4782e+02 0 3.1989e-07 3.5139 7.100000e-01 2.801390e-01 6.631710e-03 -0.1276 
4.7591e+05 3.3192 3.5065 0.73405 0.52371 0.4816 1.8273e+02 0 5.8345e-07 3.5065 7.100000e-01 2.801390e-01 6.631710e-03 -0.1309 
6.6445e+05 3.3492 3.5128 0.58936 0.52746 0.4816 2.2504e+02 0 1.4962e-06 3.5128 7.100000e-01 2.801390e-01 6.631710e-03 -0.1343 
7.6125e+05 3.3485 3.5744 0.53407 0.52858 0.4816 1.4156e+02 0 1.5171e-06 3.5744 7.100000e-01 2.801390e-01 6.631710e-03 999.0000 
 0.9000 4 # agb_0.90_Z0.01000000_Mdot2_eta0.40_Mc0.00_dMc0.00_Tbd6.40_L0.00_dL0.00_C0.00_Nr3.00_rates0_KOPv_KMOLv.dat 
0.0000e+00 3.2886 3.5198 0.90000 0.52043 0.4830 1.2619e+02 0 2.1727e-07 3.5198 7.100000e-01 2.801520e-01 6.630592e-03 -0.1289 
1.3934e+05 3.3472 3.5088 0.85241 0.52250 0.4830 1.6666e+02 0 4.7643e-07 3.5088 7.100000e-01 2.801520e-01 6.630592e-03 -0.1291 
2.9578e+05 3.3856 3.4978 0.75398 0.52544 0.4830 2.2359e+02 0 1.0617e-06 3.4978 7.100000e-01 2.801520e-01 6.630592e-03 -0.1327 
4.4729e+05 3.4527 3.5720 0.53371 0.52865 0.4830 1.8264e+02 0 4.2170e-06 3.5720 7.100000e-01 2.801520e-01 6.630592e-03 999.0000 
 0.9500 4 # agb_0.95_Z0.01000000_Mdot2_eta0.40_Mc0.00_dMc0.00_Tbd6.40_L0.00_dL0.00_C0.00_Nr3.00_rates0_KOPv_KMOLv.dat 
0.0000e+00 3.3426 3.5160 0.95000 0.52419 0.4769 1.4024e+02 0 3.1477e-07 3.5160 7.087000e-01 2.814830e-01 6.649616e-03 -0.1312 
1.3428e+05 3.4045 3.5025 0.88010 0.52650 0.4769 1.9459e+02 0 7.7268e-07 3.5025 7.087000e-01 2.814830e-01 6.649616e-03 -0.1295 
2.8724e+05 3.4451 3.4881 0.69322 0.52991 0.4769 3.0029e+02 0 2.5645e-06 3.4881 7.087000e-01 2.814830e-01 6.649616e-03 -0.1351 
3.8970e+05 3.4841 3.5697 0.53720 0.53177 0.4769 1.9881e+02 0 5.6624e-06 3.5697 7.087000e-01 2.814830e-01 6.649616e-03 999.0000 
 1.0000 5 # agb_1.00_Z0.01000000_Mdot2_eta0.40_Mc0.00_dMc0.00_Tbd6.40_L0.00_dL0.00_C0.00_Nr3.00_rates0_KOPv_KMOLv.dat 
0.0000e+00 3.3157 3.5230 1.00000 0.52463 0.4648 1.1851e+02 0 2.0045e-07 3.5230 7.066000e-01 2.834630e-01 6.677856e-03 -0.1265 
1.3394e+05 3.3678 3.5136 0.96073 0.52676 0.4648 1.5011e+02 0 3.9264e-07 3.5136 7.066000e-01 2.834630e-01 6.677856e-03 -0.1262 
2.8382e+05 3.4129 3.5020 0.88511 0.52980 0.4648 1.9807e+02 0 8.2414e-07 3.5020 7.066000e-01 2.834630e-01 6.677856e-03 -0.1309 
4.5234e+05 3.4480 3.4891 0.68113 0.53399 0.4648 3.0441e+02 0 2.7669e-06 3.4891 7.066000e-01 2.834630e-01 6.677856e-03 -0.1364 
5.5302e+05 3.4695 3.5719 0.54094 0.53578 0.4648 1.8765e+02 0 4.7643e-06 3.5719 7.066000e-01 2.834630e-01 6.677856e-03 999.0000 
 1.0500 4 # agb_1.05_Z0.01000000_Mdot2_eta0.40_Mc0.00_dMc0.00_Tbd6.40_L0.00_dL0.00_C0.00_Nr3.00_rates0_KOPv_KMOLv.dat 
0.0000e+00 3.3834 3.5174 1.05000 0.52780 0.4535 1.3860e+02 0 3.4041e-07 3.5174 7.033000e-01 2.867590e-01 6.726252e-03 -0.1301 
1.2988e+05 3.4391 3.5050 0.98106 0.53028 0.4535 1.8649e+02 0 7.6208e-07 3.5050 7.033000e-01 2.867590e-01 6.726252e-03 -0.1288 
2.7829e+05 3.4823 3.4871 0.80992 0.53397 0.4535 2.8637e+02 0 2.2803e-06 3.4871 7.033000e-01 2.867590e-01 6.726252e-03 -0.1339 
3.9549e+05 3.5374 3.5698 0.54223 0.53678 0.4535 2.2203e+02 0 9.2045e-06 3.5698 7.033000e-01 2.867590e-01 6.726252e-03 999.0000 
 1.1000 4 # agb_1.10_Z0.01000000_Mdot2_eta0.40_Mc0.00_dMc0.00_Tbd6.40_L0.00_dL0.00_C0.00_Nr3.00_rates0_KOPv_KMOLv.dat 
0.0000e+00 3.4095 3.5172 1.10000 0.52922 0.4435 1.4114e+02 0 3.7931e-07 3.5172 7.008000e-01 2.891670e-01 6.768570e-03 -0.1300 
1.2792e+05 3.4654 3.5043 1.02513 0.53183 0.4435 1.9123e+02 0 8.6099e-07 3.5043 7.008000e-01 2.891670e-01 6.768570e-03 -0.1276 
2.7522e+05 3.5076 3.4848 0.83304 0.53577 0.4435 3.0149e+02 0 2.6915e-06 3.4848 7.008000e-01 2.891670e-01 6.768570e-03 -0.1334 
3.9168e+05 3.5607 3.5706 0.54411 0.53877 0.4435 2.3144e+02 0 1.1350e-05 3.5706 7.008000e-01 2.891670e-01 6.768570e-03 999.0000 
 1.1500 5 # agb_1.15_Z0.01000000_Mdot2_eta0.40_Mc0.00_dMc0.00_Tbd6.40_L0.00_dL0.00_C0.00_Nr3.00_rates0_KOPv_KMOLv.dat 
0.0000e+00 3.3675 3.5260 1.15000 0.52844 0.4288 6.2642e+01 1 2.1184e-07 3.5260 6.992000e-01 2.907740e-01 6.787137e-03 -0.1250 
1.2733e+05 3.4268 3.5159 1.11380 0.53074 0.4288 1.4682e+02 0 4.3451e-07 3.5159 6.992000e-01 2.907740e-01 6.787137e-03 -0.1232 
2.7472e+05 3.4623 3.5061 1.04128 0.53421 0.4288 1.8423e+02 0 7.8886e-07 3.5061 6.992000e-01 2.907740e-01 6.787137e-03 -0.1269 
4.3935e+05 3.4975 3.4894 0.87250 0.53896 0.4288 2.7134e+02 0 2.0701e-06 3.4894 6.992000e-01 2.907740e-01 6.787137e-03 -0.1334 
5.7228e+05 3.5502 3.5719 0.54783 0.54267 0.4288 2.2201e+02 0 9.9770e-06 3.5719 6.992000e-01 2.907740e-01 6.787137e-03 999.0000 
 1.2000 8 # agb_1.20_Z0.01000000_Mdot2_eta0.40_Mc0.00_dMc0.00_Tbd6.40_L0.00_dL0.00_C0.00_Nr3.00_rates0_KOPv_KMOLv.dat 
0.0000e+00 3.2656 3.5419 1.20000 0.52749 0.4189 4.5256e+01 1 6.4269e-08 3.5419 6.992000e-01 2.906950e-01 6.792796e-03 -0.1171 
1.2553e+05 3.3390 3.5320 1.18964 0.52923 0.4189 5.5904e+01 1 1.4060e-07 3.5320 6.992000e-01 2.906950e-01 6.792796e-03 -0.1154 
2.7255e+05 3.3601 3.5284 1.17120 0.53183 0.4189 6.0153e+01 1 1.8408e-07 3.5284 6.992000e-01 2.906950e-01 6.792796e-03 -0.1173 
4.3158e+05 3.3961 3.5219 1.14126 0.53524 0.4189 6.8283e+01 1 2.9107e-07 3.5219 6.992000e-01 2.906950e-01 6.792796e-03 -0.1208 
6.0463e+05 3.4294 3.5145 1.08814 0.53960 0.4189 1.5272e+02 0 4.8195e-07 3.5145 6.992000e-01 2.906950e-01 6.792796e-03 -0.1257 
7.8517e+05 3.4634 3.5031 0.98598 0.54475 0.4189 1.9938e+02 0 9.5719e-07 3.5031 6.992000e-01 2.906950e-01 6.792796e-03 -0.1320 
9.6669e+05 3.5009 3.4864 0.68010 0.55052 0.4189 3.5156e+02 0 4.6989e-06 3.4864 6.992000e-01 2.906950e-01 6.792796e-03 -0.1407 
1.0388e+06 3.4671 3.5718 0.55723 0.55168 0.4189 1.8188e+02 0 4.2462e-06 3.5718 6.992000e-01 2.906950e-01 6.792796e-03 999.0000 
 1.2500 9 # agb_1.25_Z0.01000000_Mdot2_eta0.40_Mc0.00_dMc0.00_Tbd6.40_L0.00_dL0.00_C0.00_Nr3.00_rates0_KOPv_KMOLv.dat 
0.0000e+00 3.2419 3.5472 1.25000 0.52747 0.4115 4.0834e+01 1 4.3954e-08 3.5472 7.001000e-01 2.898290e-01 6.796999e-03 -0.1135 
1.2438e+05 3.3173 3.5378 1.24314 0.52908 0.4115 5.0350e+01 1 9.6828e-08 3.5378 7.001000e-01 2.898290e-01 6.796999e-03 -0.1125 
2.7031e+05 3.3400 3.5343 1.23107 0.53148 0.4115 5.4127e+01 1 1.2647e-07 3.5343 7.001000e-01 2.898290e-01 6.796999e-03 -0.1154 
4.2552e+05 3.3829 3.5278 1.21250 0.53455 0.4115 6.1878e+01 1 2.0654e-07 3.5278 7.001000e-01 2.898290e-01 6.796999e-03 -0.1174 
5.9838e+05 3.4081 3.5227 1.18045 0.53859 0.4115 6.8201e+01 1 2.9376e-07 3.5227 7.001000e-01 2.898290e-01 6.796999e-03 -0.1204 
7.7817e+05 3.4411 3.5153 1.12532 0.54336 0.4115 1.5104e+02 0 4.8417e-07 3.5153 7.001000e-01 2.898290e-01 6.796999e-03 -0.1252 
9.6047e+05 3.4753 3.5037 1.02000 0.54878 0.4115 1.9740e+02 0 9.6383e-07 3.5037 7.001000e-01 2.898290e-01 6.796999e-03 -0.1321 
1.1392e+06 3.5134 3.4835 0.71904 0.55467 0.4115 3.5282e+02 0 4.5290e-06 3.4835 7.001000e-01 2.898290e-01 6.796999e-03 -0.1422 
1.2143e+06 3.4993 3.5722 0.56145 0.55608 0.4115 1.9337e+02 0 5.6494e-06 3.5722 7.001000e-01 2.898290e-01 6.796999e-03 999.0000 
 1.3000 11 # agb_1.30_Z0.01000000_Mdot2_eta0.40_Mc0.00_dMc0.00_Tbd6.40_L0.00_dL0.00_C0.00_Nr3.00_rates0_KOPv_KMOLv.dat 
0.0000e+00 3.1819 3.5566 1.30000 0.52665 0.4049 3.3472e+01 1 2.0893e-08 3.5566 7.010000e-01 2.888750e-01 6.801155e-03 -0.1087 
1.3033e+05 3.2222 3.5518 1.29646 0.52812 0.4049 3.7379e+01 1 3.1769e-08 3.5518 7.010000e-01 2.888750e-01 6.801155e-03 -0.1083 
2.6981e+05 3.2733 3.5455 1.29138 0.53001 0.4049 4.3053e+01 1 5.4325e-08 3.5455 7.010000e-01 2.888750e-01 6.801155e-03 -0.1096 
4.2100e+05 3.3205 3.5396 1.28358 0.53246 0.4049 4.9163e+01 1 8.9743e-08 3.5396 7.010000e-01 2.888750e-01 6.801155e-03 -0.1116 
5.9396e+05 3.3359 3.5371 1.27010 0.53584 0.4049 5.1808e+01 1 1.0889e-07 3.5371 7.010000e-01 2.888750e-01 6.801155e-03 -0.1160 
7.6670e+05 3.3808 3.5303 1.25046 0.53958 0.4049 5.9574e+01 1 1.8197e-07 3.5303 7.010000e-01 2.888750e-01 6.801155e-03 -0.1187 
9.5164e+05 3.4075 3.5251 1.21717 0.54381 0.4132 6.5874e+01 1 2.6242e-07 3.5251 7.006716e-01 2.891670e-01 6.835177e-03 -0.1213 
1.1351e+06 3.4435 3.5175 1.16224 0.54855 0.4229 1.4462e+02 0 4.4361e-07 3.5175 7.003893e-01 2.894100e-01 6.872577e-03 -0.1264 
1.3159e+06 3.4790 3.5061 1.05958 0.55395 0.4280 1.8834e+02 0 8.7902e-07 3.5061 7.002788e-01 2.895000e-01 6.891519e-03 -0.1342 
1.4888e+06 3.5198 3.4844 0.80047 0.55978 0.4280 3.2231e+02 0 3.4356e-06 3.4844 7.002788e-01 2.895000e-01 6.891519e-03 -0.1433 
1.5748e+06 3.5397 3.5737 0.56694 0.56183 0.4280 2.0691e+02 0 8.0353e-06 3.5737 7.002788e-01 2.895000e-01 6.891519e-03 999.0000 
 1.3500 9 # agb_1.35_Z0.01000000_Mdot2_eta0.40_Mc0.00_dMc0.00_Tbd6.40_L0.00_dL0.00_C0.00_Nr3.00_rates0_KOPv_KMOLv.dat 
0.0000e+00 3.2838 3.5470 1.35000 0.52896 0.3975 4.2463e+01 1 5.2000e-08 3.5470 7.021000e-01 2.878320e-01 6.804342e-03 -0.1135 
1.2356e+05 3.3498 3.5387 1.34235 0.53072 0.3975 5.1042e+01 1 1.0399e-07 3.5387 7.021000e-01 2.878320e-01 6.804342e-03 -0.1115 
2.6827e+05 3.3722 3.5352 1.32884 0.53336 0.3975 5.4846e+01 1 1.3552e-07 3.5352 7.021000e-01 2.878320e-01 6.804342e-03 -0.1134 
4.2386e+05 3.4151 3.5287 1.30735 0.53680 0.3975 6.2746e+01 1 2.2233e-07 3.5287 7.021000e-01 2.878320e-01 6.804342e-03 -0.1165 
5.9586e+05 3.4422 3.5232 1.27038 0.54128 0.3975 6.9661e+01 1 3.2434e-07 3.5232 7.021000e-01 2.878320e-01 6.804342e-03 -0.1203 
7.7292e+05 3.4784 3.5149 1.20784 0.54635 0.4003 1.5451e+02 0 5.5847e-07 3.5149 7.019763e-01 2.879440e-01 6.815630e-03 -0.1237 
9.5170e+05 3.5132 3.5026 1.08864 0.55188 0.4102 2.0466e+02 0 1.1429e-06 3.5026 7.016609e-01 2.882190e-01 6.853390e-03 -0.1317 
1.1264e+06 3.5521 3.4785 0.71387 0.55821 0.4102 4.0495e+02 0 6.8865e-06 3.4785 7.016609e-01 2.882190e-01 6.853390e-03 -0.1420 
1.1915e+06 3.5081 3.5732 0.56457 0.55937 0.4102 1.9439e+02 0 6.0117e-06 3.5732 7.016609e-01 2.882190e-01 6.853390e-03 999.0000 
 1.4000 11 # agb_1.40_Z0.01000000_Mdot2_eta0.40_Mc0.00_dMc0.00_Tbd6.40_L0.00_dL0.00_C0.00_Nr3.00_rates0_KOPv_KMOLv.dat 
0.0000e+00 3.2033 3.5587 1.40000 0.52937 0.3908 3.3013e+01 1 2.0230e-08 3.5587 7.032000e-01 2.866990e-01 6.809103e-03 -0.1075 
1.2591e+05 3.2555 3.5525 1.39655 0.53089 0.3908 3.8045e+01 1 3.4674e-08 3.5525 7.032000e-01 2.866990e-01 6.809103e-03 -0.1061 
2.6162e+05 3.3077 3.5462 1.39148 0.53287 0.3908 4.3919e+01 1 5.9841e-08 3.5462 7.032000e-01 2.866990e-01 6.809103e-03 -0.1081 
4.1764e+05 3.3222 3.5442 1.38300 0.53567 0.3908 4.5907e+01 1 7.0795e-08 3.5442 7.032000e-01 2.866990e-01 6.809103e-03 -0.1109 
5.7956e+05 3.3669 3.5382 1.37025 0.53902 0.3908 5.2295e+01 1 1.1535e-07 3.5382 7.032000e-01 2.866990e-01 6.809103e-03 -0.1146 
7.5431e+05 3.3951 3.5337 1.34959 0.54299 0.3936 5.7354e+01 1 1.6218e-07 3.5337 7.030589e-01 2.868270e-01 6.821328e-03 -0.1173 
9.2835e+05 3.4406 3.5263 1.31811 0.54723 0.4008 6.6614e+01 1 2.8054e-07 3.5263 7.027859e-01 2.870700e-01 6.850314e-03 -0.1200 
1.1086e+06 3.4708 3.5196 1.26445 0.55212 0.4139 7.5520e+01 1 4.4055e-07 3.5196 7.024252e-01 2.873780e-01 6.899823e-03 -0.1248 
1.2839e+06 3.5062 3.5091 1.16928 0.55733 0.4373 1.7827e+02 0 8.2985e-07 3.5091 7.019465e-01 2.877660e-01 6.985459e-03 -0.1315 
1.4519e+06 3.5466 3.4895 0.95772 0.56325 0.4460 2.7835e+02 0 2.4946e-06 3.4895 7.018067e-01 2.878720e-01 7.016871e-03 -0.1397 
1.5679e+06 3.5959 3.5734 0.57236 0.56717 0.4460 2.3318e+02 0 1.3459e-05 3.5734 7.018067e-01 2.878720e-01 7.016871e-03 999.0000 
 1.4500 9 # agb_1.45_Z0.01000000_Mdot2_eta0.40_Mc0.00_dMc0.00_Tbd6.40_L0.00_dL0.00_C0.00_Nr3.00_rates0_KOPv_KMOLv.dat 
0.0000e+00 3.3170 3.5478 1.45000 0.53183 0.3821 4.3256e+01 1 5.7280e-08 3.5478 7.033000e-01 2.865660e-01 6.813624e-03 -0.1130 
1.2340e+05 3.3647 3.5417 1.44113 0.53379 0.3821 4.9482e+01 1 9.5060e-08 3.5417 7.033000e-01 2.865660e-01 6.813624e-03 -0.1100 
2.5931e+05 3.4164 3.5346 1.42750 0.53647 0.3821 5.7583e+01 1 1.6711e-07 3.5346 7.033000e-01 2.865660e-01 6.813624e-03 -0.1129 
4.1253e+05 3.4544 3.5288 1.40443 0.54018 0.3821 6.4949e+01 1 2.6062e-07 3.5288 7.033000e-01 2.865660e-01 6.813624e-03 -0.1154 
5.7990e+05 3.4836 3.5229 1.36597 0.54471 0.3851 7.2545e+01 1 3.8726e-07 3.5229 7.031311e-01 2.867220e-01 6.826471e-03 -0.1192 
7.5614e+05 3.5097 3.5160 1.29946 0.54997 0.3928 1.5359e+02 0 5.9979e-07 3.5160 7.028020e-01 2.870180e-01 6.857454e-03 -0.1231 
9.3039e+05 3.5452 3.5037 1.17580 0.55572 0.4061 2.0317e+02 0 1.2218e-06 3.5037 7.024109e-01 2.873560e-01 6.906971e-03 -0.1304 
1.0995e+06 3.5820 3.4754 0.82673 0.56214 0.4155 3.8997e+02 0 5.9156e-06 3.4754 7.022134e-01 2.875170e-01 6.940934e-03 -0.1411 
1.1780e+06 3.5859 3.5717 0.56967 0.56416 0.4155 2.3255e+02 0 1.2503e-05 3.5717 7.022134e-01 2.875170e-01 6.940934e-03 999.0000 
 1.5000 9 # agb_1.50_Z0.01000000_Mdot2_eta0.40_Mc0.00_dMc0.00_Tbd6.40_L0.00_dL0.00_C0.00_Nr3.00_rates0_KOPv_KMOLv.dat 
0.0000e+00 3.3119 3.5506 1.50000 0.53198 0.3753 4.1264e+01 1 4.8417e-08 3.5506 7.036000e-01 2.863440e-01 6.815612e-03 -0.1114 
1.1828e+05 3.3880 3.5413 1.49306 0.53379 0.3753 5.0885e+01 1 1.0691e-07 3.5413 7.036000e-01 2.863440e-01 6.815612e-03 -0.1079 
2.5945e+05 3.4086 3.5381 1.48073 0.53658 0.3753 5.4289e+01 1 1.3583e-07 3.5381 7.036000e-01 2.863440e-01 6.815612e-03 -0.1109 
4.1456e+05 3.4359 3.5339 1.46091 0.54032 0.3753 5.9271e+01 1 1.8836e-07 3.5339 7.036000e-01 2.863440e-01 6.815612e-03 -0.1139 
5.7815e+05 3.4779 3.5271 1.42992 0.54462 0.3786 6.8028e+01 1 3.1189e-07 3.5271 7.034107e-01 2.865180e-01 6.829997e-03 -0.1177 
7.5405e+05 3.5026 3.5213 1.37726 0.54969 0.3876 7.5673e+01 1 4.5604e-07 3.5213 7.030254e-01 2.868650e-01 6.866093e-03 -0.1203 
9.2797e+05 3.5388 3.5113 1.28724 0.55512 0.4049 1.7240e+02 0 8.3560e-07 3.5113 7.025088e-01 2.873120e-01 6.930999e-03 -0.1252 
1.0976e+06 3.5764 3.4942 1.10090 0.56113 0.4273 2.5155e+02 0 2.1135e-06 3.4942 7.020354e-01 2.877000e-01 7.011484e-03 -0.1338 
1.2525e+06 3.6271 3.5707 0.57293 0.56757 0.4273 2.5605e+02 0 1.8365e-05 3.5707 7.020354e-01 2.877000e-01 7.011484e-03 999.0000 
 1.5500 9 # agb_1.55_Z0.01000000_Mdot2_eta0.40_Mc0.00_dMc0.00_Tbd6.40_L0.00_dL0.00_C0.00_Nr3.00_rates0_KOPv_KMOLv.dat 
0.0000e+00 3.3331 3.5502 1.55000 0.52906 0.3693 4.2294e+01 1 5.3827e-08 3.5502 7.030000e-01 2.869160e-01 6.819167e-03 -0.1111 
1.2550e+05 3.3848 3.5438 1.54199 0.53109 0.3693 4.8847e+01 1 9.2683e-08 3.5438 7.030000e-01 2.869160e-01 6.819167e-03 -0.1073 
2.6557e+05 3.4334 3.5373 1.52945 0.53394 0.3693 5.6255e+01 1 1.5704e-07 3.5373 7.030000e-01 2.869160e-01 6.819167e-03 -0.1106 
4.2280e+05 3.4712 3.5317 1.50891 0.53784 0.3693 6.3211e+01 1 2.4210e-07 3.5317 7.030000e-01 2.869160e-01 6.819167e-03 -0.1133 
5.9689e+05 3.4953 3.5270 1.47451 0.54262 0.3732 6.9196e+01 1 3.3497e-07 3.5270 7.027802e-01 2.871190e-01 6.835919e-03 -0.1174 
7.7747e+05 3.5207 3.5211 1.41895 0.54791 0.3841 7.7197e+01 1 4.9659e-07 3.5211 7.023320e-01 2.875210e-01 6.878983e-03 -0.1202 
9.5607e+05 3.5538 3.5113 1.32499 0.55357 0.4056 1.7371e+02 0 8.8308e-07 3.5113 7.017273e-01 2.880410e-01 6.958533e-03 -0.1253 
1.1297e+06 3.5884 3.4943 1.13168 0.55979 0.4346 2.5173e+02 0 2.1777e-06 3.4943 7.011468e-01 2.885120e-01 7.061724e-03 -0.1329 
1.2912e+06 3.6324 3.5696 0.57228 0.56674 0.4346 2.6179e+02 0 1.9498e-05 3.5696 7.011468e-01 2.885120e-01 7.061724e-03 999.0000 
 1.6000 10 # agb_1.60_Z0.01000000_Mdot2_eta0.40_Mc0.00_dMc0.00_Tbd6.40_L0.00_dL0.00_C0.00_Nr3.00_rates0_KOPv_KMOLv.dat 
0.0000e+00 3.3304 3.5529 1.60000 0.52586 0.3748 4.0611e+01 1 4.6881e-08 3.5529 6.991000e-01 2.907950e-01 6.811127e-03 -0.1093 
1.3049e+05 3.3735 3.5477 1.59269 0.52797 0.3748 4.5754e+01 1 7.3961e-08 3.5477 6.991000e-01 2.907950e-01 6.811127e-03 -0.1048 
2.7467e+05 3.4309 3.5402 1.58110 0.53091 0.3748 5.3893e+01 1 1.3646e-07 3.5402 6.991000e-01 2.907950e-01 6.811127e-03 -0.1071 
4.3612e+05 3.4734 3.5342 1.56227 0.53493 0.3748 6.1220e+01 1 2.1928e-07 3.5342 6.991000e-01 2.907950e-01 6.811127e-03 -0.1098 
6.1910e+05 3.4853 3.5314 1.53037 0.53996 0.3793 6.4524e+01 1 2.6546e-07 3.5314 6.988574e-01 2.910190e-01 6.829724e-03 -0.1139 
7.9978e+05 3.5259 3.5240 1.48348 0.54508 0.3919 7.4586e+01 1 4.4875e-07 3.5240 6.983576e-01 2.914670e-01 6.878477e-03 -0.1181 
9.8511e+05 3.5541 3.5161 1.40402 0.55078 0.4177 8.5565e+01 1 7.2444e-07 3.5161 6.976616e-01 2.920620e-01 6.972165e-03 -0.1222 
1.1641e+06 3.5875 3.5031 1.25734 0.55691 0.4566 2.1131e+02 0 1.4962e-06 3.5031 6.969122e-01 2.926680e-01 7.108033e-03 -0.1290 
1.3343e+06 3.6222 3.4689 0.81525 0.56370 0.4941 4.5789e+02 0 7.0469e-06 3.4689 6.963505e-01 2.930940e-01 7.236963e-03 -0.1420 
1.4049e+06 3.5999 3.5725 0.57086 0.56549 0.4941 2.3778e+02 0 1.4158e-05 3.5725 6.963505e-01 2.930940e-01 7.236963e-03 999.0000 
 1.6500 11 # agb_1.65_Z0.01000000_Mdot2_eta0.40_Mc0.00_dMc0.00_Tbd6.40_L0.00_dL0.00_C0.00_Nr3.00_rates0_KOPv_KMOLv.dat 
0.0000e+00 3.3218 3.5558 1.65000 0.52225 0.3739 3.8511e+01 1 3.8726e-08 3.5558 6.986000e-01 2.912670e-01 6.809142e-03 -0.1072 
1.3097e+05 3.3860 3.5483 1.64441 0.52424 0.3739 4.5848e+01 1 7.5336e-08 3.5483 6.986000e-01 2.912670e-01 6.809142e-03 -0.1025 
2.8649e+05 3.4049 3.5457 1.63436 0.52733 0.3739 4.8518e+01 1 9.3325e-08 3.5457 6.986000e-01 2.912670e-01 6.809142e-03 -0.1047 
4.5541e+05 3.4423 3.5405 1.61890 0.53141 0.3739 5.4221e+01 1 1.4125e-07 3.5405 6.986000e-01 2.912670e-01 6.809142e-03 -0.1073 
6.3487e+05 3.4840 3.5346 1.59594 0.53598 0.3785 6.1587e+01 1 2.2699e-07 3.5346 6.983466e-01 2.915000e-01 6.828498e-03 -0.1107 
8.2613e+05 3.5098 3.5297 1.55974 0.54112 0.3918 6.7698e+01 1 3.2063e-07 3.5297 6.978162e-01 2.919760e-01 6.879782e-03 -0.1137 
1.0163e+06 3.5421 3.5230 1.50406 0.54648 0.4198 7.6827e+01 1 5.0466e-07 3.5230 6.970539e-01 2.926300e-01 6.980949e-03 -0.1180 
1.2040e+06 3.5709 3.5143 1.41101 0.55230 0.4656 8.9169e+01 1 8.4723e-07 3.5143 6.961569e-01 2.933570e-01 7.140917e-03 -0.1228 
1.3826e+06 3.6043 3.4992 1.23341 0.55859 0.5222 2.3111e+02 0 1.9011e-06 3.4992 6.952972e-01 2.940130e-01 7.334781e-03 -0.1301 
1.5507e+06 3.6395 3.4692 0.70549 0.56579 0.5544 5.4048e+02 0 5.9293e-06 3.4692 6.948888e-01 2.943070e-01 7.444134e-03 -0.1455 
1.5990e+06 3.5186 3.5740 0.57171 0.56655 0.5544 1.9547e+02 0 6.3826e-06 3.5740 6.948888e-01 2.943070e-01 7.444134e-03 999.0000 
 1.7000 16 # agb_1.70_Z0.01000000_Mdot2_eta0.40_Mc0.00_dMc0.00_Tbd6.40_L0.00_dL0.00_C0.00_Nr3.00_rates0_KOPv_KMOLv.dat 
0.0000e+00 3.1684 3.5740 1.70000 0.51624 0.3746 2.5076e+01 1 7.3621e-09 3.5740 6.975000e-01 2.924410e-01 6.804960e-03 -0.0975 
1.4119e+05 3.2121 3.5696 1.69883 0.51770 0.3746 2.8059e+01 1 1.1482e-08 3.5696 6.975000e-01 2.924410e-01 6.804960e-03 -0.0946 
2.9273e+05 3.2686 3.5636 1.69710 0.51961 0.3746 3.2532e+01 1 2.0464e-08 3.5636 6.975000e-01 2.924410e-01 6.804960e-03 -0.0966 
4.6801e+05 3.2763 3.5627 1.69425 0.52233 0.3746 3.3237e+01 1 2.2233e-08 3.5627 6.975000e-01 2.924410e-01 6.804960e-03 -0.0977 
6.5006e+05 3.3138 3.5585 1.69020 0.52558 0.3746 3.6763e+01 1 3.2810e-08 3.5585 6.975000e-01 2.924410e-01 6.804960e-03 -0.0986 
8.4452e+05 3.3409 3.5553 1.68416 0.52916 0.3790 3.9612e+01 1 4.3853e-08 3.5553 6.972843e-01 2.926380e-01 6.823468e-03 -0.1001 
1.0361e+06 3.3907 3.5495 1.67609 0.53262 0.3905 4.5392e+01 1 7.3961e-08 3.5495 6.968439e-01 2.930300e-01 6.869249e-03 -0.1031 
1.2400e+06 3.4192 3.5456 1.66372 0.53654 0.4136 4.9384e+01 1 1.0139e-07 3.5456 6.961945e-01 2.935870e-01 6.955880e-03 -0.1062 
1.4433e+06 3.4478 3.5416 1.64618 0.54061 0.4529 5.3876e+01 1 1.4060e-07 3.5416 6.953667e-01 2.942640e-01 7.097729e-03 -0.1092 
1.6427e+06 3.4792 3.5369 1.62094 0.54488 0.5112 5.9543e+01 1 2.0464e-07 3.5369 6.944025e-01 2.950120e-01 7.303104e-03 -0.1117 
1.8377e+06 3.5099 3.5315 1.58322 0.54948 0.5883 6.6307e+01 1 3.0339e-07 3.5315 6.933438e-01 2.957900e-01 7.570969e-03 -0.1140 
2.0252e+06 3.5398 3.5251 1.52615 0.55442 0.6802 7.4805e+01 1 4.6774e-07 3.5251 6.922419e-01 2.965610e-01 7.887570e-03 -0.1175 
2.2015e+06 3.5777 3.5157 1.43490 0.55971 0.7778 8.8603e+01 1 8.5310e-07 3.5157 6.911766e-01 2.972770e-01 8.222220e-03 -0.1226 
2.3701e+06 3.6113 3.5039 1.26523 0.56574 0.8644 2.1997e+02 0 1.8408e-06 3.5039 6.902903e-01 2.978550e-01 8.517949e-03 -0.1237 
2.5284e+06 3.6475 3.4735 0.74928 0.57286 0.8926 5.0146e+02 0 6.2230e-06 3.4735 6.900143e-01 2.980310e-01 8.614166e-03 -0.1384 
2.5763e+06 3.5574 3.5700 0.57927 0.57377 0.8926 2.1831e+02 0 9.0782e-06 3.5700 6.900143e-01 2.980310e-01 8.614166e-03 999.0000 
 1.7500 16 # agb_1.75_Z0.01000000_Mdot2_eta0.40_Mc0.00_dMc0.00_Tbd6.40_L0.00_dL0.00_C0.00_Nr3.00_rates0_KOPv_KMOLv.dat 
0.0000e+00 3.1928 3.5731 1.75000 0.50964 0.3755 2.5994e+01 1 8.5507e-09 3.5731 6.966000e-01 2.933160e-01 6.802120e-03 -0.0970 
1.5117e+05 3.2270 3.5697 1.74862 0.51126 0.3755 2.8392e+01 1 1.2134e-08 3.5697 6.966000e-01 2.933160e-01 6.802120e-03 -0.0933 
3.1511e+05 3.2761 3.5645 1.74663 0.51339 0.3755 3.2292e+01 1 2.0045e-08 3.5645 6.966000e-01 2.933160e-01 6.802120e-03 -0.0948 
4.9519e+05 3.3156 3.5601 1.74364 0.51621 0.3755 3.5871e+01 1 3.0130e-08 3.5601 6.966000e-01 2.933160e-01 6.802120e-03 -0.0960 
6.9236e+05 3.3441 3.5569 1.73909 0.51984 0.3755 3.8755e+01 1 4.0644e-08 3.5569 6.966000e-01 2.933160e-01 6.802120e-03 -0.0978 
9.0211e+05 3.3672 3.5542 1.73230 0.52424 0.3755 4.1320e+01 1 5.2000e-08 3.5542 6.966000e-01 2.933160e-01 6.802120e-03 -0.0992 
1.1078e+06 3.4080 3.5493 1.72329 0.52840 0.3836 4.6255e+01 1 8.0168e-08 3.5493 6.963078e-01 2.935750e-01 6.833126e-03 -0.1025 
1.3230e+06 3.4313 3.5460 1.70961 0.53290 0.4050 4.9645e+01 1 1.0447e-07 3.5460 6.957458e-01 2.940540e-01 6.911139e-03 -0.1043 
1.5340e+06 3.4593 3.5421 1.69041 0.53739 0.4456 5.4110e+01 1 1.4454e-07 3.5421 6.949557e-01 2.946930e-01 7.054214e-03 -0.1084 
1.7348e+06 3.4968 3.5365 1.66442 0.54174 0.5089 6.0833e+01 1 2.2387e-07 3.5365 6.939838e-01 2.954350e-01 7.272783e-03 -0.1111 
1.9361e+06 3.5243 3.5315 1.62496 0.54660 0.5940 6.7176e+01 1 3.2137e-07 3.5315 6.928851e-01 2.962300e-01 7.563373e-03 -0.1133 
2.1294e+06 3.5517 3.5254 1.56601 0.55174 0.6959 7.5286e+01 1 4.8306e-07 3.5254 6.917182e-01 2.970360e-01 7.909188e-03 -0.1163 
2.3110e+06 3.5866 3.5176 1.47416 0.55718 0.8049 8.7598e+01 1 8.4723e-07 3.5176 6.905657e-01 2.978040e-01 8.277643e-03 -0.1181 
2.4837e+06 3.6190 3.5065 1.30891 0.56328 0.9042 2.1213e+02 0 1.7660e-06 3.5065 6.895681e-01 2.984520e-01 8.612520e-03 -0.1215 
2.6457e+06 3.6537 3.4791 0.80934 0.57044 0.9528 4.5146e+02 0 7.8163e-06 3.4791 6.890978e-01 2.987520e-01 8.776002e-03 -0.1271 
2.7045e+06 3.6033 3.5689 0.57694 0.57187 0.9528 2.4503e+02 0 1.4388e-05 3.5689 6.890978e-01 2.987520e-01 8.776002e-03 999.0000 
 1.8000 15 # agb_1.80_Z0.01000000_Mdot2_eta0.40_Mc0.00_dMc0.00_Tbd6.40_L0.00_dL0.00_C0.00_Nr3.00_rates0_KOPv_KMOLv.dat 
0.0000e+00 3.2357 3.5704 1.80000 0.50483 0.3760 2.8271e+01 1 1.2023e-08 3.5704 6.959000e-01 2.939940e-01 6.800470e-03 -0.0989 
1.5596e+05 3.2872 3.5650 1.79802 0.50663 0.3760 3.2342e+01 1 2.0324e-08 3.5650 6.959000e-01 2.939940e-01 6.800470e-03 -0.0922 
3.2909e+05 3.3336 3.5598 1.79501 0.50911 0.3760 3.6609e+01 1 3.2810e-08 3.5598 6.959000e-01 2.939940e-01 6.800470e-03 -0.0936 
5.2317e+05 3.3618 3.5567 1.79038 0.51252 0.3760 3.9499e+01 1 4.4055e-08 3.5567 6.959000e-01 2.939940e-01 6.800470e-03 -0.0951 
7.3682e+05 3.3775 3.5548 1.78341 0.51693 0.3760 4.1297e+01 1 5.2360e-08 3.5548 6.959000e-01 2.939940e-01 6.800470e-03 -0.0971 
9.5172e+05 3.4164 3.5501 1.77416 0.52127 0.3826 4.5998e+01 1 7.9250e-08 3.5501 6.956031e-01 2.942630e-01 6.826874e-03 -0.0990 
1.1701e+06 3.4502 3.5457 1.76146 0.52562 0.4010 5.0746e+01 1 1.1455e-07 3.5457 6.950090e-01 2.947840e-01 6.895350e-03 -0.1022 
1.3969e+06 3.4711 3.5426 1.74249 0.53038 0.4383 5.4224e+01 1 1.4723e-07 3.5426 6.941563e-01 2.954970e-01 7.027105e-03 -0.1044 
1.6153e+06 3.4994 3.5383 1.71699 0.53503 0.4996 5.9374e+01 1 2.0654e-07 3.5383 6.930961e-01 2.963340e-01 7.238180e-03 -0.1077 
1.8296e+06 3.5258 3.5336 1.68011 0.53996 0.5858 6.5228e+01 1 2.9174e-07 3.5336 6.918870e-01 2.972360e-01 7.530746e-03 -0.1102 
2.0350e+06 3.5544 3.5278 1.62639 0.54513 0.6929 7.2922e+01 1 4.3652e-07 3.5278 6.905879e-01 2.981580e-01 7.891607e-03 -0.1130 
2.2297e+06 3.5852 3.5212 1.54586 0.55061 0.8120 8.3058e+01 1 7.0958e-07 3.5212 6.892753e-01 2.990530e-01 8.291146e-03 -0.1138 
2.4137e+06 3.6191 3.5127 1.41070 0.55668 0.9284 1.8767e+02 0 1.3614e-06 3.5127 6.880685e-01 2.998530e-01 8.680618e-03 -0.1134 
2.5874e+06 3.6506 3.4907 1.09960 0.56373 1.0129 3.0652e+02 0 4.4157e-06 3.4907 6.872259e-01 3.004000e-01 8.963090e-03 -0.1175 
2.7184e+06 3.6950 3.5686 0.57512 0.56978 1.0129 3.0258e+02 0 2.9376e-05 3.5686 6.872259e-01 3.004000e-01 8.963090e-03 999.0000 
 1.8500 16 # agb_1.85_Z0.01000000_Mdot2_eta0.40_Mc0.00_dMc0.00_Tbd6.40_L0.00_dL0.00_C0.00_Nr3.00_rates0_KOPv_KMOLv.dat 
0.0000e+00 3.2148 3.5743 1.85000 0.50673 0.3757 2.6087e+01 1 8.8716e-09 3.5743 6.959000e-01 2.939940e-01 6.799437e-03 -0.0967 
1.5601e+05 3.2401 3.5718 1.84857 0.50846 0.3757 2.7842e+01 1 1.1482e-08 3.5718 6.959000e-01 2.939940e-01 6.799437e-03 -0.0910 
3.2620e+05 3.2881 3.5667 1.84642 0.51079 0.3757 3.1563e+01 1 1.8750e-08 3.5667 6.959000e-01 2.939940e-01 6.799437e-03 -0.0927 
5.1363e+05 3.3272 3.5624 1.84317 0.51391 0.3757 3.5017e+01 1 2.8054e-08 3.5624 6.959000e-01 2.939940e-01 6.799437e-03 -0.0944 
7.0960e+05 3.3756 3.5571 1.83876 0.51761 0.3757 3.9827e+01 1 4.6238e-08 3.5571 6.959000e-01 2.939940e-01 6.799437e-03 -0.0959 
9.2840e+05 3.3920 3.5552 1.83179 0.52188 0.3817 4.1719e+01 1 5.5335e-08 3.5552 6.956190e-01 2.942490e-01 6.824027e-03 -0.0971 
1.1417e+06 3.4281 3.5509 1.82294 0.52581 0.3983 4.6111e+01 1 8.1283e-08 3.5509 6.950526e-01 2.947490e-01 6.886839e-03 -0.0997 
1.3668e+06 3.4494 3.5479 1.80961 0.53017 0.4320 4.9164e+01 1 1.0351e-07 3.5479 6.942294e-01 2.954430e-01 7.007588e-03 -0.1018 
1.5887e+06 3.4712 3.5448 1.79139 0.53455 0.4883 5.2609e+01 1 1.3397e-07 3.5448 6.931909e-01 2.962740e-01 7.203712e-03 -0.1052 
1.7986e+06 3.5077 3.5397 1.76745 0.53873 0.5697 5.8808e+01 1 2.0324e-07 3.5397 6.919863e-01 2.971860e-01 7.482150e-03 -0.1083 
2.0068e+06 3.5360 3.5350 1.73294 0.54330 0.6745 6.4768e+01 1 2.9040e-07 3.5350 6.906616e-01 2.981390e-01 7.837134e-03 -0.1092 
2.2080e+06 3.5648 3.5294 1.68237 0.54823 0.7968 7.2187e+01 1 4.3152e-07 3.5294 6.892702e-01 2.991000e-01 8.249440e-03 -0.1123 
2.4000e+06 3.5932 3.5254 1.60701 0.55357 0.9284 8.0175e+01 1 6.6681e-07 3.5254 6.878704e-01 3.000380e-01 8.691513e-03 -0.1078 
2.5812e+06 3.6246 3.5061 1.47773 0.55944 1.0566 1.9327e+02 0 1.2823e-06 3.5061 6.865602e-01 3.008970e-01 9.121586e-03 -0.1208 
2.7507e+06 3.6574 3.4855 1.20383 0.56616 1.1571 3.0067e+02 0 3.6559e-06 3.4855 6.855579e-01 3.015460e-01 9.458523e-03 -0.1286 
2.9007e+06 3.7013 3.5686 0.57903 0.57381 1.1571 3.0496e+02 0 2.8708e-05 3.5686 6.855579e-01 3.015460e-01 9.458523e-03 999.0000 
 1.9000 27 # agb_1.90_Z0.01000000_Mdot2_eta0.40_Mc0.00_dMc0.00_Tbd6.40_L0.00_dL0.00_C0.00_Nr3.00_rates0_KOPv_KMOLv.dat 
0.0000e+00 3.0154 3.5944 1.90000 0.48871 0.3774 1.5422e+01 1 1.0814e-09 3.5944 6.949000e-01 2.949680e-01 6.796894e-03 -0.0875 
1.8474e+05 3.0258 3.5935 1.89953 0.48982 0.3774 1.5827e+01 1 1.2023e-09 3.5935 6.949000e-01 2.949680e-01 6.796894e-03 -0.0831 
3.7411e+05 3.0925 3.5873 1.89930 0.49109 0.3774 1.8713e+01 1 2.3550e-09 3.5873 6.949000e-01 2.949680e-01 6.796894e-03 -0.0832 
5.8212e+05 3.1197 3.5848 1.89897 0.49276 0.3774 2.0032e+01 1 3.1046e-09 3.5848 6.949000e-01 2.949680e-01 6.796894e-03 -0.0838 
8.0587e+05 3.1364 3.5832 1.89853 0.49482 0.3774 2.0892e+01 1 3.6728e-09 3.5832 6.949000e-01 2.949680e-01 6.796894e-03 -0.0849 
1.0435e+06 3.1511 3.5819 1.89794 0.49731 0.3774 2.1681e+01 1 4.2658e-09 3.5819 6.949000e-01 2.949680e-01 6.796894e-03 -0.0856 
1.2816e+06 3.1875 3.5784 1.89722 0.49998 0.3774 2.3775e+01 1 6.1660e-09 3.5784 6.949000e-01 2.949680e-01 6.796894e-03 -0.0858 
1.5392e+06 3.2002 3.5772 1.89619 0.50327 0.3774 2.4558e+01 1 7.0307e-09 3.5772 6.949000e-01 2.949680e-01 6.796894e-03 -0.0874 
1.8002e+06 3.2130 3.5760 1.89479 0.50693 0.3774 2.5366e+01 1 8.0168e-09 3.5760 6.949000e-01 2.949680e-01 6.796894e-03 -0.0890 
2.0492e+06 3.2495 3.5725 1.89308 0.51010 0.3874 2.7843e+01 1 1.1641e-08 3.5725 6.946457e-01 2.951830e-01 6.834629e-03 -0.0907 
2.3082e+06 3.2612 3.5713 1.89071 0.51338 0.4112 2.8712e+01 1 1.3152e-08 3.5713 6.941748e-01 2.955630e-01 6.920805e-03 -0.0919 
2.5515e+06 3.3026 3.5669 1.88785 0.51620 0.4521 3.2010e+01 1 2.0137e-08 3.5669 6.935214e-01 2.960630e-01 7.066387e-03 -0.0934 
2.8057e+06 3.3220 3.5648 1.88386 0.51934 0.5126 3.3721e+01 1 2.4660e-08 3.5648 6.927097e-01 2.966530e-01 7.278671e-03 -0.0944 
3.0551e+06 3.3455 3.5618 1.87869 0.52248 0.5927 3.6037e+01 1 3.1696e-08 3.5618 6.917680e-01 2.973050e-01 7.557755e-03 -0.0934 
3.2997e+06 3.3693 3.5591 1.87202 0.52567 0.6915 3.8438e+01 1 4.0832e-08 3.5591 6.907172e-01 2.980010e-01 7.899882e-03 -0.0953 
3.5378e+06 3.3962 3.5560 1.86344 0.52897 0.8060 4.1406e+01 1 5.4450e-08 3.5560 6.895807e-01 2.987270e-01 8.295645e-03 -0.0943 
3.7698e+06 3.4217 3.5535 1.85246 0.53241 0.9333 4.4343e+01 1 7.1779e-08 3.5535 6.883742e-01 2.994770e-01 8.735186e-03 -0.0927 
3.9940e+06 3.4499 3.5421 1.83787 0.53603 1.0694 5.0962e+01 1 1.0186e-07 3.5421 6.871186e-01 3.002450e-01 9.205314e-03 -0.1053 
4.2103e+06 3.4788 3.5311 1.81807 0.53986 1.2113 5.8560e+01 1 1.4655e-07 3.5311 6.858266e-01 3.010260e-01 9.695582e-03 -0.1158 
4.4231e+06 3.4993 3.5230 1.79047 0.54416 1.3557 6.4996e+01 1 1.9454e-07 3.5230 6.845149e-01 3.018170e-01 1.019461e-02 -0.1210 
4.6204e+06 3.5322 3.5138 1.75389 0.54846 1.4986 7.4658e+01 1 2.9785e-07 3.5138 6.832092e-01 3.026040e-01 1.068909e-02 -0.1277 
4.8133e+06 3.5584 3.5076 1.70075 0.55336 1.6370 8.3203e+01 1 4.3351e-07 3.5076 6.819330e-01 3.033760e-01 1.116791e-02 -0.1306 
4.9938e+06 3.5880 3.4940 1.62291 0.55855 1.7659 9.9385e+01 1 7.1121e-07 3.4940 6.807302e-01 3.041080e-01 1.161390e-02 -0.1390 
5.1643e+06 3.6208 3.4812 1.49569 0.56436 1.8760 2.3684e+02 0 1.3335e-06 3.4812 6.796918e-01 3.047420e-01 1.199487e-02 -0.1451 
5.3252e+06 3.6525 3.4514 1.22454 0.57113 1.9460 3.9720e+02 0 3.8637e-06 3.4514 6.790280e-01 3.051480e-01 1.223690e-02 -0.1591 
5.4747e+06 3.6851 3.4889 0.60393 0.57892 1.9460 5.7734e+02 0 6.5917e-06 3.4889 6.790280e-01 3.051480e-01 1.223690e-02 -0.1992 
5.4769e+06 3.7133 3.5571 0.58447 0.57893 1.9460 3.4410e+02 0 1.8281e-05 3.5571 6.790280e-01 3.051480e-01 1.223690e-02 999.0000 
 1.9500 18 # agb_1.95_Z0.01000000_Mdot2_eta0.40_Mc0.00_dMc0.00_Tbd6.40_L0.00_dL0.00_C0.00_Nr3.00_rates0_KOPv_KMOLv.dat 
0.0000e+00 3.1904 3.5799 1.95000 0.50502 0.3766 2.3307e+01 1 5.7943e-09 3.5799 6.942000e-01 2.956490e-01 6.794978e-03 -0.0938 
1.5349e+05 3.2445 3.5747 1.94912 0.50658 0.3766 2.6743e+01 1 1.0023e-08 3.5747 6.942000e-01 2.956490e-01 6.794978e-03 -0.0893 
3.2290e+05 3.2907 3.5699 1.94778 0.50870 0.3766 3.0151e+01 1 1.6032e-08 3.5699 6.942000e-01 2.956490e-01 6.794978e-03 -0.0905 
5.2070e+05 3.2882 3.5702 1.94556 0.51180 0.3766 2.9973e+01 1 1.5704e-08 3.5702 6.942000e-01 2.956490e-01 6.794978e-03 -0.0916 
7.1696e+05 3.3445 3.5641 1.94278 0.51522 0.3766 3.4758e+01 1 2.7990e-08 3.5641 6.942000e-01 2.956490e-01 6.794978e-03 -0.0930 
9.3644e+05 3.3627 3.5621 1.93840 0.51968 0.3766 3.6504e+01 1 3.3884e-08 3.5621 6.942000e-01 2.956490e-01 6.794978e-03 -0.0941 
1.1508e+06 3.4004 3.5580 1.93274 0.52373 0.3855 4.0359e+01 1 5.0119e-08 3.5580 6.938803e-01 2.959330e-01 6.828882e-03 -0.0960 
1.3767e+06 3.4183 3.5559 1.92433 0.52801 0.4096 4.2452e+01 1 6.1094e-08 3.5559 6.932629e-01 2.964580e-01 6.914733e-03 -0.0982 
1.6004e+06 3.4380 3.5535 1.91299 0.53217 0.4553 4.4944e+01 1 7.6033e-08 3.5535 6.923894e-01 2.971650e-01 7.072259e-03 -0.1011 
1.8097e+06 3.4807 3.5480 1.89894 0.53583 0.5270 5.0758e+01 1 1.2050e-07 3.5480 6.913006e-01 2.979990e-01 7.314792e-03 -0.1037 
2.0240e+06 3.5087 3.5440 1.87847 0.53995 0.6253 5.5338e+01 1 1.6672e-07 3.5440 6.900386e-01 2.989170e-01 7.643564e-03 -0.1048 
2.2309e+06 3.5384 3.5396 1.85070 0.54415 0.7473 6.0821e+01 1 2.3714e-07 3.5396 6.886409e-01 2.998910e-01 8.049082e-03 -0.1074 
2.4346e+06 3.5628 3.5366 1.81089 0.54877 0.8870 6.5742e+01 1 3.2584e-07 3.5366 6.871517e-01 3.008970e-01 8.511513e-03 -0.1042 
2.6275e+06 3.5910 3.5256 1.75363 0.55358 1.0369 7.6217e+01 1 4.9774e-07 3.5256 6.856174e-01 3.019130e-01 9.006818e-03 -0.1108 
2.8115e+06 3.6197 3.5065 1.66229 0.55884 1.1882 9.5000e+01 1 8.4723e-07 3.5065 6.840989e-01 3.029070e-01 9.506548e-03 -0.1267 
2.9845e+06 3.6511 3.4873 1.50235 0.56470 1.3286 2.3892e+02 0 1.7140e-06 3.4873 6.827027e-01 3.038160e-01 9.969827e-03 -0.1383 
3.1462e+06 3.6844 3.4513 1.09337 0.57163 1.4292 4.7267e+02 0 7.4817e-06 3.4513 6.817090e-01 3.044590e-01 1.030171e-02 -0.1512 
3.2628e+06 3.7262 3.5631 0.58301 0.57747 1.4292 3.3671e+02 0 2.0277e-05 3.5631 6.817090e-01 3.044590e-01 1.030171e-02 999.0000 
 2.0000 19 # agb_2.00_Z0.01000000_Mdot2_eta0.40_Mc0.00_dMc0.00_Tbd6.40_L0.00_dL0.00_C0.00_Nr3.00_rates0_KOPv_KMOLv.dat 
0.0000e+00 3.1852 3.5820 2.00000 0.50688 0.3764 2.2442e+01 1 5.0466e-09 3.5820 6.936000e-01 2.963310e-01 6.793391e-03 -0.0928 
1.5518e+05 3.2098 3.5797 1.99919 0.50849 0.3764 2.3889e+01 1 6.4714e-09 3.5797 6.936000e-01 2.963310e-01 6.793391e-03 -0.0893 
3.2417e+05 3.2519 3.5756 1.99799 0.51064 0.3764 2.6584e+01 1 9.9312e-09 3.5756 6.936000e-01 2.963310e-01 6.793391e-03 -0.0903 
5.0849e+05 3.2914 3.5715 1.99623 0.51345 0.3764 2.9463e+01 1 1.4859e-08 3.5715 6.936000e-01 2.963310e-01 6.793391e-03 -0.0913 
7.0997e+05 3.3166 3.5689 1.99363 0.51705 0.3764 3.1478e+01 1 1.9275e-08 3.5689 6.936000e-01 2.963310e-01 6.793391e-03 -0.0925 
9.1463e+05 3.3613 3.5641 1.99022 0.52049 0.3821 3.5400e+01 1 3.0549e-08 3.5641 6.933338e-01 2.965740e-01 6.816401e-03 -0.0933 
1.1372e+06 3.3774 3.5624 1.98514 0.52425 0.3972 3.6975e+01 1 3.6224e-08 3.5624 6.927938e-01 2.970530e-01 6.874031e-03 -0.0951 
1.3528e+06 3.4162 3.5581 1.97881 0.52757 0.4278 4.1024e+01 1 5.4325e-08 3.5581 6.919991e-01 2.977310e-01 6.983896e-03 -0.0972 
1.5795e+06 3.4407 3.5552 1.96956 0.53126 0.4798 4.3933e+01 1 7.0795e-08 3.5552 6.909806e-01 2.985580e-01 7.163753e-03 -0.0996 
1.8037e+06 3.4653 3.5521 1.95716 0.53495 0.5573 4.7162e+01 1 9.2897e-08 3.5521 6.897702e-01 2.994920e-01 7.426351e-03 -0.1022 
2.0232e+06 3.4919 3.5485 1.94056 0.53870 0.6606 5.1079e+01 1 1.2531e-07 3.5485 6.884077e-01 3.004920e-01 7.772198e-03 -0.1012 
2.2343e+06 3.5236 3.5441 1.91856 0.54249 0.7870 5.6223e+01 1 1.8030e-07 3.5441 6.869273e-01 3.015330e-01 8.191983e-03 -0.1043 
2.4428e+06 3.5506 3.5413 1.88740 0.54671 0.9313 6.0785e+01 1 2.4946e-07 3.5413 6.853599e-01 3.026000e-01 8.669547e-03 -0.0992 
2.6401e+06 3.5817 3.5256 1.84301 0.55104 1.0875 7.3088e+01 1 3.8994e-07 3.5256 6.837356e-01 3.036840e-01 9.185426e-03 -0.1140 
2.8331e+06 3.6054 3.5117 1.77407 0.55601 1.2482 8.6149e+01 1 5.8749e-07 3.5117 6.820993e-01 3.047620e-01 9.715631e-03 -0.1245 
3.0122e+06 3.6375 3.4968 1.66744 0.56127 1.4048 1.0517e+02 1 1.0399e-06 3.4968 6.805173e-01 3.057990e-01 1.023206e-02 -0.1338 
3.1818e+06 3.6695 3.4802 1.47179 0.56736 1.5441 2.7031e+02 0 2.2542e-06 3.4802 6.791145e-01 3.067150e-01 1.069104e-02 -0.1427 
3.3395e+06 3.7042 3.4201 0.93315 0.57480 1.6270 7.5282e+02 0 6.8865e-06 3.4201 6.782833e-01 3.072550e-01 1.096453e-02 -0.1654 
3.4218e+06 3.7220 3.5632 0.58350 0.57832 1.6270 3.3289e+02 0 2.0941e-05 3.5632 6.782833e-01 3.072550e-01 1.096453e-02 999.0000 
 2.0500 18 # agb_2.05_Z0.01000000_Mdot2_eta0.40_Mc0.00_dMc0.00_Tbd6.40_L0.00_dL0.00_C0.00_Nr3.00_rates0_KOPv_KMOLv.dat 
0.0000e+00 3.2217 3.5800 2.05000 0.50453 0.3771 2.4052e+01 1 6.7143e-09 3.5800 6.929000e-01 2.970160e-01 6.790685e-03 -0.0936 
1.5844e+05 3.2469 3.5776 2.04891 0.50630 0.3771 2.5632e+01 1 8.6696e-09 3.5776 6.929000e-01 2.970160e-01 6.790685e-03 -0.0887 
3.3271e+05 3.2855 3.5737 2.04732 0.50871 0.3771 2.8312e+01 1 1.2853e-08 3.5737 6.929000e-01 2.970160e-01 6.790685e-03 -0.0895 
5.2354e+05 3.3281 3.5692 2.04488 0.51191 0.3771 3.1659e+01 1 1.9907e-08 3.5692 6.929000e-01 2.970160e-01 6.790685e-03 -0.0910 
7.2419e+05 3.3761 3.5641 2.04159 0.51574 0.3771 3.5903e+01 1 3.2584e-08 3.5641 6.929000e-01 2.970160e-01 6.790685e-03 -0.0919 
9.4822e+05 3.3856 3.5631 2.03650 0.52003 0.3839 3.6861e+01 1 3.6141e-08 3.5631 6.925948e-01 2.972930e-01 6.817579e-03 -0.0935 
1.1664e+06 3.4231 3.5590 2.03015 0.52381 0.4027 4.0745e+01 1 5.3456e-08 3.5590 6.919805e-01 2.978340e-01 6.886716e-03 -0.0948 
1.3981e+06 3.4379 3.5572 2.02093 0.52790 0.4407 4.2514e+01 1 6.3096e-08 3.5572 6.910865e-01 2.985870e-01 7.019409e-03 -0.0972 
1.6168e+06 3.4773 3.5525 2.00973 0.53142 0.5045 4.7440e+01 1 9.5940e-08 3.5525 6.899515e-01 2.994930e-01 7.234953e-03 -0.1000 
1.8429e+06 3.5015 3.5491 1.99353 0.53538 0.5970 5.1048e+01 1 1.2618e-07 3.5491 6.886170e-01 3.005040e-01 7.542652e-03 -0.1006 
2.0624e+06 3.5284 3.5453 1.97199 0.53935 0.7173 5.5415e+01 1 1.7219e-07 3.5453 6.871215e-01 3.015840e-01 7.938633e-03 -0.1031 
2.2748e+06 3.5561 3.5420 1.94322 0.54343 0.8603 6.0207e+01 1 2.3933e-07 3.5420 6.855050e-01 3.027100e-01 8.407196e-03 -0.1011 
2.4816e+06 3.5831 3.5348 1.90221 0.54787 1.0192 6.7405e+01 1 3.4356e-07 3.5348 6.838081e-01 3.038630e-01 8.926228e-03 -0.1019 
2.6802e+06 3.6087 3.5167 1.84057 0.55266 1.1870 8.2015e+01 1 5.2966e-07 3.5167 6.820659e-01 3.050300e-01 9.473594e-03 -0.1212 
2.8678e+06 3.6374 3.5023 1.74572 0.55785 1.3550 9.8653e+01 1 8.7902e-07 3.5023 6.803399e-01 3.061770e-01 1.002123e-02 -0.1304 
3.0438e+06 3.6691 3.4844 1.58412 0.56363 1.5122 2.4329e+02 0 1.7539e-06 3.4844 6.787287e-01 3.072450e-01 1.053337e-02 -0.1398 
3.2090e+06 3.7006 3.4494 1.18572 0.57062 1.6334 4.6312e+02 0 6.8549e-06 3.4494 6.774889e-01 3.080640e-01 1.092862e-02 -0.1526 
3.3399e+06 3.7446 3.5646 0.58307 0.57780 1.6334 3.4603e+02 0 1.9275e-05 3.5646 6.774889e-01 3.080640e-01 1.092862e-02 999.0000 
 2.1000 20 # agb_2.10_Z0.01000000_Mdot2_eta0.40_Mc0.00_dMc0.00_Tbd6.40_L0.00_dL0.00_C0.00_Nr3.00_rates0_KOPv_KMOLv.dat 
0.0000e+00 3.1777 3.5858 2.10000 0.51065 0.3768 2.1009e+01 1 3.9628e-09 3.5858 6.922000e-01 2.977010e-01 6.789930e-03 -0.0914 
1.4788e+05 3.2139 3.5824 2.09939 0.51218 0.3768 2.3008e+01 1 5.7148e-09 3.5824 6.922000e-01 2.977010e-01 6.789930e-03 -0.0885 
3.0729e+05 3.2678 3.5772 2.09850 0.51418 0.3768 2.6391e+01 1 9.8855e-09 3.5772 6.922000e-01 2.977010e-01 6.789930e-03 -0.0892 
4.8256e+05 3.3059 3.5733 2.09716 0.51682 0.3768 2.9114e+01 1 1.4555e-08 3.5733 6.922000e-01 2.977010e-01 6.789930e-03 -0.0908 
6.7425e+05 3.3345 3.5704 2.09515 0.52022 0.3768 3.1373e+01 1 1.9543e-08 3.5704 6.922000e-01 2.977010e-01 6.789930e-03 -0.0912 
8.7995e+05 3.3520 3.5686 2.09225 0.52376 0.3824 3.2840e+01 1 2.3388e-08 3.5686 6.919389e-01 2.979390e-01 6.812511e-03 -0.0923 
1.0934e+06 3.3708 3.5666 2.08822 0.52726 0.3973 3.4517e+01 1 2.8510e-08 3.5666 6.914093e-01 2.984090e-01 6.868660e-03 -0.0933 
1.3013e+06 3.4142 3.5620 2.08312 0.53032 0.4271 3.8706e+01 1 4.4668e-08 3.5620 6.906259e-01 2.990790e-01 6.975332e-03 -0.0951 
1.5224e+06 3.4377 3.5594 2.07569 0.53371 0.4782 4.1274e+01 1 5.7412e-08 3.5594 6.896099e-01 2.999080e-01 7.151002e-03 -0.0974 
1.7422e+06 3.4633 3.5563 2.06582 0.53707 0.5546 4.4345e+01 1 7.5683e-08 3.5563 6.883970e-01 3.008500e-01 7.408002e-03 -0.0994 
1.9587e+06 3.4912 3.5526 2.05265 0.54045 0.6576 4.8107e+01 1 1.0280e-07 3.5526 6.870206e-01 3.018680e-01 7.749355e-03 -0.0997 
2.1702e+06 3.5210 3.5487 2.03499 0.54392 0.7849 5.2498e+01 1 1.4322e-07 3.5487 6.855094e-01 3.029400e-01 8.168309e-03 -0.1016 
2.3744e+06 3.5515 3.5456 2.01174 0.54746 0.9323 5.7135e+01 1 2.0230e-07 3.5456 6.838895e-01 3.040550e-01 8.650857e-03 -0.0975 
2.5792e+06 3.5754 3.5314 1.97654 0.55164 1.0937 6.6808e+01 1 2.8774e-07 3.5314 6.821922e-01 3.051990e-01 9.177761e-03 -0.1128 
2.7741e+06 3.5992 3.5191 1.92622 0.55600 1.2635 7.7382e+01 1 4.1495e-07 3.5191 6.804425e-01 3.063660e-01 9.731242e-03 -0.1220 
2.9574e+06 3.6305 3.5068 1.85225 0.56061 1.4350 9.1454e+01 1 6.7143e-07 3.5068 6.786837e-01 3.075330e-01 1.029003e-02 -0.1299 
3.1309e+06 3.6615 3.4928 1.73605 0.56572 1.6017 1.1088e+02 1 1.1803e-06 3.4928 6.769697e-01 3.086710e-01 1.083256e-02 -0.1386 
3.2954e+06 3.6931 3.4746 1.51765 0.57176 1.7504 2.9126e+02 0 2.6424e-06 3.4746 6.754337e-01 3.096890e-01 1.131662e-02 -0.1466 
3.4475e+06 3.7273 3.4091 0.93794 0.57924 1.8416 8.7082e+02 0 7.2611e-06 3.4091 6.744940e-01 3.103100e-01 1.161366e-02 -0.1709 
3.5240e+06 3.7418 3.5608 0.58804 0.58267 1.8416 3.5313e+02 0 1.7947e-05 3.5608 6.744940e-01 3.103100e-01 1.161366e-02 999.0000 
 2.1500 21 # agb_2.15_Z0.01000000_Mdot2_eta0.40_Mc0.00_dMc0.00_Tbd6.40_L0.00_dL0.00_C0.00_Nr3.00_rates0_KOPv_KMOLv.dat 
0.0000e+00 3.1632 3.5886 2.15000 0.51332 0.3765 1.9799e+01 1 3.1623e-09 3.5886 6.918000e-01 2.980880e-01 6.789943e-03 -0.0909 
1.3976e+05 3.2225 3.5831 2.14955 0.51470 0.3765 2.2983e+01 1 5.7544e-09 3.5831 6.918000e-01 2.980880e-01 6.789943e-03 -0.0881 
3.0211e+05 3.2320 3.5822 2.14881 0.51672 0.3765 2.3536e+01 1 6.3387e-09 3.5822 6.918000e-01 2.980880e-01 6.789943e-03 -0.0885 
4.7139e+05 3.2776 3.5777 2.14779 0.51919 0.3765 2.6443e+01 1 1.0069e-08 3.5777 6.918000e-01 2.980880e-01 6.789943e-03 -0.0900 
6.5575e+05 3.3106 3.5744 2.14625 0.52233 0.3765 2.8789e+01 1 1.4093e-08 3.5744 6.918000e-01 2.980880e-01 6.789943e-03 -0.0909 
8.5280e+05 3.3352 3.5719 2.14402 0.52557 0.3817 3.0685e+01 1 1.8155e-08 3.5719 6.915560e-01 2.983100e-01 6.810957e-03 -0.0910 
1.0597e+06 3.3558 3.5698 2.14086 0.52881 0.3952 3.2384e+01 1 2.2491e-08 3.5698 6.910568e-01 2.987550e-01 6.862846e-03 -0.0920 
1.2631e+06 3.3973 3.5655 2.13688 0.53163 0.4223 3.6105e+01 1 3.4435e-08 3.5655 6.903134e-01 2.993940e-01 6.960791e-03 -0.0940 
1.4800e+06 3.4220 3.5629 2.13113 0.53474 0.4687 3.8559e+01 1 4.4668e-08 3.5629 6.893456e-01 3.001910e-01 7.121622e-03 -0.0961 
1.6971e+06 3.4491 3.5598 2.12343 0.53781 0.5388 4.1515e+01 1 5.9566e-08 3.5598 6.881817e-01 3.011040e-01 7.358852e-03 -0.0984 
1.9123e+06 3.4774 3.5562 2.11316 0.54090 0.6348 4.5011e+01 1 8.0910e-08 3.5562 6.868493e-01 3.021010e-01 7.678407e-03 -0.0984 
2.1344e+06 3.4914 3.5543 2.09832 0.54454 0.7556 4.6974e+01 1 9.5280e-08 3.5543 6.853759e-01 3.031570e-01 8.076266e-03 -0.1006 
2.3408e+06 3.5221 3.5508 2.07980 0.54784 0.8974 5.1238e+01 1 1.3397e-07 3.5508 6.837867e-01 3.042590e-01 8.540878e-03 -0.0971 
2.5370e+06 3.5603 3.5388 2.05513 0.55109 1.0551 6.0353e+01 1 2.1281e-07 3.5388 6.821072e-01 3.053980e-01 9.055977e-03 -0.1063 
2.7338e+06 3.5878 3.5258 2.01817 0.55498 1.2238 7.0473e+01 1 3.1189e-07 3.5258 6.803560e-01 3.065710e-01 9.605796e-03 -0.1190 
2.9229e+06 3.6141 3.5152 1.96519 0.55918 1.3982 8.1013e+01 1 4.5920e-07 3.5152 6.785584e-01 3.077680e-01 1.017353e-02 -0.1278 
3.1013e+06 3.6454 3.5037 1.88779 0.56365 1.5726 9.5243e+01 1 7.4131e-07 3.5037 6.767553e-01 3.089690e-01 1.074069e-02 -0.1338 
3.2725e+06 3.6745 3.4899 1.76154 0.56885 1.7407 2.1313e+02 0 1.2972e-06 3.4899 6.750025e-01 3.101380e-01 1.128721e-02 -0.1416 
3.4327e+06 3.7060 3.4702 1.52372 0.57486 1.8902 3.1071e+02 0 3.0200e-06 3.4702 6.734324e-01 3.111860e-01 1.177312e-02 -0.1507 
3.5806e+06 3.7410 3.3995 0.90880 0.58246 1.9773 1.0057e+03 0 7.4989e-06 3.3995 6.725199e-01 3.117920e-01 1.205636e-02 -0.1778 
3.6483e+06 3.7422 3.5599 0.59048 0.58537 1.9773 3.5487e+02 0 1.7701e-05 3.5599 6.725199e-01 3.117920e-01 1.205636e-02 999.0000 
 2.2000 18 # agb_2.20_Z0.01000000_Mdot2_eta0.40_Mc0.00_dMc0.00_Tbd6.40_L0.00_dL0.00_C0.00_Nr3.00_rates0_KOPv_KMOLv.dat 
0.0000e+00 3.2499 3.5821 2.20000 0.52495 0.3774 2.4047e+01 1 7.0146e-09 3.5821 6.910000e-01 2.988750e-01 6.785274e-03 -0.0932 
1.2749e+05 3.3004 3.5771 2.19900 0.52662 0.3774 2.7373e+01 1 1.1722e-08 3.5771 6.910000e-01 2.988750e-01 6.785274e-03 -0.0900 
2.6802e+05 3.3458 3.5725 2.19752 0.52887 0.3774 3.0761e+01 1 1.8578e-08 3.5725 6.910000e-01 2.988750e-01 6.785274e-03 -0.0909 
4.3039e+05 3.3623 3.5708 2.19501 0.53210 0.3774 3.2119e+01 1 2.2080e-08 3.5708 6.910000e-01 2.988750e-01 6.785274e-03 -0.0923 
6.0191e+05 3.3891 3.5681 2.19145 0.53545 0.3820 3.4456e+01 1 2.9107e-08 3.5681 6.907586e-01 2.990970e-01 6.803803e-03 -0.0947 
7.7613e+05 3.4378 3.5629 2.18671 0.53854 0.3943 3.9163e+01 1 4.8084e-08 3.5629 6.902405e-01 2.995660e-01 6.851114e-03 -0.0969 
9.6811e+05 3.4628 3.5601 2.17954 0.54195 0.4201 4.1936e+01 1 6.2661e-08 3.5601 6.894403e-01 3.002670e-01 6.944095e-03 -0.0989 
1.1649e+06 3.4889 3.5570 2.16960 0.54532 0.4666 4.5101e+01 1 8.2985e-08 3.5570 6.883762e-01 3.011620e-01 7.102920e-03 -0.1004 
1.3624e+06 3.5165 3.5536 2.15605 0.54864 0.5397 4.8790e+01 1 1.1220e-07 3.5536 6.870835e-01 3.021980e-01 7.345257e-03 -0.1015 
1.5580e+06 3.5451 3.5496 2.13772 0.55197 0.6421 5.3157e+01 1 1.5453e-07 3.5496 6.856006e-01 3.033290e-01 7.678044e-03 -0.1022 
1.7480e+06 3.5778 3.5451 2.11307 0.55529 0.7716 5.8648e+01 1 2.2439e-07 3.5451 6.839647e-01 3.045270e-01 8.094955e-03 -0.1035 
1.9382e+06 3.6037 3.5424 2.07801 0.55906 0.9237 6.3290e+01 1 3.0761e-07 3.5424 6.822026e-01 3.057770e-01 8.581637e-03 -0.0995 
2.1216e+06 3.6314 3.5269 2.02651 0.56307 1.0913 7.5512e+01 1 4.6666e-07 3.5269 6.803521e-01 3.070640e-01 9.116058e-03 -0.1141 
2.2969e+06 3.6594 3.5123 1.94931 0.56737 1.2679 9.0282e+01 1 7.3961e-07 3.5123 6.784445e-01 3.083770e-01 9.677776e-03 -0.1259 
2.4650e+06 3.6868 3.4974 1.82417 0.57228 1.4450 1.0948e+02 1 1.2677e-06 3.4974 6.765420e-01 3.096810e-01 1.024083e-02 -0.1366 
2.6215e+06 3.7195 3.4753 1.59102 0.57785 1.6112 2.9436e+02 0 2.9376e-06 3.4753 6.747573e-01 3.109010e-01 1.076896e-02 -0.1479 
2.7673e+06 3.7540 3.4166 0.98240 0.58499 1.7308 8.2905e+02 0 7.7268e-06 3.4166 6.734799e-01 3.117700e-01 1.114901e-02 -0.1689 
2.8431e+06 3.7746 3.5630 0.59405 0.58880 1.7308 3.6891e+02 0 1.6982e-05 3.5630 6.734799e-01 3.117700e-01 1.114901e-02 999.0000 
 2.2500 15 # agb_2.25_Z0.01000000_Mdot2_eta0.40_Mc0.00_dMc0.00_Tbd6.40_L0.00_dL0.00_C0.00_Nr3.00_rates0_KOPv_KMOLv.dat 
0.0000e+00 3.3537 3.5732 2.25000 0.52659 0.3784 3.0689e+01 1 1.8578e-08 3.5732 6.905000e-01 2.994630e-01 6.783980e-03 -0.0973 
1.2619e+05 3.3975 3.5687 2.24752 0.52871 0.3784 3.4381e+01 1 2.9107e-08 3.5687 6.905000e-01 2.994630e-01 6.783980e-03 -0.0928 
2.6671e+05 3.4543 3.5627 2.24360 0.53171 0.3784 3.9909e+01 1 5.2119e-08 3.5627 6.905000e-01 2.994630e-01 6.783980e-03 -0.0951 
4.2800e+05 3.4811 3.5596 2.23738 0.53532 0.3825 4.2936e+01 1 6.9024e-08 3.5596 6.902567e-01 2.996900e-01 6.800596e-03 -0.0973 
6.0692e+05 3.5022 3.5570 2.22804 0.53931 0.3940 4.5562e+01 1 8.6896e-08 3.5570 6.896920e-01 3.002090e-01 6.845345e-03 -0.0987 
7.8958e+05 3.5389 3.5527 2.21579 0.54297 0.4201 5.0459e+01 1 1.2853e-07 3.5527 6.887707e-01 3.010300e-01 6.939113e-03 -0.1005 
9.8717e+05 3.5595 3.5499 2.19745 0.54698 0.4705 5.3707e+01 1 1.6293e-07 3.5499 6.875170e-01 3.021020e-01 7.108501e-03 -0.1024 
1.1827e+06 3.5855 3.5463 2.17295 0.55077 0.5533 5.8148e+01 1 2.2080e-07 3.5463 6.859911e-01 3.033420e-01 7.376658e-03 -0.1052 
1.3801e+06 3.6046 3.5429 2.13814 0.55484 0.6705 6.2249e+01 1 2.8379e-07 3.5429 6.842518e-01 3.046860e-01 7.749775e-03 -0.1035 
1.5683e+06 3.6331 3.5381 2.09133 0.55878 0.8179 6.8673e+01 1 4.0926e-07 3.5381 6.823522e-01 3.060950e-01 8.214397e-03 -0.1066 
1.7500e+06 3.6620 3.5354 2.02607 0.56294 0.9874 7.5075e+01 1 6.0395e-07 3.5354 6.803378e-01 3.075470e-01 8.746136e-03 -0.0973 
1.9246e+06 3.6911 3.5105 1.92164 0.56750 1.1691 9.7586e+01 1 1.0568e-06 3.5105 6.782649e-01 3.090160e-01 9.314919e-03 -0.1235 
2.0914e+06 3.7193 3.4906 1.73941 0.57277 1.3516 2.3684e+02 0 2.0749e-06 3.4906 6.762207e-01 3.104530e-01 9.885493e-03 -0.1369 
2.2476e+06 3.7490 3.4491 1.27636 0.57920 1.5138 4.8454e+02 0 8.3946e-06 3.4491 6.744248e-01 3.117060e-01 1.039226e-02 -0.1533 
2.3735e+06 3.7954 3.5640 0.59257 0.58721 1.5138 3.8379e+02 0 1.5959e-05 3.5640 6.744248e-01 3.117060e-01 1.039226e-02 999.0000 
 2.3000 13 # agb_2.30_Z0.01000000_Mdot2_eta0.40_Mc0.00_dMc0.00_Tbd6.40_L0.00_dL0.00_C0.00_Nr3.00_rates0_KOPv_KMOLv.dat 
0.0000e+00 3.4520 3.5648 2.30000 0.54151 0.3778 3.8621e+01 1 4.6666e-08 3.5648 6.900000e-01 2.999520e-01 6.782279e-03 -0.1026 
1.1100e+05 3.4907 3.5604 2.29403 0.54401 0.3778 4.2874e+01 1 6.9823e-08 3.5604 6.900000e-01 2.999520e-01 6.782279e-03 -0.0984 
2.3748e+05 3.5315 3.5557 2.28493 0.54715 0.3810 4.7925e+01 1 1.0715e-07 3.5557 6.898037e-01 3.001360e-01 6.794760e-03 -0.1002 
3.8339e+05 3.5647 3.5516 2.27040 0.55101 0.3897 5.2657e+01 1 1.5382e-07 3.5516 6.893106e-01 3.005950e-01 6.828865e-03 -0.1017 
5.4064e+05 3.6040 3.5465 2.25018 0.55488 0.4100 5.8982e+01 1 2.3659e-07 3.5465 6.884205e-01 3.014060e-01 6.904517e-03 -0.1044 
7.1760e+05 3.6173 3.5441 2.21814 0.55932 0.4525 6.1963e+01 1 2.8445e-07 3.5441 6.871234e-01 3.025480e-01 7.048971e-03 -0.1077 
8.9087e+05 3.6455 3.5394 2.17508 0.56331 0.5283 6.8230e+01 1 4.0551e-07 3.5394 6.854917e-01 3.039170e-01 7.293262e-03 -0.1098 
1.0627e+06 3.6721 3.5342 2.11416 0.56735 0.6421 7.5475e+01 1 5.8749e-07 3.5342 6.836159e-01 3.054120e-01 7.650492e-03 -0.1109 
1.2304e+06 3.7001 3.5275 2.02424 0.57162 0.7889 8.5330e+01 1 9.0782e-07 3.5275 6.815762e-01 3.069670e-01 8.106328e-03 -0.1150 
1.3922e+06 3.7258 3.5228 1.88708 0.57631 0.9581 9.5907e+01 1 1.4791e-06 3.5228 6.794458e-01 3.085420e-01 8.629176e-03 -0.1066 
1.5453e+06 3.7546 3.4886 1.61277 0.58172 1.1333 2.7922e+02 0 3.7239e-06 3.4886 6.773585e-01 3.100540e-01 9.169474e-03 -0.1326 
1.6883e+06 3.7850 3.4236 0.91808 0.58884 1.2747 8.8677e+02 0 8.2985e-06 3.4236 6.757351e-01 3.112120e-01 9.605509e-03 -0.1637 
1.7494e+06 3.7752 3.5684 0.59675 0.59162 1.2747 3.5060e+02 0 1.9861e-05 3.5684 6.757351e-01 3.112120e-01 9.605509e-03 999.0000 
 2.4000 12 # agb_2.40_Z0.01000000_Mdot2_eta0.40_Mc0.00_dMc0.00_Tbd6.40_L0.00_dL0.00_C0.00_Nr3.00_rates0_KOPv_KMOLv.dat 
0.0000e+00 3.5149 3.5610 2.40000 0.54938 0.3779 4.3615e+01 1 7.6560e-08 3.5610 6.893000e-01 3.006330e-01 6.781570e-03 -0.1045 
1.0140e+05 3.5648 3.5552 2.39126 0.55206 0.3779 4.9942e+01 1 1.2882e-07 3.5552 6.893000e-01 3.006330e-01 6.781570e-03 -0.0994 
2.1981e+05 3.6011 3.5508 2.37748 0.55552 0.3814 5.5288e+01 1 1.9011e-07 3.5508 6.890863e-01 3.008330e-01 6.795050e-03 -0.1015 
3.5796e+05 3.6279 3.5472 2.35538 0.55977 0.3913 5.9897e+01 1 2.5763e-07 3.5472 6.885371e-01 3.013440e-01 6.833159e-03 -0.1041 
5.0835e+05 3.6579 3.5427 2.32397 0.56405 0.4154 6.5849e+01 1 3.6644e-07 3.5427 6.875432e-01 3.022460e-01 6.919545e-03 -0.1071 
6.6791e+05 3.6823 3.5384 2.27842 0.56828 0.4666 7.1792e+01 1 5.0350e-07 3.5384 6.861114e-01 3.034970e-01 7.087523e-03 -0.1105 
8.3311e+05 3.6982 3.5344 2.21117 0.57266 0.5562 7.7301e+01 1 6.5615e-07 3.5344 6.843355e-01 3.049710e-01 7.368458e-03 -0.1122 
9.9123e+05 3.7249 3.5281 2.11777 0.57675 0.6851 8.6865e+01 1 1.0000e-06 3.5281 6.823196e-01 3.065630e-01 7.765188e-03 -0.1143 
1.1465e+06 3.7483 3.5198 1.97221 0.58127 0.8446 9.9912e+01 1 1.6255e-06 3.5198 6.801529e-01 3.082110e-01 8.252435e-03 -0.1177 
1.2938e+06 3.7749 3.5052 1.71330 0.58635 1.0196 2.3861e+02 0 3.4754e-06 3.5052 6.779553e-01 3.098410e-01 8.785135e-03 -0.1164 
1.4323e+06 3.8036 3.4360 1.02677 0.59291 1.1790 7.4844e+02 0 8.6497e-06 3.4360 6.760472e-01 3.112310e-01 9.270544e-03 -0.1549 
1.5046e+06 3.8216 3.5694 0.60241 0.59703 1.1790 3.8219e+02 0 1.7140e-05 3.5694 6.760472e-01 3.112310e-01 9.270544e-03 999.0000 
 2.6000 10 # agb_2.60_Z0.01000000_Mdot2_eta0.40_Mc0.00_dMc0.00_Tbd6.40_L0.00_dL0.00_C0.00_Nr3.00_rates0_KOPv_KMOLv.dat 
0.0000e+00 3.6586 3.5513 2.60000 0.58598 0.3793 5.8476e+01 1 2.5061e-07 3.5513 6.881000e-01 3.017850e-01 6.778313e-03 -0.1108 
7.2526e+04 3.6899 3.5471 2.58018 0.58876 0.3793 6.4109e+01 1 3.5400e-07 3.5471 6.881000e-01 3.017850e-01 6.778313e-03 -0.1083 
1.5551e+05 3.7409 3.5403 2.55006 0.59173 0.3856 7.4413e+01 1 6.2087e-07 3.5403 6.877271e-01 3.021340e-01 6.801899e-03 -0.1102 
2.6043e+05 3.7527 3.5375 2.49799 0.59578 0.4001 7.8458e+01 1 7.5162e-07 3.5375 6.869829e-01 3.028230e-01 6.855837e-03 -0.1124 
3.7356e+05 3.7803 3.5316 2.42152 0.59969 0.4322 8.7494e+01 1 1.1092e-06 3.5316 6.857542e-01 3.039350e-01 6.964694e-03 -0.1157 
4.9497e+05 3.7969 3.5257 2.30236 0.60362 0.4968 9.6640e+01 1 1.5668e-06 3.5257 6.840690e-01 3.054020e-01 7.165820e-03 -0.1201 
6.1540e+05 3.8174 3.5166 2.11644 0.60746 0.6017 1.1198e+02 1 2.5882e-06 3.5166 6.820675e-01 3.070620e-01 7.481383e-03 -0.1239 
7.3249e+05 3.8415 3.4976 1.75261 0.61176 0.7410 2.9031e+02 0 6.3973e-06 3.4976 6.798951e-01 3.087900e-01 7.895891e-03 -0.1332 
8.4378e+05 3.8668 3.4556 0.96585 0.61769 0.8858 7.6401e+02 0 1.0023e-05 3.4556 6.779020e-01 3.103230e-01 8.325804e-03 -0.1503 
8.8858e+05 3.8526 3.5793 0.62523 0.62020 0.8858 3.6251e+02 0 2.1380e-05 3.5793 6.779020e-01 3.103230e-01 8.325804e-03 999.0000 
 2.8000 9 # agb_2.80_Z0.01000000_Mdot2_eta0.40_Mc0.00_dMc0.00_Tbd6.40_L0.00_dL0.00_C0.00_Nr3.00_rates0_KOPv_KMOLv.dat 
0.0000e+00 3.7540 3.5463 2.80000 0.62767 0.3796 6.9532e+01 1 5.1286e-07 3.5463 6.884000e-01 3.014590e-01 6.775862e-03 -0.1135 
4.7467e+04 3.8011 3.5400 2.77147 0.63000 0.3796 7.9773e+01 1 8.5901e-07 3.5400 6.884000e-01 3.014590e-01 6.775862e-03 -0.1151 
1.0576e+05 3.8176 3.5367 2.72513 0.63260 0.3852 8.4966e+01 1 1.0789e-06 3.5367 6.880811e-01 3.017570e-01 6.796575e-03 -0.1159 
1.7291e+05 3.8467 3.5311 2.65365 0.63561 0.3975 9.4668e+01 1 1.5922e-06 3.5311 6.874676e-01 3.023250e-01 6.841356e-03 -0.1176 
2.5066e+05 3.8678 3.5249 2.53489 0.63895 0.4233 1.0538e+02 1 2.3174e-06 3.5249 6.864490e-01 3.032510e-01 6.927630e-03 -0.1221 
3.3426e+05 3.8858 3.5161 2.33548 0.64226 0.4741 1.2118e+02 1 3.6983e-06 3.5161 6.850030e-01 3.045260e-01 7.083925e-03 -0.1287 
4.1846e+05 3.9062 3.4981 1.95129 0.64561 0.5589 3.0324e+02 0 8.5507e-06 3.4981 6.832159e-01 3.060400e-01 7.335038e-03 -0.1390 
5.0081e+05 3.9289 3.4547 1.20402 0.65003 0.6720 7.2573e+02 0 1.1561e-05 3.4547 6.812967e-01 3.076020e-01 7.666121e-03 -0.1669 
5.5301e+05 3.9601 3.5851 0.65999 0.65468 0.6846 4.1703e+02 0 1.8880e-05 3.5851 6.811160e-01 3.077430e-01 7.703033e-03 999.0000 
 3.0000 8 # agb_3.00_Z0.01000000_Mdot2_eta0.40_Mc0.00_dMc0.00_Tbd6.40_L0.00_dL0.00_C0.00_Nr3.00_rates0_KOPv_KMOLv.dat 
0.0000e+00 3.8715 3.5381 3.00000 0.67481 0.3809 8.8397e+01 1 1.3397e-06 3.5381 6.892000e-01 3.007390e-01 6.774152e-03 -0.1183 
3.0261e+04 3.9148 3.5316 2.95056 0.67678 0.3809 1.0119e+02 1 2.2080e-06 3.5316 6.892000e-01 3.007390e-01 6.774152e-03 -0.1219 
6.6491e+04 3.9359 3.5268 2.87180 0.67880 0.3859 1.1048e+02 1 3.0130e-06 3.5268 6.889340e-01 3.009870e-01 6.792143e-03 -0.1237 
1.0983e+05 3.9532 3.5210 2.74112 0.68127 0.3964 1.2189e+02 1 4.2267e-06 3.5210 6.884333e-01 3.014490e-01 6.829164e-03 -0.1278 
1.5958e+05 3.9712 3.5113 2.50889 0.68401 0.4169 1.4150e+02 1 6.9183e-06 3.5113 6.875997e-01 3.022090e-01 6.896835e-03 -0.1362 
2.1325e+05 3.9903 3.4890 2.00117 0.68682 0.4559 3.8791e+02 0 1.8578e-05 3.4890 6.863734e-01 3.033050e-01 7.015461e-03 -0.1498 
2.6836e+05 4.0110 3.4493 1.31272 0.69054 0.5203 8.4655e+02 0 1.3964e-05 3.4493 6.848396e-01 3.046330e-01 7.203538e-03 -0.2247 
3.1393e+05 4.0406 3.5939 0.70050 0.69545 0.5622 4.3712e+02 0 2.0417e-05 3.5939 6.840701e-01 3.052700e-01 7.324929e-03 999.0000 
 3.2000 8 # agb_3.20_Z0.01000000_Mdot2_eta0.40_Mc0.00_dMc0.00_Tbd6.40_L0.00_dL0.00_C0.00_Nr3.00_rates0_KOPv_KMOLv.dat 
0.0000e+00 3.9803 3.5306 3.20000 0.72482 0.3806 1.1031e+02 1 3.2509e-06 3.5306 6.894000e-01 3.005230e-01 6.772731e-03 -0.1224 
1.8841e+04 4.0241 3.5232 3.11897 0.72644 0.3806 1.2785e+02 1 5.5719e-06 3.5232 6.894000e-01 3.005230e-01 6.772731e-03 -0.1305 
4.1413e+04 4.0362 3.5180 2.99030 0.72800 0.3849 1.3865e+02 1 7.2946e-06 3.5180 6.891883e-01 3.007190e-01 6.787945e-03 -0.1312 
6.7434e+04 4.0547 3.5093 2.77562 0.72978 0.3935 1.5888e+02 1 1.1455e-05 3.5093 6.888020e-01 3.010740e-01 6.817531e-03 -0.1400 
9.7758e+04 4.0697 3.4922 2.33150 0.73185 0.4092 3.9225e+02 0 2.4604e-05 3.4922 6.881575e-01 3.016630e-01 6.868583e-03 -0.1593 
1.3119e+05 4.0864 3.4660 1.79285 0.73434 0.4371 6.5195e+02 0 1.6596e-05 3.4660 6.871713e-01 3.025550e-01 6.953599e-03 -0.2160 
1.6525e+05 4.1043 3.4388 1.22108 0.73766 0.4801 1.2222e+03 0 1.7298e-05 3.4388 6.859800e-01 3.036080e-01 7.078455e-03 -0.2256 
1.9358e+05 4.1292 3.5987 0.74710 0.74175 0.4992 4.8167e+02 0 2.0417e-05 3.5987 6.855839e-01 3.039440e-01 7.133280e-03 999.0000 
 3.4000 9 # agb_3.40_Z0.01000000_Mdot2_eta0.40_Mc0.00_dMc0.00_Tbd6.40_L0.00_dL0.00_C0.00_Nr3.00_rates0_KOPv_KMOLv.dat 
0.0000e+00 4.0621 3.5263 3.40000 0.76040 0.3819 1.2821e+02 1 6.0674e-06 3.5263 6.846000e-01 3.053090e-01 6.771073e-03 -0.1246 
1.3448e+04 4.1035 3.5181 3.29122 0.76181 0.3819 1.4927e+02 1 1.0399e-05 3.5181 6.846000e-01 3.053090e-01 6.771073e-03 -0.1329 
2.9254e+04 4.1148 3.5122 3.12102 0.76309 0.3858 1.6350e+02 1 1.4028e-05 3.5122 6.844233e-01 3.054720e-01 6.784548e-03 -0.1435 
4.7627e+04 4.1273 3.5023 2.82919 0.76453 0.3934 1.8915e+02 1 2.2491e-05 3.5023 6.841050e-01 3.057630e-01 6.809924e-03 -0.1509 
6.8882e+04 4.1405 3.4851 2.38127 0.76621 0.4067 4.8013e+02 0 2.1086e-05 3.4851 6.835725e-01 3.062490e-01 6.852206e-03 -0.1755 
9.2526e+04 4.1547 3.4638 1.92379 0.76823 0.4290 7.2636e+02 0 1.9454e-05 3.4638 6.827476e-01 3.070000e-01 6.919210e-03 -0.2049 
1.1704e+05 4.1684 3.4413 1.45050 0.77079 0.4634 1.1815e+03 0 2.0045e-05 3.4413 6.816934e-01 3.079440e-01 7.017814e-03 -0.2151 
1.4057e+05 4.1749 3.4580 0.99373 0.77420 0.5003 1.4514e+03 0 2.0370e-05 3.4580 6.808326e-01 3.086890e-01 7.122369e-03 -0.1393 
1.5189e+05 4.1813 3.6024 0.78135 0.77588 0.5003 5.0295e+02 0 2.1135e-05 3.6024 6.808326e-01 3.086890e-01 7.122369e-03 999.0000 
 3.6000 10 # agb_3.60_Z0.01000000_Mdot2_eta0.40_Mc0.00_dMc0.00_Tbd6.40_L0.00_dL0.00_C0.00_Nr3.00_rates0_KOPv_KMOLv.dat 
0.0000e+00 4.0911 3.5283 3.60000 0.77420 0.3840 1.2936e+02 1 6.6681e-06 3.5283 6.744000e-01 3.154970e-01 6.764816e-03 -0.1242 
1.1841e+04 4.1275 3.5212 3.49642 0.77557 0.3840 1.4784e+02 1 1.0715e-05 3.5212 6.744000e-01 3.154970e-01 6.764816e-03 -0.1347 
2.5373e+04 4.1431 3.5155 3.34150 0.77674 0.3878 1.6232e+02 1 1.4723e-05 3.5155 6.742424e-01 3.156410e-01 6.777280e-03 -0.1408 
4.1424e+04 4.1538 3.5074 3.08434 0.77808 0.3949 1.8301e+02 1 2.1727e-05 3.5074 6.739605e-01 3.158990e-01 6.800353e-03 -0.1460 
5.9906e+04 4.1664 3.4922 2.64211 0.77955 0.4069 4.3513e+02 0 2.7542e-05 3.4922 6.734933e-01 3.163250e-01 6.837710e-03 -0.1634 
8.0841e+04 4.1782 3.4742 2.20269 0.78128 0.4268 6.1802e+02 0 2.0512e-05 3.4742 6.727570e-01 3.169960e-01 6.896334e-03 -0.2029 
1.0279e+05 4.1912 3.4523 1.74266 0.78330 0.4593 9.5533e+02 0 2.1135e-05 3.4523 6.717488e-01 3.179020e-01 6.987623e-03 -0.2102 
1.2441e+05 4.1961 3.4394 1.30057 0.78594 0.5059 1.4102e+03 0 2.1380e-05 3.4394 6.706650e-01 3.188420e-01 7.117810e-03 -0.2012 
1.4470e+05 4.2026 3.4975 0.87824 0.78953 0.5358 1.2121e+03 0 2.1677e-05 3.4975 6.701123e-01 3.193040e-01 7.201326e-03 -0.0723 
1.4900e+05 4.1508 3.5986 0.79562 0.78984 0.5358 4.7821e+02 0 2.1777e-05 3.5986 6.701123e-01 3.193040e-01 7.201326e-03 999.0000 
 3.8000 10 # agb_3.80_Z0.01000000_Mdot2_eta0.40_Mc0.00_dMc0.00_Tbd6.40_L0.00_dL0.00_C0.00_Nr3.00_rates0_KOPv_KMOLv.dat 
0.0000e+00 4.1175 3.5304 3.80000 0.78754 0.3844 1.3012e+02 1 7.2111e-06 3.5304 6.649000e-01 3.249860e-01 6.759829e-03 -0.1238 
1.0294e+04 4.1574 3.5232 3.70077 0.78884 0.3844 1.4953e+02 1 1.1885e-05 3.5232 6.649000e-01 3.249860e-01 6.759829e-03 -0.1323 
2.2234e+04 4.1674 3.5187 3.55612 0.78993 0.3879 1.6063e+02 1 1.5136e-05 3.5187 6.647604e-01 3.251140e-01 6.771283e-03 -0.1365 
3.6096e+04 4.1790 3.5116 3.33021 0.79114 0.3945 1.7873e+02 1 2.1429e-05 3.5116 6.645151e-01 3.253370e-01 6.791965e-03 -0.1420 
5.2244e+04 4.1907 3.4988 2.91931 0.79248 0.4051 2.1447e+02 1 3.6559e-05 3.4988 6.641133e-01 3.257030e-01 6.824569e-03 -0.1577 
7.0485e+04 4.2029 3.4831 2.49262 0.79393 0.4225 5.3950e+02 0 2.1727e-05 3.4831 6.634764e-01 3.262850e-01 6.874636e-03 -0.2005 
9.0210e+04 4.2138 3.4642 2.04998 0.79558 0.4518 7.8026e+02 0 2.2284e-05 3.4642 6.625650e-01 3.271050e-01 6.955682e-03 -0.2009 
1.1008e+05 4.2253 3.4450 1.61470 0.79766 0.4994 1.1777e+03 0 2.2856e-05 3.4450 6.614571e-01 3.280690e-01 7.086082e-03 -0.2080 
1.2897e+05 4.2303 3.4440 1.19560 0.80043 0.5552 1.5747e+03 0 2.3121e-05 3.4440 6.604292e-01 3.289290e-01 7.239733e-03 -0.1561 
1.4612e+05 4.2385 3.6105 0.80912 0.80404 0.5671 5.1495e+02 0 2.3550e-05 3.6105 6.602447e-01 3.290780e-01 7.272581e-03 999.0000 
 4.0000 11 # agb_4.00_Z0.01000000_Mdot2_eta0.40_Mc0.00_dMc0.00_Tbd6.40_L0.00_dL0.00_C0.00_Nr3.00_rates0_KOPv_KMOLv.dat 
0.0000e+00 4.1441 3.5322 4.00000 0.80173 0.3860 1.3134e+02 1 7.8886e-06 3.5322 6.564000e-01 3.335780e-01 6.755974e-03 -0.1229 
8.9367e+03 4.1800 3.5257 3.90901 0.80293 0.3860 1.4874e+02 1 1.2331e-05 3.5257 6.564000e-01 3.335780e-01 6.755974e-03 -0.1318 
1.9191e+04 4.1933 3.5214 3.77687 0.80393 0.3892 1.6015e+02 1 1.5922e-05 3.5214 6.562794e-01 3.336880e-01 6.766287e-03 -0.1351 
3.1103e+04 4.2039 3.5155 3.57780 0.80501 0.3951 1.7524e+02 1 2.1429e-05 3.5155 6.560693e-01 3.338780e-01 6.784675e-03 -0.1401 
4.4948e+04 4.2151 3.5057 3.24079 0.80619 0.4045 2.0212e+02 1 3.3963e-05 3.5057 6.557304e-01 3.341860e-01 6.812843e-03 -0.1549 
6.0766e+04 4.2248 3.4916 2.79765 0.80744 0.4191 4.7340e+02 0 2.6363e-05 3.4916 6.552016e-01 3.346690e-01 6.854177e-03 -0.1862 
7.8054e+04 4.2355 3.4756 2.37940 0.80878 0.4437 6.4680e+02 0 2.3388e-05 3.4756 6.544229e-01 3.353720e-01 6.921279e-03 -0.1934 
9.5997e+04 4.2462 3.4573 1.95504 0.81034 0.4863 9.3079e+02 0 2.3988e-05 3.4573 6.534040e-01 3.362630e-01 7.036584e-03 -0.2037 
1.1349e+05 4.2566 3.4420 1.54261 0.81238 0.5467 1.3524e+03 0 2.4547e-05 3.4420 6.522698e-01 3.372170e-01 7.200385e-03 -0.1990 
1.2995e+05 4.2612 3.4520 1.14924 0.81516 0.6076 1.6283e+03 0 2.4831e-05 3.4520 6.513183e-01 3.379890e-01 7.366226e-03 -0.1027 
1.4343e+05 4.2723 3.6086 0.82398 0.81828 0.6076 5.5587e+02 0 2.5468e-05 3.6086 6.513183e-01 3.379890e-01 7.366226e-03 999.0000 
 4.2000 12 # agb_4.20_Z0.01000000_Mdot2_eta0.40_Mc0.00_dMc0.00_Tbd6.40_L0.00_dL0.00_C0.00_Nr3.00_rates0_KOPv_KMOLv.dat 
0.0000e+00 4.1712 3.5336 4.20000 0.81646 0.3867 1.3319e+02 1 8.7498e-06 3.5336 6.485000e-01 3.414710e-01 6.751733e-03 -0.1225 
7.7339e+03 4.2076 3.5274 4.11156 0.81759 0.3867 1.5062e+02 1 1.3677e-05 3.5274 6.485000e-01 3.414710e-01 6.751733e-03 -0.1305 
1.6460e+04 4.2201 3.5234 3.98899 0.81849 0.3897 1.6119e+02 1 1.7258e-05 3.5234 6.483950e-01 3.415660e-01 6.761120e-03 -0.1345 
2.6629e+04 4.2301 3.5183 3.80830 0.81946 0.3951 1.7445e+02 1 2.2491e-05 3.5183 6.482151e-01 3.417280e-01 6.777487e-03 -0.1379 
3.8423e+04 4.2416 3.5104 3.51554 0.82051 0.4034 1.9669e+02 1 3.3343e-05 3.5104 6.479290e-01 3.419880e-01 6.801914e-03 -0.1495 
5.1980e+04 4.2503 3.4975 3.07730 0.82161 0.4157 2.3512e+02 1 3.3189e-05 3.4975 6.474886e-01 3.423900e-01 6.836440e-03 -0.1714 
6.6946e+04 4.2591 3.4840 2.68028 0.82274 0.4361 5.6832e+02 0 2.4717e-05 3.4840 6.468326e-01 3.429830e-01 6.891408e-03 -0.1951 
8.2765e+04 4.2682 3.4684 2.27568 0.82395 0.4721 7.7242e+02 0 2.5235e-05 3.4684 6.459468e-01 3.437620e-01 6.987546e-03 -0.1955 
9.8621e+04 4.2772 3.4521 1.88158 0.82543 0.5274 1.0816e+03 0 2.5763e-05 3.4521 6.448808e-01 3.446650e-01 7.135399e-03 -0.2022 
1.1383e+05 4.2805 3.4432 1.50007 0.82739 0.5969 1.4471e+03 0 2.5942e-05 3.4432 6.437757e-01 3.455680e-01 7.321815e-03 -0.1758 
1.2801e+05 4.2850 3.4564 1.14033 0.83005 0.6584 1.6624e+03 0 2.6242e-05 3.4564 6.429252e-01 3.462400e-01 7.487700e-03 -0.0631 
1.3979e+05 4.2947 3.6113 0.83864 0.83298 0.6584 5.6176e+02 0 2.6853e-05 3.6113 6.429252e-01 3.462400e-01 7.487700e-03 999.0000 
 4.4000 14 # agb_4.40_Z0.01000000_Mdot2_eta0.40_Mc0.00_dMc0.00_Tbd6.40_L0.00_dL0.00_C0.00_Nr3.00_rates0_KOPv_KMOLv.dat 
0.0000e+00 4.2002 3.5345 4.40000 0.83272 0.3879 1.3632e+02 1 9.9770e-06 3.5345 6.425000e-01 3.474650e-01 6.747800e-03 -0.1223 
6.5425e+03 4.2365 3.5285 4.31510 0.83375 0.3879 1.5372e+02 1 1.5488e-05 3.5285 6.425000e-01 3.474650e-01 6.747800e-03 -0.1288 
1.3918e+04 4.2473 3.5249 4.19981 0.83456 0.3907 1.6321e+02 1 1.9011e-05 3.5249 6.424098e-01 3.475460e-01 6.756246e-03 -0.1322 
2.2480e+04 4.2578 3.5202 4.03160 0.83543 0.3955 1.7586e+02 1 2.4434e-05 3.5202 6.422580e-01 3.476820e-01 6.770702e-03 -0.1383 
3.2297e+04 4.2670 3.5138 3.77822 0.83632 0.4028 1.9370e+02 1 3.3574e-05 3.5138 6.420196e-01 3.478980e-01 6.791814e-03 -0.1474 
4.3644e+04 4.2756 3.5027 3.36863 0.83728 0.4131 2.2631e+02 1 4.1687e-05 3.5027 6.416606e-01 3.482250e-01 6.820348e-03 -0.1583 
5.6307e+04 4.2841 3.4910 2.98586 0.83824 0.4292 5.1203e+02 0 2.6182e-05 3.4910 6.411272e-01 3.487090e-01 6.863487e-03 -0.1951 
6.9897e+04 4.2915 3.4782 2.61070 0.83920 0.4577 6.5873e+02 0 2.6607e-05 3.4782 6.403924e-01 3.493600e-01 6.938736e-03 -0.1903 
8.3801e+04 4.2996 3.4639 2.23999 0.84025 0.5032 8.7498e+02 0 2.7164e-05 3.4639 6.394689e-01 3.501510e-01 7.059016e-03 -0.1995 
9.7578e+04 4.3070 3.4498 1.87214 0.84161 0.5666 1.1854e+03 0 2.7606e-05 3.4498 6.384156e-01 3.510210e-01 7.227021e-03 -0.1978 
1.1069e+05 4.3100 3.4439 1.51906 0.84342 0.6405 1.5182e+03 0 2.7797e-05 3.4439 6.373604e-01 3.518630e-01 7.424059e-03 -0.1574 
1.2290e+05 4.3138 3.4558 1.18662 0.84587 0.7049 1.7196e+03 0 2.8054e-05 3.4558 6.365389e-01 3.524990e-01 7.596625e-03 -0.0482 
1.3429e+05 4.3186 3.5584 0.87299 0.84896 0.7102 9.1673e+02 0 2.8379e-05 3.5584 6.364777e-01 3.525450e-01 7.610652e-03 0.2064 
1.3485e+05 4.3029 3.6141 0.85434 0.84897 0.7102 5.4858e+02 0 2.7353e-05 3.6141 6.364777e-01 3.525450e-01 7.610652e-03 999.0000 
 4.6000 15 # agb_4.60_Z0.01000000_Mdot2_eta0.40_Mc0.00_dMc0.00_Tbd6.40_L0.00_dL0.00_C0.00_Nr3.00_rates0_KOPv_KMOLv.dat 
0.0000e+00 4.2276 3.5354 4.60000 0.84862 0.3872 1.3920e+02 1 1.1298e-05 3.5354 6.365000e-01 3.534600e-01 6.746989e-03 -0.1226 
5.5855e+03 4.2632 3.5296 4.51807 0.84957 0.3872 1.5642e+02 1 1.7298e-05 3.5296 6.365000e-01 3.534600e-01 6.746989e-03 -0.1296 
1.1818e+04 4.2734 3.5264 4.40960 0.85029 0.3898 1.6520e+02 1 2.0893e-05 3.5264 6.364225e-01 3.535290e-01 6.754613e-03 -0.1325 
1.8992e+04 4.2834 3.5221 4.25921 0.85105 0.3942 1.7663e+02 1 2.6122e-05 3.5221 6.362942e-01 3.536440e-01 6.767450e-03 -0.1397 
2.7284e+04 4.2928 3.5167 4.03794 0.85186 0.4006 1.9213e+02 1 3.4594e-05 3.5167 6.360963e-01 3.538220e-01 6.785770e-03 -0.1483 
3.6787e+04 4.3002 3.5081 3.68870 0.85269 0.4092 2.1722e+02 1 5.1168e-05 3.5081 6.358028e-01 3.540880e-01 6.809682e-03 -0.1541 
4.7380e+04 4.3084 3.4978 3.31672 0.85350 0.4219 2.5111e+02 1 3.3420e-05 3.4978 6.353759e-01 3.544770e-01 6.843304e-03 -0.1943 
5.8952e+04 4.3148 3.4873 2.97540 0.85429 0.4439 5.6856e+02 0 2.8119e-05 3.4873 6.347827e-01 3.550050e-01 6.900931e-03 -0.1814 
7.1113e+04 4.3216 3.4752 2.61770 0.85509 0.4795 7.2208e+02 0 2.8510e-05 3.4752 6.340205e-01 3.556640e-01 6.994085e-03 -0.1915 
8.3395e+04 4.3281 3.4626 2.27558 0.85599 0.5318 9.2999e+02 0 2.8973e-05 3.4626 6.331042e-01 3.564300e-01 7.131550e-03 -0.1986 
9.5396e+04 4.3340 3.4516 1.94148 0.85714 0.6002 1.1996e+03 0 2.9376e-05 3.4516 6.320871e-01 3.572520e-01 7.311958e-03 -0.1855 
1.0684e+05 4.3366 3.4445 1.62089 0.85870 0.6778 1.5128e+03 0 2.9580e-05 3.4445 6.310691e-01 3.580480e-01 7.517472e-03 -0.1560 
1.1752e+05 4.3400 3.4493 1.31898 0.86078 0.7497 1.7577e+03 0 2.9785e-05 3.4493 6.302082e-01 3.587030e-01 7.709094e-03 -0.0702 
1.2756e+05 4.3438 3.4838 1.03275 0.86342 0.7888 1.6237e+03 0 3.0061e-05 3.4838 6.297720e-01 3.590270e-01 7.813509e-03 0.1009 
1.3342e+05 4.3502 3.6204 0.87008 0.86496 0.7888 5.6677e+02 0 3.0479e-05 3.6204 6.297720e-01 3.590270e-01 7.813509e-03 999.0000 
 4.8000 17 # agb_4.80_Z0.01000000_Mdot2_eta0.40_Mc0.00_dMc0.00_Tbd6.40_L0.00_dL0.00_C0.00_Nr3.00_rates0_KOPv_KMOLv.dat 
0.0000e+00 4.2600 3.5354 4.80000 0.86885 0.3896 1.4445e+02 1 1.3521e-05 3.5354 6.317000e-01 3.582550e-01 6.743214e-03 -0.1223 
4.5479e+03 4.2955 3.5297 4.72003 0.86969 0.3896 1.6218e+02 1 2.0654e-05 3.5297 6.317000e-01 3.582550e-01 6.743214e-03 -0.1291 
9.5927e+03 4.3054 3.5266 4.61616 0.87032 0.3920 1.7083e+02 1 2.4660e-05 3.5266 6.316353e-01 3.583130e-01 6.750006e-03 -0.1363 
1.5367e+04 4.3139 3.5230 4.47496 0.87096 0.3959 1.8100e+02 1 2.9992e-05 3.5230 6.315299e-01 3.584060e-01 6.761281e-03 -0.1416 
2.2005e+04 4.3218 3.5184 4.27485 0.87164 0.4014 1.9446e+02 1 3.8107e-05 3.5184 6.313705e-01 3.585480e-01 6.776991e-03 -0.1472 
2.9588e+04 4.3280 3.5115 3.97656 0.87233 0.4087 2.1459e+02 1 5.2240e-05 3.5115 6.311387e-01 3.587580e-01 6.796797e-03 -0.1508 
3.8069e+04 4.3356 3.5025 3.62863 0.87301 0.4182 2.4351e+02 1 4.0738e-05 3.5025 6.308090e-01 3.590590e-01 6.822022e-03 -0.1821 
4.7372e+04 4.3429 3.4939 3.31943 0.87366 0.4342 5.1746e+02 0 2.9992e-05 3.4939 6.303525e-01 3.594690e-01 6.863417e-03 -0.1833 
5.7288e+04 4.3484 3.4844 3.00571 0.87426 0.4597 6.2364e+02 0 3.0339e-05 3.4844 6.297587e-01 3.599890e-01 6.929717e-03 -0.1857 
6.7559e+04 4.3534 3.4741 2.69058 0.87487 0.4979 7.6384e+02 0 3.0690e-05 3.4741 6.290305e-01 3.606070e-01 7.028928e-03 -0.1879 
7.7967e+04 4.3581 3.4635 2.38251 0.87560 0.5505 9.4665e+02 0 3.1046e-05 3.4635 6.281834e-01 3.613050e-01 7.166159e-03 -0.1954 
8.8092e+04 4.3626 3.4542 2.08004 0.87649 0.6167 1.1742e+03 0 3.1333e-05 3.4542 6.272543e-01 3.620460e-01 7.339584e-03 -0.1822 
9.7854e+04 4.3643 3.4468 1.78689 0.87771 0.6920 1.4442e+03 0 3.1477e-05 3.4468 6.263048e-01 3.627820e-01 7.537707e-03 -0.1594 
1.0701e+05 4.3668 3.4457 1.51022 0.87931 0.7673 1.7059e+03 0 3.1696e-05 3.4457 6.254291e-01 3.634440e-01 7.736832e-03 -0.1014 
1.1563e+05 4.3698 3.4605 1.24819 0.88135 0.8290 1.7856e+03 0 3.1915e-05 3.4605 6.247551e-01 3.639430e-01 7.900545e-03 0.8140 
1.2376e+05 4.3734 3.5031 0.99855 0.88382 0.8490 1.5042e+03 0 3.2137e-05 3.5031 6.245476e-01 3.640930e-01 7.953564e-03 0.1557 
1.2748e+05 4.3760 3.6220 0.88994 0.88478 0.8490 5.8006e+02 0 3.2359e-05 3.6220 6.245476e-01 3.640930e-01 7.953564e-03 999.0000 
 5.0000 19 # agb_5.00_Z0.01000000_Mdot2_eta0.40_Mc0.00_dMc0.00_Tbd6.40_L0.00_dL0.00_C0.00_Nr3.00_rates0_KOPv_KMOLv.dat 
0.0000e+00 4.2933 3.5352 5.00000 0.89053 0.3905 1.5062e+02 1 1.6482e-05 3.5352 6.274000e-01 3.625520e-01 6.741311e-03 -0.1226 
3.6575e+03 4.3261 3.5299 4.92320 0.89126 0.3905 1.6766e+02 1 2.4322e-05 3.5299 6.274000e-01 3.625520e-01 6.741311e-03 -0.1333 
7.6761e+03 4.3366 3.5269 4.82438 0.89179 0.3926 1.7650e+02 1 2.9040e-05 3.5269 6.273468e-01 3.625990e-01 6.747327e-03 -0.1382 
1.2248e+04 4.3439 3.5237 4.69340 0.89233 0.3961 1.8568e+02 1 3.4514e-05 3.5237 6.272616e-01 3.626730e-01 6.757207e-03 -0.1417 
1.7476e+04 4.3497 3.5200 4.51556 0.89288 0.4009 1.9670e+02 1 4.1783e-05 3.5200 6.271354e-01 3.627850e-01 6.770701e-03 -0.1432 
2.3405e+04 4.3571 3.5140 4.25918 0.89345 0.4069 2.1451e+02 1 5.5335e-05 3.5140 6.269563e-01 3.629450e-01 6.787181e-03 -0.1491 
3.0002e+04 4.3648 3.5066 3.94798 0.89399 0.4144 2.3874e+02 1 4.8529e-05 3.5066 6.267060e-01 3.631730e-01 6.806918e-03 -0.1758 
3.7344e+04 4.3707 3.4993 3.65972 0.89453 0.4258 2.6461e+02 1 3.5810e-05 3.4993 6.263632e-01 3.634830e-01 6.836317e-03 -0.1821 
4.5274e+04 4.3762 3.4918 3.38587 0.89503 0.4434 5.5818e+02 0 3.2359e-05 3.4918 6.259169e-01 3.638780e-01 6.881858e-03 -0.1735 
5.3567e+04 4.3805 3.4836 3.10213 0.89548 0.4697 6.5605e+02 0 3.2659e-05 3.4836 6.253639e-01 3.643560e-01 6.949561e-03 -0.1861 
6.2142e+04 4.3848 3.4749 2.82429 0.89595 0.5066 7.7861e+02 0 3.3037e-05 3.4749 6.247068e-01 3.649080e-01 7.044936e-03 -0.1873 
7.0697e+04 4.3885 3.4661 2.55182 0.89645 0.5553 9.3021e+02 0 3.3266e-05 3.4661 6.239560e-01 3.655210e-01 7.171410e-03 -0.1910 
7.9202e+04 4.3910 3.4582 2.27917 0.89710 0.6153 1.1114e+03 0 3.3497e-05 3.4582 6.231346e-01 3.661730e-01 7.328011e-03 -0.1850 
8.7433e+04 4.3952 3.4505 2.01299 0.89797 0.6843 1.3441e+03 0 3.3806e-05 3.4505 6.222767e-01 3.668360e-01 7.508761e-03 -0.1686 
9.5297e+04 4.3968 3.4460 1.75755 0.89911 0.7580 1.5870e+03 0 3.3963e-05 3.4460 6.214274e-01 3.674770e-01 7.702525e-03 -0.1322 
1.0274e+05 4.3988 3.4510 1.51440 0.90059 0.8288 1.7436e+03 0 3.4119e-05 3.4510 6.206569e-01 3.680470e-01 7.889583e-03 -0.0651 
1.0972e+05 4.4015 3.4614 1.28542 0.90239 0.8869 1.8522e+03 0 3.4277e-05 3.4614 6.200537e-01 3.684850e-01 8.043335e-03 0.0343 
1.1640e+05 4.4044 3.4936 1.06417 0.90454 0.9128 1.6568e+03 0 3.4514e-05 3.4936 6.197940e-01 3.686710e-01 8.112205e-03 0.1300 
1.2106e+05 4.4100 3.6206 0.91182 0.90606 0.9128 6.2008e+02 0 3.4995e-05 3.6206 6.197940e-01 3.686710e-01 8.112205e-03 999.0000 
 5.2000 22 # agb_5.20_Z0.01000000_Mdot2_eta0.40_Mc0.00_dMc0.00_Tbd6.40_L0.00_dL0.00_C0.00_Nr3.00_rates0_KOPv_KMOLv.dat 
0.0000e+00 4.3247 3.5349 5.20000 0.91153 0.3903 1.5669e+02 1 1.9770e-05 3.5349 6.235000e-01 3.664480e-01 6.741369e-03 -0.1220 
2.9505e+03 4.3566 3.5297 5.12600 0.91216 0.3903 1.7380e+02 1 2.8840e-05 3.5297 6.235000e-01 3.664480e-01 6.741369e-03 -0.1345 
6.1828e+03 4.3635 3.5274 5.03437 0.91261 0.3922 1.8067e+02 1 3.2961e-05 3.5274 6.234561e-01 3.664870e-01 6.746742e-03 -0.1367 
9.8231e+03 4.3705 3.5247 4.91582 0.91306 0.3953 1.8895e+02 1 3.8459e-05 3.5247 6.233874e-01 3.665460e-01 6.755427e-03 -0.1396 
1.3949e+04 4.3777 3.5212 4.75691 0.91352 0.3996 1.9977e+02 1 4.6345e-05 3.5212 6.232876e-01 3.666330e-01 6.767138e-03 -0.1379 
1.8612e+04 4.3845 3.5163 4.53636 0.91398 0.4048 2.1480e+02 1 5.8614e-05 3.5163 6.231481e-01 3.667570e-01 6.781196e-03 -0.1495 
2.3838e+04 4.3910 3.5101 4.25715 0.91445 0.4109 2.3503e+02 1 5.6885e-05 3.5101 6.229574e-01 3.669300e-01 6.797327e-03 -0.1756 
2.9571e+04 4.3968 3.5039 3.99491 0.91488 0.4192 2.5670e+02 1 4.3152e-05 3.5039 6.227005e-01 3.671620e-01 6.818736e-03 -0.1787 
3.5844e+04 4.4019 3.4979 3.75214 0.91529 0.4315 2.7949e+02 1 3.4356e-05 3.4979 6.223678e-01 3.674590e-01 6.850372e-03 -0.1740 
4.2508e+04 4.4061 3.4913 3.50664 0.91566 0.4495 5.8043e+02 0 3.4674e-05 3.4913 6.219551e-01 3.678200e-01 6.896288e-03 -0.1784 
4.9452e+04 4.4103 3.4845 3.25857 0.91600 0.4746 6.6535e+02 0 3.4995e-05 3.4845 6.214612e-01 3.682430e-01 6.960626e-03 -0.1839 
5.6574e+04 4.4132 3.4774 3.01306 0.91633 0.5083 7.6549e+02 0 3.5237e-05 3.4774 6.208874e-01 3.687220e-01 7.047236e-03 -0.1862 
6.3760e+04 4.4158 3.4701 2.76797 0.91670 0.5512 8.8715e+02 0 3.5481e-05 3.4701 6.202413e-01 3.692470e-01 7.158272e-03 -0.1920 
7.0905e+04 4.4176 3.4633 2.52325 0.91713 0.6036 1.0286e+03 0 3.5563e-05 3.4633 6.195334e-01 3.698080e-01 7.294081e-03 -0.1878 
7.7907e+04 4.4199 3.4562 2.28223 0.91769 0.6643 1.2060e+03 0 3.5810e-05 3.4562 6.187810e-01 3.703900e-01 7.452285e-03 -0.1771 
8.4662e+04 4.4226 3.4502 2.04847 0.91843 0.7314 1.4111e+03 0 3.5975e-05 3.4502 6.180072e-01 3.709750e-01 7.627661e-03 -0.1558 
9.1160e+04 4.4239 3.4467 1.82282 0.91940 0.8014 1.6221e+03 0 3.6141e-05 3.4467 6.172447e-01 3.715400e-01 7.811233e-03 -0.1218 
9.7339e+04 4.4256 3.4524 1.60736 0.92062 0.8694 1.7326e+03 0 3.6224e-05 3.4524 6.165369e-01 3.720560e-01 7.990092e-03 -0.0607 
1.0320e+05 4.4275 3.4623 1.40188 0.92211 0.9292 1.8016e+03 0 3.6392e-05 3.4623 6.159354e-01 3.724880e-01 8.148073e-03 0.0454 
1.0878e+05 4.4299 3.4791 1.20540 0.92386 0.9714 1.7857e+03 0 3.6644e-05 3.4791 6.155238e-01 3.727790e-01 8.259645e-03 0.0587 
1.1419e+05 4.4324 3.5185 1.01353 0.92588 0.9714 1.4753e+03 0 3.6813e-05 3.5185 6.155238e-01 3.727790e-01 8.259645e-03 0.2447 
1.1659e+05 4.4342 3.6228 0.93235 0.92659 0.9714 6.2900e+02 0 3.6983e-05 3.6228 6.155238e-01 3.727790e-01 8.259645e-03 999.0000 
 5.4000 26 # agb_5.40_Z0.01000000_Mdot2_eta0.40_Mc0.00_dMc0.00_Tbd6.40_L0.00_dL0.00_C0.00_Nr3.00_rates0_KOPv_KMOLv.dat 
0.0000e+00 4.3798 3.5316 5.40000 0.93983 0.3899 1.7422e+02 1 3.0479e-05 3.5316 6.201000e-01 3.698460e-01 6.739802e-03 -0.1248 
2.2106e+03 4.4097 3.5266 5.31680 0.94037 0.3899 1.9233e+02 1 4.3652e-05 3.5266 6.201000e-01 3.698460e-01 6.739806e-03 -0.1327 
4.6473e+03 4.4188 3.5238 5.20971 0.94075 0.3916 2.0176e+02 1 5.1404e-05 3.5238 6.200639e-01 3.698760e-01 6.744813e-03 -0.1390 
7.3508e+03 4.4290 3.5202 5.06786 0.94112 0.3940 2.1406e+02 1 6.2806e-05 3.5202 6.200075e-01 3.699240e-01 6.753231e-03 -0.1453 
1.0410e+04 4.4369 3.5159 4.87544 0.94150 0.3967 2.2861e+02 1 7.6736e-05 3.5159 6.199255e-01 3.699930e-01 6.764892e-03 -0.1542 
1.3861e+04 4.4446 3.5113 4.67321 0.94187 0.3987 2.4500e+02 1 6.0534e-05 3.5113 6.198107e-01 3.700920e-01 6.779496e-03 -0.1643 
1.7716e+04 4.4516 3.5068 4.47610 0.94224 0.3983 2.6218e+02 1 4.9545e-05 3.5068 6.196554e-01 3.702280e-01 6.797079e-03 -0.1638 
2.1961e+04 4.4588 3.5022 4.28643 0.94259 0.3944 2.8094e+02 1 4.1400e-05 3.5022 6.194524e-01 3.704060e-01 6.819893e-03 -0.1619 
2.6578e+04 4.4626 3.4977 4.09369 0.94293 0.3890 2.9936e+02 1 3.9537e-05 3.4977 6.191972e-01 3.706270e-01 6.850367e-03 -0.1601 
3.1459e+04 4.4657 3.4928 3.89108 0.94321 0.3854 3.2023e+02 1 3.9811e-05 3.4928 6.188873e-01 3.708940e-01 6.889706e-03 -0.1697 
3.6658e+04 4.4652 3.4881 3.67879 0.94349 0.3890 6.5283e+02 0 3.9719e-05 3.4881 6.185218e-01 3.712050e-01 6.938665e-03 -0.1749 
4.2001e+04 4.4639 3.4833 3.46906 0.94372 0.4040 7.1621e+02 0 3.9628e-05 3.4833 6.181014e-01 3.715600e-01 6.998641e-03 -0.1732 
4.7535e+04 4.4603 3.4785 3.25790 0.94395 0.4309 7.8457e+02 0 3.9264e-05 3.4785 6.176274e-01 3.719540e-01 7.072039e-03 -0.1823 
5.3077e+04 4.4585 3.4733 3.04884 0.94416 0.4660 8.6920e+02 0 3.9084e-05 3.4733 6.171026e-01 3.723800e-01 7.162105e-03 -0.1830 
5.8683e+04 4.4572 3.4678 2.83764 0.94442 0.5080 9.7132e+02 0 3.8994e-05 3.4678 6.165319e-01 3.728340e-01 7.270045e-03 -0.1826 
6.4192e+04 4.4570 3.4621 2.63029 0.94472 0.5567 1.0935e+03 0 3.8994e-05 3.4621 6.159224e-01 3.733080e-01 7.395343e-03 -0.1807 
6.9664e+04 4.4562 3.4573 2.42443 0.94512 0.6113 1.2262e+03 0 3.8905e-05 3.4573 6.152825e-01 3.737960e-01 7.536451e-03 -0.1697 
7.4987e+04 4.4575 3.4524 2.22364 0.94565 0.6705 1.3887e+03 0 3.8994e-05 3.4524 6.146259e-01 3.742880e-01 7.690048e-03 -0.1499 
8.0133e+04 4.4584 3.4488 2.02913 0.94632 0.7328 1.5613e+03 0 3.9084e-05 3.4488 6.139658e-01 3.747730e-01 7.852145e-03 -0.1296 
8.5101e+04 4.4593 3.4471 1.84081 0.94717 0.7958 1.7338e+03 0 3.9174e-05 3.4471 6.133231e-01 3.752390e-01 8.016468e-03 -0.0922 
8.9824e+04 4.4607 3.4526 1.66123 0.94818 0.8567 1.8149e+03 0 3.9355e-05 3.4526 6.127208e-01 3.756700e-01 8.175671e-03 -0.0455 
9.4316e+04 4.4624 3.4601 1.48989 0.94937 0.9120 1.8801e+03 0 3.9446e-05 3.4601 6.121866e-01 3.760480e-01 8.320810e-03 0.0219 
9.8673e+04 4.4641 3.4726 1.32296 0.95075 0.9570 1.8773e+03 0 3.9628e-05 3.4726 6.117611e-01 3.763460e-01 8.439134e-03 0.0630 
1.0289e+05 4.4660 3.4915 1.16049 0.95232 0.9825 1.7927e+03 0 3.9811e-05 3.4915 6.115254e-01 3.765090e-01 8.505999e-03 0.1385 
1.0700e+05 4.4680 3.5424 1.00165 0.95400 0.9825 1.3044e+03 0 3.9994e-05 3.5424 6.115254e-01 3.765090e-01 8.505999e-03 0.3856 
1.0816e+05 4.4612 3.6240 0.96025 0.95428 0.9825 6.4360e+02 0 3.9355e-05 3.6240 6.115254e-01 3.765090e-01 8.505999e-03 999.0000 
 5.6000 32 # agb_5.60_Z0.01000000_Mdot2_eta0.40_Mc0.00_dMc0.00_Tbd6.40_L0.00_dL0.00_C0.00_Nr3.00_rates0_KOPv_KMOLv.dat 
0.0000e+00 4.4225 3.5297 5.60000 0.97054 0.3910 1.8753e+02 1 4.1495e-05 3.5297 6.180000e-01 3.720430e-01 6.737546e-03 -0.1250 
1.6330e+03 4.4644 3.5229 5.50452 0.97098 0.3896 2.1472e+02 1 6.7764e-05 3.5229 6.179976e-01 3.720440e-01 6.739014e-03 -0.1427 
3.3985e+03 4.4816 3.5186 5.37534 0.97128 0.3858 2.3138e+02 1 8.7700e-05 3.5186 6.179649e-01 3.720680e-01 6.747353e-03 -0.1466 
5.3619e+03 4.4905 3.5154 5.24020 0.97156 0.3777 2.4403e+02 1 7.3790e-05 3.5154 6.179152e-01 3.721030e-01 6.760894e-03 -0.1500 
7.5783e+03 4.4999 3.5118 5.10367 0.97184 0.3629 2.5825e+02 1 6.2661e-05 3.5118 6.178449e-01 3.721540e-01 6.779722e-03 -0.1500 
1.0027e+04 4.5093 3.5084 4.96882 0.97211 0.3397 2.7312e+02 1 5.4075e-05 3.5084 6.177503e-01 3.722240e-01 6.803169e-03 -0.1559 
1.2739e+04 4.5155 3.5053 4.83267 0.97237 0.3084 2.8659e+02 1 4.7973e-05 3.5053 6.176286e-01 3.723180e-01 6.829985e-03 -0.1485 
1.5708e+04 4.5203 3.5021 4.69254 0.97263 0.2701 3.0033e+02 1 4.5082e-05 3.5021 6.174773e-01 3.724380e-01 6.859447e-03 -0.1486 
1.8927e+04 4.5232 3.4989 4.54177 0.97287 0.2287 3.1448e+02 1 4.5394e-05 3.4989 6.172943e-01 3.725850e-01 6.892646e-03 -0.1610 
2.2335e+04 4.5270 3.4961 4.38151 0.97309 0.1878 3.2905e+02 1 4.5814e-05 3.4961 6.170776e-01 3.727620e-01 6.930085e-03 -0.1618 
2.5989e+04 4.5277 3.4927 4.20849 0.97330 0.1512 3.4496e+02 1 4.5920e-05 3.4927 6.168253e-01 3.729690e-01 6.971904e-03 -0.1624 
2.9786e+04 4.5271 3.4892 4.03225 0.97348 0.1244 6.8382e+02 0 4.5814e-05 3.4892 6.165378e-01 3.732070e-01 7.017775e-03 -0.1617 
3.3740e+04 4.5232 3.4858 3.85463 0.97365 0.1096 7.2716e+02 0 4.5394e-05 3.4858 6.162157e-01 3.734740e-01 7.068774e-03 -0.1645 
3.7809e+04 4.5182 3.4825 3.67670 0.97379 0.1064 7.7334e+02 0 4.4875e-05 3.4825 6.158605e-01 3.737660e-01 7.126564e-03 -0.1734 
4.2002e+04 4.5130 3.4790 3.49730 0.97395 0.1143 8.2432e+02 0 4.4361e-05 3.4790 6.154735e-01 3.740810e-01 7.192746e-03 -0.1785 
4.6213e+04 4.5063 3.4757 3.31945 0.97409 0.1351 8.7708e+02 0 4.3652e-05 3.4757 6.150573e-01 3.744160e-01 7.267607e-03 -0.1781 
5.0448e+04 4.5003 3.4720 3.14263 0.97423 0.1668 9.3967e+02 0 4.3053e-05 3.4720 6.146124e-01 3.747690e-01 7.352087e-03 -0.1792 
5.4679e+04 4.4955 3.4682 2.96766 0.97439 0.2049 1.0123e+03 0 4.2560e-05 3.4682 6.141383e-01 3.751390e-01 7.448153e-03 -0.1831 
5.8921e+04 4.4924 3.4641 2.79321 0.97460 0.2474 1.1011e+03 0 4.2267e-05 3.4641 6.136395e-01 3.755220e-01 7.555683e-03 -0.1809 
6.3111e+04 4.4903 3.4600 2.62154 0.97486 0.2940 1.2039e+03 0 4.2073e-05 3.4600 6.131210e-01 3.759130e-01 7.673648e-03 -0.1752 
6.7223e+04 4.4890 3.4561 2.45346 0.97519 0.3440 1.3199e+03 0 4.1976e-05 3.4561 6.125875e-01 3.763100e-01 7.800749e-03 -0.1686 
7.1236e+04 4.4889 3.4515 2.28942 0.97560 0.3967 1.4634e+03 0 4.1976e-05 3.4515 6.120453e-01 3.767070e-01 7.935148e-03 -0.1529 
7.5095e+04 4.4898 3.4487 2.13153 0.97609 0.4513 1.6035e+03 0 4.2073e-05 3.4487 6.115014e-01 3.771000e-01 8.074588e-03 -0.1248 
7.8868e+04 4.4906 3.4470 1.97683 0.97670 0.5066 1.7452e+03 0 4.2073e-05 3.4470 6.109647e-01 3.774840e-01 8.216221e-03 -0.0959 
8.2510e+04 4.4915 3.4469 1.82720 0.97743 0.5613 1.8785e+03 0 4.2170e-05 3.4469 6.104457e-01 3.778510e-01 8.356569e-03 -0.0584 
8.6023e+04 4.4925 3.4492 1.68254 0.97827 0.6138 1.9860e+03 0 4.2267e-05 3.4492 6.099566e-01 3.781940e-01 8.491630e-03 -0.0206 
8.9416e+04 4.4937 3.4538 1.54246 0.97924 0.6623 2.0674e+03 0 4.2462e-05 3.4538 6.095117e-01 3.785030e-01 8.616736e-03 0.0450 
9.2701e+04 4.4950 3.4616 1.40638 0.98032 0.7044 2.1016e+03 0 4.2560e-05 3.4616 6.091311e-01 3.787650e-01 8.725451e-03 0.1059 
9.5915e+04 4.4962 3.4757 1.27280 0.98154 0.7359 2.0319e+03 0 4.2658e-05 3.4757 6.088495e-01 3.789570e-01 8.807012e-03 0.2085 
9.9041e+04 4.4978 3.5001 1.14245 0.98286 0.7478 1.8076e+03 0 4.2855e-05 3.5001 6.087450e-01 3.790280e-01 8.837665e-03 0.3547 
1.0211e+05 4.4993 3.5654 1.01386 0.98422 0.7478 1.1265e+03 0 4.2954e-05 3.5654 6.087450e-01 3.790280e-01 8.837665e-03 0.6630 
1.0274e+05 4.4860 3.6296 0.98993 0.98433 0.7478 6.2987e+02 0 4.1687e-05 3.6296 6.087450e-01 3.790280e-01 8.837665e-03 999.0000 
 5.8000 38 # agb_5.80_Z0.01000000_Mdot2_eta0.40_Mc0.00_dMc0.00_Tbd6.40_L0.00_dL0.00_C0.00_Nr3.00_rates0_KOPv_KMOLv.dat 
0.0000e+00 4.4600 3.5282 5.80000 0.99303 0.3910 1.9944e+02 1 5.3827e-05 3.5282 6.149000e-01 3.750390e-01 6.737840e-03 -0.1261 
1.2865e+03 4.5197 3.5190 5.69787 0.99340 0.3822 2.4019e+02 1 8.8512e-05 3.5190 6.148928e-01 3.750410e-01 6.743904e-03 -0.1422 
2.6849e+03 4.5328 3.5157 5.59736 0.99365 0.3676 2.5422e+02 1 7.5162e-05 3.5157 6.148604e-01 3.750600e-01 6.756894e-03 -0.1444 
4.2359e+03 4.5411 3.5131 5.49567 0.99389 0.3466 2.6569e+02 1 6.6681e-05 3.5131 6.148142e-01 3.750880e-01 6.774663e-03 -0.1493 
5.9412e+03 4.5490 3.5103 5.39318 0.99410 0.3187 2.7771e+02 1 5.9566e-05 3.5103 6.147525e-01 3.751270e-01 6.796682e-03 -0.1505 
7.8269e+03 4.5554 3.5080 5.28801 0.99432 0.2843 2.8863e+02 1 5.4325e-05 3.5080 6.146736e-01 3.751790e-01 6.821980e-03 -0.1418 
9.8924e+03 4.5625 3.5053 5.18062 0.99452 0.2432 3.0130e+02 1 4.9659e-05 3.5053 6.145756e-01 3.752480e-01 6.849801e-03 -0.1411 
1.2141e+04 4.5678 3.5027 5.06493 0.99472 0.1985 3.1388e+02 1 5.0350e-05 3.5027 6.144574e-01 3.753360e-01 6.878755e-03 -0.1482 
1.4571e+04 4.5708 3.5011 4.93971 0.99491 0.1541 3.2343e+02 1 5.0699e-05 3.5011 6.143181e-01 3.754450e-01 6.907816e-03 -0.1451 
1.7147e+04 4.5737 3.4983 4.80620 0.99508 0.1158 3.3646e+02 1 5.1050e-05 3.4983 6.141569e-01 3.755750e-01 6.936894e-03 -0.1549 
1.9910e+04 4.5739 3.4957 4.66252 0.99526 0.0867 3.4834e+02 1 5.1050e-05 3.4957 6.139726e-01 3.757280e-01 6.965739e-03 -0.1571 
2.2798e+04 4.5722 3.4932 4.51220 0.99541 0.0688 3.5968e+02 1 5.0816e-05 3.4932 6.137651e-01 3.759040e-01 6.994565e-03 -0.1557 
2.5840e+04 4.5716 3.4903 4.35624 0.99556 0.0593 3.7374e+02 1 5.0816e-05 3.4903 6.135323e-01 3.761030e-01 7.025340e-03 -0.1597 
2.8969e+04 4.5695 3.4875 4.19966 0.99568 0.0560 7.3580e+02 0 5.0466e-05 3.4875 6.132744e-01 3.763230e-01 7.060004e-03 -0.1619 
3.2199e+04 4.5650 3.4848 4.04180 0.99580 0.0567 7.7191e+02 0 5.0003e-05 3.4848 6.129920e-01 3.765610e-01 7.100495e-03 -0.1667 
3.5533e+04 4.5617 3.4819 3.88152 0.99591 0.0601 8.1599e+02 0 4.9659e-05 3.4819 6.126854e-01 3.768160e-01 7.148249e-03 -0.1701 
3.8904e+04 4.5559 3.4792 3.72253 0.99601 0.0666 8.5629e+02 0 4.8978e-05 3.4792 6.123560e-01 3.770840e-01 7.204175e-03 -0.1726 
4.2322e+04 4.5488 3.4767 3.56348 0.99611 0.0772 8.9687e+02 0 4.8195e-05 3.4767 6.120057e-01 3.773650e-01 7.268637e-03 -0.1699 
4.5768e+04 4.5421 3.4738 3.40523 0.99621 0.0937 9.4397e+02 0 4.7424e-05 3.4738 6.116360e-01 3.776560e-01 7.341439e-03 -0.1722 
4.9234e+04 4.5337 3.4712 3.24867 0.99631 0.1192 9.8933e+02 0 4.6559e-05 3.4712 6.112482e-01 3.779570e-01 7.421717e-03 -0.1801 
5.2698e+04 4.5255 3.4685 3.09469 0.99643 0.1533 1.0394e+03 0 4.5604e-05 3.4685 6.108428e-01 3.782680e-01 7.509090e-03 -0.1749 
5.6175e+04 4.5196 3.4656 2.94183 0.99658 0.1920 1.1025e+03 0 4.4978e-05 3.4656 6.104189e-01 3.785890e-01 7.604689e-03 -0.1814 
5.9617e+04 4.5162 3.4623 2.79150 0.99676 0.2337 1.1808e+03 0 4.4668e-05 3.4623 6.099800e-01 3.789160e-01 7.708085e-03 -0.1762 
6.2981e+04 4.5139 3.4591 2.64539 0.99697 0.2782 1.2691e+03 0 4.4463e-05 3.4591 6.095286e-01 3.792480e-01 7.818541e-03 -0.1717 
6.6319e+04 4.5128 3.4560 2.50061 0.99725 0.3250 1.3693e+03 0 4.4361e-05 3.4560 6.090680e-01 3.795830e-01 7.935101e-03 -0.1598 
6.9588e+04 4.5125 3.4531 2.35895 0.99759 0.3738 1.4802e+03 0 4.4259e-05 3.4531 6.086007e-01 3.799190e-01 8.056836e-03 -0.1528 
7.2776e+04 4.5130 3.4497 2.22064 0.99799 0.4240 1.6122e+03 0 4.4361e-05 3.4497 6.081313e-01 3.802520e-01 8.182309e-03 -0.1234 
7.5878e+04 4.5136 3.4481 2.08591 0.99848 0.4749 1.7322e+03 0 4.4361e-05 3.4481 6.076644e-01 3.805810e-01 8.309901e-03 -0.1034 
7.8888e+04 4.5143 3.4476 1.95494 0.99904 0.5257 1.8485e+03 0 4.4463e-05 3.4476 6.072062e-01 3.809000e-01 8.437554e-03 -0.0681 
8.1808e+04 4.5150 3.4482 1.82775 0.99969 0.5756 1.9561e+03 0 4.4566e-05 3.4482 6.067635e-01 3.812060e-01 8.563006e-03 -0.0384 
8.4638e+04 4.5159 3.4503 1.70419 1.00042 0.6234 2.0484e+03 0 4.4668e-05 3.4503 6.063438e-01 3.814940e-01 8.683740e-03 0.0476 
8.7386e+04 4.5168 3.4549 1.58398 1.00124 0.6682 2.1041e+03 0 4.4771e-05 3.4549 6.059559e-01 3.817580e-01 8.796792e-03 0.0598 
9.0060e+04 4.5179 3.4609 1.46674 1.00215 0.7083 2.1422e+03 0 4.4875e-05 3.4609 6.056119e-01 3.819910e-01 8.898221e-03 0.1191 
9.2669e+04 4.5190 3.4710 1.35201 1.00316 0.7414 2.1118e+03 0 4.4978e-05 3.4710 6.053306e-01 3.821800e-01 8.982064e-03 0.2124 
9.5226e+04 4.5202 3.4864 1.23928 1.00425 0.7631 1.9948e+03 0 4.5082e-05 3.4864 6.051478e-01 3.823030e-01 9.037128e-03 0.3109 
9.7739e+04 4.5215 3.5120 1.12811 1.00542 0.7631 1.7326e+03 0 4.5186e-05 3.5120 6.051478e-01 3.823030e-01 9.037128e-03 0.4933 
1.0023e+05 4.5228 3.6058 1.01760 1.00660 0.7631 8.2455e+02 0 4.5394e-05 3.6058 6.051478e-01 3.823030e-01 9.037128e-03 1.0149 
1.0037e+05 4.4542 3.6278 1.01203 1.00660 0.7631 5.8401e+02 0 3.8726e-05 3.6278 6.051478e-01 3.823030e-01 9.037128e-03 999.0000 
