# age(yr) logL logTe m_act mcore c/o period ip Mdot(Msun/yr) logTe X Y CNO dlogTe/dlogL 
 1.1500 3 # agb_1.15_Z0.00800000_Mdot51_eta1.00_Mc0.00_dMc0.00_Tbd6.40_L0.00_dL0.00_C0.00_Nr3.00_rates0_KOPv_KMOLv.dat 
0.0000e+00 3.1896 3.5570 1.15000 0.52521 0.4256 3.6043e+01 1 7.2277e-07 3.5570 7.052000e-01 2.867550e-01 5.431880e-03 -0.1047 
1.4600e+05 3.3976 3.5058 0.69788 0.52771 0.4256 2.2932e+02 0 8.6497e-06 3.5058 7.052000e-01 2.867550e-01 5.431880e-03 -0.1221 
2.0720e+05 3.3359 3.5815 0.53376 0.52819 0.4256 1.2929e+02 0 1.3397e-05 3.5815 7.052000e-01 2.867550e-01 5.431880e-03 999.0000 
 1.2000 3 # agb_1.20_Z0.00800000_Mdot51_eta1.00_Mc0.00_dMc0.00_Tbd6.40_L0.00_dL0.00_C0.00_Nr3.00_rates0_KOPv_KMOLv.dat 
0.0000e+00 3.2500 3.5527 1.20000 0.52757 0.4147 4.0651e+01 1 9.3111e-07 3.5527 7.052000e-01 2.867790e-01 5.435962e-03 -0.1068 
1.4257e+05 3.4253 3.5026 0.72271 0.53019 0.4147 2.4318e+02 0 9.6161e-06 3.5026 7.052000e-01 2.867790e-01 5.435962e-03 -0.1218 
2.0339e+05 3.3681 3.5788 0.53665 0.53073 0.4147 1.4163e+02 0 1.5885e-05 3.5788 7.052000e-01 2.867790e-01 5.435962e-03 999.0000 
 1.2500 3 # agb_1.25_Z0.00800000_Mdot51_eta1.00_Mc0.00_dMc0.00_Tbd6.40_L0.00_dL0.00_C0.00_Nr3.00_rates0_KOPv_KMOLv.dat 
0.0000e+00 3.2772 3.5519 1.25000 0.52886 0.4075 4.2090e+01 1 1.0069e-06 3.5519 7.061000e-01 2.858270e-01 5.438614e-03 -0.1077 
1.4077e+05 3.4404 3.5030 0.79366 0.53156 0.4075 2.3031e+02 0 8.4528e-06 3.5030 7.061000e-01 2.858270e-01 5.438614e-03 -0.1210 
2.0898e+05 3.4263 3.5791 0.53748 0.53232 0.4075 1.6067e+02 0 1.8155e-05 3.5791 7.061000e-01 2.858270e-01 5.438614e-03 999.0000 
 1.3000 3 # agb_1.30_Z0.00800000_Mdot51_eta1.00_Mc0.00_dMc0.00_Tbd6.40_L0.00_dL0.00_C0.00_Nr3.00_rates0_KOPv_KMOLv.dat 
0.0000e+00 3.3364 3.5473 1.30000 0.53077 0.4006 4.7542e+01 1 1.3032e-06 3.5473 7.070000e-01 2.849750e-01 5.442517e-03 -0.1100 
1.3802e+05 3.4683 3.5000 0.81294 0.53360 0.4006 2.4642e+02 0 9.6605e-06 3.5000 7.070000e-01 2.849750e-01 5.442517e-03 -0.1211 
2.0480e+05 3.4474 3.5778 0.53971 0.53439 0.4006 1.6967e+02 0 1.9055e-05 3.5778 7.070000e-01 2.849750e-01 5.442517e-03 999.0000 
 1.3500 3 # agb_1.35_Z0.00800000_Mdot51_eta1.00_Mc0.00_dMc0.00_Tbd6.40_L0.00_dL0.00_C0.00_Nr3.00_rates0_KOPv_KMOLv.dat 
0.0000e+00 3.4151 3.5402 1.35000 0.53257 0.3937 5.6720e+01 1 1.8923e-06 3.5402 7.079000e-01 2.840230e-01 5.445050e-03 -0.1126 
1.3559e+05 3.4988 3.4927 0.75656 0.53557 0.3937 3.0035e+02 0 1.5417e-05 3.4927 7.079000e-01 2.840230e-01 5.445050e-03 -0.1212 
1.9164e+05 3.4127 3.5785 0.54157 0.53613 0.3937 1.5559e+02 0 1.7620e-05 3.5785 7.079000e-01 2.840230e-01 5.445050e-03 999.0000 
 1.4000 3 # agb_1.40_Z0.00800000_Mdot51_eta1.00_Mc0.00_dMc0.00_Tbd6.40_L0.00_dL0.00_C0.00_Nr3.00_rates0_KOPv_KMOLv.dat 
0.0000e+00 3.2783 3.5588 1.40000 0.53209 0.3870 3.7832e+01 1 8.3753e-07 3.5588 7.089000e-01 2.830880e-01 5.447918e-03 -0.1035 
1.3608e+05 3.4483 3.5222 1.11492 0.53475 0.3870 1.4548e+02 0 3.5563e-06 3.5222 7.089000e-01 2.830880e-01 5.447918e-03 -0.1159 
2.5236e+05 3.5458 3.5726 0.54343 0.53737 0.3870 2.2018e+02 0 2.3933e-05 3.5726 7.089000e-01 2.830880e-01 5.447918e-03 999.0000 
 1.4500 3 # agb_1.45_Z0.00800000_Mdot51_eta1.00_Mc0.00_dMc0.00_Tbd6.40_L0.00_dL0.00_C0.00_Nr3.00_rates0_KOPv_KMOLv.dat 
0.0000e+00 3.3900 3.5480 1.45000 0.53331 0.3783 4.9365e+01 1 1.4421e-06 3.5480 7.090000e-01 2.829580e-01 5.452344e-03 -0.1089 
1.3428e+05 3.4930 3.5146 1.09092 0.53623 0.3783 1.7539e+02 0 5.0933e-06 3.5146 7.090000e-01 2.829580e-01 5.452344e-03 -0.1164 
2.4375e+05 3.5773 3.5782 0.54388 0.53882 0.3783 2.2452e+02 0 2.5704e-05 3.5782 7.090000e-01 2.829580e-01 5.452344e-03 999.0000 
 1.5000 3 # agb_1.50_Z0.00800000_Mdot51_eta1.00_Mc0.00_dMc0.00_Tbd6.40_L0.00_dL0.00_C0.00_Nr3.00_rates0_KOPv_KMOLv.dat 
0.0000e+00 3.2872 3.5621 1.50000 0.53370 0.3721 3.6248e+01 1 7.9068e-07 3.5621 7.093000e-01 2.826330e-01 5.454456e-03 -0.1021 
1.3332e+05 3.4639 3.5280 1.24773 0.53639 0.3721 7.0597e+01 1 3.0549e-06 3.5280 7.093000e-01 2.826330e-01 5.454456e-03 -0.1136 
2.7116e+05 3.5605 3.5758 0.54548 0.54001 0.3721 2.2037e+02 0 2.4717e-05 3.5758 7.093000e-01 2.826330e-01 5.454456e-03 999.0000 
 1.5500 3 # agb_1.55_Z0.00800000_Mdot51_eta1.00_Mc0.00_dMc0.00_Tbd6.40_L0.00_dL0.00_C0.00_Nr3.00_rates0_KOPv_KMOLv.dat 
0.0000e+00 3.4498 3.5454 1.55000 0.53410 0.3657 5.4246e+01 1 1.7783e-06 3.5454 7.085000e-01 2.834060e-01 5.457709e-03 -0.1092 
1.3268e+05 3.5222 3.5172 1.19706 0.53718 0.3657 1.6834e+02 0 4.9545e-06 3.5172 7.085000e-01 2.834060e-01 5.457709e-03 -0.1148 
2.5983e+05 3.6060 3.5774 0.54596 0.54076 0.3657 2.4019e+02 0 2.7479e-05 3.5774 7.085000e-01 2.834060e-01 5.457709e-03 999.0000 
 1.6000 3 # agb_1.60_Z0.00800000_Mdot51_eta1.00_Mc0.00_dMc0.00_Tbd6.40_L0.00_dL0.00_C0.00_Nr3.00_rates0_KOPv_KMOLv.dat 
0.0000e+00 3.4297 3.5499 1.60000 0.52561 0.3711 4.9767e+01 1 1.5101e-06 3.5499 7.051000e-01 2.867860e-01 5.449720e-03 -0.1064 
1.4408e+05 3.4893 3.5289 1.32459 0.52866 0.3711 7.1262e+01 1 3.1550e-06 3.5289 7.051000e-01 2.867860e-01 5.449720e-03 -0.1088 
3.0478e+05 3.5788 3.5742 0.53887 0.53321 0.3711 2.3534e+02 0 2.5823e-05 3.5742 7.051000e-01 2.867860e-01 5.449720e-03 999.0000 
 1.6500 4 # agb_1.65_Z0.00800000_Mdot51_eta1.00_Mc0.00_dMc0.00_Tbd6.40_L0.00_dL0.00_C0.00_Nr3.00_rates0_KOPv_KMOLv.dat 
0.0000e+00 3.3158 3.5649 1.65000 0.52223 0.3711 3.5645e+01 1 7.9983e-07 3.5649 7.041000e-01 2.878580e-01 5.447939e-03 -0.0992 
1.4748e+05 3.4434 3.5422 1.46816 0.52494 0.3711 5.6410e+01 1 1.9187e-06 3.5422 7.041000e-01 2.878580e-01 5.447939e-03 -0.1025 
3.2349e+05 3.4996 3.5041 0.95749 0.52944 0.3711 2.1991e+02 0 7.7268e-06 3.5041 7.041000e-01 2.878580e-01 5.447939e-03 -0.1155 
4.2068e+05 3.5109 3.5744 0.53677 0.53112 0.3711 2.0258e+02 0 2.2080e-05 3.5744 7.041000e-01 2.878580e-01 5.447939e-03 999.0000 
 1.7000 4 # agb_1.70_Z0.00800000_Mdot51_eta1.00_Mc0.00_dMc0.00_Tbd6.40_L0.00_dL0.00_C0.00_Nr3.00_rates0_KOPv_KMOLv.dat 
0.0000e+00 3.3725 3.5604 1.70000 0.51638 0.3713 4.0248e+01 1 1.0186e-06 3.5604 7.033000e-01 2.886330e-01 5.445255e-03 -0.1003 
1.5687e+05 3.4415 3.5445 1.51345 0.51924 0.3713 5.4448e+01 1 1.7989e-06 3.5445 7.033000e-01 2.886330e-01 5.445255e-03 -0.1001 
3.4255e+05 3.5027 3.5083 1.02958 0.52395 0.3713 1.9974e+02 0 6.4714e-06 3.5083 7.033000e-01 2.886330e-01 5.445255e-03 -0.1107 
4.6233e+05 3.5377 3.5727 0.53215 0.52631 0.3713 2.2001e+02 0 2.3496e-05 3.5727 7.033000e-01 2.886330e-01 5.445255e-03 999.0000 
 1.7500 4 # agb_1.75_Z0.00800000_Mdot51_eta1.00_Mc0.00_dMc0.00_Tbd6.40_L0.00_dL0.00_C0.00_Nr3.00_rates0_KOPv_KMOLv.dat 
0.0000e+00 3.3042 3.5695 1.75000 0.51070 0.3714 3.2729e+01 1 6.9823e-07 3.5695 7.028000e-01 2.891090e-01 5.443318e-03 -0.0958 
1.6447e+05 3.4017 3.5532 1.60768 0.51332 0.3714 4.6058e+01 1 1.3152e-06 3.5532 7.028000e-01 2.891090e-01 5.443318e-03 -0.0964 
3.5903e+05 3.4560 3.5328 1.32377 0.51759 0.3714 6.5221e+01 1 2.5704e-06 3.5328 7.028000e-01 2.891090e-01 5.443318e-03 -0.1025 
5.5371e+05 3.5392 3.5753 0.52799 0.52269 0.3714 2.1723e+02 0 2.3550e-05 3.5753 7.028000e-01 2.891090e-01 5.443318e-03 999.0000 
 1.8000 7 # agb_1.80_Z0.00800000_Mdot51_eta1.00_Mc0.00_dMc0.00_Tbd6.40_L0.00_dL0.00_C0.00_Nr3.00_rates0_KOPv_KMOLv.dat 
0.0000e+00 3.0204 3.5974 1.80000 0.48239 0.3740 1.5643e+01 1 1.8836e-07 3.5974 7.027000e-01 2.892060e-01 5.443544e-03 -0.0848 
2.1698e+05 3.1256 3.5863 1.74718 0.48387 0.3740 2.0900e+01 1 3.1046e-07 3.5863 7.027000e-01 2.892060e-01 5.443544e-03 -0.0833 
4.5159e+05 3.1921 3.5775 1.67721 0.48588 0.3740 2.5700e+01 1 4.3853e-07 3.5775 7.027000e-01 2.892060e-01 5.443544e-03 -0.0844 
7.1406e+05 3.2385 3.5693 1.58406 0.48875 0.3740 3.0579e+01 1 5.8614e-07 3.5693 7.027000e-01 2.892060e-01 5.443544e-03 -0.0859 
1.0028e+06 3.2768 3.5594 1.44138 0.49269 0.3740 3.7007e+01 1 8.0910e-07 3.5594 7.027000e-01 2.892060e-01 5.443544e-03 -0.0892 
1.3059e+06 3.3274 3.5412 1.19779 0.49770 0.3740 5.1007e+01 1 1.4791e-06 3.5412 7.027000e-01 2.892060e-01 5.443544e-03 -0.0952 
1.5825e+06 3.4059 3.5761 0.50785 0.50267 0.3740 1.6591e+02 0 1.7338e-05 3.5761 7.027000e-01 2.892060e-01 5.443544e-03 999.0000 
 1.8500 8 # agb_1.85_Z0.00800000_Mdot51_eta1.00_Mc0.00_dMc0.00_Tbd6.40_L0.00_dL0.00_C0.00_Nr3.00_rates0_KOPv_KMOLv.dat 
0.0000e+00 3.0095 3.6000 1.85000 0.48328 0.3749 1.4843e+01 1 1.7660e-07 3.6000 7.015000e-01 2.904860e-01 5.439822e-03 -0.0839 
2.1102e+05 3.1479 3.5859 1.80062 0.48472 0.3749 2.1491e+01 1 3.2885e-07 3.5859 7.015000e-01 2.904860e-01 5.439822e-03 -0.0829 
4.4600e+05 3.1979 3.5789 1.73288 0.48676 0.3749 2.5277e+01 1 4.2855e-07 3.5789 7.015000e-01 2.904860e-01 5.439822e-03 -0.0842 
7.1100e+05 3.2265 3.5728 1.64180 0.48975 0.3749 2.8623e+01 1 5.2119e-07 3.5728 7.015000e-01 2.904860e-01 5.439822e-03 -0.0854 
9.9317e+05 3.2786 3.5624 1.51067 0.49363 0.3749 3.5478e+01 1 7.5162e-07 3.5624 7.015000e-01 2.904860e-01 5.439822e-03 -0.0883 
1.2932e+06 3.3312 3.5460 1.29159 0.49866 0.3749 4.7710e+01 1 1.2882e-06 3.5460 7.015000e-01 2.904860e-01 5.439822e-03 -0.0935 
1.5993e+06 3.3862 3.5026 0.63149 0.50484 0.3749 2.5167e+02 0 1.0617e-05 3.5026 7.015000e-01 2.904860e-01 5.439822e-03 -0.1053 
1.6813e+06 3.1093 3.5930 0.51051 0.50515 0.3749 7.3199e+01 0 3.5075e-06 3.5930 7.015000e-01 2.904860e-01 5.439822e-03 999.0000 
 1.9000 5 # agb_1.90_Z0.00800000_Mdot51_eta1.00_Mc0.00_dMc0.00_Tbd6.40_L0.00_dL0.00_C0.00_Nr3.00_rates0_KOPv_KMOLv.dat 
0.0000e+00 3.1920 3.5853 1.90000 0.50112 0.3728 2.2769e+01 1 3.8019e-07 3.5853 7.009000e-01 2.910640e-01 5.438364e-03 -0.0895 
1.7712e+05 3.3308 3.5689 1.81441 0.50329 0.3728 3.3904e+01 1 7.6384e-07 3.5689 7.009000e-01 2.910640e-01 5.438364e-03 -0.0892 
3.8753e+05 3.3724 3.5590 1.66950 0.50684 0.3728 4.1039e+01 1 1.0520e-06 3.5590 7.009000e-01 2.910640e-01 5.438364e-03 -0.0925 
6.2245e+05 3.4322 3.5402 1.40757 0.51202 0.3728 5.7290e+01 1 1.9498e-06 3.5402 7.009000e-01 2.910640e-01 5.438364e-03 -0.0981 
8.6771e+05 3.5062 3.5721 0.52443 0.51853 0.3728 2.0894e+02 0 2.1827e-05 3.5721 7.009000e-01 2.910640e-01 5.438364e-03 999.0000 
 1.9500 6 # agb_1.95_Z0.00800000_Mdot51_eta1.00_Mc0.00_dMc0.00_Tbd6.40_L0.00_dL0.00_C0.00_Nr3.00_rates0_KOPv_KMOLv.dat 
0.0000e+00 3.1284 3.5926 1.95000 0.49681 0.3733 1.8961e+01 1 2.8184e-07 3.5926 7.001000e-01 2.918460e-01 5.437326e-03 -0.0872 
1.8475e+05 3.2782 3.5764 1.88166 0.49876 0.3733 2.8595e+01 1 5.7280e-07 3.5764 7.001000e-01 2.918460e-01 5.437326e-03 -0.0867 
3.9745e+05 3.3321 3.5674 1.77668 0.50176 0.3733 3.4724e+01 1 7.9250e-07 3.5674 7.001000e-01 2.918460e-01 5.437326e-03 -0.0892 
6.3846e+05 3.3836 3.5549 1.60291 0.50622 0.3733 4.4049e+01 1 1.1940e-06 3.5549 7.001000e-01 2.918460e-01 5.437326e-03 -0.0926 
9.0158e+05 3.4356 3.5319 1.26405 0.51235 0.3733 6.4718e+01 1 2.4946e-06 3.5319 7.001000e-01 2.918460e-01 5.437326e-03 -0.1007 
1.1098e+06 3.5125 3.5722 0.52296 0.51714 0.3733 2.1231e+02 0 2.2131e-05 3.5722 7.001000e-01 2.918460e-01 5.437326e-03 999.0000 
 2.0000 5 # agb_2.00_Z0.00800000_Mdot51_eta1.00_Mc0.00_dMc0.00_Tbd6.40_L0.00_dL0.00_C0.00_Nr3.00_rates0_KOPv_KMOLv.dat 
0.0000e+00 3.2553 3.5826 2.00000 0.50917 0.3724 2.5399e+01 1 4.8084e-07 3.5826 6.993000e-01 2.926280e-01 5.435848e-03 -0.0908 
1.6356e+05 3.3885 3.5660 1.89956 0.51159 0.3724 3.7595e+01 1 9.6161e-07 3.5660 6.993000e-01 2.926280e-01 5.435848e-03 -0.0911 
3.5974e+05 3.4363 3.5543 1.72304 0.51562 0.3724 4.6982e+01 1 1.4060e-06 3.5543 6.993000e-01 2.926280e-01 5.435848e-03 -0.0948 
5.8177e+05 3.4928 3.5312 1.37349 0.52160 0.3724 6.9272e+01 1 2.9512e-06 3.5312 6.993000e-01 2.926280e-01 5.435848e-03 -0.1028 
7.8295e+05 3.5691 3.5742 0.53311 0.52753 0.3724 2.3267e+02 0 2.5235e-05 3.5742 6.993000e-01 2.926280e-01 5.435848e-03 999.0000 
 2.0500 6 # agb_2.05_Z0.00800000_Mdot51_eta1.00_Mc0.00_dMc0.00_Tbd6.40_L0.00_dL0.00_C0.00_Nr3.00_rates0_KOPv_KMOLv.dat 
0.0000e+00 3.2393 3.5855 2.05000 0.50625 0.3726 2.3848e+01 1 4.3752e-07 3.5855 6.989000e-01 2.930140e-01 5.435123e-03 -0.0897 
1.6823e+05 3.3681 3.5701 1.95881 0.50859 0.3726 3.4603e+01 1 8.3946e-07 3.5701 6.989000e-01 2.930140e-01 5.435123e-03 -0.0898 
3.6735e+05 3.4202 3.5593 1.80696 0.51240 0.3726 4.2910e+01 1 1.2078e-06 3.5593 6.989000e-01 2.930140e-01 5.435123e-03 -0.0926 
5.9504e+05 3.4733 3.5413 1.52488 0.51816 0.3726 5.8854e+01 1 2.1330e-06 3.5413 6.989000e-01 2.930140e-01 5.435123e-03 -0.0988 
8.3871e+05 3.5269 3.5019 0.58895 0.52568 0.3726 3.6905e+02 0 9.5940e-06 3.5019 6.989000e-01 2.930140e-01 5.435123e-03 -0.1134 
8.4336e+05 3.3601 3.5799 0.53127 0.52569 0.3726 1.3899e+02 0 1.5596e-05 3.5799 6.989000e-01 2.930140e-01 5.435123e-03 999.0000 
 2.1000 5 # agb_2.10_Z0.00800000_Mdot51_eta1.00_Mc0.00_dMc0.00_Tbd6.40_L0.00_dL0.00_C0.00_Nr3.00_rates0_KOPv_KMOLv.dat 
0.0000e+00 3.2812 3.5832 2.10000 0.51182 0.3730 2.5866e+01 1 5.1404e-07 3.5832 6.982000e-01 2.937000e-01 5.433401e-03 -0.0901 
1.5905e+05 3.4080 3.5673 1.99796 0.51431 0.3730 3.7589e+01 1 9.9541e-07 3.5673 6.982000e-01 2.937000e-01 5.433401e-03 -0.0909 
3.4989e+05 3.4569 3.5559 1.82270 0.51847 0.3730 4.6833e+01 1 1.4421e-06 3.5559 6.982000e-01 2.937000e-01 5.433401e-03 -0.0944 
5.6764e+05 3.5106 3.5349 1.48426 0.52469 0.3730 6.6941e+01 1 2.8054e-06 3.5349 6.982000e-01 2.937000e-01 5.433401e-03 -0.1013 
7.8438e+05 3.5840 3.5753 0.53678 0.53131 0.3835 2.3672e+02 0 2.6122e-05 3.5753 6.977913e-01 2.940750e-01 5.464949e-03 999.0000 
 2.1500 5 # agb_2.15_Z0.00800000_Mdot51_eta1.00_Mc0.00_dMc0.00_Tbd6.40_L0.00_dL0.00_C0.00_Nr3.00_rates0_KOPv_KMOLv.dat 
0.0000e+00 3.3145 3.5817 2.15000 0.52281 0.3738 2.7471e+01 1 5.8479e-07 3.5817 6.973000e-01 2.946860e-01 5.430798e-03 -0.0913 
1.4311e+05 3.4563 3.5637 2.03576 0.52546 0.3738 4.1764e+01 1 1.2106e-06 3.5637 6.973000e-01 2.946860e-01 5.430798e-03 -0.0929 
3.1649e+05 3.5085 3.5507 1.82907 0.52998 0.3738 5.3395e+01 1 1.8493e-06 3.5507 6.973000e-01 2.946860e-01 5.430798e-03 -0.0978 
5.1419e+05 3.5615 3.5240 1.39642 0.53598 0.3810 8.2080e+01 1 4.3152e-06 3.5240 6.969412e-01 2.950210e-01 5.454152e-03 -0.1083 
6.9039e+05 3.6314 3.5751 0.54681 0.54150 0.4007 2.5913e+02 0 2.9107e-05 3.5751 6.962435e-01 2.956580e-01 5.510923e-03 999.0000 
 2.2000 5 # agb_2.20_Z0.00800000_Mdot51_eta1.00_Mc0.00_dMc0.00_Tbd6.40_L0.00_dL0.00_C0.00_Nr3.00_rates0_KOPv_KMOLv.dat 
0.0000e+00 3.2989 3.5846 2.20000 0.52522 0.3735 2.5821e+01 1 5.3456e-07 3.5846 6.969000e-01 2.949740e-01 5.429655e-03 -0.0905 
1.4061e+05 3.4547 3.5656 2.08500 0.52789 0.3735 4.0578e+01 1 1.1885e-06 3.5656 6.969000e-01 2.949740e-01 5.429655e-03 -0.0927 
3.0798e+05 3.5162 3.5520 1.88403 0.53232 0.3735 5.2832e+01 1 1.8750e-06 3.5520 6.969000e-01 2.949740e-01 5.429655e-03 -0.0972 
5.0109e+05 3.5679 3.5273 1.47130 0.53826 0.3807 7.8920e+01 1 4.0644e-06 3.5273 6.965414e-01 2.953090e-01 5.453022e-03 -0.1076 
6.8552e+05 3.6377 3.5727 0.55034 0.54436 0.4017 2.6704e+02 0 2.9580e-05 3.5727 6.957985e-01 2.959860e-01 5.513550e-03 999.0000 
 2.2500 5 # agb_2.25_Z0.00800000_Mdot51_eta1.00_Mc0.00_dMc0.00_Tbd6.40_L0.00_dL0.00_C0.00_Nr3.00_rates0_KOPv_KMOLv.dat 
0.0000e+00 3.3540 3.5808 2.25000 0.53102 0.3735 2.9053e+01 1 6.6834e-07 3.5808 6.963000e-01 2.956620e-01 5.428705e-03 -0.0921 
1.3215e+05 3.4971 3.5625 2.12516 0.53381 0.3735 4.4423e+01 1 1.3996e-06 3.5625 6.963000e-01 2.956620e-01 5.428705e-03 -0.0943 
2.9313e+05 3.5495 3.5487 1.89681 0.53859 0.3735 5.7319e+01 1 2.1777e-06 3.5487 6.963000e-01 2.956620e-01 5.428705e-03 -0.0997 
4.7660e+05 3.6019 3.5198 1.40629 0.54484 0.3814 9.0824e+01 1 5.5081e-06 3.5198 6.959135e-01 2.960230e-01 5.453851e-03 -0.1102 
6.3829e+05 3.6663 3.5777 0.55564 0.55045 0.4039 2.6986e+02 0 3.1550e-05 3.5777 6.951677e-01 2.967000e-01 5.516788e-03 999.0000 
 2.3000 5 # agb_2.30_Z0.00800000_Mdot51_eta1.00_Mc0.00_dMc0.00_Tbd6.40_L0.00_dL0.00_C0.00_Nr3.00_rates0_KOPv_KMOLv.dat 
0.0000e+00 3.3563 3.5820 2.30000 0.53819 0.3737 2.8588e+01 1 6.6222e-07 3.5820 6.959000e-01 2.960510e-01 5.427152e-03 -0.0924 
1.2448e+05 3.5082 3.5630 2.17092 0.54102 0.3737 4.4690e+01 1 1.4388e-06 3.5630 6.959000e-01 2.960510e-01 5.427152e-03 -0.0960 
2.7259e+05 3.5767 3.5472 1.93842 0.54574 0.3737 6.0233e+01 1 2.4322e-06 3.5472 6.959000e-01 2.960510e-01 5.427152e-03 -0.1013 
4.4448e+05 3.6271 3.5173 1.41732 0.55202 0.3817 1.8260e+02 0 6.3826e-06 3.5173 6.955082e-01 2.964170e-01 5.452665e-03 -0.1131 
5.9584e+05 3.6903 3.5748 0.56354 0.55769 0.4053 2.8860e+02 0 3.3343e-05 3.5748 6.947446e-01 2.971090e-01 5.517848e-03 999.0000 
 2.3500 5 # agb_2.35_Z0.00800000_Mdot51_eta1.00_Mc0.00_dMc0.00_Tbd6.40_L0.00_dL0.00_C0.00_Nr3.00_rates0_KOPv_KMOLv.dat 
0.0000e+00 3.4207 3.5773 2.35000 0.54814 0.3734 3.2935e+01 1 8.6497e-07 3.5773 6.957000e-01 2.962410e-01 5.426637e-03 -0.0941 
1.1337e+05 3.5590 3.5584 2.19915 0.55113 0.3734 5.0368e+01 1 1.8239e-06 3.5584 6.957000e-01 2.962410e-01 5.426637e-03 -0.0990 
2.4846e+05 3.6185 3.5423 1.93348 0.55541 0.3783 6.7496e+01 1 3.0761e-06 3.5423 6.954492e-01 2.964770e-01 5.442062e-03 -0.1054 
4.0912e+05 3.6629 3.5009 1.22224 0.56139 0.3932 2.6151e+02 0 1.2474e-05 3.5009 6.947491e-01 2.971290e-01 5.488596e-03 -0.1191 
5.1723e+05 3.7087 3.5810 0.57018 0.56511 0.4161 2.8147e+02 0 3.4834e-05 3.5810 6.940437e-01 2.977670e-01 5.550729e-03 999.0000 
 2.4000 5 # agb_2.40_Z0.00800000_Mdot51_eta1.00_Mc0.00_dMc0.00_Tbd6.40_L0.00_dL0.00_C0.00_Nr3.00_rates0_KOPv_KMOLv.dat 
0.0000e+00 3.4755 3.5734 2.40000 0.56186 0.3731 3.7052e+01 1 1.0839e-06 3.5734 6.953000e-01 2.966310e-01 5.426794e-03 -0.0963 
9.7881e+04 3.6268 3.5520 2.22902 0.56487 0.3731 5.9377e+01 1 2.5235e-06 3.5520 6.953000e-01 2.966310e-01 5.426794e-03 -0.1019 
2.2038e+05 3.6662 3.5359 1.90846 0.56890 0.3817 7.7727e+01 1 4.1400e-06 3.5359 6.948562e-01 2.970490e-01 5.453983e-03 -0.1103 
3.6642e+05 3.7097 3.4758 0.94285 0.57474 0.4026 4.5893e+02 0 8.5704e-06 3.4758 6.939152e-01 2.979230e-01 5.517706e-03 -0.1279 
4.0613e+05 3.5239 3.5781 0.58104 0.57532 0.4026 1.8790e+02 0 2.2751e-05 3.5781 6.939152e-01 2.979230e-01 5.517706e-03 999.0000 
 2.6000 5 # agb_2.60_Z0.00800000_Mdot51_eta1.00_Mc0.00_dMc0.00_Tbd6.40_L0.00_dL0.00_C0.00_Nr3.00_rates0_KOPv_KMOLv.dat 
0.0000e+00 3.6039 3.5657 2.60000 0.59745 0.3744 4.7595e+01 1 1.7947e-06 3.5657 6.945000e-01 2.973830e-01 5.423927e-03 -0.1018 
6.9552e+04 3.7472 3.5434 2.38525 0.60043 0.3744 7.6121e+01 1 4.2756e-06 3.5434 6.945000e-01 2.973830e-01 5.423927e-03 -0.1120 
1.5663e+05 3.7820 3.5242 1.96416 0.60427 0.3830 1.0313e+02 1 7.8163e-06 3.5242 6.940629e-01 2.977930e-01 5.450708e-03 -0.1209 
2.6085e+05 3.8210 3.4661 1.00361 0.60975 0.4047 6.0700e+02 0 9.0157e-06 3.4661 6.931214e-01 2.986680e-01 5.514007e-03 -0.1514 
2.9406e+05 3.7138 3.5788 0.61652 0.61072 0.4047 2.7064e+02 0 3.5237e-05 3.5788 6.931214e-01 2.986680e-01 5.514007e-03 999.0000 
 2.8000 5 # agb_2.80_Z0.00800000_Mdot51_eta1.00_Mc0.00_dMc0.00_Tbd6.40_L0.00_dL0.00_C0.00_Nr3.00_rates0_KOPv_KMOLv.dat 
0.0000e+00 3.8297 3.5463 2.80000 0.64368 0.3743 7.9867e+01 1 4.8978e-06 3.5463 6.952000e-01 2.966580e-01 5.423344e-03 -0.1113 
4.4296e+04 3.8961 3.5301 2.52132 0.64643 0.3743 1.0716e+02 1 8.8308e-06 3.5301 6.952000e-01 2.966580e-01 5.423344e-03 -0.1221 
9.9754e+04 3.9226 3.5030 1.89136 0.64979 0.3825 3.0941e+02 0 2.2594e-05 3.5030 6.947945e-01 2.970380e-01 5.448338e-03 -0.1364 
1.6698e+05 3.9464 3.4555 1.05150 0.65471 0.4028 8.4606e+02 0 1.2023e-05 3.4555 6.939251e-01 2.978460e-01 5.504899e-03 -0.2227 
2.0254e+05 3.9498 3.5890 0.66295 0.65726 0.4123 3.9183e+02 0 2.1528e-05 3.5890 6.936507e-01 2.980940e-01 5.528554e-03 999.0000 
 3.0000 6 # agb_3.00_Z0.00800000_Mdot51_eta1.00_Mc0.00_dMc0.00_Tbd6.40_L0.00_dL0.00_C0.00_Nr3.00_rates0_KOPv_KMOLv.dat 
0.0000e+00 3.9525 3.5375 3.00000 0.69491 0.3751 1.0300e+02 1 8.2985e-06 3.5375 6.963000e-01 2.956380e-01 5.422110e-03 -0.1171 
2.6897e+04 4.0219 3.5200 2.68983 0.69719 0.3751 1.4050e+02 1 1.6181e-05 3.5200 6.963000e-01 2.956380e-01 5.422110e-03 -0.1323 
6.0044e+04 4.0398 3.4946 2.04767 0.69971 0.3822 4.0349e+02 0 2.4604e-05 3.4946 6.959675e-01 2.959490e-01 5.443100e-03 -0.1495 
1.0012e+05 4.0584 3.4593 1.38778 0.70327 0.3990 8.1816e+02 0 1.5560e-05 3.4593 6.952539e-01 2.966120e-01 5.488723e-03 -0.2151 
1.4423e+05 4.0713 3.5796 0.71762 0.70830 0.4282 5.2093e+02 0 1.6032e-05 3.5796 6.943046e-01 2.974810e-01 5.560747e-03 -0.1798 
1.4438e+05 4.2290 3.6083 0.71392 0.70831 0.4282 5.7568e+02 0 2.3067e-05 3.6083 6.943046e-01 2.974810e-01 5.560747e-03 999.0000 
 3.2000 7 # agb_3.20_Z0.00800000_Mdot51_eta1.00_Mc0.00_dMc0.00_Tbd6.40_L0.00_dL0.00_C0.00_Nr3.00_rates0_KOPv_KMOLv.dat 
0.0000e+00 4.0730 3.5284 3.20000 0.74498 0.3764 1.3280e+02 1 1.4421e-05 3.5284 6.954000e-01 2.965220e-01 5.419353e-03 -0.1222 
1.6546e+04 4.1301 3.5118 2.86532 0.74681 0.3764 1.7613e+02 1 2.8708e-05 3.5118 6.954000e-01 2.965220e-01 5.419353e-03 -0.1391 
3.6383e+04 4.1439 3.4939 2.37013 0.74862 0.3826 4.4937e+02 0 2.4378e-05 3.4939 6.951399e-01 2.967640e-01 5.436463e-03 -0.1627 
6.0442e+04 4.1552 3.4716 1.86992 0.75102 0.3957 6.9601e+02 0 1.9454e-05 3.4716 6.946029e-01 2.972620e-01 5.471227e-03 -0.1912 
8.7415e+04 4.1644 3.4487 1.33609 0.75403 0.4208 1.1799e+03 0 1.9861e-05 3.4487 6.936982e-01 2.980970e-01 5.532783e-03 -0.1992 
1.1532e+05 4.1715 3.5212 0.81217 0.75810 0.4574 9.8188e+02 0 2.0184e-05 3.5212 6.927479e-01 2.989530e-01 5.617828e-03 -0.0949 
1.1791e+05 3.9866 3.5931 0.76384 0.75810 0.4574 3.6108e+02 0 2.9444e-05 3.5931 6.927479e-01 2.989530e-01 5.617828e-03 999.0000 
 3.4000 8 # agb_3.40_Z0.00800000_Mdot51_eta1.00_Mc0.00_dMc0.00_Tbd6.40_L0.00_dL0.00_C0.00_Nr3.00_rates0_KOPv_KMOLv.dat 
0.0000e+00 4.1118 3.5296 3.40000 0.76947 0.3768 1.3708e+02 1 1.5776e-05 3.5296 6.871000e-01 3.049070e-01 5.416900e-03 -0.1215 
1.2979e+04 4.1804 3.5130 3.09930 0.77112 0.3768 1.8396e+02 1 3.1915e-05 3.5130 6.871000e-01 3.049080e-01 5.416900e-03 -0.1392 
2.8446e+04 4.1913 3.4987 2.65748 0.77266 0.3823 4.3185e+02 0 2.9717e-05 3.4987 6.868825e-01 3.051090e-01 5.431772e-03 -0.1588 
4.6965e+04 4.2015 3.4817 2.22385 0.77457 0.3937 6.0360e+02 0 2.1627e-05 3.4817 6.864419e-01 3.055170e-01 5.461038e-03 -0.1827 
6.8324e+04 4.2094 3.4605 1.74262 0.77689 0.4148 9.2406e+02 0 2.2029e-05 3.4605 6.856712e-01 3.062300e-01 5.511915e-03 -0.1882 
9.0913e+04 4.2146 3.4486 1.27084 0.77974 0.4526 1.3821e+03 0 2.2336e-05 3.4486 6.845902e-01 3.072140e-01 5.597686e-03 -0.1851 
1.1312e+05 4.2212 3.5737 0.79833 0.78352 0.5000 6.9677e+02 0 2.2646e-05 3.5737 6.836602e-01 3.080260e-01 5.704915e-03 0.1725 
1.1343e+05 4.2929 3.6123 0.78950 0.78353 0.5000 5.8509e+02 0 2.6730e-05 3.6123 6.836602e-01 3.080260e-01 5.704915e-03 999.0000 
 3.6000 8 # agb_3.60_Z0.00800000_Mdot51_eta1.00_Mc0.00_dMc0.00_Tbd6.40_L0.00_dL0.00_C0.00_Nr3.00_rates0_KOPv_KMOLv.dat 
0.0000e+00 4.1376 3.5321 3.60000 0.78297 0.3791 1.3703e+02 1 1.6106e-05 3.5321 6.764000e-01 3.155950e-01 5.411329e-03 -0.1210 
1.1246e+04 4.2091 3.5167 3.33606 0.78453 0.3791 1.8171e+02 1 3.1189e-05 3.5167 6.764000e-01 3.155950e-01 5.411329e-03 -0.1364 
2.4625e+04 4.2212 3.5039 2.91430 0.78596 0.3842 2.1861e+02 1 3.6898e-05 3.5039 6.762089e-01 3.157720e-01 5.424806e-03 -0.1523 
4.0706e+04 4.2299 3.4894 2.49797 0.78767 0.3946 5.4070e+02 0 2.3121e-05 3.4894 6.758234e-01 3.161280e-01 5.450895e-03 -0.1747 
5.9423e+04 4.2368 3.4711 2.04255 0.78967 0.4136 7.7492e+02 0 2.3496e-05 3.4711 6.751419e-01 3.167590e-01 5.495424e-03 -0.1801 
7.9796e+04 4.2411 3.4529 1.57895 0.79205 0.4488 1.1601e+03 0 2.3714e-05 3.4529 6.741170e-01 3.176950e-01 5.573407e-03 -0.1906 
1.0004e+05 4.2464 3.4584 1.12206 0.79503 0.5095 1.5212e+03 0 2.3988e-05 3.4584 6.729313e-01 3.187330e-01 5.708359e-03 -0.1379 
1.1423e+05 4.2581 3.6090 0.80380 0.79764 0.5525 5.4864e+02 0 2.4660e-05 3.6090 6.723207e-01 3.192400e-01 5.804436e-03 999.0000 
 3.8000 9 # agb_3.80_Z0.00800000_Mdot51_eta1.00_Mc0.00_dMc0.00_Tbd6.40_L0.00_dL0.00_C0.00_Nr3.00_rates0_KOPv_KMOLv.dat 
0.0000e+00 4.1619 3.5344 3.80000 0.79643 0.3790 1.3697e+02 1 1.6406e-05 3.5344 6.672000e-01 3.247850e-01 5.408518e-03 -0.1205 
9.8163e+03 4.2372 3.5196 3.56206 0.79791 0.3790 1.8111e+02 1 3.1405e-05 3.5196 6.672000e-01 3.247850e-01 5.408518e-03 -0.1357 
2.1412e+04 4.2485 3.5086 3.17556 0.79923 0.3837 2.1251e+02 1 4.5709e-05 3.5086 6.670332e-01 3.249390e-01 5.420669e-03 -0.1468 
3.5316e+04 4.2560 3.4958 2.76623 0.80076 0.3930 4.9383e+02 0 2.6002e-05 3.4958 6.667033e-01 3.252430e-01 5.443557e-03 -0.1679 
5.1637e+04 4.2620 3.4805 2.33801 0.80250 0.4096 6.6746e+02 0 2.4889e-05 3.4805 6.661181e-01 3.257850e-01 5.481697e-03 -0.1783 
6.9614e+04 4.2661 3.4627 1.88519 0.80443 0.4407 9.5826e+02 0 2.5119e-05 3.4627 6.652059e-01 3.266190e-01 5.549662e-03 -0.1872 
8.8086e+04 4.2697 3.4502 1.44433 0.80677 0.5005 1.3734e+03 0 2.5351e-05 3.4502 6.640223e-01 3.276590e-01 5.680517e-03 -0.1791 
1.0580e+05 4.2750 3.4774 1.01499 0.80984 0.5807 1.4972e+03 0 2.5645e-05 3.4774 6.628758e-01 3.286160e-01 5.856941e-03 -0.0607 
1.1427e+05 4.2793 3.6078 0.81808 0.81149 0.5807 5.7237e+02 0 2.5882e-05 3.6078 6.628758e-01 3.286160e-01 5.856941e-03 999.0000 
 4.0000 10 # agb_4.00_Z0.00800000_Mdot51_eta1.00_Mc0.00_dMc0.00_Tbd6.40_L0.00_dL0.00_C0.00_Nr3.00_rates0_KOPv_KMOLv.dat 
0.0000e+00 4.1874 3.5364 4.00000 0.81123 0.3797 1.3784e+02 1 1.6943e-05 3.5364 6.587000e-01 3.332770e-01 5.405695e-03 -0.1195 
8.4639e+03 4.2653 3.5221 3.78529 0.81261 0.3797 1.8153e+02 1 3.2063e-05 3.5221 6.587000e-01 3.332770e-01 5.405695e-03 -0.1362 
1.8268e+04 4.2769 3.5130 3.46002 0.81379 0.3841 2.0744e+02 1 4.5604e-05 3.5130 6.585563e-01 3.334090e-01 5.416574e-03 -0.1419 
3.0174e+04 4.2835 3.5017 3.05375 0.81517 0.3922 2.4310e+02 1 3.2659e-05 3.5017 6.582811e-01 3.336620e-01 5.436312e-03 -0.1621 
4.4105e+04 4.2897 3.4890 2.65586 0.81669 0.4063 5.8672e+02 0 2.6546e-05 3.4890 6.577945e-01 3.341120e-01 5.468234e-03 -0.1749 
5.9609e+04 4.2934 3.4738 2.23089 0.81826 0.4323 7.9296e+02 0 2.6730e-05 3.4738 6.570225e-01 3.348200e-01 5.524093e-03 -0.1768 
7.6028e+04 4.2950 3.4584 1.80921 0.82002 0.4846 1.1025e+03 0 2.6853e-05 3.4584 6.559546e-01 3.357630e-01 5.636982e-03 -0.1852 
9.2275e+04 4.2985 3.4513 1.39234 0.82226 0.5687 1.4991e+03 0 2.7040e-05 3.4513 6.547196e-01 3.368020e-01 5.819536e-03 -0.1556 
1.0762e+05 4.3034 3.4872 0.99291 0.82526 0.6622 1.4899e+03 0 2.7353e-05 3.4872 6.536472e-01 3.376580e-01 6.023287e-03 -0.0878 
1.1410e+05 4.3034 3.6106 0.83302 0.82655 0.6622 5.7960e+02 0 2.7353e-05 3.6106 6.536472e-01 3.376580e-01 6.023287e-03 999.0000 
 4.2000 11 # agb_4.20_Z0.00800000_Mdot51_eta1.00_Mc0.00_dMc0.00_Tbd6.40_L0.00_dL0.00_C0.00_Nr3.00_rates0_KOPv_KMOLv.dat 
0.0000e+00 4.2125 3.5380 4.20000 0.82628 0.3807 1.3915e+02 1 1.7539e-05 3.5380 6.520000e-01 3.399700e-01 5.403380e-03 -0.1183 
7.2081e+03 4.2931 3.5241 4.00922 0.82755 0.3807 1.8281e+02 1 3.3113e-05 3.5241 6.520000e-01 3.399700e-01 5.403380e-03 -0.1344 
1.5605e+04 4.3034 3.5168 3.72893 0.82863 0.3847 2.0393e+02 1 4.3954e-05 3.5168 6.518769e-01 3.400830e-01 5.413093e-03 -0.1389 
2.5545e+04 4.3123 3.5067 3.34723 0.82982 0.3918 2.3578e+02 1 4.0087e-05 3.5067 6.516482e-01 3.402920e-01 5.430154e-03 -0.1524 
3.7339e+04 4.3173 3.4958 2.97451 0.83114 0.4037 5.3021e+02 0 2.8249e-05 3.4958 6.512487e-01 3.406610e-01 5.456804e-03 -0.1686 
5.0739e+04 4.3200 3.4833 2.57764 0.83250 0.4246 6.7870e+02 0 2.8445e-05 3.4833 6.506145e-01 3.412440e-01 5.501185e-03 -0.1731 
6.5175e+04 4.3205 3.4693 2.16958 0.83389 0.4671 8.9907e+02 0 2.8445e-05 3.4693 6.497089e-01 3.420490e-01 5.591594e-03 -0.1835 
7.9806e+04 4.3210 3.4563 1.77267 0.83547 0.5411 1.2125e+03 0 2.8510e-05 3.4563 6.485714e-01 3.430150e-01 5.750408e-03 -0.1812 
9.3952e+04 4.3245 3.4546 1.38486 0.83755 0.6441 1.5497e+03 0 2.8708e-05 3.4546 6.473491e-01 3.440010e-01 5.972252e-03 -0.1308 
1.0714e+05 4.3292 3.4869 1.01896 0.84032 0.7472 1.5460e+03 0 2.9040e-05 3.4869 6.463356e-01 3.447790e-01 6.195223e-03 0.0462 
1.1351e+05 4.3332 3.6139 0.84818 0.84179 0.7472 5.9156e+02 0 2.9309e-05 3.6139 6.463356e-01 3.447790e-01 6.195223e-03 999.0000 
 4.4000 12 # agb_4.40_Z0.00800000_Mdot51_eta1.00_Mc0.00_dMc0.00_Tbd6.40_L0.00_dL0.00_C0.00_Nr3.00_rates0_KOPv_KMOLv.dat 
0.0000e+00 4.2398 3.5390 4.40000 0.84311 0.3833 1.4180e+02 1 1.8535e-05 3.5390 6.455000e-01 3.464640e-01 5.400314e-03 -0.1180 
6.0807e+03 4.3218 3.5256 4.22796 0.84427 0.3833 1.8546e+02 1 3.4754e-05 3.5256 6.455000e-01 3.464640e-01 5.400314e-03 -0.1327 
1.3067e+04 4.3331 3.5192 3.98394 0.84523 0.3869 2.0452e+02 1 4.4771e-05 3.5192 6.453957e-01 3.465590e-01 5.408974e-03 -0.1373 
2.1291e+04 4.3424 3.5107 3.63662 0.84627 0.3933 2.3194e+02 1 4.7534e-05 3.5107 6.452070e-01 3.467310e-01 5.423773e-03 -0.1492 
3.1048e+04 4.3473 3.5012 3.28619 0.84741 0.4033 2.6420e+02 1 3.2063e-05 3.5012 6.448846e-01 3.470280e-01 5.445940e-03 -0.1627 
4.2239e+04 4.3493 3.4912 2.92601 0.84857 0.4197 6.0245e+02 0 3.0409e-05 3.4912 6.443760e-01 3.474970e-01 5.480474e-03 -0.1723 
5.4482e+04 4.3498 3.4794 2.54605 0.84969 0.4524 7.5925e+02 0 3.0479e-05 3.4794 6.436432e-01 3.481530e-01 5.549047e-03 -0.1726 
6.7128e+04 4.3498 3.4672 2.17414 0.85080 0.5114 9.7607e+02 0 3.0479e-05 3.4672 6.426822e-01 3.489780e-01 5.673793e-03 -0.1788 
7.9828e+04 4.3485 3.4575 1.81360 0.85215 0.6021 1.2494e+03 0 3.0339e-05 3.4575 6.415508e-01 3.499040e-01 5.866395e-03 -0.1711 
9.2013e+04 4.3514 3.4543 1.46502 0.85397 0.7172 1.5681e+03 0 3.0549e-05 3.4543 6.403770e-01 3.508180e-01 6.112000e-03 -0.1262 
1.0348e+05 4.3549 3.4758 1.13366 0.85641 0.8328 1.6433e+03 0 3.0832e-05 3.4758 6.393612e-01 3.515730e-01 6.359430e-03 -0.0372 
1.1279e+05 4.3633 3.6221 0.86446 0.85898 0.8765 5.7819e+02 0 3.1405e-05 3.6221 6.390171e-01 3.518190e-01 6.453110e-03 999.0000 
 4.6000 14 # agb_4.60_Z0.00800000_Mdot51_eta1.00_Mc0.00_dMc0.00_Tbd6.40_L0.00_dL0.00_C0.00_Nr3.00_rates0_KOPv_KMOLv.dat 
0.0000e+00 4.2658 3.5399 4.60000 0.86041 0.3826 1.4439e+02 1 1.9543e-05 3.5399 6.402000e-01 3.517590e-01 5.398475e-03 -0.1185 
5.0715e+03 4.3539 3.5262 4.44291 0.86146 0.3826 1.9095e+02 1 3.7844e-05 3.5262 6.402000e-01 3.517590e-01 5.398475e-03 -0.1318 
1.0842e+04 4.3671 3.5203 4.22468 0.86231 0.3859 2.0953e+02 1 4.8306e-05 3.5203 6.401113e-01 3.518390e-01 5.406314e-03 -0.1374 
1.7686e+04 4.3744 3.5133 3.91425 0.86323 0.3914 2.3233e+02 1 5.3580e-05 3.5133 6.399542e-01 3.519820e-01 5.419528e-03 -0.1481 
2.5691e+04 4.3804 3.5052 3.59890 0.86422 0.3996 2.6017e+02 1 3.7757e-05 3.5052 6.396938e-01 3.522210e-01 5.438417e-03 -0.1554 
3.4934e+04 4.3816 3.4973 3.28291 0.86522 0.4125 5.5277e+02 0 3.2810e-05 3.4973 6.392892e-01 3.525940e-01 5.465468e-03 -0.1691 
4.5088e+04 4.3806 3.4883 2.94433 0.86612 0.4371 6.5932e+02 0 3.2659e-05 3.4883 6.387087e-01 3.531170e-01 5.516668e-03 -0.1663 
5.5873e+04 4.3789 3.4779 2.58387 0.86696 0.4814 8.1096e+02 0 3.2584e-05 3.4779 6.379381e-01 3.537860e-01 5.609296e-03 -0.1755 
6.7021e+04 4.3764 3.4673 2.24032 0.86787 0.5527 1.0073e+03 0 3.2359e-05 3.4673 6.369871e-01 3.545760e-01 5.759348e-03 -0.1778 
7.8005e+04 4.3744 3.4594 1.90762 0.86898 0.6528 1.2441e+03 0 3.2211e-05 3.4594 6.359091e-01 3.554290e-01 5.970866e-03 -0.1652 
8.8518e+04 4.3769 3.4549 1.58729 0.87047 0.7742 1.5371e+03 0 3.2434e-05 3.4549 6.347971e-01 3.562700e-01 6.228422e-03 -0.1259 
9.8478e+04 4.3796 3.4688 1.28135 0.87249 0.8998 1.6558e+03 0 3.2659e-05 3.4688 6.337786e-01 3.570070e-01 6.495603e-03 -0.0390 
1.0771e+05 4.3834 3.5097 0.99511 0.87501 0.9912 1.4546e+03 0 3.2885e-05 3.5097 6.331012e-01 3.574800e-01 6.690615e-03 0.0758 
1.1166e+05 4.3838 3.6230 0.88159 0.87600 0.9912 5.8989e+02 0 3.2961e-05 3.6230 6.331012e-01 3.574800e-01 6.690615e-03 999.0000 
 4.8000 16 # agb_4.80_Z0.00800000_Mdot51_eta1.00_Mc0.00_dMc0.00_Tbd6.40_L0.00_dL0.00_C0.00_Nr3.00_rates0_KOPv_KMOLv.dat 
0.0000e+00 4.2939 3.5405 4.80000 0.87989 0.3834 1.4815e+02 1 2.0941e-05 3.5405 6.352000e-01 3.567550e-01 5.397073e-03 -0.1176 
4.1450e+03 4.3922 3.5256 4.65171 0.88082 0.3828 2.0094e+02 1 4.3652e-05 3.5256 6.351993e-01 3.567550e-01 5.397762e-03 -0.1336 
8.8102e+03 4.4153 3.5189 4.43574 0.88155 0.3795 2.2552e+02 1 5.9429e-05 3.5189 6.351208e-01 3.568220e-01 5.408766e-03 -0.1399 
1.4328e+04 4.4278 3.5121 4.17254 0.88234 0.3637 2.5021e+02 1 5.0933e-05 3.5121 6.349825e-01 3.569370e-01 5.430118e-03 -0.1429 
2.0724e+04 4.4343 3.5058 3.91053 0.88316 0.3360 2.7424e+02 1 3.9355e-05 3.5058 6.347612e-01 3.571270e-01 5.459688e-03 -0.1532 
2.8141e+04 4.4320 3.4999 3.63270 0.88401 0.3109 2.9599e+02 1 3.6813e-05 3.4999 6.344343e-01 3.574170e-01 5.492935e-03 -0.1621 
3.6377e+04 4.4253 3.4935 3.33205 0.88480 0.3111 6.2197e+02 0 3.6224e-05 3.4935 6.339823e-01 3.578210e-01 5.536047e-03 -0.1621 
4.5190e+04 4.4166 3.4863 3.01354 0.88547 0.3414 7.1227e+02 0 3.5481e-05 3.4863 6.333861e-01 3.583440e-01 5.601931e-03 -0.1648 
5.4541e+04 4.4099 3.4780 2.68819 0.88612 0.3931 8.3765e+02 0 3.4995e-05 3.4780 6.326371e-01 3.589780e-01 5.709138e-03 -0.1770 
6.4000e+04 4.4058 3.4693 2.37746 0.88680 0.4692 1.0020e+03 0 3.4674e-05 3.4693 6.317537e-01 3.596920e-01 5.867528e-03 -0.1762 
7.3331e+04 4.4025 3.4610 2.07451 0.88762 0.5700 1.2113e+03 0 3.4356e-05 3.4610 6.307723e-01 3.604510e-01 6.078259e-03 -0.1660 
8.2308e+04 4.4016 3.4568 1.78338 0.88871 0.6904 1.4379e+03 0 3.4356e-05 3.4568 6.297491e-01 3.612080e-01 6.330828e-03 -0.1372 
9.0862e+04 4.4038 3.4572 1.50434 0.89021 0.8195 1.6773e+03 0 3.4514e-05 3.4572 6.287599e-01 3.619120e-01 6.602439e-03 -0.0829 
9.8864e+04 4.4067 3.4762 1.24162 0.89212 0.9390 1.6944e+03 0 3.4754e-05 3.4762 6.279129e-01 3.624940e-01 6.854778e-03 0.0286 
1.0646e+05 4.4098 3.5158 0.98999 0.89447 1.0117 1.4680e+03 0 3.4995e-05 3.5158 6.274276e-01 3.628180e-01 7.008744e-03 0.1163 
1.0938e+05 4.4075 3.6238 0.90099 0.89522 1.0117 6.0575e+02 0 3.4754e-05 3.6238 6.274276e-01 3.628180e-01 7.008744e-03 999.0000 
 5.0000 18 # agb_5.00_Z0.00800000_Mdot51_eta1.00_Mc0.00_dMc0.00_Tbd6.40_L0.00_dL0.00_C0.00_Nr3.00_rates0_KOPv_KMOLv.dat 
0.0000e+00 4.3253 3.5403 5.00000 0.90249 0.3851 1.5386e+02 1 2.3014e-05 3.5403 6.313000e-01 3.607510e-01 5.394384e-03 -0.1194 
3.2609e+03 4.4626 3.5206 4.83540 0.90329 0.3658 2.3250e+02 1 6.3241e-05 3.5206 6.312887e-01 3.607520e-01 5.404607e-03 -0.1345 
6.9574e+03 4.4850 3.5141 4.64439 0.90390 0.3149 2.5934e+02 1 5.6364e-05 3.5141 6.312057e-01 3.608070e-01 5.431748e-03 -0.1382 
1.1244e+04 4.4983 3.5087 4.45002 0.90454 0.2356 2.8251e+02 1 4.5604e-05 3.5087 6.310707e-01 3.609030e-01 5.469769e-03 -0.1480 
1.6183e+04 4.5019 3.5050 4.24033 0.90520 0.1517 2.9936e+02 1 4.3251e-05 3.5050 6.308744e-01 3.610560e-01 5.511166e-03 -0.1528 
2.1860e+04 4.5016 3.5003 4.00199 0.90588 0.0869 3.1898e+02 1 4.3152e-05 3.5003 6.306031e-01 3.612860e-01 5.549049e-03 -0.1505 
2.8176e+04 4.4915 3.4959 3.74158 0.90652 0.0595 6.3600e+02 0 4.2170e-05 3.4959 6.302459e-01 3.616030e-01 5.585769e-03 -0.1510 
3.5139e+04 4.4800 3.4908 3.45812 0.90712 0.0566 6.9641e+02 0 4.1115e-05 3.4908 6.297891e-01 3.620050e-01 5.635166e-03 -0.1586 
4.2499e+04 4.4648 3.4855 3.16200 0.90763 0.0783 7.6524e+02 0 3.9719e-05 3.4855 6.292283e-01 3.624870e-01 5.708374e-03 -0.1712 
5.0120e+04 4.4501 3.4797 2.87516 0.90807 0.1294 8.4931e+02 0 3.8371e-05 3.4797 6.285587e-01 3.630430e-01 5.813740e-03 -0.1694 
5.7942e+04 4.4408 3.4732 2.59588 0.90854 0.2021 9.6705e+02 0 3.7584e-05 3.4732 6.277847e-01 3.636600e-01 5.961027e-03 -0.1736 
6.5691e+04 4.4345 3.4662 2.32376 0.90908 0.2952 1.1205e+03 0 3.6983e-05 3.4662 6.269332e-01 3.643110e-01 6.150650e-03 -0.1697 
7.3239e+04 4.4307 3.4593 2.06056 0.90979 0.4061 1.3172e+03 0 3.6728e-05 3.4593 6.260339e-01 3.649720e-01 6.377451e-03 -0.1571 
8.0522e+04 4.4321 3.4551 1.80565 0.91077 0.5295 1.5451e+03 0 3.6813e-05 3.4551 6.251231e-01 3.656170e-01 6.630663e-03 -0.1214 
8.7428e+04 4.4339 3.4571 1.56288 0.91205 0.6577 1.7353e+03 0 3.6983e-05 3.4571 6.242444e-01 3.662190e-01 6.894517e-03 -0.0650 
9.3946e+04 4.4361 3.4664 1.33254 0.91365 0.7776 1.8519e+03 0 3.7154e-05 3.4664 6.234685e-01 3.667350e-01 7.142109e-03 0.0284 
1.0010e+05 4.4389 3.4934 1.11374 0.91557 0.8676 1.7210e+03 0 3.7411e-05 3.4934 6.229116e-01 3.670960e-01 7.328639e-03 0.1224 
1.0543e+05 4.4441 3.6232 0.92394 0.91753 0.8676 6.4596e+02 0 3.7844e-05 3.6232 6.229116e-01 3.670960e-01 7.328639e-03 999.0000 
 5.2000 22 # agb_5.20_Z0.00800000_Mdot51_eta1.00_Mc0.00_dMc0.00_Tbd6.40_L0.00_dL0.00_C0.00_Nr3.00_rates0_KOPv_KMOLv.dat 
0.0000e+00 4.3578 3.5400 5.20000 0.92656 0.3848 1.6047e+02 1 2.5645e-05 3.5400 6.280000e-01 3.640480e-01 5.393559e-03 -0.1176 
2.5561e+03 4.5256 3.5163 5.05607 0.92723 0.3398 2.6325e+02 1 6.2661e-05 3.5163 6.279774e-01 3.640500e-01 5.413577e-03 -0.1393 
5.3847e+03 4.5466 3.5112 4.91502 0.92771 0.2624 2.8811e+02 1 5.1404e-05 3.5112 6.278969e-01 3.640970e-01 5.447129e-03 -0.1421 
8.6468e+03 4.5586 3.5078 4.76053 0.92822 0.1703 3.0676e+02 1 4.9204e-05 3.5078 6.277782e-01 3.641750e-01 5.486245e-03 -0.1445 
1.2384e+04 4.5640 3.5040 4.58335 0.92873 0.0937 3.2482e+02 1 4.9888e-05 3.5040 6.276159e-01 3.643000e-01 5.521908e-03 -0.1435 
1.6595e+04 4.5625 3.5004 4.38506 0.92924 0.0552 3.4010e+02 1 4.9659e-05 3.5004 6.274024e-01 3.644860e-01 5.547076e-03 -0.1432 
2.1382e+04 4.5565 3.4968 4.16133 0.92976 0.0439 3.5487e+02 1 4.8978e-05 3.4968 6.271248e-01 3.647400e-01 5.567943e-03 -0.1483 
2.6560e+04 4.5487 3.4929 3.92167 0.93022 0.0433 7.1146e+02 0 4.8195e-05 3.4929 6.267764e-01 3.650560e-01 5.596338e-03 -0.1535 
3.2214e+04 4.5360 3.4890 3.66261 0.93065 0.0465 7.6170e+02 0 4.6774e-05 3.4890 6.263512e-01 3.654320e-01 5.640856e-03 -0.1596 
3.8136e+04 4.5209 3.4848 3.39457 0.93100 0.0549 8.1904e+02 0 4.5186e-05 3.4848 6.258512e-01 3.658590e-01 5.708587e-03 -0.1589 
4.4340e+04 4.5032 3.4806 3.13240 0.93135 0.0783 8.7848e+02 0 4.3351e-05 3.4806 6.252787e-01 3.663290e-01 5.804349e-03 -0.1617 
5.0594e+04 4.4852 3.4766 2.88447 0.93165 0.1352 9.4205e+02 0 4.1591e-05 3.4766 6.246418e-01 3.668350e-01 5.927255e-03 -0.1684 
5.6889e+04 4.4718 3.4718 2.64300 0.93198 0.2141 1.0325e+03 0 4.0365e-05 3.4718 6.239386e-01 3.673750e-01 6.082287e-03 -0.1668 
6.3141e+04 4.4641 3.4664 2.40654 0.93238 0.3089 1.1580e+03 0 3.9628e-05 3.4664 6.231859e-01 3.679310e-01 6.269083e-03 -0.1633 
6.9232e+04 4.4599 3.4610 2.17809 0.93291 0.4168 1.3170e+03 0 3.9264e-05 3.4610 6.224035e-01 3.684890e-01 6.482643e-03 -0.1510 
7.5154e+04 4.4592 3.4572 1.95608 0.93365 0.5347 1.4985e+03 0 3.9174e-05 3.4572 6.216102e-01 3.690370e-01 6.716480e-03 -0.1233 
8.0810e+04 4.4604 3.4569 1.74343 0.93459 0.6577 1.6713e+03 0 3.9264e-05 3.4569 6.208295e-01 3.695610e-01 6.961389e-03 -0.0835 
8.6193e+04 4.4620 3.4600 1.54034 0.93576 0.7792 1.8244e+03 0 3.9446e-05 3.4600 6.200939e-01 3.700420e-01 7.204100e-03 -0.0299 
9.1314e+04 4.4639 3.4728 1.34624 0.93717 0.8899 1.8439e+03 0 3.9628e-05 3.4728 6.194490e-01 3.704540e-01 7.425914e-03 0.0387 
9.6215e+04 4.4660 3.4945 1.15956 0.93882 0.9745 1.7463e+03 0 3.9811e-05 3.4945 6.189714e-01 3.707540e-01 7.595974e-03 0.1021 
1.0095e+05 4.4683 3.5558 0.97822 0.94069 0.9889 1.1832e+03 0 3.9994e-05 3.5558 6.188924e-01 3.708020e-01 7.624917e-03 0.3187 
1.0192e+05 4.4406 3.6305 0.94610 0.94085 0.9889 5.8804e+02 0 3.7497e-05 3.6305 6.188924e-01 3.708020e-01 7.624917e-03 999.0000 
 5.4000 26 # agb_5.40_Z0.00800000_Mdot51_eta1.00_Mc0.00_dMc0.00_Tbd6.40_L0.00_dL0.00_C0.00_Nr3.00_rates0_KOPv_KMOLv.dat 
0.0000e+00 4.4163 3.5362 5.40000 0.95445 0.3846 1.8003e+02 1 3.3963e-05 3.5362 6.247000e-01 3.672450e-01 5.393367e-03 -0.1222 
1.9198e+03 4.5928 3.5119 5.29936 0.95500 0.3210 3.0002e+02 1 5.4075e-05 3.5119 6.246694e-01 3.672490e-01 5.419313e-03 -0.1382 
4.0182e+03 4.6118 3.5077 5.18900 0.95538 0.2364 3.2377e+02 1 5.5719e-05 3.5077 6.245959e-01 3.672880e-01 5.453681e-03 -0.1403 
6.4093e+03 4.6207 3.5055 5.06186 0.95576 0.1513 3.3892e+02 1 5.6885e-05 3.5055 6.244964e-01 3.673510e-01 5.488859e-03 -0.1387 
9.0830e+03 4.6257 3.5023 4.91848 0.95613 0.0892 3.5524e+02 1 5.7544e-05 3.5023 6.243679e-01 3.674500e-01 5.518002e-03 -0.1379 
1.2123e+04 4.6231 3.4999 4.75589 0.95651 0.0575 3.6608e+02 1 5.7148e-05 3.4999 6.242031e-01 3.675920e-01 5.538398e-03 -0.1429 
1.5523e+04 4.6185 3.4972 4.57487 0.95689 0.0468 3.7757e+02 1 5.6494e-05 3.4972 6.239954e-01 3.677830e-01 5.552905e-03 -0.1483 
1.9235e+04 4.6134 3.4943 4.37834 0.95724 0.0453 7.3557e+02 0 5.5847e-05 3.4943 6.237401e-01 3.680190e-01 5.569552e-03 -0.1506 
2.3267e+04 4.6061 3.4912 4.16599 0.95756 0.0467 7.7739e+02 0 5.4954e-05 3.4912 6.234327e-01 3.682990e-01 5.593579e-03 -0.1489 
2.7582e+04 4.5958 3.4881 3.94051 0.95786 0.0495 8.2149e+02 0 5.3703e-05 3.4881 6.230717e-01 3.686210e-01 5.629233e-03 -0.1505 
3.2133e+04 4.5822 3.4848 3.70561 0.95812 0.0538 8.6720e+02 0 5.2000e-05 3.4848 6.226581e-01 3.689780e-01 5.680827e-03 -0.1495 
3.6817e+04 4.5664 3.4818 3.47783 0.95833 0.0615 9.1110e+02 0 5.0119e-05 3.4818 6.221951e-01 3.693640e-01 5.752549e-03 -0.1536 
4.1657e+04 4.5502 3.4787 3.25461 0.95855 0.0766 9.5866e+02 0 4.8306e-05 3.4787 6.216864e-01 3.697720e-01 5.847224e-03 -0.1603 
4.6568e+04 4.5319 3.4758 3.03868 0.95876 0.1111 1.0042e+03 0 4.6345e-05 3.4758 6.211393e-01 3.701950e-01 5.964533e-03 -0.1619 
5.1486e+04 4.5141 3.4728 2.82989 0.95899 0.1782 1.0571e+03 0 4.4463e-05 3.4728 6.205598e-01 3.706310e-01 6.100610e-03 -0.1614 
5.6348e+04 4.5008 3.4693 2.62888 0.95924 0.2620 1.1312e+03 0 4.3152e-05 3.4693 6.199430e-01 3.710820e-01 6.259169e-03 -0.1615 
6.1157e+04 4.4935 3.4655 2.43279 0.95956 0.3564 1.2355e+03 0 4.2364e-05 3.4655 6.193012e-01 3.715360e-01 6.438176e-03 -0.1568 
6.5891e+04 4.4892 3.4618 2.24125 0.96000 0.4593 1.3610e+03 0 4.1976e-05 3.4618 6.186453e-01 3.719870e-01 6.633929e-03 -0.1454 
7.0466e+04 4.4892 3.4589 2.05617 0.96057 0.5687 1.5090e+03 0 4.1976e-05 3.4589 6.179842e-01 3.724290e-01 6.842652e-03 -0.1173 
7.4828e+04 4.4904 3.4585 1.87937 0.96126 0.6823 1.6472e+03 0 4.2073e-05 3.4585 6.173273e-01 3.728580e-01 7.060093e-03 -0.0842 
7.9060e+04 4.4915 3.4594 1.70737 0.96212 0.7964 1.7858e+03 0 4.2170e-05 3.4594 6.166912e-01 3.732650e-01 7.279213e-03 -0.0430 
8.3117e+04 4.4928 3.4684 1.54194 0.96314 0.9065 1.8111e+03 0 4.2364e-05 3.4684 6.160963e-01 3.736380e-01 7.491123e-03 -2.7333 
8.7016e+04 4.4942 3.4756 1.38245 0.96433 1.0065 1.8792e+03 0 4.2462e-05 3.4756 6.155690e-01 3.739630e-01 7.684426e-03 0.0268 
9.0779e+04 4.4959 3.4764 1.22789 0.96567 1.0872 2.0840e+03 0 4.2658e-05 3.4764 6.151530e-01 3.742150e-01 7.840742e-03 0.1684 
9.4436e+04 4.4977 3.5113 1.07706 0.96718 1.1261 1.7233e+03 0 4.2855e-05 3.5113 6.149566e-01 3.743320e-01 7.916139e-03 0.3246 
9.6979e+04 4.5011 3.6352 0.97349 0.96821 1.1261 6.2883e+02 0 4.3152e-05 3.6352 6.149566e-01 3.743320e-01 7.916139e-03 999.0000 
 5.6000 31 # agb_5.60_Z0.00800000_Mdot51_eta1.00_Mc0.00_dMc0.00_Tbd6.40_L0.00_dL0.00_C0.00_Nr3.00_rates0_KOPv_KMOLv.dat 
0.0000e+00 4.5453 3.5238 5.60000 0.98075 0.2518 2.4512e+02 1 7.6560e-05 3.5238 6.218000e-01 3.701210e-01 5.442820e-03 -0.1261 
1.4637e+03 4.6521 3.5087 5.51589 0.98120 0.1861 3.3547e+02 1 6.1094e-05 3.5087 6.217712e-01 3.701300e-01 5.462590e-03 -0.1335 
3.0462e+03 4.6621 3.5059 5.42360 0.98150 0.1307 3.5184e+02 1 6.2517e-05 3.5059 6.217114e-01 3.701670e-01 5.483902e-03 -0.1310 
4.8180e+03 4.6679 3.5034 5.31919 0.98179 0.0896 3.6561e+02 1 6.3387e-05 3.5034 6.216328e-01 3.702260e-01 5.503236e-03 -0.1395 
6.7951e+03 4.6697 3.5013 5.20229 0.98207 0.0650 3.7675e+02 1 6.3680e-05 3.5013 6.215318e-01 3.703100e-01 5.519228e-03 -0.1424 
9.0271e+03 4.6699 3.4992 5.06983 0.98236 0.0530 3.8800e+02 1 6.3680e-05 3.4992 6.214036e-01 3.704240e-01 5.532084e-03 -0.1451 
1.1482e+04 4.6690 3.4997 4.92408 0.98263 0.0485 3.9179e+02 1 6.3533e-05 3.4997 6.212454e-01 3.705700e-01 5.542906e-03 -0.1450 
1.4170e+04 4.6696 3.4969 4.76351 0.98289 0.0478 4.0699e+02 1 6.3533e-05 3.4969 6.210529e-01 3.707490e-01 5.553826e-03 -0.1427 
1.7102e+04 4.6650 3.4945 4.58875 0.98315 0.0491 7.8934e+02 0 6.2951e-05 3.4945 6.208247e-01 3.709600e-01 5.568243e-03 -0.1431 
2.0223e+04 4.6582 3.4921 4.40366 0.98337 0.0512 8.2445e+02 0 6.1944e-05 3.4921 6.205602e-01 3.712010e-01 5.588439e-03 -0.1425 
2.3572e+04 4.6482 3.4897 4.20694 0.98359 0.0540 8.5856e+02 0 6.0534e-05 3.4897 6.202577e-01 3.714720e-01 5.616587e-03 -0.1437 
2.7052e+04 4.6370 3.4872 4.00510 0.98378 0.0575 8.9467e+02 0 5.9020e-05 3.4872 6.199195e-01 3.717680e-01 5.655124e-03 -0.1450 
3.0670e+04 4.6237 3.4849 3.80394 0.98394 0.0622 9.2907e+02 0 5.7280e-05 3.4849 6.195461e-01 3.720860e-01 5.706658e-03 -0.1480 
3.4387e+04 4.6098 3.4825 3.60660 0.98409 0.0689 9.6525e+02 0 5.5463e-05 3.4825 6.191398e-01 3.724200e-01 5.773534e-03 -0.1536 
3.8177e+04 4.5950 3.4802 3.41384 0.98422 0.0792 1.0013e+03 0 5.3580e-05 3.4802 6.187035e-01 3.727670e-01 5.857693e-03 -0.1523 
4.2016e+04 4.5783 3.4781 3.22578 0.98437 0.0971 1.0346e+03 0 5.1523e-05 3.4781 6.182414e-01 3.731220e-01 5.959964e-03 -0.1537 
4.5872e+04 4.5621 3.4759 3.04297 0.98452 0.1309 1.0727e+03 0 4.9659e-05 3.4759 6.177581e-01 3.734800e-01 6.078986e-03 -0.1506 
4.9720e+04 4.5456 3.4736 2.86639 0.98469 0.1926 1.1136e+03 0 4.7863e-05 3.4736 6.172575e-01 3.738420e-01 6.211134e-03 -0.1538 
5.3570e+04 4.5309 3.4701 2.69472 0.98490 0.2731 1.1749e+03 0 4.6238e-05 3.4701 6.167360e-01 3.742100e-01 6.357230e-03 -0.1544 
5.7345e+04 4.5226 3.4673 2.52917 0.98514 0.3615 1.2522e+03 0 4.5290e-05 3.4673 6.161970e-01 3.745810e-01 6.517954e-03 -0.1478 
6.1037e+04 4.5185 3.4644 2.36861 0.98545 0.4561 1.3512e+03 0 4.4875e-05 3.4644 6.156489e-01 3.749490e-01 6.690370e-03 -0.1406 
6.4673e+04 4.5162 3.4616 2.21114 0.98585 0.5560 1.4666e+03 0 4.4668e-05 3.4616 6.150943e-01 3.753120e-01 6.872932e-03 -0.1210 
6.8199e+04 4.5168 3.4598 2.05825 0.98635 0.6598 1.5916e+03 0 4.4771e-05 3.4598 6.145387e-01 3.756690e-01 7.063124e-03 -0.0957 
7.1613e+04 4.5176 3.4612 1.90995 0.98695 0.7660 1.6843e+03 0 4.4771e-05 3.4612 6.139874e-01 3.760160e-01 7.258350e-03 -0.0630 
7.4912e+04 4.5184 3.4620 1.76640 0.98765 0.8722 1.7966e+03 0 4.4875e-05 3.4620 6.134502e-01 3.763480e-01 7.454273e-03 -0.0276 
7.8097e+04 4.5194 3.4748 1.62749 0.98846 0.9758 1.7288e+03 0 4.4978e-05 3.4748 6.129378e-01 3.766590e-01 7.645956e-03 -0.0229 
8.1176e+04 4.5205 3.4575 1.49287 0.98939 1.0737 2.1869e+03 0 4.5082e-05 3.4575 6.124633e-01 3.769440e-01 7.827479e-03 0.0659 
8.4160e+04 4.5217 3.4673 1.36199 0.99043 1.1614 2.1814e+03 0 4.5290e-05 3.4673 6.120451e-01 3.771910e-01 7.990714e-03 0.1437 
8.7066e+04 4.5230 3.4753 1.23419 0.99158 1.2316 2.2266e+03 0 4.5394e-05 3.4753 6.117156e-01 3.773830e-01 8.121593e-03 0.2761 
8.9908e+04 4.5245 3.5072 1.10874 0.99284 1.2665 1.8493e+03 0 4.5499e-05 3.5072 6.115541e-01 3.774760e-01 8.186795e-03 0.3982 
9.2396e+04 4.5276 3.6392 0.99900 0.99398 1.2665 6.2908e+02 0 4.5814e-05 3.6392 6.115541e-01 3.774760e-01 8.186795e-03 999.0000 
