# age(yr) logL logTe m_act mcore c/o period ip Mdot(Msun/yr) logTe X Y CNO dlogTe/dlogL 
 0.5150 4 # agb_0.515_Z0.00020000_Mdot2_eta0.40_Mc0.00_dMc0.00_Tbd6.40_L0.00_dL0.00_C0.00_Nr3.00_rates0_KOPv_KMOLv.dat 
0.0000e+00 2.7514 3.6823 0.51500 0.50076 0.5464 9.7220e+00 1 3.2137e-09 3.6823 7.541000e-01 2.456990e-01 1.292366e-04 -0.0521 
2.8977e+05 2.8961 3.6767 0.51272 0.50181 0.5464 1.3236e+01 1 1.3552e-08 3.6767 7.541000e-01 2.456990e-01 1.292366e-04 -0.0529 
6.5059e+05 2.9125 3.6815 0.50930 0.50335 0.5464 1.3214e+01 1 1.5849e-08 3.6815 7.541000e-01 2.456990e-01 1.292366e-04 -0.0515 
9.5818e+05 2.9154 3.6895 0.50692 0.50447 0.5464 1.2558e+01 1 1.5959e-08 3.6895 7.541000e-01 2.456990e-01 1.292366e-04 999.0000 
 0.5200 3 # agb_0.520_Z0.00020000_Mdot2_eta0.40_Mc0.00_dMc0.00_Tbd6.40_L0.00_dL0.00_C0.00_Nr3.00_rates0_KOPv_KMOLv.dat 
0.0000e+00 2.8797 3.6734 0.52000 0.50253 0.5464 1.3058e+01 1 1.1220e-08 3.6734 7.541000e-01 2.457030e-01 1.292366e-04 -0.0560 
2.8394e+05 3.0065 3.6717 0.51388 0.50395 0.5464 1.6781e+01 1 3.9994e-08 3.6717 7.541000e-01 2.457030e-01 1.292366e-04 -0.0549 
5.2487e+05 3.0246 3.6773 0.51008 0.50491 0.5464 1.6714e+01 1 4.7534e-08 3.6773 7.541000e-01 2.457030e-01 1.292366e-04 999.0000 
 0.5300 3 # agb_0.530_Z0.00020000_Mdot2_eta0.40_Mc0.00_dMc0.00_Tbd6.40_L0.00_dL0.00_C0.00_Nr3.00_rates0_KOPv_KMOLv.dat 
0.0000e+00 2.9208 3.6670 0.53000 0.50247 0.5418 1.4618e+01 1 1.6218e-08 3.6670 7.540000e-01 2.457670e-01 1.293228e-04 -0.0593 
2.9275e+05 2.9985 3.6658 0.52287 0.50402 0.5418 1.7121e+01 1 3.6058e-08 3.6658 7.540000e-01 2.457670e-01 1.293228e-04 -0.0585 
6.4625e+05 3.0613 3.6759 0.51130 0.50622 0.5418 1.8037e+01 1 6.7764e-08 3.6759 7.540000e-01 2.457670e-01 1.293228e-04 999.0000 
 0.5400 6 # agb_0.540_Z0.00020000_Mdot2_eta0.40_Mc0.00_dMc0.00_Tbd6.40_L0.00_dL0.00_C0.00_Nr3.00_rates0_KOPv_KMOLv.dat 
0.0000e+00 2.8347 3.6695 0.54000 0.50148 0.5314 1.2136e+01 1 6.5766e-09 3.6695 7.540000e-01 2.458280e-01 1.294480e-04 -0.0592 
2.9054e+05 2.9542 3.6630 0.53618 0.50278 0.5314 1.5896e+01 1 2.2029e-08 3.6630 7.540000e-01 2.458280e-01 1.294480e-04 -0.0592 
5.6155e+05 2.9918 3.6620 0.53294 0.50387 0.5314 1.7219e+01 1 3.2434e-08 3.6620 7.540000e-01 2.458280e-01 1.294480e-04 -0.0598 
6.5461e+05 2.9908 3.6637 0.52975 0.50474 0.5314 1.7028e+01 1 3.2434e-08 3.6637 7.540000e-01 2.458280e-01 1.294480e-04 -0.0598 
1.0979e+06 3.0105 3.6718 0.51765 0.50775 0.5314 1.6824e+01 1 4.0644e-08 3.6718 7.540000e-01 2.458280e-01 1.294480e-04 -0.0597 
1.3161e+06 2.9980 3.6792 0.51348 0.50847 0.5314 1.5648e+01 1 3.5727e-08 3.6792 7.540000e-01 2.458280e-01 1.294480e-04 999.0000 
 0.5500 5 # agb_0.550_Z0.00020000_Mdot2_eta0.40_Mc0.00_dMc0.00_Tbd6.40_L0.00_dL0.00_C0.00_Nr3.00_rates0_KOPv_KMOLv.dat 
0.0000e+00 2.9175 3.6628 0.55000 0.50263 0.4375 1.4697e+01 1 1.4289e-08 3.6628 7.536000e-01 2.462570e-01 1.304231e-04 -0.0620 
2.9032e+05 3.0464 3.6565 0.54025 0.50431 0.4375 1.9667e+01 1 5.4075e-08 3.6565 7.536000e-01 2.462570e-01 1.304231e-04 -0.0620 
5.2617e+05 3.0831 3.6560 0.53482 0.50536 0.4375 2.1219e+01 1 7.9799e-08 3.6560 7.536000e-01 2.462570e-01 1.304231e-04 -0.0626 
6.7245e+05 3.0811 3.6643 0.52057 0.50713 0.4375 2.0169e+01 1 8.1846e-08 3.6643 7.536000e-01 2.462570e-01 1.304231e-04 -0.0626 
9.0851e+05 3.0958 3.6733 0.51374 0.50821 0.4375 1.9537e+01 1 9.4406e-08 3.6733 7.536000e-01 2.462570e-01 1.304231e-04 999.0000 
 0.5600 6 # agb_0.560_Z0.00020000_Mdot2_eta0.40_Mc0.00_dMc0.00_Tbd6.40_L0.00_dL0.00_C0.00_Nr3.00_rates0_KOPv_KMOLv.dat 
0.0000e+00 2.8253 3.6673 0.56000 0.50205 0.4509 1.1908e+01 1 5.4325e-09 3.6673 7.537000e-01 2.461130e-01 1.302856e-04 -0.0601 
2.8643e+05 2.9397 3.6605 0.55715 0.50327 0.4509 1.5467e+01 1 1.7179e-08 3.6605 7.537000e-01 2.461130e-01 1.302856e-04 -0.0609 
6.4695e+05 2.9670 3.6597 0.55250 0.50510 0.4509 1.6419e+01 1 2.3067e-08 3.6597 7.537000e-01 2.461130e-01 1.302856e-04 -0.0607 
1.0715e+06 2.9964 3.6600 0.54456 0.50772 0.4509 1.7420e+01 1 3.1989e-08 3.6600 7.537000e-01 2.461130e-01 1.302856e-04 -0.0612 
1.5414e+06 3.0177 3.6651 0.53022 0.51127 0.4509 1.7685e+01 1 4.1687e-08 3.6651 7.537000e-01 2.461130e-01 1.302856e-04 -0.0605 
1.8432e+06 3.0630 3.6753 0.51863 0.51304 0.4509 1.8041e+01 1 6.6069e-08 3.6753 7.537000e-01 2.461130e-01 1.302856e-04 999.0000 
 0.5700 7 # agb_0.570_Z0.00020000_Mdot2_eta0.40_Mc0.00_dMc0.00_Tbd6.40_L0.00_dL0.00_C0.00_Nr3.00_rates0_KOPv_KMOLv.dat 
0.0000e+00 2.8534 3.6648 0.57000 0.50273 0.4136 1.2651e+01 1 6.8077e-09 3.6648 7.533000e-01 2.464550e-01 1.306680e-04 -0.0617 
2.9169e+05 2.9140 3.6613 0.56732 0.50398 0.4136 1.4530e+01 1 1.2618e-08 3.6613 7.533000e-01 2.464550e-01 1.306680e-04 -0.0613 
6.4811e+05 2.9519 3.6596 0.56305 0.50579 0.4136 1.5838e+01 1 1.8793e-08 3.6596 7.533000e-01 2.464550e-01 1.306680e-04 -0.0626 
1.0664e+06 2.9873 3.6587 0.55574 0.50837 0.4136 1.7121e+01 1 2.7669e-08 3.6587 7.533000e-01 2.464550e-01 1.306680e-04 -0.0621 
1.5232e+06 3.0184 3.6605 0.54296 0.51175 0.4136 1.8101e+01 1 3.9811e-08 3.6605 7.533000e-01 2.464550e-01 1.306680e-04 -0.0626 
1.9806e+06 3.0536 3.6755 0.52160 0.51568 0.4136 1.7655e+01 1 5.9156e-08 3.6755 7.533000e-01 2.464550e-01 1.306680e-04 -0.0570 
1.9866e+06 3.0536 3.6762 0.52127 0.51576 0.4136 1.7564e+01 1 5.9156e-08 3.6762 7.533000e-01 2.464550e-01 1.306680e-04 999.0000 
 0.5800 5 # agb_0.580_Z0.00020000_Mdot2_eta0.40_Mc0.00_dMc0.00_Tbd6.40_L0.00_dL0.00_C0.00_Nr3.00_rates0_KOPv_KMOLv.dat 
0.0000e+00 2.9169 3.6600 0.58000 0.50420 0.3900 1.4590e+01 1 1.2218e-08 3.6600 7.529000e-01 2.469240e-01 1.309046e-04 -0.0642 
2.8394e+05 3.0232 3.6535 0.57367 0.50575 0.3900 1.8693e+01 1 3.6392e-08 3.6535 7.529000e-01 2.469240e-01 1.309046e-04 -0.0645 
6.5534e+05 3.0520 3.6533 0.56159 0.50830 0.3900 1.9950e+01 1 5.1404e-08 3.6533 7.529000e-01 2.469240e-01 1.309046e-04 -0.0643 
1.0861e+06 3.0952 3.6569 0.53873 0.51196 0.3900 2.1465e+01 1 8.7297e-08 3.6569 7.529000e-01 2.469240e-01 1.309046e-04 -0.0640 
1.3991e+06 3.1417 3.6728 0.51933 0.51431 0.3900 2.1207e+01 1 1.4256e-07 3.6728 7.529000e-01 2.469240e-01 1.309046e-04 999.0000 
 0.5900 6 # agb_0.590_Z0.00020000_Mdot2_eta0.40_Mc0.00_dMc0.00_Tbd6.40_L0.00_dL0.00_C0.00_Nr3.00_rates0_KOPv_KMOLv.dat 
0.0000e+00 2.8578 3.6633 0.59000 0.50389 0.4053 1.2671e+01 1 6.4417e-09 3.6633 7.532000e-01 2.466670e-01 1.307427e-04 -0.0625 
2.7817e+05 3.0039 3.6538 0.58582 0.50527 0.4053 1.7808e+01 1 2.8249e-08 3.6538 7.532000e-01 2.466670e-01 1.307427e-04 -0.0637 
6.5301e+05 3.0159 3.6540 0.57753 0.50762 0.4053 1.8314e+01 1 3.3113e-08 3.6540 7.532000e-01 2.466670e-01 1.307427e-04 -0.0650 
1.0836e+06 3.0524 3.6539 0.56242 0.51096 0.4053 1.9860e+01 1 5.1168e-08 3.6539 7.532000e-01 2.466670e-01 1.307427e-04 -0.0644 
1.5348e+06 3.0958 3.6603 0.53508 0.51517 0.4053 2.1049e+01 1 8.8308e-08 3.6603 7.532000e-01 2.466670e-01 1.307427e-04 -0.0641 
1.7568e+06 3.1051 3.6739 0.52167 0.51633 0.4053 1.9622e+01 1 9.8175e-08 3.6739 7.532000e-01 2.466670e-01 1.307427e-04 999.0000 
 0.6000 5 # agb_0.600_Z0.00020000_Mdot2_eta0.40_Mc0.00_dMc0.00_Tbd6.40_L0.00_dL0.00_C0.00_Nr3.00_rates0_KOPv_KMOLv.dat 
0.0000e+00 3.0093 3.6528 0.60000 0.50617 0.3691 1.7897e+01 1 2.7733e-08 3.6528 7.520000e-01 2.477940e-01 1.311407e-04 -0.0673 
2.8047e+05 3.0858 3.6482 0.58864 0.50802 0.3691 2.1502e+01 1 6.2951e-08 3.6482 7.520000e-01 2.477940e-01 1.311407e-04 -0.0673 
5.4297e+05 3.1424 3.6451 0.57847 0.50964 0.3691 2.4607e+01 1 1.1668e-07 3.6451 7.520000e-01 2.477940e-01 1.311407e-04 -0.0664 
6.5507e+05 3.1212 3.6487 0.56418 0.51121 0.3691 2.3358e+01 1 1.0093e-07 3.6487 7.520000e-01 2.477940e-01 1.311407e-04 -0.0664 
1.0567e+06 3.1912 3.6698 0.52062 0.51530 0.3691 2.3700e+01 1 2.3121e-07 3.6698 7.520000e-01 2.477940e-01 1.311407e-04 999.0000 
 0.6200 4 # agb_0.62_Z0.00020000_Mdot2_eta0.40_Mc0.00_dMc0.00_Tbd6.40_L0.00_dL0.00_C0.00_Nr3.00_rates0_KOPv_KMOLv.dat 
0.0000e+00 3.0271 3.6513 0.62000 0.50808 0.3740 1.8383e+01 1 2.9992e-08 3.6513 7.517000e-01 2.481160e-01 1.311068e-04 -0.0684 
2.7495e+05 3.1150 3.6454 0.60637 0.51005 0.3740 2.2800e+01 1 7.7268e-08 3.6454 7.517000e-01 2.481160e-01 1.311068e-04 -0.0677 
6.4242e+05 3.1589 3.6450 0.57629 0.51344 0.3740 2.5441e+01 1 1.3868e-07 3.6450 7.517000e-01 2.481160e-01 1.311068e-04 -0.0686 
1.0253e+06 3.2243 3.6688 0.52275 0.51763 0.3740 2.5311e+01 1 3.1623e-07 3.6688 7.517000e-01 2.481160e-01 1.311068e-04 999.0000 
 0.6500 4 # agb_0.65_Z0.00020000_Mdot2_eta0.40_Mc0.00_dMc0.00_Tbd6.40_L0.00_dL0.00_C0.00_Nr3.00_rates0_KOPv_KMOLv.dat 
0.0000e+00 3.0876 3.6469 0.65000 0.51184 0.3871 2.0710e+01 1 4.7424e-08 3.6469 7.513000e-01 2.484710e-01 1.309373e-04 -0.0705 
2.6157e+05 3.1615 3.6417 0.63345 0.51393 0.3871 2.4942e+01 1 1.0765e-07 3.6417 7.513000e-01 2.484710e-01 1.309373e-04 -0.0695 
6.2282e+05 3.1940 3.6415 0.59504 0.51768 0.3871 2.7370e+01 1 1.7906e-07 3.6415 7.513000e-01 2.484710e-01 1.309373e-04 -0.0706 
9.8542e+05 3.2595 3.6678 0.52715 0.52208 0.3871 2.7074e+01 1 4.3451e-07 3.6678 7.513000e-01 2.484710e-01 1.309373e-04 999.0000 
 0.6600 3 # agb_0.66_Z0.00020000_Mdot2_eta0.40_Mc0.00_dMc0.00_Tbd6.40_L0.00_dL0.00_C0.00_Nr3.00_rates0_KOPv_KMOLv.dat 
0.0000e+00 3.1446 3.6427 0.66000 0.51389 0.3917 2.3513e+01 1 7.9983e-08 3.6427 7.509000e-01 2.489840e-01 1.308614e-04 -0.0718 
2.6034e+05 3.2707 3.6349 0.60176 0.51671 0.3917 3.2868e+01 1 3.7411e-07 3.6349 7.509000e-01 2.489840e-01 1.308614e-04 -0.0723 
5.2241e+05 3.3388 3.6633 0.52494 0.51964 0.3917 3.2423e+01 1 9.6828e-07 3.6633 7.509000e-01 2.489840e-01 1.308614e-04 999.0000 
 0.6800 6 # agb_0.68_Z0.00020000_Mdot2_eta0.40_Mc0.00_dMc0.00_Tbd6.40_L0.00_dL0.00_C0.00_Nr3.00_rates0_KOPv_KMOLv.dat 
0.0000e+00 3.0503 3.6498 0.68000 0.51363 0.4041 1.8503e+01 1 2.8379e-08 3.6498 7.516000e-01 2.481420e-01 1.308092e-04 -0.0693 
2.5210e+05 3.1131 3.6453 0.67231 0.51537 0.4041 2.1576e+01 1 5.5081e-08 3.6453 7.516000e-01 2.481420e-01 1.308092e-04 -0.0681 
6.0020e+05 3.1329 3.6440 0.65597 0.51845 0.4041 2.2862e+01 1 7.2444e-08 3.6440 7.516000e-01 2.481420e-01 1.308092e-04 -0.0693 
1.0023e+06 3.1726 3.6425 0.62233 0.52298 0.4041 2.5551e+01 1 1.2618e-07 3.6425 7.516000e-01 2.481420e-01 1.308092e-04 -0.0692 
1.4071e+06 3.2190 3.6511 0.55365 0.52844 0.4041 2.7716e+01 1 2.7227e-07 3.6511 7.516000e-01 2.481420e-01 1.308092e-04 -0.0697 
1.4241e+06 3.1079 3.6756 0.53355 0.52847 0.4041 1.9260e+01 1 9.3325e-08 3.6756 7.516000e-01 2.481420e-01 1.308092e-04 999.0000 
 0.7000 5 # agb_0.70_Z0.00020000_Mdot2_eta0.40_Mc0.00_dMc0.00_Tbd6.40_L0.00_dL0.00_C0.00_Nr3.00_rates0_KOPv_KMOLv.dat 
0.0000e+00 3.1244 3.6448 0.70000 0.51701 0.4115 2.1654e+01 1 5.4325e-08 3.6448 7.511000e-01 2.486660e-01 1.307368e-04 -0.0716 
2.4660e+05 3.1910 3.6398 0.68362 0.51914 0.4115 2.5687e+01 1 1.1402e-07 3.6398 7.511000e-01 2.486660e-01 1.307368e-04 -0.0708 
5.9204e+05 3.2222 3.6380 0.64398 0.52310 0.4115 2.8409e+01 1 1.8707e-07 3.6380 7.511000e-01 2.486660e-01 1.307368e-04 -0.0719 
9.8509e+05 3.2687 3.6531 0.54524 0.52886 0.4115 3.0141e+01 1 4.5814e-07 3.6531 7.511000e-01 2.486660e-01 1.307368e-04 -0.0724 
9.8984e+05 3.3563 3.6641 0.53397 0.52888 0.4115 3.3016e+01 1 1.0839e-06 3.6641 7.511000e-01 2.486660e-01 1.307368e-04 999.0000 
 0.7200 5 # agb_0.72_Z0.00020000_Mdot2_eta0.40_Mc0.00_dMc0.00_Tbd6.40_L0.00_dL0.00_C0.00_Nr3.00_rates0_KOPv_KMOLv.dat 
0.0000e+00 3.1052 3.6467 0.72000 0.51833 0.4206 2.0326e+01 1 4.1020e-08 3.6467 7.513000e-01 2.485040e-01 1.306913e-04 -0.0705 
2.4499e+05 3.1797 3.6411 0.70581 0.52044 0.4206 2.4514e+01 1 9.2045e-08 3.6411 7.513000e-01 2.485040e-01 1.306913e-04 -0.0693 
5.8177e+05 3.2164 3.6384 0.67320 0.52423 0.4206 2.7404e+01 1 1.5382e-07 3.6384 7.513000e-01 2.485040e-01 1.306913e-04 -0.0719 
9.6914e+05 3.2639 3.6390 0.59390 0.52985 0.4206 3.1718e+01 1 3.5810e-07 3.6390 7.513000e-01 2.485040e-01 1.306913e-04 -0.0735 
1.1908e+06 3.3035 3.6666 0.53744 0.53231 0.4206 2.9332e+01 1 6.3096e-07 3.6666 7.513000e-01 2.485040e-01 1.306913e-04 999.0000 
 0.7600 4 # agb_0.76_Z0.00020000_Mdot2_eta0.40_Mc0.00_dMc0.00_Tbd6.40_L0.00_dL0.00_C0.00_Nr3.00_rates0_KOPv_KMOLv.dat 
0.0000e+00 3.1633 3.6435 0.76000 0.52236 0.4328 2.2517e+01 1 6.1802e-08 3.6435 7.508000e-01 2.490490e-01 1.306676e-04 -0.0722 
2.3695e+05 3.2568 3.6359 0.73252 0.52491 0.4328 2.8789e+01 1 1.7701e-07 3.6359 7.508000e-01 2.490490e-01 1.306676e-04 -0.0718 
5.6776e+05 3.3040 3.6322 0.65935 0.52965 0.4328 3.4021e+01 1 3.9355e-07 3.6322 7.508000e-01 2.490490e-01 1.306676e-04 -0.0734 
8.5327e+05 3.3710 3.6633 0.53940 0.53409 0.4328 3.3939e+01 1 1.2162e-06 3.6633 7.508000e-01 2.490490e-01 1.306676e-04 999.0000 
 0.7800 4 # agb_0.78_Z0.00020000_Mdot2_eta0.40_Mc0.00_dMc0.00_Tbd6.40_L0.00_dL0.00_C0.00_Nr3.00_rates0_KOPv_KMOLv.dat 
0.0000e+00 3.1882 3.6422 0.78000 0.52361 0.4371 2.3479e+01 1 7.2946e-08 3.6422 7.503000e-01 2.495630e-01 1.307005e-04 -0.0729 
2.3205e+05 3.2941 3.6332 0.74596 0.52630 0.4371 3.1134e+01 1 2.4322e-07 3.6332 7.503000e-01 2.495630e-01 1.307005e-04 -0.0724 
5.6502e+05 3.3372 3.6303 0.64132 0.53156 0.4371 3.7181e+01 1 5.9704e-07 3.6303 7.503000e-01 2.495630e-01 1.307005e-04 -0.0742 
7.9495e+05 3.3912 3.6631 0.54000 0.53484 0.4371 3.5246e+01 1 1.4723e-06 3.6631 7.503000e-01 2.495630e-01 1.307005e-04 999.0000 
 0.8000 3 # agb_0.80_Z0.00020000_Mdot2_eta0.40_Mc0.00_dMc0.00_Tbd6.40_L0.00_dL0.00_C0.00_Nr3.00_rates0_KOPv_KMOLv.dat 
0.0000e+00 3.2689 3.6368 0.80000 0.52712 0.4422 2.7942e+01 1 1.5066e-07 3.6368 7.486000e-01 2.512270e-01 1.310193e-04 -0.0751 
2.2482e+05 3.3466 3.6294 0.74437 0.53015 0.4422 3.5301e+01 1 4.1400e-07 3.6294 7.486000e-01 2.512270e-01 1.310193e-04 -0.0739 
5.3774e+05 3.4138 3.6626 0.54090 0.53584 0.4422 3.6835e+01 1 1.8281e-06 3.6626 7.486000e-01 2.512270e-01 1.310193e-04 999.0000 
 0.8500 5 # agb_0.85_Z0.00020000_Mdot2_eta0.40_Mc0.00_dMc0.00_Tbd6.40_L0.00_dL0.00_C0.00_Nr3.00_rates0_KOPv_KMOLv.dat 
0.0000e+00 3.2007 3.6439 0.85000 0.52749 0.4430 2.2710e+01 1 6.2517e-08 3.6439 7.458000e-01 2.539460e-01 1.319056e-04 -0.0724 
2.2348e+05 3.2366 3.6407 0.83535 0.52984 0.4430 2.5051e+01 1 9.4842e-08 3.6407 7.458000e-01 2.539460e-01 1.319056e-04 -0.0706 
5.3246e+05 3.2792 3.6367 0.80130 0.53410 0.4430 2.8473e+01 1 1.6558e-07 3.6367 7.458000e-01 2.539460e-01 1.319056e-04 -0.0724 
8.8215e+05 3.3311 3.6314 0.72273 0.54030 0.4430 3.4319e+01 1 3.8637e-07 3.6314 7.458000e-01 2.539460e-01 1.319056e-04 -0.0746 
1.1807e+06 3.3959 3.6636 0.55156 0.54618 0.4430 3.5036e+01 1 1.4421e-06 3.6636 7.458000e-01 2.539460e-01 1.319056e-04 999.0000 
 0.9000 5 # agb_0.90_Z0.00020000_Mdot2_eta0.40_Mc0.00_dMc0.00_Tbd6.40_L0.00_dL0.00_C0.00_Nr3.00_rates0_KOPv_KMOLv.dat 
0.0000e+00 3.3596 3.6337 0.90000 0.53705 0.4314 3.1789e+01 1 2.5527e-07 3.6337 7.423000e-01 2.574510e-01 1.326518e-04 -0.0767 
2.0314e+05 3.3988 3.6287 0.83906 0.54030 0.4314 3.6711e+01 1 4.7424e-07 3.6287 7.423000e-01 2.574510e-01 1.326518e-04 -0.0767 
4.4430e+05 3.4722 3.6202 0.70562 0.54505 0.4314 4.8802e+01 1 1.7140e-06 3.6202 7.423000e-01 2.574510e-01 1.326518e-04 -0.0747 
4.9856e+05 3.4492 3.6320 0.58874 0.54683 0.4314 9.7138e+01 0 2.2803e-06 3.6320 7.423000e-01 2.574510e-01 1.326518e-04 -0.0747 
5.7378e+05 3.2242 3.6719 0.55225 0.54712 0.4314 2.4069e+01 1 2.6303e-07 3.6719 7.423000e-01 2.574510e-01 1.326518e-04 999.0000 
 0.9500 6 # agb_0.95_Z0.00020000_Mdot2_eta0.40_Mc0.00_dMc0.00_Tbd6.40_L0.00_dL0.00_C0.00_Nr3.00_rates0_KOPv_KMOLv.dat 
0.0000e+00 3.2257 3.6457 0.95000 0.53282 0.4195 2.2164e+01 1 5.5976e-08 3.6457 7.405000e-01 2.592850e-01 1.333428e-04 -0.0714 
2.0765e+05 3.2881 3.6405 0.93571 0.53526 0.4195 2.6003e+01 1 1.0965e-07 3.6405 7.405000e-01 2.592850e-01 1.333428e-04 -0.0707 
5.0032e+05 3.3304 3.6365 0.90199 0.53981 0.4195 2.9492e+01 1 1.8880e-07 3.6365 7.405000e-01 2.592850e-01 1.333428e-04 -0.0720 
8.3503e+05 3.3757 3.6307 0.82260 0.54661 0.4195 3.5033e+01 1 3.9902e-07 3.6307 7.405000e-01 2.592850e-01 1.333428e-04 -0.0753 
1.1542e+06 3.4280 3.6397 0.58171 0.55437 0.4195 4.3071e+01 1 1.8621e-06 3.6397 7.405000e-01 2.592850e-01 1.333428e-04 -0.0788 
1.1552e+06 3.6579 3.6567 0.55946 0.55437 0.4195 1.2993e+02 0 1.7947e-05 3.6567 7.405000e-01 2.592850e-01 1.333428e-04 999.0000 
 1.0000 6 # agb_1.00_Z0.00020000_Mdot2_eta0.40_Mc0.00_dMc0.00_Tbd6.40_L0.00_dL0.00_C0.00_Nr3.00_rates0_KOPv_KMOLv.dat 
0.0000e+00 3.2314 3.6472 1.00000 0.53662 0.4073 2.1587e+01 1 5.0119e-08 3.6472 7.384000e-01 2.614180e-01 1.338764e-04 -0.0707 
2.0135e+05 3.2989 3.6417 0.98571 0.53913 0.4073 2.5609e+01 1 1.0304e-07 3.6417 7.384000e-01 2.614180e-01 1.338764e-04 -0.0705 
4.8209e+05 3.3473 3.6371 0.95212 0.54377 0.4073 2.9446e+01 1 1.8707e-07 3.6371 7.384000e-01 2.614180e-01 1.338764e-04 -0.0725 
8.0082e+05 3.3974 3.6308 0.87471 0.55062 0.4073 3.5293e+01 1 4.0738e-07 3.6308 7.384000e-01 2.614180e-01 1.338764e-04 -0.0752 
1.1073e+06 3.4510 3.6263 0.64370 0.55857 0.4073 4.7042e+01 1 1.8030e-06 3.6263 7.384000e-01 2.614180e-01 1.338764e-04 -0.0796 
1.1753e+06 3.2879 3.6693 0.56430 0.55888 0.4073 2.7250e+01 1 4.6026e-07 3.6693 7.384000e-01 2.614180e-01 1.338764e-04 999.0000 
 1.0500 6 # agb_1.05_Z0.00020000_Mdot2_eta0.40_Mc0.00_dMc0.00_Tbd6.40_L0.00_dL0.00_C0.00_Nr3.00_rates0_KOPv_KMOLv.dat 
0.0000e+00 3.2389 3.6484 1.05000 0.53885 0.3952 2.1155e+01 1 4.6026e-08 3.6484 7.364000e-01 2.633530e-01 1.343172e-04 -0.0705 
1.9119e+05 3.2909 3.6444 1.04073 0.54110 0.3952 2.4069e+01 1 7.9616e-08 3.6444 7.364000e-01 2.633530e-01 1.343172e-04 -0.0691 
4.6227e+05 3.3308 3.6408 1.01917 0.54531 0.3952 2.6874e+01 1 1.2706e-07 3.6408 7.364000e-01 2.633530e-01 1.343172e-04 -0.0705 
7.7483e+05 3.3743 3.6361 0.97282 0.55164 0.3952 3.0832e+01 1 2.2856e-07 3.6361 7.364000e-01 2.633530e-01 1.343172e-04 -0.0733 
1.0760e+06 3.4243 3.6293 0.87530 0.55895 0.3952 3.7487e+01 1 5.3088e-07 3.6293 7.364000e-01 2.633530e-01 1.343172e-04 -0.0759 
1.3469e+06 3.4843 3.6622 0.57177 0.56642 0.3952 4.0857e+01 1 3.0479e-06 3.6622 7.364000e-01 2.633530e-01 1.343172e-04 999.0000 
 1.1000 5 # agb_1.10_Z0.00020000_Mdot2_eta0.40_Mc0.00_dMc0.00_Tbd6.40_L0.00_dL0.00_C0.00_Nr3.00_rates0_KOPv_KMOLv.dat 
0.0000e+00 3.3114 3.6450 1.10000 0.54470 0.3828 2.4189e+01 1 8.1658e-08 3.6450 7.344000e-01 2.653950e-01 1.347227e-04 -0.0724 
1.7987e+05 3.3759 3.6396 1.08272 0.54733 0.3828 2.8530e+01 1 1.6368e-07 3.6396 7.344000e-01 2.653950e-01 1.347227e-04 -0.0705 
4.4421e+05 3.4157 3.6351 1.03710 0.55262 0.3828 3.2423e+01 1 2.8119e-07 3.6351 7.344000e-01 2.653950e-01 1.347227e-04 -0.0739 
7.3695e+05 3.4643 3.6279 0.92945 0.56022 0.3828 3.9515e+01 1 6.5313e-07 3.6279 7.344000e-01 2.653950e-01 1.347227e-04 -0.0761 
9.9903e+05 3.5287 3.6606 0.57355 0.56813 0.3828 4.4760e+01 1 4.6774e-06 3.6606 7.344000e-01 2.653950e-01 1.347227e-04 999.0000 
 1.1500 6 # agb_1.15_Z0.00020000_Mdot2_eta0.40_Mc0.00_dMc0.00_Tbd6.40_L0.00_dL0.00_C0.00_Nr3.00_rates0_KOPv_KMOLv.dat 
0.0000e+00 3.2915 3.6483 1.15000 0.54792 0.3732 2.2255e+01 1 5.7810e-08 3.6483 7.334000e-01 2.663510e-01 1.349783e-04 -0.0713 
1.7734e+05 3.3265 3.6453 1.13915 0.55034 0.3732 2.4367e+01 1 8.4528e-08 3.6453 7.334000e-01 2.663510e-01 1.349783e-04 -0.0700 
4.2070e+05 3.3806 3.6407 1.11489 0.55471 0.3732 2.8131e+01 1 1.5596e-07 3.6407 7.334000e-01 2.663510e-01 1.349783e-04 -0.0711 
7.0401e+05 3.4258 3.6356 1.06194 0.56134 0.3732 3.2528e+01 1 2.8708e-07 3.6356 7.334000e-01 2.663510e-01 1.349783e-04 -0.0737 
9.7700e+05 3.5488 3.6089 0.76593 0.56920 4.3104 5.8527e+01 1 2.9376e-06 3.6089 7.314540e-01 2.679330e-01 4.987115e-04 -0.0898 
1.0847e+06 3.5393 3.6582 0.57646 0.57131 4.3104 9.5751e+01 0 5.1523e-06 3.6582 7.314540e-01 2.679330e-01 4.987115e-04 999.0000 
 1.2000 6 # agb_1.20_Z0.00020000_Mdot2_eta0.40_Mc0.00_dMc0.00_Tbd6.40_L0.00_dL0.00_C0.00_Nr3.00_rates0_KOPv_KMOLv.dat 
0.0000e+00 3.2944 3.6497 1.20000 0.55296 0.3685 2.1657e+01 1 5.1642e-08 3.6497 7.329000e-01 2.669270e-01 1.351601e-04 -0.0705 
1.6739e+05 3.3635 3.6442 1.18735 0.55546 0.3685 2.5734e+01 1 1.0691e-07 3.6442 7.329000e-01 2.669270e-01 1.351601e-04 -0.0699 
4.0238e+05 3.4150 3.6396 1.15682 0.56016 0.3685 2.9640e+01 1 1.9498e-07 3.6396 7.329000e-01 2.669270e-01 1.351601e-04 -0.0720 
6.6851e+05 3.4710 3.6330 1.08712 0.56716 0.3685 3.5569e+01 1 4.1879e-07 3.6330 7.329000e-01 2.669270e-01 1.351601e-04 -0.0739 
9.2543e+05 3.5779 3.6078 0.68146 0.57503 4.7568 1.4083e+02 0 5.6234e-06 3.6078 7.307958e-01 2.686220e-01 5.439339e-04 -0.0910 
9.5119e+05 3.2676 3.6704 0.58004 0.57503 4.7568 2.5684e+01 1 3.4514e-07 3.6704 7.307958e-01 2.686220e-01 5.439339e-04 999.0000 
 1.2500 5 # agb_1.25_Z0.00020000_Mdot2_eta0.40_Mc0.00_dMc0.00_Tbd6.40_L0.00_dL0.00_C0.00_Nr3.00_rates0_KOPv_KMOLv.dat 
0.0000e+00 3.3283 3.6488 1.25000 0.55553 0.3603 2.2719e+01 1 6.3533e-08 3.6488 7.320000e-01 2.677970e-01 1.353479e-04 -0.0708 
1.6205e+05 3.3833 3.6444 1.23720 0.55807 0.3603 2.6096e+01 1 1.1402e-07 3.6444 7.320000e-01 2.677970e-01 1.353479e-04 -0.0703 
3.9190e+05 3.4297 3.6402 1.20671 0.56289 0.3603 2.9678e+01 1 1.9679e-07 3.6402 7.320000e-01 2.677970e-01 1.353479e-04 -0.0720 
6.5215e+05 3.5163 3.6272 1.10909 0.56959 2.0838 3.9920e+01 1 6.2661e-07 3.6272 7.307443e-01 2.689020e-01 2.858010e-04 -0.0790 
8.8643e+05 3.6224 3.6531 0.58101 0.57590 7.5408 1.1979e+02 0 1.1508e-05 3.6531 7.271150e-01 2.718170e-01 9.989445e-04 999.0000 
 1.3000 5 # agb_1.30_Z0.00020000_Mdot2_eta0.40_Mc0.00_dMc0.00_Tbd6.40_L0.00_dL0.00_C0.00_Nr3.00_rates0_KOPv_KMOLv.dat 
0.0000e+00 3.3561 3.6484 1.30000 0.56133 0.3484 2.3502e+01 1 7.3790e-08 3.6484 7.303000e-01 2.694570e-01 1.355768e-04 -0.0710 
1.5002e+05 3.4026 3.6448 1.28798 0.56377 0.3484 2.6405e+01 1 1.2106e-07 3.6448 7.303000e-01 2.694570e-01 1.355768e-04 -0.0715 
3.6683e+05 3.4432 3.6410 1.25877 0.56848 0.3484 2.9589e+01 1 1.9588e-07 3.6410 7.303000e-01 2.694570e-01 1.355768e-04 -0.0726 
6.1122e+05 3.5340 3.6281 1.16438 0.57506 1.9559 3.9951e+01 1 6.3680e-07 3.6281 7.291449e-01 2.704740e-01 2.741152e-04 -0.0797 
8.4015e+05 3.6394 3.6527 0.58713 0.58178 7.1716 1.2371e+02 0 1.3152e-05 3.6527 7.257700e-01 2.731920e-01 9.302202e-04 999.0000 
 1.3500 5 # agb_1.35_Z0.00020000_Mdot2_eta0.40_Mc0.00_dMc0.00_Tbd6.40_L0.00_dL0.00_C0.00_Nr3.00_rates0_KOPv_KMOLv.dat 
0.0000e+00 3.3745 3.6486 1.35000 0.56381 0.3395 2.3814e+01 1 7.8343e-08 3.6486 7.296000e-01 2.702240e-01 1.357843e-04 -0.0713 
1.4933e+05 3.4389 3.6436 1.33314 0.56656 0.3395 2.7979e+01 1 1.5524e-07 3.6436 7.296000e-01 2.702240e-01 1.357843e-04 -0.0714 
3.5940e+05 3.4954 3.6381 1.29219 0.57178 0.3395 3.2824e+01 1 3.0269e-07 3.6381 7.296000e-01 2.702240e-01 1.357843e-04 -0.0729 
5.9705e+05 3.5771 3.6238 1.16020 0.57886 2.2229 4.4691e+01 1 9.9541e-07 3.6238 7.282983e-01 2.713630e-01 2.987074e-04 -0.0806 
7.8503e+05 3.6737 3.6509 0.58912 0.58369 8.2890 1.3534e+02 0 1.8281e-05 3.6509 7.245352e-01 2.743440e-01 1.079612e-03 999.0000 
 1.4000 5 # agb_1.40_Z0.00020000_Mdot2_eta0.40_Mc0.00_dMc0.00_Tbd6.40_L0.00_dL0.00_C0.00_Nr3.00_rates0_KOPv_KMOLv.dat 
0.0000e+00 3.4179 3.6470 1.40000 0.56915 0.3313 2.5602e+01 1 1.0715e-07 3.6470 7.288000e-01 2.709960e-01 1.359909e-04 -0.0718 
1.3777e+05 3.4791 3.6420 1.38179 0.57187 0.3313 2.9916e+01 1 2.0654e-07 3.6420 7.288000e-01 2.709960e-01 1.359909e-04 -0.0715 
3.4035e+05 3.5184 3.6378 1.33657 0.57727 0.3313 3.3712e+01 1 3.4119e-07 3.6378 7.288000e-01 2.709960e-01 1.359909e-04 -0.0730 
5.6514e+05 3.6044 3.6224 1.18388 0.58450 2.2047 4.6985e+01 1 1.2274e-06 3.6224 7.275350e-01 2.721000e-01 2.965270e-04 -0.0815 
7.2843e+05 3.7022 3.6503 0.59404 0.58850 8.4325 1.4388e+02 0 2.3550e-05 3.6503 7.237892e-01 2.750580e-01 1.083018e-03 999.0000 
 1.4500 5 # agb_1.45_Z0.00020000_Mdot2_eta0.40_Mc0.00_dMc0.00_Tbd6.40_L0.00_dL0.00_C0.00_Nr3.00_rates0_KOPv_KMOLv.dat 
0.0000e+00 3.4390 3.6469 1.45000 0.56882 0.3237 2.6157e+01 1 1.1803e-07 3.6469 7.282000e-01 2.715700e-01 1.361820e-04 -0.0717 
1.4047e+05 3.4753 3.6438 1.43239 0.57166 0.3237 2.8786e+01 1 1.7660e-07 3.6438 7.282000e-01 2.715700e-01 1.361820e-04 -0.0706 
3.4102e+05 3.5253 3.6389 1.39023 0.57711 0.3237 3.3208e+01 1 3.2137e-07 3.6389 7.282000e-01 2.715700e-01 1.361820e-04 -0.0722 
5.6539e+05 3.6123 3.6241 1.24934 0.58446 2.1697 4.5805e+01 1 1.1117e-06 3.6241 7.269726e-01 2.726410e-01 2.932078e-04 -0.0804 
7.4165e+05 3.7132 3.6512 0.59459 0.58934 8.3400 1.4622e+02 0 2.6002e-05 3.6512 7.234018e-01 2.754500e-01 1.052954e-03 999.0000 
 1.5000 6 # agb_1.50_Z0.00020000_Mdot2_eta0.40_Mc0.00_dMc0.00_Tbd6.40_L0.00_dL0.00_C0.00_Nr3.00_rates0_KOPv_KMOLv.dat 
0.0000e+00 3.3698 3.6532 1.50000 0.56929 0.3174 2.1630e+01 1 5.2845e-08 3.6532 7.281000e-01 2.716510e-01 1.363836e-04 -0.0696 
1.3674e+05 3.4114 3.6501 1.49196 0.57160 0.3174 2.3955e+01 1 8.1470e-08 3.6501 7.281000e-01 2.716510e-01 1.363836e-04 -0.0680 
3.3298e+05 3.4476 3.6471 1.47348 0.57599 0.3174 2.6322e+01 1 1.2190e-07 3.6471 7.281000e-01 2.716510e-01 1.363836e-04 -0.0702 
5.5355e+05 3.5333 3.6373 1.42393 0.58181 1.5934 3.3675e+01 1 3.2434e-07 3.6373 7.272001e-01 2.724440e-01 2.433818e-04 -0.0750 
7.7209e+05 3.6279 3.6171 1.26815 0.58805 5.7065 4.9258e+01 1 1.2735e-06 3.6171 7.247030e-01 2.744760e-01 7.078219e-04 -0.0879 
9.4916e+05 3.7106 3.6471 0.59748 0.59219 12.8500 1.5003e+02 0 2.5468e-05 3.6471 7.203002e-01 2.776620e-01 1.920657e-03 999.0000 
 1.5500 6 # agb_1.55_Z0.00020000_Mdot2_eta0.40_Mc0.00_dMc0.00_Tbd6.40_L0.00_dL0.00_C0.00_Nr3.00_rates0_KOPv_KMOLv.dat 
0.0000e+00 3.3849 3.6533 1.55000 0.56611 0.3107 2.1851e+01 1 5.5208e-08 3.6533 7.278000e-01 2.720310e-01 1.365910e-04 -0.0693 
1.4095e+05 3.4574 3.6480 1.53916 0.56876 0.3107 2.6039e+01 1 1.1668e-07 3.6480 7.278000e-01 2.720310e-01 1.365910e-04 -0.0683 
3.4438e+05 3.5047 3.6437 1.51316 0.57391 0.3107 2.9552e+01 1 1.9815e-07 3.6437 7.278000e-01 2.720310e-01 1.365910e-04 -0.0696 
5.7478e+05 3.5780 3.6336 1.44178 0.58070 1.8947 3.7297e+01 1 4.8978e-07 3.6336 7.267311e-01 2.729660e-01 2.701873e-04 -0.0767 
7.9636e+05 3.6592 3.6103 1.22311 0.58729 6.9859 5.5843e+01 1 1.9907e-06 3.6103 7.238434e-01 2.752620e-01 8.608694e-04 -0.0901 
9.4535e+05 3.7269 3.6444 0.59506 0.58963 15.1779 1.6008e+02 0 3.0549e-05 3.6444 7.189494e-01 2.786870e-01 2.323226e-03 999.0000 
 1.6000 6 # agb_1.60_Z0.00020000_Mdot2_eta0.40_Mc0.00_dMc0.00_Tbd6.40_L0.00_dL0.00_C0.00_Nr3.00_rates0_KOPv_KMOLv.dat 
0.0000e+00 3.4022 3.6535 1.60000 0.57589 0.3055 2.2160e+01 1 5.9020e-08 3.6535 7.277000e-01 2.721120e-01 1.367311e-04 -0.0687 
1.3018e+05 3.4497 3.6500 1.58973 0.57841 0.3055 2.4880e+01 1 9.7051e-08 3.6500 7.277000e-01 2.721120e-01 1.367311e-04 -0.0687 
3.0548e+05 3.5220 3.6432 1.56578 0.58229 0.8205 3.0092e+01 1 2.1086e-07 3.6432 7.272080e-01 2.725620e-01 1.787584e-04 -0.0710 
5.2257e+05 3.5887 3.6331 1.49678 0.58804 2.8110 3.7456e+01 1 4.8529e-07 3.6331 7.255951e-01 2.739770e-01 3.767078e-04 -0.0796 
7.3721e+05 3.6634 3.6114 1.30114 0.59368 7.5791 5.4063e+01 1 1.7022e-06 3.6114 7.221991e-01 2.767160e-01 1.031552e-03 -0.0927 
8.9630e+05 3.7358 3.6450 0.60156 0.59631 15.0306 1.6084e+02 0 3.2137e-05 3.6450 7.170490e-01 2.804090e-01 2.480170e-03 999.0000 
 1.6500 5 # agb_1.65_Z0.00020000_Mdot2_eta0.40_Mc0.00_dMc0.00_Tbd6.40_L0.00_dL0.00_C0.00_Nr3.00_rates0_KOPv_KMOLv.dat 
0.0000e+00 3.4708 3.6498 1.65000 0.56596 0.3027 2.5426e+01 1 1.0617e-07 3.6498 7.275000e-01 2.723000e-01 1.368139e-04 -0.0704 
1.3824e+05 3.5322 3.6447 1.63391 0.56900 0.3027 2.9669e+01 1 2.0277e-07 3.6447 7.275000e-01 2.723000e-01 1.368139e-04 -0.0686 
3.4785e+05 3.5841 3.6386 1.58733 0.57469 0.9237 3.4620e+01 1 3.7670e-07 3.6386 7.269021e-01 2.728470e-01 1.877122e-04 -0.0715 
5.8287e+05 3.6575 3.6237 1.44657 0.58196 3.7608 4.6321e+01 1 1.0940e-06 3.6237 7.247545e-01 2.747040e-01 4.778324e-04 -0.0818 
8.0883e+05 3.7302 3.6466 0.59440 0.58863 10.8214 1.5825e+02 0 3.1333e-05 3.6466 7.202750e-01 2.781510e-01 1.507680e-03 999.0000 
 1.7000 5 # agb_1.70_Z0.00020000_Mdot2_eta0.40_Mc0.00_dMc0.00_Tbd6.40_L0.00_dL0.00_C0.00_Nr3.00_rates0_KOPv_KMOLv.dat 
0.0000e+00 3.5031 3.6486 1.70000 0.57318 0.2988 2.6789e+01 1 1.3274e-07 3.6486 7.274000e-01 2.723850e-01 1.368364e-04 -0.0707 
1.3112e+05 3.5461 3.6450 1.68158 0.57630 0.2988 2.9929e+01 1 2.1184e-07 3.6450 7.274000e-01 2.723850e-01 1.368364e-04 -0.0688 
3.2416e+05 3.6018 3.6385 1.63129 0.58190 0.9085 3.5290e+01 1 4.1115e-07 3.6385 7.268244e-01 2.729110e-01 1.862757e-04 -0.0724 
5.3931e+05 3.6828 3.6226 1.47712 0.58895 3.6793 4.8380e+01 1 1.3152e-06 3.6226 7.247668e-01 2.746900e-01 4.640870e-04 -0.0821 
7.3952e+05 3.7614 3.6482 0.60013 0.59472 10.7128 1.6590e+02 0 3.9264e-05 3.6482 7.203906e-01 2.780700e-01 1.457725e-03 999.0000 
 1.7500 6 # agb_1.75_Z0.00020000_Mdot2_eta0.40_Mc0.00_dMc0.00_Tbd6.40_L0.00_dL0.00_C0.00_Nr3.00_rates0_KOPv_KMOLv.dat 
0.0000e+00 3.4653 3.6528 1.75000 0.58078 0.2962 2.3888e+01 1 8.2604e-08 3.6528 7.281000e-01 2.716710e-01 1.368485e-04 -0.0686 
1.1950e+05 3.5027 3.6498 1.73976 0.58333 0.2962 2.6238e+01 1 1.2246e-07 3.6498 7.281000e-01 2.716710e-01 1.368485e-04 -0.0678 
2.9303e+05 3.5547 3.6446 1.71314 0.58770 0.7920 3.0201e+01 1 2.1777e-07 3.6446 7.276388e-01 2.720920e-01 1.765409e-04 -0.0703 
4.9282e+05 3.6334 3.6336 1.64074 0.59350 2.7945 3.8669e+01 1 5.6105e-07 3.6336 7.260997e-01 2.734390e-01 3.688712e-04 -0.0780 
6.9465e+05 3.7075 3.6121 1.43493 0.59916 7.7802 5.5500e+01 1 1.9187e-06 3.6121 7.228408e-01 2.760510e-01 1.014402e-03 -0.0930 
8.5416e+05 3.7758 3.6450 0.60735 0.60211 15.6615 1.7439e+02 0 4.0644e-05 3.6450 7.178481e-01 2.796150e-01 2.434486e-03 999.0000 
 1.8000 6 # agb_1.80_Z0.00020000_Mdot2_eta0.40_Mc0.00_dMc0.00_Tbd6.40_L0.00_dL0.00_C0.00_Nr3.00_rates0_KOPv_KMOLv.dat 
0.0000e+00 3.5170 3.6502 1.80000 0.59098 0.2923 2.6391e+01 1 1.2647e-07 3.6502 7.287000e-01 2.710580e-01 1.368880e-04 -0.0708 
1.0711e+05 3.5540 3.6472 1.78602 0.59358 0.2923 2.8972e+01 1 1.8793e-07 3.6472 7.287000e-01 2.710580e-01 1.368880e-04 -0.0691 
2.6409e+05 3.6046 3.6418 1.74905 0.59809 0.7973 3.3432e+01 1 3.3497e-07 3.6418 7.282395e-01 2.714790e-01 1.770275e-04 -0.0733 
4.4275e+05 3.6837 3.6295 1.64735 0.60391 2.8773 4.3592e+01 1 9.1833e-07 3.6295 7.266826e-01 2.728380e-01 3.745613e-04 -0.0800 
6.2518e+05 3.7538 3.6022 1.30994 0.60967 8.1308 6.8018e+01 1 4.1687e-06 3.6022 7.233435e-01 2.755080e-01 1.041402e-03 -0.0970 
7.2816e+05 3.8009 3.6452 0.61466 0.60953 16.8090 1.8201e+02 0 4.3053e-05 3.6452 7.178534e-01 2.794420e-01 2.586966e-03 999.0000 
 1.8500 5 # agb_1.85_Z0.00020000_Mdot2_eta0.40_Mc0.00_dMc0.00_Tbd6.40_L0.00_dL0.00_C0.00_Nr3.00_rates0_KOPv_KMOLv.dat 
0.0000e+00 3.6288 3.6432 1.85000 0.60567 0.2902 3.3606e+01 1 3.5400e-07 3.6432 7.302000e-01 2.695480e-01 1.368925e-04 -0.0730 
9.1602e+04 3.6582 3.6404 1.82016 0.60854 0.2902 3.6512e+01 1 5.0119e-07 3.6404 7.302000e-01 2.695480e-01 1.368925e-04 -0.0724 
2.3292e+05 3.7096 3.6324 1.72920 0.61332 1.2233 4.3650e+01 1 1.0000e-06 3.6324 7.293342e-01 2.703370e-01 2.139444e-04 -0.0767 
3.9627e+05 3.7835 3.6100 1.40135 0.61945 4.2506 6.5557e+01 1 4.3451e-06 3.6100 7.269020e-01 2.724480e-01 5.342718e-04 -0.0901 
4.9424e+05 3.8410 3.6490 0.62441 0.61922 12.0978 1.8987e+02 0 4.7206e-05 3.6490 7.215042e-01 2.767080e-01 1.667393e-03 999.0000 
 1.9000 5 # agb_1.90_Z0.00020000_Mdot2_eta0.40_Mc0.00_dMc0.00_Tbd6.40_L0.00_dL0.00_C0.00_Nr3.00_rates0_KOPv_KMOLv.dat 
0.0000e+00 3.6474 3.6430 1.90000 0.61478 0.2865 3.4343e+01 1 3.8994e-07 3.6430 7.315000e-01 2.682370e-01 1.369699e-04 -0.0729 
8.5078e+04 3.6631 3.6412 1.86954 0.61756 0.2865 3.6104e+01 1 4.8084e-07 3.6412 7.315000e-01 2.682370e-01 1.369699e-04 -0.0709 
2.0949e+05 3.7247 3.6327 1.78442 0.62182 1.1571 4.4053e+01 1 1.0495e-06 3.6327 7.307045e-01 2.689620e-01 2.083921e-04 -0.0773 
3.5918e+05 3.7946 3.6128 1.48705 0.62760 3.8836 6.3557e+01 1 3.9719e-06 3.6128 7.285155e-01 2.708680e-01 4.901759e-04 -0.0908 
4.5712e+05 3.8592 3.6459 0.63425 0.62800 10.8727 2.0041e+02 0 4.9204e-05 3.6459 7.236992e-01 2.747210e-01 1.450836e-03 999.0000 
 1.9500 5 # agb_1.95_Z0.00020000_Mdot2_eta0.40_Mc0.00_dMc0.00_Tbd6.40_L0.00_dL0.00_C0.00_Nr3.00_rates0_KOPv_KMOLv.dat 
0.0000e+00 3.6633 3.6430 1.95000 0.62560 0.2846 3.4893e+01 1 4.1976e-07 3.6430 7.329000e-01 2.668290e-01 1.369733e-04 -0.0730 
7.5141e+04 3.6809 3.6412 1.92057 0.62814 0.2846 3.6808e+01 1 5.2602e-07 3.6412 7.329000e-01 2.668290e-01 1.369733e-04 -0.0732 
1.8572e+05 3.7340 3.6335 1.84154 0.63196 1.0840 4.3839e+01 1 1.0375e-06 3.6335 7.321844e-01 2.674790e-01 2.019239e-04 -0.0772 
3.1906e+05 3.8015 3.6165 1.59129 0.63713 3.4706 6.0516e+01 1 3.3884e-06 3.6165 7.302725e-01 2.691510e-01 4.418468e-04 -0.0901 
4.1980e+05 3.8725 3.6500 0.64425 0.63861 9.3780 1.9629e+02 0 5.0699e-05 3.6500 7.261510e-01 2.725000e-01 1.211787e-03 999.0000 
 2.0000 5 # agb_2.00_Z0.00020000_Mdot2_eta0.40_Mc0.00_dMc0.00_Tbd6.40_L0.00_dL0.00_C0.00_Nr3.00_rates0_KOPv_KMOLv.dat 
0.0000e+00 3.6992 3.6415 2.00000 0.63830 0.2824 3.7190e+01 1 5.5208e-07 3.6415 7.344000e-01 2.654200e-01 1.369749e-04 -0.0741 
6.5761e+04 3.7528 3.6364 1.95202 0.64094 0.2824 4.3139e+01 1 1.0233e-06 3.6364 7.344000e-01 2.654200e-01 1.369749e-04 -0.0741 
1.6373e+05 3.7942 3.6282 1.82592 0.64488 1.1153 5.1097e+01 1 1.9543e-06 3.6282 7.336660e-01 2.660870e-01 2.045634e-04 -0.0806 
2.8071e+05 3.8523 3.6038 1.36699 0.64989 3.6845 7.8775e+01 1 9.3972e-06 3.6038 7.316289e-01 2.678650e-01 4.624886e-04 -0.0938 
3.3873e+05 3.8829 3.6517 0.65352 0.64833 10.6707 1.9528e+02 0 5.2000e-05 3.6517 7.266008e-01 2.719590e-01 1.392574e-03 999.0000 
 2.0500 5 # agb_2.05_Z0.00020000_Mdot2_eta0.40_Mc0.00_dMc0.00_Tbd6.40_L0.00_dL0.00_C0.00_Nr3.00_rates0_KOPv_KMOLv.dat 
0.0000e+00 3.6923 3.6433 2.05000 0.64945 0.2806 3.5806e+01 1 4.7534e-07 3.6433 7.355000e-01 2.643120e-01 1.369883e-04 -0.0749 
5.8105e+04 3.7439 3.6385 2.01255 0.65173 0.2806 4.1146e+01 1 8.4723e-07 3.6385 7.355000e-01 2.643120e-01 1.369883e-04 -0.0736 
1.4279e+05 3.7864 3.6317 1.92065 0.65496 0.9958 4.7854e+01 1 1.5241e-06 3.6317 7.348845e-01 2.648700e-01 1.944005e-04 -0.0821 
2.4677e+05 3.8412 3.6161 1.65317 0.65927 3.0292 6.4039e+01 1 4.4259e-06 3.6161 7.332822e-01 2.662760e-01 3.911625e-04 -0.0888 
3.2741e+05 3.9049 3.6541 0.66575 0.66051 7.8974 1.9751e+02 0 5.4702e-05 3.6541 7.297752e-01 2.691860e-01 9.860153e-04 999.0000 
 2.1000 5 # agb_2.10_Z0.00020000_Mdot2_eta0.40_Mc0.00_dMc0.00_Tbd6.40_L0.00_dL0.00_C0.00_Nr3.00_rates0_KOPv_KMOLv.dat 
0.0000e+00 3.7480 3.6401 2.10000 0.66334 0.2797 4.0088e+01 1 7.6736e-07 3.6401 7.366000e-01 2.632050e-01 1.369469e-04 -0.0742 
4.9947e+04 3.7992 3.6352 2.04911 0.66557 0.2797 4.6214e+01 1 1.3868e-06 3.6352 7.366000e-01 2.632050e-01 1.369469e-04 -0.0763 
1.2425e+05 3.8342 3.6279 1.91915 0.66879 0.9915 5.3714e+01 1 2.4660e-06 3.6279 7.360021e-01 2.637460e-01 1.937044e-04 -0.0816 
2.1367e+05 3.8899 3.6063 1.48286 0.67293 3.0255 7.9517e+01 1 1.0399e-05 3.6063 7.344173e-01 2.651360e-01 3.881465e-04 -0.0957 
2.6331e+05 3.9323 3.6528 0.67759 0.67199 8.3672 2.0896e+02 0 5.8210e-05 3.6528 7.304616e-01 2.684380e-01 1.040068e-03 999.0000 
 2.1500 5 # agb_2.15_Z0.00020000_Mdot2_eta0.40_Mc0.00_dMc0.00_Tbd6.40_L0.00_dL0.00_C0.00_Nr3.00_rates0_KOPv_KMOLv.dat 
0.0000e+00 3.7687 3.6397 2.15000 0.67636 0.2798 4.1252e+01 1 8.7096e-07 3.6397 7.375000e-01 2.622980e-01 1.368926e-04 -0.0751 
4.4114e+04 3.8140 3.6351 2.09782 0.67843 0.2798 4.6928e+01 1 1.4894e-06 3.6351 7.375000e-01 2.622980e-01 1.368926e-04 -0.0763 
1.0671e+05 3.8548 3.6279 1.97354 0.68118 0.9321 5.5000e+01 1 2.7606e-06 3.6279 7.369679e-01 2.627790e-01 1.883718e-04 -0.0822 
1.8502e+05 3.9048 3.6087 1.57464 0.68493 2.7196 7.7835e+01 1 9.8628e-06 3.6087 7.356009e-01 2.639790e-01 3.549039e-04 -0.0967 
2.3365e+05 3.9548 3.6532 0.69003 0.68461 7.1888 2.1540e+02 0 6.1376e-05 3.6532 7.322583e-01 2.667990e-01 8.764345e-04 999.0000 
 2.2000 5 # agb_2.20_Z0.00020000_Mdot2_eta0.40_Mc0.00_dMc0.00_Tbd6.40_L0.00_dL0.00_C0.00_Nr3.00_rates0_KOPv_KMOLv.dat 
0.0000e+00 3.7844 3.6397 2.20000 0.69005 0.2805 4.1964e+01 1 9.4624e-07 3.6397 7.383000e-01 2.614930e-01 1.368430e-04 -0.0759 
3.8035e+04 3.8312 3.6350 2.14875 0.69190 0.2805 4.7893e+01 1 1.6331e-06 3.6350 7.383000e-01 2.614930e-01 1.368430e-04 -0.0755 
9.1844e+04 3.8667 3.6284 2.03139 0.69431 0.8720 5.5196e+01 1 2.8249e-06 3.6284 7.378322e-01 2.619140e-01 1.830522e-04 -0.0839 
1.5867e+05 3.9143 3.6125 1.69894 0.69751 2.4128 7.4104e+01 1 8.3946e-06 3.6125 7.366817e-01 2.629250e-01 3.228435e-04 -0.0976 
2.0858e+05 3.9712 3.6546 0.70329 0.69810 5.9840 2.1701e+02 0 6.3680e-05 3.6546 7.339926e-01 2.652150e-01 7.205030e-04 999.0000 
 2.2500 5 # agb_2.25_Z0.00020000_Mdot2_eta0.40_Mc0.00_dMc0.00_Tbd6.40_L0.00_dL0.00_C0.00_Nr3.00_rates0_KOPv_KMOLv.dat 
0.0000e+00 3.7953 3.6399 2.25000 0.70128 0.2820 4.2253e+01 1 9.7949e-07 3.6399 7.389000e-01 2.608880e-01 1.367924e-04 -0.0762 
3.3281e+04 3.8412 3.6354 2.20317 0.70293 0.2820 4.8024e+01 1 1.6634e-06 3.6354 7.389000e-01 2.608880e-01 1.367924e-04 -0.0824 
8.0297e+04 3.8745 3.6295 2.09988 0.70500 0.8156 5.4597e+01 1 2.7353e-06 3.6295 7.384887e-01 2.612580e-01 1.781020e-04 -0.0842 
1.3912e+05 3.9209 3.6163 1.82792 0.70783 2.1437 7.0282e+01 1 6.9984e-06 3.6163 7.375208e-01 2.621080e-01 2.956716e-04 -0.0959 
1.9303e+05 3.9781 3.6548 0.71487 0.70946 5.0579 2.1681e+02 0 6.4714e-05 3.6548 7.353351e-01 2.639820e-01 6.067214e-04 999.0000 
 2.3000 5 # agb_2.30_Z0.00020000_Mdot2_eta0.40_Mc0.00_dMc0.00_Tbd6.40_L0.00_dL0.00_C0.00_Nr3.00_rates0_KOPv_KMOLv.dat 
0.0000e+00 3.8058 3.6401 2.30000 0.71300 0.2831 4.2532e+01 1 1.0116e-06 3.6401 7.394000e-01 2.603830e-01 1.367759e-04 -0.0750 
2.9211e+04 3.8494 3.6360 2.25644 0.71447 0.2831 4.7949e+01 1 1.6672e-06 3.6360 7.394000e-01 2.603830e-01 1.367759e-04 -0.0792 
7.0206e+04 3.8827 3.6304 2.16273 0.71629 0.7636 5.4234e+01 1 2.6915e-06 3.6304 7.390390e-01 2.607070e-01 1.736821e-04 -0.0822 
1.2134e+05 3.9270 3.6192 1.93506 0.71873 1.9185 6.7585e+01 1 6.1376e-06 3.6192 7.382201e-01 2.614260e-01 2.736511e-04 -0.0952 
1.7848e+05 3.9766 3.6563 0.72671 0.72130 4.3269 2.1003e+02 0 6.4417e-05 3.6563 7.364280e-01 2.629700e-01 5.213851e-04 999.0000 
 2.4000 6 # agb_2.40_Z0.00020000_Mdot2_eta0.40_Mc0.00_dMc0.00_Tbd6.40_L0.00_dL0.00_C0.00_Nr3.00_rates0_KOPv_KMOLv.dat 
0.0000e+00 3.8373 3.6400 2.40000 0.73608 0.2850 4.4132e+01 1 1.2023e-06 3.6400 7.374000e-01 2.623730e-01 1.369919e-04 -0.0753 
2.2699e+04 3.8840 3.6357 2.35605 0.73733 0.2850 5.0059e+01 1 2.0370e-06 3.6357 7.374000e-01 2.623730e-01 1.369919e-04 -0.0783 
5.4234e+04 3.9103 3.6310 2.26856 0.73878 0.6968 5.5452e+01 1 3.0200e-06 3.6310 7.371065e-01 2.626350e-01 1.681965e-04 -0.0893 
9.3344e+04 3.9517 3.6213 2.07158 0.74071 1.6304 6.7235e+01 1 6.2517e-06 3.6213 7.364807e-01 2.631830e-01 2.462489e-04 -0.0934 
1.3849e+05 3.9955 3.5926 1.33294 0.74289 3.4464 1.1256e+02 1 4.2756e-05 3.5926 7.351752e-01 2.643120e-01 4.221475e-04 -0.1184 
1.5392e+05 3.9987 3.6554 0.74608 0.74088 7.9630 2.1717e+02 0 6.7920e-05 3.6554 7.315376e-01 2.674190e-01 9.503253e-04 999.0000 
 2.6000 5 # agb_2.60_Z0.00020000_Mdot2_eta0.40_Mc0.00_dMc0.00_Tbd6.40_L0.00_dL0.00_C0.00_Nr3.00_rates0_KOPv_KMOLv.dat 
0.0000e+00 3.9586 3.6351 2.60000 0.77003 0.2937 5.4835e+01 1 3.1046e-06 3.6351 7.299000e-01 2.699570e-01 1.368063e-04 -0.0773 
1.6251e+04 4.0209 3.6285 2.51304 0.77131 0.2937 6.5602e+01 1 6.4863e-06 3.6285 7.299000e-01 2.699570e-01 1.368063e-04 -0.0862 
3.7896e+04 4.0443 3.6224 2.33733 0.77269 0.6943 7.4326e+01 1 1.0471e-05 3.6224 7.296355e-01 2.701920e-01 1.663994e-04 -0.0913 
6.5165e+04 4.0711 3.6075 1.88145 0.77444 1.6106 9.7211e+01 1 2.8510e-05 3.6075 7.290476e-01 2.707060e-01 2.402321e-04 -0.1078 
9.5016e+04 4.1086 3.6603 0.78164 0.77605 3.6158 2.5484e+02 0 8.7297e-05 3.6603 7.275864e-01 2.719810e-01 4.262832e-04 999.0000 
 2.8000 6 # agb_2.80_Z0.00020000_Mdot2_eta0.40_Mc0.00_dMc0.00_Tbd6.40_L0.00_dL0.00_C0.00_Nr3.00_rates0_KOPv_KMOLv.dat 
0.0000e+00 4.0181 3.6347 2.80000 0.79270 0.3008 5.9026e+01 1 4.3954e-06 3.6347 7.179000e-01 2.818430e-01 1.365970e-04 -0.0789 
1.2614e+04 4.0432 3.6317 2.73260 0.79377 0.3008 6.3991e+01 1 6.1235e-06 3.6317 7.179000e-01 2.818430e-01 1.365970e-04 -0.0842 
2.8904e+04 4.0646 3.6272 2.61072 0.79484 0.6242 7.0402e+01 1 8.8512e-06 3.6272 7.177047e-01 2.820150e-01 1.597772e-04 -0.0860 
4.9239e+04 4.0938 3.6183 2.35192 0.79618 1.3100 8.3606e+01 1 1.6904e-05 3.6183 7.173083e-01 2.823590e-01 2.122450e-04 -0.0990 
7.3597e+04 4.1258 3.5870 1.33922 0.79778 2.5515 3.1380e+02 0 6.6988e-05 3.5870 7.165086e-01 2.830530e-01 3.169693e-04 -0.1328 
8.7021e+04 4.1251 3.6601 0.80272 0.79712 6.1614 2.5851e+02 0 9.0782e-05 3.6601 7.136400e-01 2.855640e-01 6.737076e-04 999.0000 
 3.0000 7 # agb_3.00_Z0.00020000_Mdot2_eta0.40_Mc0.00_dMc0.00_Tbd6.40_L0.00_dL0.00_C0.00_Nr3.00_rates0_KOPv_KMOLv.dat 
0.0000e+00 4.0459 3.6368 3.00000 0.80494 0.2990 5.9080e+01 1 4.5920e-06 3.6368 7.042000e-01 2.956310e-01 1.364881e-04 -0.0759 
1.0873e+04 4.0958 3.6316 2.92583 0.80600 0.2990 6.8062e+01 1 8.2414e-06 3.6316 7.042000e-01 2.956310e-01 1.364881e-04 -0.0804 
2.4931e+04 4.1137 3.6273 2.79447 0.80705 0.6052 7.4330e+01 1 1.1535e-05 3.6273 7.040260e-01 2.957830e-01 1.578697e-04 -0.0894 
4.2378e+04 4.1371 3.6192 2.53394 0.80833 1.2427 8.6544e+01 1 2.0324e-05 3.6192 7.036762e-01 2.960860e-01 2.050495e-04 -0.0951 
6.3502e+04 4.1613 3.5941 1.67676 0.80983 2.3579 1.3416e+02 1 9.8628e-05 3.5941 7.029899e-01 2.966820e-01 2.946753e-04 -0.1250 
8.8110e+04 4.1869 3.6466 0.82245 0.81164 5.0055 3.2750e+02 0 6.4863e-05 3.6466 7.010498e-01 2.983850e-01 5.310907e-04 -0.1395 
8.8276e+04 4.3542 3.6677 0.81512 0.80992 31.4691 3.9745e+02 0 5.2723e-05 3.6677 5.907788e-01 3.910900e-01 1.796957e-02 999.0000 
 3.2000 7 # agb_3.20_Z0.00020000_Mdot2_eta0.40_Mc0.00_dMc0.00_Tbd6.40_L0.00_dL0.00_C0.00_Nr3.00_rates0_KOPv_KMOLv.dat 
0.0000e+00 4.0752 3.6384 3.20000 0.81763 0.2971 5.9594e+01 1 4.9545e-06 3.6384 6.922000e-01 3.075200e-01 1.363775e-04 -0.0766 
9.3176e+03 4.0962 3.6359 3.14732 0.81856 0.2971 6.3587e+01 1 6.4714e-06 3.6359 6.922000e-01 3.075200e-01 1.363775e-04 -0.0851 
2.0883e+04 4.1164 3.6325 3.06184 0.81941 0.5549 6.8648e+01 1 8.6896e-06 3.6325 6.920639e-01 3.076390e-01 1.539027e-04 -0.0886 
3.5517e+04 4.1376 3.6272 2.90656 0.82048 1.0701 7.6177e+01 1 1.2853e-05 3.6272 6.918056e-01 3.078600e-01 1.906010e-04 -0.0907 
5.2931e+04 4.1646 3.6172 2.58347 0.82171 1.9063 9.1408e+01 1 2.5177e-05 3.6172 6.913438e-01 3.082580e-01 2.543257e-04 -0.1076 
7.2755e+04 4.1900 3.5856 1.49568 0.82298 3.1971 3.3224e+02 0 6.1944e-05 3.5856 6.905108e-01 3.089870e-01 3.587621e-04 -0.1349 
9.3878e+04 4.2232 3.6644 0.83006 0.82448 7.0624 3.0067e+02 0 1.0233e-04 3.6644 6.879569e-01 3.111770e-01 7.204919e-04 999.0000 
 3.4000 8 # agb_3.40_Z0.00020000_Mdot2_eta0.40_Mc0.00_dMc0.00_Tbd6.40_L0.00_dL0.00_C0.00_Nr3.00_rates0_KOPv_KMOLv.dat 
0.0000e+00 4.1131 3.6390 3.40000 0.83664 0.2958 6.1675e+01 1 5.9156e-06 3.6390 6.835000e-01 3.163100e-01 1.362770e-04 -0.0821 
7.3688e+03 4.1539 3.6350 3.34239 0.83749 0.2958 6.9002e+01 1 9.4189e-06 3.6350 6.835000e-01 3.163100e-01 1.362770e-04 -0.0795 
1.6572e+04 4.1694 3.6319 3.25121 0.83825 0.5285 7.3677e+01 1 1.2106e-05 3.6319 6.833853e-01 3.164090e-01 1.517153e-04 -0.0813 
2.8089e+04 4.1889 3.6269 3.09059 0.83919 0.9830 8.1252e+01 1 1.7498e-05 3.6269 6.831719e-01 3.165910e-01 1.830827e-04 -0.0892 
4.1938e+04 4.2080 3.6185 2.78067 0.84026 1.7054 9.4422e+01 1 3.0339e-05 3.6185 6.827952e-01 3.169150e-01 2.358790e-04 -0.0974 
5.7905e+04 4.2288 3.5933 1.84091 0.84139 2.7592 1.4555e+02 1 1.1535e-04 3.5933 6.821396e-01 3.174890e-01 3.169488e-04 -0.1301 
7.6313e+04 4.2493 3.5756 1.11506 0.84274 5.3817 5.4007e+02 0 2.4155e-05 3.5756 6.804732e-01 3.189310e-01 5.400399e-04 -0.1572 
8.6671e+04 4.2515 3.6643 0.84771 0.84234 13.2928 3.1444e+02 0 8.8716e-05 3.6643 6.748759e-01 3.235640e-01 1.497645e-03 999.0000 
 3.6000 9 # agb_3.60_Z0.00020000_Mdot2_eta0.40_Mc0.00_dMc0.00_Tbd6.40_L0.00_dL0.00_C0.00_Nr3.00_rates0_KOPv_KMOLv.dat 
0.0000e+00 4.1357 3.6408 3.60000 0.84695 0.2945 6.1604e+01 1 6.1094e-06 3.6408 6.731000e-01 3.267000e-01 1.361434e-04 -0.0762 
6.5130e+03 4.1727 3.6371 3.54826 0.84776 0.2945 6.8226e+01 1 9.2897e-06 3.6371 6.731000e-01 3.267000e-01 1.361434e-04 -0.0825 
1.4504e+04 4.1891 3.6343 3.46839 0.84849 0.5029 7.2615e+01 1 1.1830e-05 3.6343 6.730036e-01 3.267830e-01 1.496006e-04 -0.0858 
2.4346e+04 4.2053 3.6304 3.33912 0.84934 0.9039 7.8454e+01 1 1.5849e-05 3.6304 6.728276e-01 3.269320e-01 1.763905e-04 -0.0879 
3.6077e+04 4.2183 3.6249 3.12656 0.85025 1.5222 8.6528e+01 1 2.2646e-05 3.6249 6.725288e-01 3.271870e-01 2.197873e-04 -0.0936 
4.9598e+04 4.2432 3.6139 2.72427 0.85125 2.3643 1.0530e+02 1 4.6452e-05 3.6139 6.720469e-01 3.276070e-01 2.815949e-04 -0.1105 
6.4764e+04 4.2619 3.5846 1.67581 0.85221 3.7256 3.5542e+02 0 5.8210e-05 3.5846 6.712319e-01 3.283170e-01 3.865041e-04 -0.1587 
8.2101e+04 4.2804 3.5749 1.06920 0.85356 7.5134 6.0522e+02 0 2.5942e-05 3.5749 6.690970e-01 3.301100e-01 7.266370e-04 -0.1212 
9.0085e+04 4.2789 3.6641 0.85821 0.85284 16.9864 3.3128e+02 0 7.6736e-05 3.6641 6.623321e-01 3.355090e-01 2.080904e-03 999.0000 
 3.8000 10 # agb_3.80_Z0.00020000_Mdot2_eta0.40_Mc0.00_dMc0.00_Tbd6.40_L0.00_dL0.00_C0.00_Nr3.00_rates0_KOPv_KMOLv.dat 
0.0000e+00 4.1680 3.6413 3.80000 0.86410 0.2944 6.3329e+01 1 7.0469e-06 3.6413 6.655000e-01 3.342910e-01 1.360222e-04 -0.0780 
5.2614e+03 4.1997 3.6383 3.75508 0.86481 0.2944 6.9042e+01 1 1.0069e-05 3.6383 6.655000e-01 3.342910e-01 1.360222e-04 -0.0801 
1.1644e+04 4.2116 3.6365 3.69092 0.86542 0.4722 7.2116e+01 1 1.2023e-05 3.6365 6.654238e-01 3.343560e-01 1.472044e-04 -0.0830 
1.9360e+04 4.2281 3.6329 3.59326 0.86612 0.8043 7.7372e+01 1 1.5560e-05 3.6329 6.652907e-01 3.344680e-01 1.686691e-04 -0.0855 
2.8551e+04 4.2453 3.6283 3.43883 0.86690 1.3053 8.4430e+01 1 2.1528e-05 3.6283 6.650732e-01 3.346510e-01 2.024142e-04 -0.0931 
3.9094e+04 4.2594 3.6223 3.19204 0.86769 1.9632 9.4041e+01 1 3.1915e-05 3.6223 6.647339e-01 3.349440e-01 2.485709e-04 -0.1026 
5.0929e+04 4.2803 3.6095 2.68591 0.86851 2.8151 1.1720e+02 1 7.0795e-05 3.6095 6.642219e-01 3.353950e-01 3.100691e-04 -0.1218 
6.4082e+04 4.2975 3.5815 1.69962 0.86930 4.3821 3.9035e+02 0 4.8417e-05 3.5815 6.633697e-01 3.361260e-01 4.308044e-04 -0.2011 
7.8957e+04 4.3105 3.5698 1.14706 0.87043 8.3484 6.3577e+02 0 2.7797e-05 3.5698 6.612885e-01 3.378430e-01 7.924966e-04 -0.1130 
8.8815e+04 4.3151 3.6651 0.87570 0.87052 16.3515 3.4957e+02 0 6.9343e-05 3.6651 6.560322e-01 3.419770e-01 1.905021e-03 999.0000 
 4.0000 11 # agb_4.00_Z0.00020000_Mdot2_eta0.40_Mc0.00_dMc0.00_Tbd6.40_L0.00_dL0.00_C0.00_Nr3.00_rates0_KOPv_KMOLv.dat 
0.0000e+00 4.2004 3.6419 4.00000 0.88236 0.2950 6.5189e+01 1 8.1846e-06 3.6419 6.587000e-01 3.410840e-01 1.359100e-04 -0.0752 
4.2194e+03 4.2292 3.6393 3.95895 0.88297 0.2950 7.0431e+01 1 1.1324e-05 3.6393 6.587000e-01 3.410840e-01 1.359100e-04 -0.0785 
9.2369e+03 4.2405 3.6376 3.90225 0.88349 0.4464 7.3307e+01 1 1.3305e-05 3.6376 6.586399e-01 3.411350e-01 1.452225e-04 -0.0795 
1.5183e+04 4.2533 3.6347 3.82210 0.88405 0.7239 7.7490e+01 1 1.6255e-05 3.6347 6.585381e-01 3.412190e-01 1.626671e-04 -0.0874 
2.2254e+04 4.2695 3.6310 3.70044 0.88469 1.1336 8.3393e+01 1 2.1380e-05 3.6310 6.583781e-01 3.413530e-01 1.893231e-04 -0.0917 
3.0423e+04 4.2849 3.6261 3.51222 0.88536 1.6601 9.1306e+01 1 2.9854e-05 3.6261 6.581366e-01 3.415590e-01 2.248748e-04 -0.0958 
3.9530e+04 4.3012 3.6186 3.20053 0.88603 2.3003 1.0418e+02 1 4.8306e-05 3.6186 6.577833e-01 3.418670e-01 2.693076e-04 -0.1100 
4.9675e+04 4.3157 3.6029 2.52489 0.88669 3.2367 1.3540e+02 1 1.2445e-04 3.6029 6.572622e-01 3.423210e-01 3.367811e-04 -0.1335 
6.1038e+04 4.3304 3.5787 1.71842 0.88738 5.0243 4.2644e+02 0 4.2073e-05 3.5787 6.563491e-01 3.430940e-01 4.760988e-04 -0.2640 
7.3526e+04 4.3403 3.5661 1.23506 0.88828 8.9337 6.5685e+02 0 2.9785e-05 3.5661 6.543615e-01 3.447150e-01 8.403888e-04 -0.1165 
8.5100e+04 4.3439 3.6661 0.89455 0.88929 15.5149 3.6229e+02 0 6.6374e-05 3.6661 6.502552e-01 3.479200e-01 1.732961e-03 999.0000 
 4.2000 12 # agb_4.20_Z0.00020000_Mdot2_eta0.40_Mc0.00_dMc0.00_Tbd6.40_L0.00_dL0.00_C0.00_Nr3.00_rates0_KOPv_KMOLv.dat 
0.0000e+00 4.2352 3.6421 4.20000 0.90328 0.2959 6.7694e+01 1 9.8628e-06 3.6421 6.532000e-01 3.466780e-01 1.358156e-04 -0.0758 
3.2720e+03 4.2898 3.6371 4.15122 0.90384 0.2959 7.8020e+01 1 1.7742e-05 3.6371 6.532000e-01 3.466780e-01 1.358156e-04 -0.0816 
7.0958e+03 4.2988 3.6357 4.08643 0.90429 0.4287 8.0802e+01 1 2.0417e-05 3.6357 6.531512e-01 3.467190e-01 1.438132e-04 -0.0838 
1.1667e+04 4.3086 3.6329 3.99510 0.90479 0.6683 8.4913e+01 1 2.4434e-05 3.6329 6.530700e-01 3.467860e-01 1.584952e-04 -0.0887 
1.7010e+04 4.3189 3.6298 3.86595 0.90533 1.0185 9.0068e+01 1 3.0339e-05 3.6298 6.529443e-01 3.468890e-01 1.805738e-04 -0.0891 
2.3178e+04 4.3311 3.6252 3.67316 0.90590 1.4618 9.7763e+01 1 4.0832e-05 3.6252 6.527581e-01 3.470470e-01 2.094360e-04 -0.1001 
3.0201e+04 4.3434 3.6186 3.36053 0.90650 1.9908 1.0979e+02 1 6.2373e-05 3.6186 6.524877e-01 3.472820e-01 2.448065e-04 -0.1097 
3.8085e+04 4.3550 3.6052 2.72356 0.90711 2.7049 1.3775e+02 1 1.4256e-04 3.6052 6.520899e-01 3.476300e-01 2.939600e-04 -0.1285 
4.6971e+04 4.3646 3.5840 1.93805 0.90771 4.0132 1.9472e+02 1 5.5081e-05 3.5840 6.514097e-01 3.482140e-01 3.895907e-04 -0.2393 
5.6854e+04 4.3690 3.5691 1.49695 0.90836 6.8125 5.7386e+02 0 3.1842e-05 3.5691 6.499994e-01 3.493900e-01 6.227176e-04 -0.1370 
6.6962e+04 4.3778 3.5671 1.16102 0.90915 11.3602 7.4899e+02 0 3.2509e-05 3.5671 6.474977e-01 3.514010e-01 1.109405e-03 -0.0664 
7.4954e+04 4.3821 3.6667 0.91501 0.90977 17.5405 3.8481e+02 0 6.1094e-05 3.6667 6.429659e-01 3.549040e-01 2.124474e-03 999.0000 
 4.4000 14 # agb_4.40_Z0.00020000_Mdot2_eta0.40_Mc0.00_dMc0.00_Tbd6.40_L0.00_dL0.00_C0.00_Nr3.00_rates0_KOPv_KMOLv.dat 
0.0000e+00 4.2720 3.6418 4.40000 0.92666 0.2994 7.0846e+01 1 1.2190e-05 3.6418 6.482000e-01 3.516740e-01 1.357428e-04 -0.0791 
2.4726e+03 4.3202 3.6376 4.35660 0.92712 0.2994 8.0190e+01 1 2.0417e-05 3.6376 6.482000e-01 3.516740e-01 1.357428e-04 -0.0806 
5.2935e+03 4.3303 3.6362 4.30027 0.92747 0.4083 8.3107e+01 1 2.3605e-05 3.6362 6.481635e-01 3.517040e-01 1.421876e-04 -0.0803 
8.6227e+03 4.3370 3.6341 4.22508 0.92786 0.6021 8.6217e+01 1 2.6853e-05 3.6341 6.481045e-01 3.517510e-01 1.538077e-04 -0.0872 
1.2442e+04 4.3488 3.6313 4.12190 0.92827 0.8809 9.1031e+01 1 3.2961e-05 3.6313 6.480169e-01 3.518220e-01 1.709043e-04 -0.0901 
1.6850e+04 4.3582 3.6282 3.97762 0.92871 1.2325 9.6486e+01 1 4.0832e-05 3.6282 6.478912e-01 3.519250e-01 1.930679e-04 -0.0928 
2.1869e+04 4.3713 3.6234 3.75999 0.92918 1.6381 1.0530e+02 1 5.6364e-05 3.6234 6.477160e-01 3.520740e-01 2.193199e-04 -0.0984 
2.7476e+04 4.3825 3.6164 3.40908 0.92966 2.1056 1.1902e+02 1 8.8105e-05 3.6164 6.474718e-01 3.522870e-01 2.502819e-04 -0.1122 
3.3736e+04 4.3975 3.6005 2.66694 0.93015 2.7544 1.5573e+02 1 1.6982e-04 3.6005 6.471217e-01 3.525920e-01 2.950719e-04 -0.1438 
4.0878e+04 4.3981 3.5844 2.04393 0.93065 3.9832 2.0096e+02 1 5.6105e-05 3.5844 6.464949e-01 3.531300e-01 3.837803e-04 -0.2182 
4.8664e+04 4.3989 3.5713 1.66748 0.93111 6.2984 5.4550e+02 0 3.4119e-05 3.5713 6.453404e-01 3.540950e-01 5.714357e-04 -0.1399 
5.6710e+04 4.4045 3.5629 1.37507 0.93164 9.7403 7.0875e+02 0 3.4514e-05 3.5629 6.435212e-01 3.555720e-01 9.116377e-04 -0.1013 
6.4494e+04 4.4056 3.5710 1.11615 0.93234 14.0308 7.9705e+02 0 3.4674e-05 3.5710 6.408350e-01 3.576820e-01 1.481507e-03 0.3021 
6.9942e+04 4.4093 3.6667 0.93808 0.93277 19.1594 3.9987e+02 0 5.8884e-05 3.6667 6.363619e-01 3.610860e-01 2.532541e-03 999.0000 
 4.6000 15 # agb_4.60_Z0.00020000_Mdot2_eta0.40_Mc0.00_dMc0.00_Tbd6.40_L0.00_dL0.00_C0.00_Nr3.00_rates0_KOPv_KMOLv.dat 
0.0000e+00 4.3348 3.6394 4.60000 0.94985 0.3035 7.9049e+01 1 1.9724e-05 3.6394 6.440000e-01 3.558700e-01 1.356511e-04 -0.0792 
1.8593e+03 4.3783 3.6354 4.54995 0.95024 0.3035 8.8657e+01 1 3.1623e-05 3.6354 6.440000e-01 3.558700e-01 1.356511e-04 -0.0831 
3.9840e+03 4.3870 3.6340 4.48507 0.95055 0.3989 9.1657e+01 1 3.6224e-05 3.6340 6.439710e-01 3.558930e-01 1.411949e-04 -0.0846 
6.4114e+03 4.3974 3.6317 4.39883 0.95087 0.5660 9.6005e+01 1 4.2954e-05 3.6317 6.439252e-01 3.559290e-01 1.510545e-04 -0.0838 
9.2532e+03 4.4135 3.6283 4.27067 0.95122 0.8012 1.0291e+02 1 5.5976e-05 3.6283 6.438590e-01 3.559810e-01 1.655814e-04 -0.0893 
1.2519e+04 4.4336 3.6231 4.06686 0.95160 1.0204 1.1370e+02 1 8.0910e-05 3.6231 6.437653e-01 3.560540e-01 1.853473e-04 -0.0993 
1.6277e+04 4.4470 3.6173 3.73351 0.95200 0.8798 1.2696e+02 1 1.2331e-04 3.6173 6.436262e-01 3.561660e-01 2.125676e-04 -0.1057 
2.0609e+04 4.4549 3.6085 3.12309 0.95244 0.3282 1.5051e+02 1 1.9409e-04 3.6085 6.434143e-01 3.563420e-01 2.483287e-04 -0.1311 
2.5664e+04 4.4484 3.5971 2.43933 0.95291 0.3851 1.8336e+02 1 9.9770e-05 3.5971 6.430661e-01 3.566420e-01 2.964378e-04 -0.1696 
3.1426e+04 4.4358 3.5839 2.02586 0.95334 1.7217 4.4422e+02 0 4.8978e-05 3.5839 6.424273e-01 3.571950e-01 3.821729e-04 -0.1497 
3.7599e+04 4.4336 3.5703 1.72978 0.95371 3.8889 5.7576e+02 0 3.6983e-05 3.5703 6.413949e-01 3.580700e-01 5.377529e-04 -0.1196 
4.3883e+04 4.4354 3.5595 1.49058 0.95410 6.8402 7.2759e+02 0 3.7068e-05 3.5595 6.399142e-01 3.592970e-01 7.903065e-04 -0.0980 
5.0078e+04 4.4397 3.5568 1.26821 0.95462 10.3963 8.7067e+02 0 3.7497e-05 3.5568 6.379037e-01 3.609180e-01 1.175716e-03 -0.0463 
5.6062e+04 4.4407 3.5813 1.05430 0.95539 14.4717 8.2759e+02 0 3.7584e-05 3.5813 6.350634e-01 3.631460e-01 1.778619e-03 0.1487 
5.8810e+04 4.4417 3.6659 0.96042 0.95533 19.9434 4.2375e+02 0 5.5208e-05 3.6659 6.293743e-01 3.674950e-01 3.091101e-03 999.0000 
 4.8000 19 # agb_4.80_Z0.00020000_Mdot2_eta0.40_Mc0.00_dMc0.00_Tbd6.40_L0.00_dL0.00_C0.00_Nr3.00_rates0_KOPv_KMOLv.dat 
0.0000e+00 4.3857 3.6378 4.80000 0.98201 0.3059 8.5934e+01 1 2.8510e-05 3.6378 6.414000e-01 3.583660e-01 1.356493e-04 -0.0759 
1.2738e+03 4.3991 3.6364 4.76203 0.98229 0.3059 8.9362e+01 1 3.3420e-05 3.6364 6.414001e-01 3.583660e-01 1.356499e-04 -0.0806 
2.6863e+03 4.4057 3.6354 4.71591 0.98250 0.3810 9.1566e+01 1 3.6898e-05 3.6354 6.413801e-01 3.583810e-01 1.399536e-04 -0.0798 
4.2860e+03 4.4174 3.6334 4.65544 0.98272 0.5099 9.5533e+01 1 4.3451e-05 3.6334 6.413501e-01 3.584040e-01 1.474275e-04 -0.0829 
6.0940e+03 4.4321 3.6312 4.57309 0.98294 0.6901 1.0063e+02 1 5.3456e-05 3.6312 6.413088e-01 3.584340e-01 1.582780e-04 -0.0901 
8.1446e+03 4.4548 3.6266 4.44783 0.98317 0.8701 1.1006e+02 1 7.4131e-05 3.6266 6.412539e-01 3.584750e-01 1.727135e-04 -0.0944 
1.0469e+04 4.4760 3.6220 4.25126 0.98342 0.7872 1.2104e+02 1 1.0691e-04 3.6220 6.411775e-01 3.585310e-01 1.923336e-04 -0.0949 
1.3074e+04 4.4887 3.6181 3.95029 0.98368 0.3191 1.3242e+02 1 1.5453e-04 3.6181 6.410678e-01 3.586160e-01 2.174546e-04 -0.1048 
1.6092e+04 4.4946 3.6115 3.45244 0.98398 0.1056 1.5044e+02 1 2.1232e-04 3.6115 6.409115e-01 3.587460e-01 2.436439e-04 -0.1298 
1.9542e+04 4.4964 3.6029 2.84153 0.98430 0.1100 1.7755e+02 1 1.5101e-04 3.6029 6.406747e-01 3.589510e-01 2.749064e-04 -0.1366 
2.3496e+04 4.4853 3.5957 2.41943 0.98462 0.1650 1.9900e+02 1 7.9799e-05 3.5957 6.402922e-01 3.592790e-01 3.293058e-04 -0.1349 
2.7786e+04 4.4756 3.5845 2.12104 0.98489 1.2083 4.6356e+02 0 4.8978e-05 3.5845 6.397141e-01 3.597740e-01 4.124834e-04 -0.1286 
3.2299e+04 4.4695 3.5733 1.89791 0.98513 3.0736 5.5838e+02 0 4.0087e-05 3.5733 6.389086e-01 3.604570e-01 5.343018e-04 -0.1192 
3.6834e+04 4.4696 3.5631 1.70943 0.98536 5.3511 6.7249e+02 0 4.0087e-05 3.5631 6.378742e-01 3.613180e-01 7.058971e-04 -0.1128 
4.1361e+04 4.4703 3.5554 1.53186 0.98564 7.9277 7.9660e+02 0 4.0179e-05 3.5554 6.365996e-01 3.623590e-01 9.373417e-04 -0.0854 
4.5841e+04 4.4737 3.5525 1.35775 0.98604 10.7076 9.1780e+02 0 4.0551e-05 3.5525 6.350422e-01 3.636050e-01 1.244883e-03 -0.0323 
5.0143e+04 4.4745 3.5605 1.19028 0.98659 13.6467 9.6414e+02 0 4.0551e-05 3.5605 6.330857e-01 3.651390e-01 1.661398e-03 0.0966 
5.4236e+04 4.4754 3.6099 1.03053 0.98735 16.8012 7.0697e+02 0 4.0644e-05 3.6099 6.304134e-01 3.671930e-01 2.267262e-03 0.3298 
5.5311e+04 4.4668 3.6611 0.99267 0.98712 21.9696 4.5391e+02 0 5.0234e-05 3.6611 6.233135e-01 3.725560e-01 3.959356e-03 999.0000 
 5.0000 33 # agb_5.00_Z0.00020000_Mdot2_eta0.40_Mc0.00_dMc0.00_Tbd6.40_L0.00_dL0.00_C0.00_Nr3.00_rates0_KOPv_KMOLv.dat 
0.0000e+00 4.3875 3.6398 5.00000 1.05089 0.3041 8.3237e+01 1 2.5293e-05 3.6398 6.456000e-01 3.542630e-01 1.355815e-04 -0.0952 
6.0776e+02 4.4184 3.6373 4.97958 1.05103 0.3041 8.9887e+01 1 3.4914e-05 3.6373 6.456000e-01 3.542630e-01 1.355816e-04 -0.0790 
1.2535e+03 4.4222 3.6367 4.95623 1.05113 0.3496 9.1119e+01 1 3.6898e-05 3.6367 6.455909e-01 3.542700e-01 1.381501e-04 -0.0953 
1.9507e+03 4.4278 3.6359 4.92916 1.05123 0.4262 9.2842e+01 1 3.9811e-05 3.6359 6.455779e-01 3.542790e-01 1.424904e-04 -0.0953 
2.7061e+03 4.4347 3.6345 4.89717 1.05132 0.5331 9.5311e+01 1 4.3652e-05 3.6345 6.455610e-01 3.542890e-01 1.486056e-04 -0.0946 
3.5326e+03 4.4420 3.6335 4.85865 1.05141 0.6665 9.7685e+01 1 4.8195e-05 3.6335 6.455400e-01 3.543030e-01 1.563311e-04 -0.1005 
4.4173e+03 4.4484 3.6319 4.81335 1.05149 0.8204 1.0052e+02 1 5.3211e-05 3.6319 6.455147e-01 3.543190e-01 1.653945e-04 -0.0969 
5.3721e+03 4.4621 3.6296 4.75577 1.05158 0.9869 1.0545e+02 1 6.3680e-05 3.6296 6.454854e-01 3.543380e-01 1.755177e-04 -0.1047 
6.3946e+03 4.4783 3.6271 4.68033 1.05167 1.1514 1.1152e+02 1 7.9250e-05 3.6271 6.454515e-01 3.543610e-01 1.866790e-04 -0.0953 
7.4977e+03 4.4896 3.6244 4.58309 1.05177 1.2790 1.1739e+02 1 9.5499e-05 3.6244 6.454116e-01 3.543880e-01 1.989928e-04 -0.1149 
8.6827e+03 4.5106 3.6205 4.44465 1.05187 1.2301 1.2752e+02 1 1.3092e-04 3.6205 6.453635e-01 3.544220e-01 2.135355e-04 -0.1146 
9.9521e+03 4.5205 3.6178 4.26217 1.05197 0.9391 1.3525e+02 1 1.6634e-04 3.6178 6.453035e-01 3.544640e-01 2.307631e-04 -0.1203 
1.1350e+04 4.5256 3.6148 4.01224 1.05209 0.5125 1.4396e+02 1 2.1380e-04 3.6148 6.452287e-01 3.545200e-01 2.500070e-04 -0.1030 
1.2865e+04 4.5300 3.6119 3.69129 1.05221 0.2208 1.5461e+02 1 2.3067e-04 3.6119 6.451347e-01 3.545940e-01 2.697001e-04 -0.1575 
1.4517e+04 4.5307 3.6069 3.32891 1.05234 0.1472 1.6935e+02 1 2.3121e-04 3.6069 6.450126e-01 3.546960e-01 2.901777e-04 -0.1640 
1.6336e+04 4.5270 3.6022 2.99339 1.05247 0.1509 1.8372e+02 1 1.4521e-04 3.6022 6.448500e-01 3.548340e-01 3.142523e-04 -0.1819 
1.8311e+04 4.5237 3.5992 2.74365 1.05259 0.1841 1.9523e+02 1 1.0328e-04 3.5992 6.446345e-01 3.550170e-01 3.465149e-04 -0.1498 
2.0372e+04 4.5224 3.5949 2.54986 1.05269 0.2566 2.0860e+02 1 7.7625e-05 3.5949 6.443614e-01 3.552480e-01 3.885552e-04 -0.1419 
2.2530e+04 4.5217 3.5916 2.38957 1.05279 0.4153 2.2061e+02 1 6.3096e-05 3.5916 6.440291e-01 3.555270e-01 4.410423e-04 -0.0645 
2.4743e+04 4.5221 3.5868 2.25979 1.05288 0.7579 2.3526e+02 1 5.1642e-05 3.5868 6.436371e-01 3.558550e-01 5.042432e-04 -0.1339 
2.6977e+04 4.5202 3.5790 2.15132 1.05296 1.5396 5.3137e+02 0 4.5082e-05 3.5790 6.431894e-01 3.562300e-01 5.763174e-04 -0.1206 
2.9231e+04 4.5169 3.5730 2.04847 1.05304 2.6630 5.8122e+02 0 4.4771e-05 3.5730 6.426886e-01 3.566490e-01 6.575874e-04 -0.1151 
3.1512e+04 4.5162 3.5663 1.94701 1.05314 3.9021 6.4482e+02 0 4.4668e-05 3.5663 6.421319e-01 3.571110e-01 7.512646e-04 -0.1240 
3.3794e+04 4.5152 3.5608 1.84696 1.05324 5.2070 7.0874e+02 0 4.4566e-05 3.5608 6.415147e-01 3.576190e-01 8.596448e-04 -0.1082 
3.6042e+04 4.5155 3.5555 1.74851 1.05335 6.5624 7.8123e+02 0 4.4566e-05 3.5555 6.408343e-01 3.581730e-01 9.843191e-04 -0.0942 
3.8290e+04 4.5170 3.5557 1.64969 1.05350 7.9603 8.2426e+02 0 4.4771e-05 3.5557 6.400822e-01 3.587800e-01 1.127952e-03 -0.0718 
4.0507e+04 4.5197 3.5485 1.55178 1.05368 9.3923 9.3492e+02 0 4.5082e-05 3.5485 6.392469e-01 3.594460e-01 1.293803e-03 -0.0547 
4.2688e+04 4.5200 3.5520 1.45536 1.05390 10.8516 9.6084e+02 0 4.5082e-05 3.5520 6.383123e-01 3.601850e-01 1.486332e-03 0.0502 
4.4818e+04 4.5202 3.5497 1.36116 1.05418 12.3214 1.0422e+03 0 4.5082e-05 3.5497 6.372638e-01 3.610050e-01 1.709816e-03 0.1423 
4.6887e+04 4.5206 3.5596 1.26961 1.05451 13.8045 1.0163e+03 0 4.5186e-05 3.5596 6.360662e-01 3.619340e-01 1.972880e-03 0.2403 
4.8890e+04 4.5211 3.5763 1.18094 1.05492 15.3303 9.3492e+02 0 4.5186e-05 3.5763 6.346427e-01 3.630270e-01 2.294041e-03 0.4146 
5.0823e+04 4.5216 3.6069 1.09528 1.05541 17.0139 7.6227e+02 0 4.5186e-05 3.6069 6.327645e-01 3.644580e-01 2.727581e-03 0.9828 
5.1626e+04 4.5224 3.6695 1.06055 1.05545 19.6408 4.4958e+02 0 5.8210e-05 3.6695 6.288351e-01 3.674290e-01 3.650456e-03 999.0000 
