# age(yr) logL logTe m_act mcore c/o period ip Mdot(Msun/yr) logTe X Y CNO dlogTe/dlogL 
 0.5400 3 # agb_0.540_Z0.00010000_Mdot2_eta0.40_Mc0.00_dMc0.00_Tbd6.40_L0.00_dL0.00_C0.00_Nr3.00_rates0_KOPv_KMOLv.dat 
0.0000e+00 2.8778 3.6734 0.54000 0.50486 0.5395 1.2772e+01 1 9.8175e-09 3.6734 7.561000e-01 2.438450e-01 6.449575e-05 -0.0512 
2.9895e+05 3.0399 3.6673 0.53105 0.50654 0.5395 1.8110e+01 1 5.0933e-08 3.6673 7.561000e-01 2.438450e-01 6.449575e-05 -0.0520 
6.7750e+05 3.0973 3.6772 0.51466 0.50912 0.5395 1.9021e+01 1 9.3541e-08 3.6772 7.561000e-01 2.438450e-01 6.449575e-05 999.0000 
 0.5600 3 # agb_0.560_Z0.00010000_Mdot2_eta0.40_Mc0.00_dMc0.00_Tbd6.40_L0.00_dL0.00_C0.00_Nr3.00_rates0_KOPv_KMOLv.dat 
0.0000e+00 3.0106 3.6640 0.56000 0.50776 0.4007 1.7124e+01 1 3.3037e-08 3.6640 7.552000e-01 2.446910e-01 6.531050e-05 -0.0550 
2.9100e+05 3.0997 3.6615 0.54511 0.50971 0.4007 2.0811e+01 1 8.6099e-08 3.6615 7.552000e-01 2.446910e-01 6.531050e-05 -0.0542 
6.5694e+05 3.1596 3.6757 0.51769 0.51266 0.4007 2.1477e+01 1 1.6866e-07 3.6757 7.552000e-01 2.446910e-01 6.531050e-05 999.0000 
 0.5700 4 # agb_0.570_Z0.00010000_Mdot2_eta0.40_Mc0.00_dMc0.00_Tbd6.40_L0.00_dL0.00_C0.00_Nr3.00_rates0_KOPv_KMOLv.dat 
0.0000e+00 2.9181 3.6680 0.57000 0.50597 0.4053 1.3907e+01 1 1.2560e-08 3.6680 7.553000e-01 2.446210e-01 6.522680e-05 -0.0537 
2.9619e+05 3.0364 3.6622 0.56235 0.50766 0.4053 1.8147e+01 1 4.2267e-08 3.6622 7.553000e-01 2.446210e-01 6.522680e-05 -0.0538 
6.9311e+05 3.0746 3.6628 0.54683 0.51050 0.4053 1.9658e+01 1 6.6527e-08 3.6628 7.553000e-01 2.446210e-01 6.522680e-05 -0.0533 
1.1257e+06 3.1338 3.6761 0.51978 0.51423 0.4053 2.0398e+01 1 1.2972e-07 3.6761 7.553000e-01 2.446210e-01 6.522680e-05 999.0000 
 0.5800 5 # agb_0.580_Z0.00010000_Mdot2_eta0.40_Mc0.00_dMc0.00_Tbd6.40_L0.00_dL0.00_C0.00_Nr3.00_rates0_KOPv_KMOLv.dat 
0.0000e+00 2.9350 3.6665 0.58000 0.50659 0.3897 1.4374e+01 1 1.4093e-08 3.6665 7.549000e-01 2.450080e-01 6.530881e-05 -0.0544 
2.8778e+05 3.0457 3.6608 0.57335 0.50819 0.3897 1.8470e+01 1 4.3752e-08 3.6608 7.549000e-01 2.450080e-01 6.530881e-05 -0.0544 
6.9460e+05 3.0551 3.6622 0.55886 0.51112 0.3897 1.8831e+01 1 5.1523e-08 3.6622 7.549000e-01 2.450080e-01 6.530881e-05 -0.0543 
1.1509e+06 3.1049 3.6677 0.53176 0.51518 0.3897 2.0325e+01 1 9.4842e-08 3.6677 7.549000e-01 2.450080e-01 6.530881e-05 -0.0541 
1.3762e+06 3.0992 3.6786 0.52135 0.51628 0.3897 1.8763e+01 1 9.0782e-08 3.6786 7.549000e-01 2.450080e-01 6.530881e-05 999.0000 
 0.5900 4 # agb_0.590_Z0.00010000_Mdot2_eta0.40_Mc0.00_dMc0.00_Tbd6.40_L0.00_dL0.00_C0.00_Nr3.00_rates0_KOPv_KMOLv.dat 
0.0000e+00 3.0610 3.6592 0.59000 0.50986 0.3528 1.8942e+01 1 4.6774e-08 3.6592 7.526000e-01 2.472300e-01 6.554918e-05 -0.0575 
2.8217e+05 3.1052 3.6575 0.57756 0.51177 0.3528 2.1011e+01 1 7.7268e-08 3.6575 7.526000e-01 2.472300e-01 6.554918e-05 -0.0560 
6.8028e+05 3.1288 3.6608 0.54942 0.51527 0.3528 2.1976e+01 1 1.1169e-07 3.6608 7.526000e-01 2.472300e-01 6.554918e-05 -0.0555 
1.0000e+06 3.1870 3.6750 0.52307 0.51794 0.3528 2.2582e+01 1 2.1380e-07 3.6750 7.526000e-01 2.472300e-01 6.554918e-05 999.0000 
 0.6000 5 # agb_0.600_Z0.00010000_Mdot2_eta0.40_Mc0.00_dMc0.00_Tbd6.40_L0.00_dL0.00_C0.00_Nr3.00_rates0_KOPv_KMOLv.dat 
0.0000e+00 2.9331 3.6659 0.60000 0.50730 0.3810 1.4149e+01 1 1.2503e-08 3.6659 7.543000e-01 2.456070e-01 6.538619e-05 -0.0552 
2.9142e+05 3.0284 3.6607 0.59400 0.50894 0.3810 1.7586e+01 1 3.3189e-08 3.6607 7.543000e-01 2.456070e-01 6.538619e-05 -0.0546 
6.8196e+05 3.0607 3.6598 0.58228 0.51168 0.3810 1.8965e+01 1 4.8529e-08 3.6598 7.543000e-01 2.456070e-01 6.538619e-05 -0.0551 
1.1366e+06 3.1019 3.6604 0.55962 0.51568 0.3810 2.0784e+01 1 8.1470e-08 3.6604 7.543000e-01 2.456070e-01 6.538619e-05 -0.0552 
1.5485e+06 3.1606 3.6754 0.52525 0.51972 0.3810 2.1418e+01 1 1.6331e-07 3.6754 7.543000e-01 2.456070e-01 6.538619e-05 999.0000 
 0.6200 5 # agb_0.62_Z0.00010000_Mdot2_eta0.40_Mc0.00_dMc0.00_Tbd6.40_L0.00_dL0.00_C0.00_Nr3.00_rates0_KOPv_KMOLv.dat 
0.0000e+00 2.9563 3.6643 0.62000 0.50893 0.3776 1.4686e+01 1 1.4256e-08 3.6643 7.536000e-01 2.463040e-01 6.544222e-05 -0.0557 
2.8799e+05 3.0386 3.6597 0.61371 0.51063 0.3776 1.7748e+01 1 3.3266e-08 3.6597 7.536000e-01 2.463040e-01 6.544222e-05 -0.0559 
6.7590e+05 3.0708 3.6585 0.60093 0.51352 0.3776 1.9194e+01 1 4.8753e-08 3.6585 7.536000e-01 2.463040e-01 6.544222e-05 -0.0561 
1.1254e+06 3.1139 3.6581 0.57578 0.51774 0.3776 2.1286e+01 1 8.4528e-08 3.6581 7.536000e-01 2.463040e-01 6.544222e-05 -0.0565 
1.5751e+06 3.1662 3.6759 0.52804 0.52281 0.3776 2.1491e+01 1 1.6904e-07 3.6759 7.536000e-01 2.463040e-01 6.544222e-05 999.0000 
 0.6500 5 # agb_0.65_Z0.00010000_Mdot2_eta0.40_Mc0.00_dMc0.00_Tbd6.40_L0.00_dL0.00_C0.00_Nr3.00_rates0_KOPv_KMOLv.dat 
0.0000e+00 2.9939 3.6620 0.65000 0.51141 0.3821 1.5618e+01 1 1.7906e-08 3.6620 7.530000e-01 2.469400e-01 6.544544e-05 -0.0572 
2.7939e+05 3.1243 3.6542 0.63807 0.51344 0.3821 2.1191e+01 1 6.9343e-08 3.6542 7.530000e-01 2.469400e-01 6.544544e-05 -0.0573 
6.6742e+05 3.1657 3.6527 0.61029 0.51711 0.3821 2.3649e+01 1 1.1967e-07 3.6527 7.530000e-01 2.469400e-01 6.544544e-05 -0.0579 
1.1147e+06 3.2092 3.6597 0.54623 0.52258 0.3821 2.5734e+01 1 2.4831e-07 3.6597 7.530000e-01 2.469400e-01 6.544544e-05 -0.0576 
1.2912e+06 3.1667 3.6755 0.52902 0.52351 0.3821 2.1560e+01 1 1.6904e-07 3.6755 7.530000e-01 2.469400e-01 6.544544e-05 999.0000 
 0.6600 7 # agb_0.66_Z0.00010000_Mdot2_eta0.40_Mc0.00_dMc0.00_Tbd6.40_L0.00_dL0.00_C0.00_Nr3.00_rates0_KOPv_KMOLv.dat 
0.0000e+00 2.9937 3.6620 0.66000 0.51214 0.3869 1.5486e+01 1 1.7022e-08 3.6620 7.529000e-01 2.469570e-01 6.542367e-05 -0.0567 
2.7164e+05 3.0420 3.6593 0.65560 0.51371 0.3869 1.7311e+01 1 2.8054e-08 3.6593 7.529000e-01 2.469570e-01 6.542367e-05 -0.0559 
6.4876e+05 3.0550 3.6588 0.64669 0.51645 0.3869 1.7918e+01 1 3.3266e-08 3.6588 7.529000e-01 2.469570e-01 6.542367e-05 -0.0565 
1.0723e+06 3.1090 3.6561 0.63014 0.52026 0.3869 2.0454e+01 1 6.1518e-08 3.6561 7.529000e-01 2.469570e-01 6.542367e-05 -0.0572 
1.5174e+06 3.1464 3.6557 0.59856 0.52515 0.3869 2.2557e+01 1 1.0399e-07 3.6557 7.529000e-01 2.469570e-01 6.542367e-05 -0.0577 
1.9468e+06 3.1850 3.6743 0.53676 0.53064 0.3869 2.2323e+01 1 1.9409e-07 3.6743 7.529000e-01 2.469570e-01 6.542367e-05 -0.0568 
1.9474e+06 3.5474 3.6608 0.53669 0.53065 0.3869 1.0163e+02 0 6.8707e-06 3.6608 7.529000e-01 2.469570e-01 6.542367e-05 999.0000 
 0.6800 3 # agb_0.68_Z0.00010000_Mdot2_eta0.40_Mc0.00_dMc0.00_Tbd6.40_L0.00_dL0.00_C0.00_Nr3.00_rates0_KOPv_KMOLv.dat 
0.0000e+00 3.1207 3.6546 0.68000 0.51498 0.3922 2.0323e+01 1 5.4828e-08 3.6546 7.515000e-01 2.484620e-01 6.533845e-05 -0.0603 
2.7275e+05 3.2878 3.6446 0.61585 0.51806 0.3922 3.1237e+01 1 3.9264e-07 3.6446 7.515000e-01 2.484620e-01 6.533845e-05 -0.0609 
5.5450e+05 3.3572 3.6679 0.52670 0.52135 0.3922 3.2387e+01 1 1.1220e-06 3.6679 7.515000e-01 2.484620e-01 6.533845e-05 999.0000 
 0.7000 5 # agb_0.70_Z0.00010000_Mdot2_eta0.40_Mc0.00_dMc0.00_Tbd6.40_L0.00_dL0.00_C0.00_Nr3.00_rates0_KOPv_KMOLv.dat 
0.0000e+00 3.0480 3.6595 0.70000 0.51620 0.4011 1.6907e+01 1 2.4266e-08 3.6595 7.524000e-01 2.475110e-01 6.533765e-05 -0.0579 
2.6744e+05 3.1245 3.6547 0.69001 0.51823 0.4011 2.0295e+01 1 5.4325e-08 3.6547 7.524000e-01 2.475110e-01 6.533765e-05 -0.0576 
6.3264e+05 3.1705 3.6519 0.66821 0.52179 0.4011 2.2907e+01 1 9.4842e-08 3.6519 7.524000e-01 2.475110e-01 6.533765e-05 -0.0589 
1.0568e+06 3.2163 3.6505 0.61876 0.52718 0.4011 2.6171e+01 1 1.8880e-07 3.6505 7.524000e-01 2.475110e-01 6.533765e-05 -0.0596 
1.4083e+06 3.2843 3.6719 0.53719 0.53203 0.4011 2.7240e+01 1 5.1168e-07 3.6719 7.524000e-01 2.475110e-01 6.533765e-05 999.0000 
 0.7200 5 # agb_0.72_Z0.00010000_Mdot2_eta0.40_Mc0.00_dMc0.00_Tbd6.40_L0.00_dL0.00_C0.00_Nr3.00_rates0_KOPv_KMOLv.dat 
0.0000e+00 3.1636 3.6527 0.72000 0.51927 0.4082 2.1644e+01 1 7.0146e-08 3.6527 7.511000e-01 2.487200e-01 6.526944e-05 -0.0614 
2.5335e+05 3.1852 3.6513 0.70657 0.52143 0.4082 2.2963e+01 1 9.2257e-08 3.6513 7.511000e-01 2.487200e-01 6.526944e-05 -0.0584 
6.2161e+05 3.2100 3.6497 0.67355 0.52559 0.4082 2.4918e+01 1 1.3709e-07 3.6497 7.511000e-01 2.487200e-01 6.526944e-05 -0.0599 
1.0306e+06 3.2582 3.6496 0.59970 0.53149 0.4082 2.8910e+01 1 3.1333e-07 3.6496 7.511000e-01 2.487200e-01 6.526944e-05 -0.0612 
1.2754e+06 3.3007 3.6709 0.53984 0.53435 0.4082 2.8205e+01 1 5.9293e-07 3.6709 7.511000e-01 2.487200e-01 6.526944e-05 999.0000 
 0.7500 3 # agb_0.75_Z0.00010000_Mdot2_eta0.40_Mc0.00_dMc0.00_Tbd6.40_L0.00_dL0.00_C0.00_Nr3.00_rates0_KOPv_KMOLv.dat 
0.0000e+00 3.1868 3.6519 0.75000 0.52212 0.4171 2.2247e+01 1 7.7625e-08 3.6519 7.511000e-01 2.488570e-01 6.524875e-05 -0.0619 
2.5173e+05 3.3319 3.6413 0.68402 0.52533 0.4171 3.2872e+01 1 4.4157e-07 3.6413 7.511000e-01 2.488570e-01 6.524875e-05 -0.0621 
5.4359e+05 3.4102 3.6674 0.53475 0.52975 0.4171 3.5532e+01 1 1.7906e-06 3.6674 7.511000e-01 2.488570e-01 6.524875e-05 999.0000 
 0.7600 5 # agb_0.76_Z0.00010000_Mdot2_eta0.40_Mc0.00_dMc0.00_Tbd6.40_L0.00_dL0.00_C0.00_Nr3.00_rates0_KOPv_KMOLv.dat 
0.0000e+00 3.1848 3.6523 0.76000 0.52310 0.4203 2.1955e+01 1 7.2946e-08 3.6523 7.511000e-01 2.487690e-01 6.526523e-05 -0.0614 
2.4721e+05 3.2243 3.6496 0.74123 0.52553 0.4203 2.4388e+01 1 1.1695e-07 3.6496 7.511000e-01 2.487690e-01 6.526523e-05 -0.0595 
6.0024e+05 3.2715 3.6461 0.69179 0.53019 0.4203 2.8258e+01 1 2.3227e-07 3.6461 7.511000e-01 2.487690e-01 6.526523e-05 -0.0611 
9.9507e+05 3.3179 3.6554 0.55975 0.53691 0.4203 3.1997e+01 1 6.7298e-07 3.6554 7.511000e-01 2.487690e-01 6.526523e-05 -0.0629 
9.9853e+05 3.4268 3.6663 0.54246 0.53692 0.4203 3.6657e+01 1 2.0230e-06 3.6663 7.511000e-01 2.487690e-01 6.526523e-05 999.0000 
 0.7800 5 # agb_0.78_Z0.00010000_Mdot2_eta0.40_Mc0.00_dMc0.00_Tbd6.40_L0.00_dL0.00_C0.00_Nr3.00_rates0_KOPv_KMOLv.dat 
0.0000e+00 3.1384 3.6557 0.78000 0.52298 0.4258 1.9409e+01 1 4.2267e-08 3.6557 7.512000e-01 2.486960e-01 6.528581e-05 -0.0602 
2.4378e+05 3.2086 3.6510 0.76692 0.52522 0.4258 2.3043e+01 1 8.9950e-08 3.6510 7.512000e-01 2.486960e-01 6.528581e-05 -0.0587 
5.9493e+05 3.2412 3.6485 0.73563 0.52946 0.4258 2.5443e+01 1 1.4158e-07 3.6485 7.512000e-01 2.486960e-01 6.528581e-05 -0.0597 
9.9011e+05 3.2903 3.6454 0.66163 0.53569 0.4258 3.0057e+01 1 3.2137e-07 3.6454 7.512000e-01 2.486960e-01 6.528581e-05 -0.0621 
1.2860e+06 3.3553 3.6695 0.54577 0.54047 0.4258 3.1318e+01 1 9.7949e-07 3.6695 7.512000e-01 2.486960e-01 6.528581e-05 999.0000 
 0.8000 5 # agb_0.80_Z0.00010000_Mdot2_eta0.40_Mc0.00_dMc0.00_Tbd6.40_L0.00_dL0.00_C0.00_Nr3.00_rates0_KOPv_KMOLv.dat 
0.0000e+00 3.2227 3.6509 0.80000 0.52629 0.4312 2.3162e+01 1 9.0365e-08 3.6509 7.492000e-01 2.506540e-01 6.547653e-05 -0.0624 
2.3829e+05 3.2471 3.6491 0.78084 0.52879 0.4312 2.4850e+01 1 1.2445e-07 3.6491 7.492000e-01 2.506540e-01 6.547653e-05 -0.0595 
5.7988e+05 3.2935 3.6453 0.73142 0.53359 0.4312 2.8757e+01 1 2.4266e-07 3.6453 7.492000e-01 2.506540e-01 6.547653e-05 -0.0616 
9.6139e+05 3.3392 3.6461 0.60108 0.54051 0.4312 3.4360e+01 1 6.9183e-07 3.6461 7.492000e-01 2.506540e-01 6.547653e-05 -0.0639 
1.1167e+06 3.3167 3.6718 0.54700 0.54197 0.4312 2.8652e+01 1 6.6222e-07 3.6718 7.492000e-01 2.506540e-01 6.547653e-05 999.0000 
 0.8500 6 # agb_0.85_Z0.00010000_Mdot2_eta0.40_Mc0.00_dMc0.00_Tbd6.40_L0.00_dL0.00_C0.00_Nr3.00_rates0_KOPv_KMOLv.dat 
0.0000e+00 3.1768 3.6555 0.85000 0.52725 0.4353 1.9968e+01 1 4.7098e-08 3.6555 7.465000e-01 2.533730e-01 6.591286e-05 -0.0603 
2.3093e+05 3.2258 3.6521 0.83908 0.52948 0.4353 2.2544e+01 1 7.9983e-08 3.6521 7.465000e-01 2.533730e-01 6.591286e-05 -0.0579 
5.6817e+05 3.2592 3.6495 0.81135 0.53386 0.4353 2.4847e+01 1 1.2388e-07 3.6495 7.465000e-01 2.533730e-01 6.591286e-05 -0.0599 
9.4114e+05 3.3108 3.6450 0.75210 0.54009 0.4353 2.9322e+01 1 2.6363e-07 3.6450 7.465000e-01 2.533730e-01 6.591286e-05 -0.0624 
1.3039e+06 3.3582 3.6465 0.60131 0.54737 0.4353 3.5462e+01 1 8.2794e-07 3.6465 7.465000e-01 2.533730e-01 6.591286e-05 -0.0646 
1.3312e+06 3.0676 3.6823 0.55263 0.54737 0.4353 1.6732e+01 1 5.4954e-08 3.6823 7.465000e-01 2.533730e-01 6.591286e-05 999.0000 
 0.9000 5 # agb_0.90_Z0.00010000_Mdot2_eta0.40_Mc0.00_dMc0.00_Tbd6.40_L0.00_dL0.00_C0.00_Nr3.00_rates0_KOPv_KMOLv.dat 
0.0000e+00 3.2087 3.6550 0.90000 0.53075 0.4275 2.0624e+01 1 5.3703e-08 3.6550 7.438000e-01 2.561090e-01 6.627797e-05 -0.0604 
2.2720e+05 3.2728 3.6504 0.88318 0.53335 0.4275 2.4224e+01 1 1.0814e-07 3.6504 7.438000e-01 2.561090e-01 6.627797e-05 -0.0590 
5.5365e+05 3.3208 3.6464 0.84065 0.53839 0.4275 2.7934e+01 1 2.0417e-07 3.6464 7.438000e-01 2.561090e-01 6.627797e-05 -0.0605 
9.1287e+05 3.3753 3.6407 0.73700 0.54559 0.4275 3.4396e+01 1 5.3456e-07 3.6407 7.438000e-01 2.561090e-01 6.627797e-05 -0.0638 
1.1700e+06 3.4397 3.6679 0.55599 0.55080 0.4275 3.6643e+01 1 2.1086e-06 3.6679 7.438000e-01 2.561090e-01 6.627797e-05 999.0000 
 0.9500 6 # agb_0.95_Z0.00010000_Mdot2_eta0.40_Mc0.00_dMc0.00_Tbd6.40_L0.00_dL0.00_C0.00_Nr3.00_rates0_KOPv_KMOLv.dat 
0.0000e+00 3.2196 3.6560 0.95000 0.53342 0.4147 2.0327e+01 1 5.0350e-08 3.6560 7.412000e-01 2.586350e-01 6.661623e-05 -0.0598 
2.1237e+05 3.2438 3.6544 0.94191 0.53557 0.4147 2.1595e+01 1 6.5766e-08 3.6544 7.412000e-01 2.586350e-01 6.661623e-05 -0.0576 
5.2808e+05 3.2708 3.6520 0.92161 0.53987 0.4147 2.3343e+01 1 9.2257e-08 3.6520 7.412000e-01 2.586350e-01 6.661623e-05 -0.0594 
8.7297e+05 3.3236 3.6479 0.88217 0.54585 0.4147 2.7096e+01 1 1.7947e-07 3.6479 7.412000e-01 2.586350e-01 6.661623e-05 -0.0613 
1.2121e+06 3.3695 3.6430 0.80049 0.55293 0.4147 3.2087e+01 1 3.8637e-07 3.6430 7.412000e-01 2.586350e-01 6.661623e-05 -0.0643 
1.5280e+06 3.4160 3.6688 0.56600 0.56046 0.4147 3.4525e+01 1 1.5776e-06 3.6688 7.412000e-01 2.586350e-01 6.661623e-05 999.0000 
 1.0000 7 # agb_1.00_Z0.00010000_Mdot2_eta0.40_Mc0.00_dMc0.00_Tbd6.40_L0.00_dL0.00_C0.00_Nr3.00_rates0_KOPv_KMOLv.dat 
0.0000e+00 3.1790 3.6599 1.00000 0.53510 0.4029 1.7864e+01 1 2.8445e-08 3.6599 7.395000e-01 2.603740e-01 6.688478e-05 -0.0581 
2.0637e+05 3.2316 3.6567 0.99412 0.53712 0.4029 2.0201e+01 1 4.8865e-08 3.6567 7.395000e-01 2.603740e-01 6.688478e-05 -0.0563 
5.0730e+05 3.2665 3.6542 0.98018 0.54101 0.4029 2.2081e+01 1 7.2444e-08 3.6542 7.395000e-01 2.603740e-01 6.688478e-05 -0.0580 
8.5146e+05 3.3124 3.6506 0.95118 0.54682 0.4029 2.5044e+01 1 1.2589e-07 3.6506 7.395000e-01 2.603740e-01 6.688478e-05 -0.0605 
1.1845e+06 3.3622 3.6459 0.89508 0.55362 0.4029 2.9279e+01 1 2.5177e-07 3.6459 7.395000e-01 2.603740e-01 6.688478e-05 -0.0633 
1.4973e+06 3.4111 3.6402 0.76943 0.56101 0.4029 3.6088e+01 1 6.6222e-07 3.6402 7.395000e-01 2.603740e-01 6.688478e-05 -0.0659 
1.6920e+06 3.4646 3.6675 0.57069 0.56517 0.4029 3.7934e+01 1 2.4717e-06 3.6675 7.395000e-01 2.603740e-01 6.688478e-05 999.0000 
 1.0500 5 # agb_1.05_Z0.00010000_Mdot2_eta0.40_Mc0.00_dMc0.00_Tbd6.40_L0.00_dL0.00_C0.00_Nr3.00_rates0_KOPv_KMOLv.dat 
0.0000e+00 3.2712 3.6560 1.05000 0.53977 0.3901 2.1233e+01 1 6.0674e-08 3.6560 7.369000e-01 2.630090e-01 6.710314e-05 -0.0609 
2.0517e+05 3.3294 3.6518 1.03345 0.54256 0.3901 2.4553e+01 1 1.1429e-07 3.6518 7.369000e-01 2.630090e-01 6.710314e-05 -0.0594 
4.9992e+05 3.3832 3.6473 0.99270 0.54795 0.3901 2.8583e+01 1 2.2233e-07 3.6473 7.369000e-01 2.630090e-01 6.710314e-05 -0.0602 
8.2569e+05 3.4351 3.6411 0.89562 0.55576 0.3901 3.4662e+01 1 5.2000e-07 3.6411 7.369000e-01 2.630090e-01 6.710314e-05 -0.0638 
1.1270e+06 3.4916 3.6674 0.56945 0.56429 0.3901 3.9941e+01 1 3.2359e-06 3.6674 7.369000e-01 2.630090e-01 6.710314e-05 999.0000 
 1.1000 6 # agb_1.10_Z0.00010000_Mdot2_eta0.40_Mc0.00_dMc0.00_Tbd6.40_L0.00_dL0.00_C0.00_Nr3.00_rates0_KOPv_KMOLv.dat 
0.0000e+00 3.2429 3.6592 1.10000 0.54314 0.3770 1.9227e+01 1 3.9446e-08 3.6592 7.351000e-01 2.647580e-01 6.732968e-05 -0.0587 
1.9156e+05 3.2744 3.6572 1.09317 0.54533 0.3770 2.0737e+01 1 5.4954e-08 3.6572 7.351000e-01 2.647580e-01 6.732968e-05 -0.0581 
4.6758e+05 3.3141 3.6542 1.07733 0.54948 0.3770 2.2960e+01 1 8.5704e-08 3.6542 7.351000e-01 2.647580e-01 6.732968e-05 -0.0591 
7.8429e+05 3.3560 3.6509 1.04488 0.55568 0.3770 2.5795e+01 1 1.4322e-07 3.6509 7.351000e-01 2.647580e-01 6.732968e-05 -0.0605 
1.0853e+06 3.5188 3.6263 0.83824 0.56368 7.2538 4.6579e+01 1 1.5346e-06 3.6263 7.331850e-01 2.662800e-01 4.594747e-04 -0.0747 
1.2312e+06 3.5830 3.6530 0.57021 0.56506 18.7723 1.1166e+02 0 8.3368e-06 3.6530 7.272135e-01 2.703790e-01 2.329479e-03 999.0000 
 1.1500 5 # agb_1.15_Z0.00010000_Mdot2_eta0.40_Mc0.00_dMc0.00_Tbd6.40_L0.00_dL0.00_C0.00_Nr3.00_rates0_KOPv_KMOLv.dat 
0.0000e+00 3.3000 3.6572 1.15000 0.54711 0.3655 2.1168e+01 1 6.0117e-08 3.6572 7.334000e-01 2.665090e-01 6.746759e-05 -0.0598 
1.8242e+05 3.3740 3.6521 1.13609 0.54974 0.3655 2.5315e+01 1 1.3092e-07 3.6521 7.334000e-01 2.665090e-01 6.746759e-05 -0.0587 
4.5950e+05 3.4135 3.6487 1.09783 0.55529 0.3655 2.8400e+01 1 2.1677e-07 3.6487 7.334000e-01 2.665090e-01 6.746759e-05 -0.0610 
7.5898e+05 3.4640 3.6430 1.01400 0.56309 0.3655 3.3816e+01 1 4.6345e-07 3.6430 7.334000e-01 2.665090e-01 6.746759e-05 -0.0634 
9.7791e+05 3.6166 3.6599 0.57400 0.56892 10.5539 1.1256e+02 0 1.0940e-05 3.6599 7.307366e-01 2.685320e-01 7.077392e-04 999.0000 
 1.2000 3 # agb_1.20_Z0.00010000_Mdot2_eta0.40_Mc0.00_dMc0.00_Tbd6.40_L0.00_dL0.00_C0.00_Nr3.00_rates0_KOPv_KMOLv.dat 
0.0000e+00 3.4088 3.6517 1.20000 0.55338 0.3584 2.6319e+01 1 1.5488e-07 3.6517 7.322000e-01 2.677760e-01 6.754738e-05 -0.0627 
1.7635e+05 3.5836 3.6359 1.07327 0.55784 0.3584 4.3071e+01 1 1.2764e-06 3.6359 7.322000e-01 2.677760e-01 6.754738e-05 -0.0639 
3.9402e+05 3.6578 3.6624 0.57038 0.56494 0.3584 1.2130e+02 0 1.6444e-05 3.6624 7.322000e-01 2.677760e-01 6.754738e-05 999.0000 
 1.2500 5 # agb_1.25_Z0.00010000_Mdot2_eta0.40_Mc0.00_dMc0.00_Tbd6.40_L0.00_dL0.00_C0.00_Nr3.00_rates0_KOPv_KMOLv.dat 
0.0000e+00 3.2963 3.6603 1.25000 0.55502 0.3515 1.9706e+01 1 4.4157e-08 3.6603 7.319000e-01 2.680550e-01 6.767146e-05 -0.0596 
1.7080e+05 3.4269 3.6516 1.23063 0.55797 0.3515 2.6887e+01 1 1.7100e-07 3.6516 7.319000e-01 2.680550e-01 6.767146e-05 -0.0599 
4.2523e+05 3.4746 3.6471 1.17858 0.56402 0.3515 3.0998e+01 1 3.1623e-07 3.6471 7.319000e-01 2.680550e-01 6.767146e-05 -0.0621 
6.9592e+05 3.5512 3.6321 1.02451 0.57146 5.2549 4.2758e+01 1 1.0965e-06 3.6321 7.301371e-01 2.695570e-01 3.282284e-04 -0.0714 
8.8114e+05 3.6379 3.6556 0.58018 0.57503 15.3202 1.2144e+02 0 1.3274e-05 3.6556 7.254026e-01 2.730940e-01 1.523429e-03 999.0000 
 1.3000 5 # agb_1.30_Z0.00010000_Mdot2_eta0.40_Mc0.00_dMc0.00_Tbd6.40_L0.00_dL0.00_C0.00_Nr3.00_rates0_KOPv_KMOLv.dat 
0.0000e+00 3.3606 3.6577 1.30000 0.56013 0.3406 2.2140e+01 1 7.3790e-08 3.6577 7.302000e-01 2.697220e-01 6.777386e-05 -0.0602 
1.6230e+05 3.4327 3.6528 1.28183 0.56305 0.3406 2.6386e+01 1 1.5849e-07 3.6528 7.302000e-01 2.697220e-01 6.777386e-05 -0.0598 
3.9836e+05 3.4853 3.6482 1.23697 0.56877 0.3406 3.0601e+01 1 3.0061e-07 3.6482 7.302000e-01 2.697220e-01 6.777386e-05 -0.0614 
6.5739e+05 3.5894 3.6304 1.04722 0.57675 4.8348 4.5917e+01 1 1.4962e-06 3.6304 7.286363e-01 2.710550e-01 2.975973e-04 -0.0713 
8.1457e+05 3.6742 3.6551 0.58455 0.57938 15.5280 1.3140e+02 0 1.8450e-05 3.6551 7.238055e-01 2.746690e-01 1.512744e-03 999.0000 
 1.3500 5 # agb_1.35_Z0.00010000_Mdot2_eta0.40_Mc0.00_dMc0.00_Tbd6.40_L0.00_dL0.00_C0.00_Nr3.00_rates0_KOPv_KMOLv.dat 
0.0000e+00 3.3611 3.6590 1.35000 0.56257 0.3324 2.1543e+01 1 6.5615e-08 3.6590 7.294000e-01 2.704930e-01 6.787244e-05 -0.0595 
1.5725e+05 3.4043 3.6560 1.33793 0.56522 0.3324 2.3936e+01 1 1.0375e-07 3.6560 7.294000e-01 2.704930e-01 6.787244e-05 -0.0593 
3.8309e+05 3.4562 3.6521 1.30942 0.57031 0.3324 2.7379e+01 1 1.8664e-07 3.6521 7.294000e-01 2.704930e-01 6.787244e-05 -0.0602 
6.3497e+05 3.5710 3.6376 1.19380 0.57770 4.0074 3.9398e+01 1 8.0724e-07 3.6376 7.281260e-01 2.715870e-01 2.474116e-04 -0.0690 
8.4935e+05 3.6750 3.6575 0.58871 0.58370 13.1751 1.2801e+02 0 1.7989e-05 3.6575 7.242939e-01 2.745130e-01 1.152625e-03 999.0000 
 1.4000 6 # agb_1.40_Z0.00010000_Mdot2_eta0.40_Mc0.00_dMc0.00_Tbd6.40_L0.00_dL0.00_C0.00_Nr3.00_rates0_KOPv_KMOLv.dat 
0.0000e+00 3.3608 3.6602 1.40000 0.56582 0.3240 2.0945e+01 1 5.8076e-08 3.6602 7.289000e-01 2.709660e-01 6.797412e-05 -0.0589 
1.4551e+05 3.3990 3.6577 1.39183 0.56812 0.3240 2.2944e+01 1 8.6497e-08 3.6577 7.289000e-01 2.709660e-01 6.797412e-05 -0.0576 
3.6613e+05 3.4305 3.6554 1.37161 0.57280 0.3240 2.4905e+01 1 1.2417e-07 3.6554 7.289000e-01 2.709660e-01 6.797412e-05 -0.0589 
6.0760e+05 3.5531 3.6426 1.29503 0.57952 3.3976 3.5252e+01 1 5.1523e-07 3.6426 7.278344e-01 2.718860e-01 2.131908e-04 -0.0667 
8.4457e+05 3.6493 3.6130 0.95215 0.58681 11.3724 6.1063e+01 1 3.8815e-06 3.6130 7.246220e-01 2.743840e-01 9.274285e-04 -0.0839 
9.4770e+05 3.6698 3.6494 0.59205 0.58674 22.2451 1.3542e+02 0 1.7458e-05 3.6494 7.182759e-01 2.786430e-01 3.005885e-03 999.0000 
 1.4500 5 # agb_1.45_Z0.00010000_Mdot2_eta0.40_Mc0.00_dMc0.00_Tbd6.40_L0.00_dL0.00_C0.00_Nr3.00_rates0_KOPv_KMOLv.dat 
0.0000e+00 3.4500 3.6559 1.45000 0.56961 0.3171 2.4986e+01 1 1.2589e-07 3.6559 7.280000e-01 2.719420e-01 6.804221e-05 -0.0613 
1.4603e+05 3.5410 3.6493 1.41598 0.57307 0.3171 3.1366e+01 1 3.3651e-07 3.6493 7.280000e-01 2.719420e-01 6.804221e-05 -0.0608 
3.6368e+05 3.6088 3.6401 1.30793 0.57956 2.0397 3.9563e+01 1 8.6497e-07 3.6401 7.271924e-01 2.726730e-01 1.445549e-04 -0.0653 
6.0035e+05 3.6853 3.6351 0.60924 0.58760 8.6865 1.5512e+02 0 1.9815e-05 3.6351 7.240245e-01 2.753220e-01 6.625855e-04 -0.0813 
6.0076e+05 3.9101 3.6581 0.59268 0.58760 8.6865 2.1393e+02 0 5.5335e-05 3.6581 7.240245e-01 2.753220e-01 6.625855e-04 999.0000 
 1.5000 5 # agb_1.50_Z0.00010000_Mdot2_eta0.40_Mc0.00_dMc0.00_Tbd6.40_L0.00_dL0.00_C0.00_Nr3.00_rates0_KOPv_KMOLv.dat 
0.0000e+00 3.4677 3.6560 1.50000 0.56942 0.3087 2.5362e+01 1 1.3428e-07 3.6560 7.273000e-01 2.726200e-01 6.814071e-05 -0.0610 
1.4530e+05 3.5318 3.6513 1.47283 0.57279 0.3087 2.9796e+01 1 2.7040e-07 3.6513 7.273000e-01 2.726200e-01 6.814071e-05 -0.0602 
3.6162e+05 3.6075 3.6423 1.38225 0.57922 1.9057 3.7742e+01 1 7.1285e-07 3.6423 7.265595e-01 2.732900e-01 1.381275e-04 -0.0645 
5.9758e+05 3.6918 3.6130 0.94518 0.58732 8.2398 6.6278e+01 1 5.9979e-06 3.6130 7.236485e-01 2.757290e-01 6.101713e-04 -0.0788 
6.9294e+05 3.6844 3.6491 0.59171 0.58624 21.6842 1.4031e+02 0 2.0184e-05 3.6491 7.157151e-01 2.814490e-01 2.815900e-03 999.0000 
 1.5500 6 # agb_1.55_Z0.00010000_Mdot2_eta0.40_Mc0.00_dMc0.00_Tbd6.40_L0.00_dL0.00_C0.00_Nr3.00_rates0_KOPv_KMOLv.dat 
0.0000e+00 3.3897 3.6618 1.55000 0.56708 0.3034 2.0716e+01 1 5.5590e-08 3.6618 7.272000e-01 2.727040e-01 6.822955e-05 -0.0579 
1.4569e+05 3.4437 3.6584 1.54023 0.56974 0.3034 2.3522e+01 1 9.7051e-08 3.6584 7.272000e-01 2.727040e-01 6.822955e-05 -0.0573 
3.5636e+05 3.5255 3.6516 1.51039 0.57454 1.5250 2.9015e+01 1 2.3496e-07 3.6516 7.266367e-01 2.732150e-01 1.204789e-04 -0.0604 
6.0290e+05 3.6074 3.6392 1.41329 0.58135 5.9249 3.8173e+01 1 6.7453e-07 3.6392 7.246136e-01 2.749440e-01 4.136738e-04 -0.0696 
8.4447e+05 3.6804 3.6086 1.05916 0.58805 14.5123 6.3239e+01 1 3.8459e-06 3.6086 7.203468e-01 2.781740e-01 1.448759e-03 -0.0867 
9.5952e+05 3.7105 3.6475 0.59316 0.58808 24.5694 1.5049e+02 0 2.5942e-05 3.6475 7.141275e-01 2.822250e-01 3.600530e-03 999.0000 
 1.6000 6 # agb_1.60_Z0.00010000_Mdot2_eta0.40_Mc0.00_dMc0.00_Tbd6.40_L0.00_dL0.00_C0.00_Nr3.00_rates0_KOPv_KMOLv.dat 
0.0000e+00 3.3800 3.6633 1.60000 0.55666 0.2974 1.9811e+01 1 4.5604e-08 3.6633 7.269000e-01 2.729890e-01 6.832548e-05 -0.0577 
1.6115e+05 3.4165 3.6610 1.59294 0.55938 0.2974 2.1587e+01 1 6.6374e-08 3.6610 7.269000e-01 2.729890e-01 6.832548e-05 -0.0556 
3.9042e+05 3.4755 3.6571 1.57702 0.56454 0.2974 2.4877e+01 1 1.2359e-07 3.6571 7.269000e-01 2.729890e-01 6.832548e-05 -0.0571 
6.5644e+05 3.5765 3.6465 1.51836 0.57216 3.6114 3.2965e+01 1 3.8726e-07 3.6465 7.258189e-01 2.739150e-01 2.234016e-04 -0.0636 
9.0898e+05 3.6588 3.6260 1.34155 0.57950 12.2766 4.7432e+01 1 1.3836e-06 3.6260 7.227876e-01 2.762060e-01 9.625674e-04 -0.0771 
1.1130e+06 3.7325 3.6498 0.58951 0.58438 22.5031 1.5580e+02 0 3.2359e-05 3.6498 7.179426e-01 2.793350e-01 2.671087e-03 999.0000 
 1.6500 6 # agb_1.65_Z0.00010000_Mdot2_eta0.40_Mc0.00_dMc0.00_Tbd6.40_L0.00_dL0.00_C0.00_Nr3.00_rates0_KOPv_KMOLv.dat 
0.0000e+00 3.4529 3.6602 1.65000 0.56964 0.2919 2.2805e+01 1 8.5114e-08 3.6602 7.265000e-01 2.733730e-01 6.839899e-05 -0.0594 
1.3617e+05 3.4900 3.6576 1.63998 0.57233 0.2919 2.4941e+01 1 1.2560e-07 3.6576 7.265000e-01 2.733730e-01 6.839899e-05 -0.0574 
3.4561e+05 3.5625 3.6514 1.60561 0.57762 1.4968 3.0130e+01 1 2.7797e-07 3.6514 7.259538e-01 2.738680e-01 1.194406e-04 -0.0611 
5.8223e+05 3.6529 3.6376 1.48714 0.58489 6.1230 4.0900e+01 1 9.0157e-07 3.6376 7.239373e-01 2.755840e-01 4.201796e-04 -0.0696 
8.1457e+05 3.7239 3.5997 0.97614 0.59187 15.5861 1.5187e+02 0 7.8705e-06 3.5997 7.195807e-01 2.788380e-01 1.520230e-03 -0.0883 
9.0453e+05 3.6984 3.6462 0.59622 0.59098 26.8463 1.4748e+02 0 2.2856e-05 3.6462 7.127629e-01 2.832340e-01 3.921732e-03 999.0000 
 1.7000 5 # agb_1.70_Z0.00010000_Mdot2_eta0.40_Mc0.00_dMc0.00_Tbd6.40_L0.00_dL0.00_C0.00_Nr3.00_rates0_KOPv_KMOLv.dat 
0.0000e+00 3.5369 3.6562 1.70000 0.58205 0.2880 2.6961e+01 1 1.7783e-07 3.6562 7.262000e-01 2.736590e-01 6.842049e-05 -0.0606 
1.2331e+05 3.5545 3.6547 1.68177 0.58505 0.2880 2.8316e+01 1 2.1979e-07 3.6547 7.262000e-01 2.736590e-01 6.842049e-05 -0.0585 
3.0695e+05 3.6353 3.6468 1.61982 0.59079 1.5825 3.5434e+01 1 5.5847e-07 3.6468 7.256302e-01 2.741740e-01 1.228488e-04 -0.0627 
5.1289e+05 3.7277 3.6277 1.37374 0.59846 6.8171 5.2531e+01 1 2.4889e-06 3.6277 7.234415e-01 2.760220e-01 4.632018e-04 -0.0746 
6.5135e+05 3.8000 3.6518 0.60600 0.60045 17.9633 1.7354e+02 0 4.2954e-05 3.6518 7.183712e-01 2.797680e-01 1.784844e-03 999.0000 
 1.7500 5 # agb_1.75_Z0.00010000_Mdot2_eta0.40_Mc0.00_dMc0.00_Tbd6.40_L0.00_dL0.00_C0.00_Nr3.00_rates0_KOPv_KMOLv.dat 
0.0000e+00 3.5632 3.6556 1.75000 0.59030 0.2849 2.8005e+01 1 2.1038e-07 3.6556 7.275000e-01 2.723480e-01 6.843637e-05 -0.0616 
1.1098e+05 3.5781 3.6543 1.73193 0.59312 0.2849 2.9209e+01 1 2.5235e-07 3.6543 7.275000e-01 2.723480e-01 6.843637e-05 -0.0594 
2.7934e+05 3.6504 3.6472 1.67109 0.59855 1.5129 3.5769e+01 1 5.8614e-07 3.6472 7.269689e-01 2.728280e-01 1.195367e-04 -0.0636 
4.6836e+05 3.7438 3.6288 1.43312 0.60586 6.3762 5.2500e+01 1 2.5351e-06 3.6288 7.249656e-01 2.745260e-01 4.246875e-04 -0.0745 
6.0109e+05 3.8179 3.6542 0.61326 0.60811 16.9763 1.7493e+02 0 4.4771e-05 3.6542 7.202635e-01 2.780470e-01 1.602336e-03 999.0000 
 1.8000 5 # agb_1.80_Z0.00010000_Mdot2_eta0.40_Mc0.00_dMc0.00_Tbd6.40_L0.00_dL0.00_C0.00_Nr3.00_rates0_KOPv_KMOLv.dat 
0.0000e+00 3.5735 3.6559 1.80000 0.59861 0.2827 2.8072e+01 1 2.1281e-07 3.6559 7.304000e-01 2.695390e-01 6.841855e-05 -0.0609 
1.0179e+05 3.6652 3.6492 1.76436 0.60179 0.2827 3.5217e+01 1 5.6624e-07 3.6492 7.304000e-01 2.695390e-01 6.841855e-05 -0.0613 
2.6409e+05 3.7133 3.6413 1.65278 0.60739 2.4330 4.2123e+01 1 1.1455e-06 3.6413 7.293902e-01 2.704500e-01 1.670421e-04 -0.0671 
4.4612e+05 3.7779 3.6157 1.23878 0.61389 8.6871 6.6259e+01 1 5.8749e-06 3.6157 7.263261e-01 2.730290e-01 6.516492e-04 -0.0805 
5.3647e+05 3.8058 3.6521 0.61737 0.61235 21.2699 1.7249e+02 0 4.3551e-05 3.6521 7.196143e-01 2.780140e-01 2.369733e-03 999.0000 
 1.8500 5 # agb_1.85_Z0.00010000_Mdot2_eta0.40_Mc0.00_dMc0.00_Tbd6.40_L0.00_dL0.00_C0.00_Nr3.00_rates0_KOPv_KMOLv.dat 
0.0000e+00 3.6037 3.6548 1.85000 0.60689 0.2810 2.9477e+01 1 2.6303e-07 3.6548 7.319000e-01 2.679290e-01 6.840516e-05 -0.0612 
9.4451e+04 3.5968 3.6550 1.83183 0.60948 0.2810 2.9222e+01 1 2.5351e-07 3.6550 7.319000e-01 2.679290e-01 6.840516e-05 -0.0601 
2.3668e+05 3.6789 3.6470 1.76850 0.61393 1.9766 3.6667e+01 1 6.4863e-07 3.6470 7.311319e-01 2.686230e-01 1.430747e-04 -0.0654 
4.0295e+05 3.7699 3.6291 1.53630 0.62001 6.6229 5.3025e+01 1 2.6242e-06 3.6291 7.288965e-01 2.705350e-01 4.662263e-04 -0.0761 
5.2879e+05 3.8443 3.6533 0.62732 0.62181 16.4693 1.8316e+02 0 4.7534e-05 3.6533 7.240280e-01 2.742860e-01 1.580480e-03 999.0000 
 1.9000 5 # agb_1.90_Z0.00010000_Mdot2_eta0.40_Mc0.00_dMc0.00_Tbd6.40_L0.00_dL0.00_C0.00_Nr3.00_rates0_KOPv_KMOLv.dat 
0.0000e+00 3.6064 3.6557 1.90000 0.61736 0.2789 2.9046e+01 1 2.4774e-07 3.6557 7.333000e-01 2.666200e-01 6.838879e-05 -0.0603 
8.2235e+04 3.6766 3.6507 1.87184 0.62001 0.2789 3.4512e+01 1 5.2240e-07 3.6507 7.333000e-01 2.666200e-01 6.838879e-05 -0.0616 
2.1143e+05 3.7287 3.6437 1.78568 0.62448 2.0604 4.0937e+01 1 1.0351e-06 3.6437 7.325066e-01 2.673350e-01 1.466734e-04 -0.0666 
3.6157e+05 3.7939 3.6262 1.51379 0.63006 6.9293 5.7041e+01 1 3.5156e-06 3.6262 7.302039e-01 2.693010e-01 4.834228e-04 -0.0778 
4.6727e+05 3.8563 3.6552 0.63601 0.63089 16.7383 1.8272e+02 0 4.8865e-05 3.6552 7.253644e-01 2.730460e-01 1.573585e-03 999.0000 
 1.9500 5 # agb_1.95_Z0.00010000_Mdot2_eta0.40_Mc0.00_dMc0.00_Tbd6.40_L0.00_dL0.00_C0.00_Nr3.00_rates0_KOPv_KMOLv.dat 
0.0000e+00 3.6874 3.6516 1.95000 0.62981 0.2793 3.4248e+01 1 5.0933e-07 3.6516 7.351000e-01 2.648130e-01 6.837355e-05 -0.0631 
7.4053e+04 3.7386 3.6472 1.90199 0.63267 0.2793 3.9336e+01 1 9.2045e-07 3.6472 7.351000e-01 2.648130e-01 6.837355e-05 -0.0628 
1.8678e+05 3.8003 3.6378 1.74693 0.63738 2.1437 4.9287e+01 1 2.2751e-06 3.6378 7.342842e-01 2.655470e-01 1.501102e-04 -0.0701 
3.1876e+05 3.8625 3.6046 0.75604 0.64318 7.5872 2.4925e+02 0 4.9545e-05 3.6046 7.317379e-01 2.677150e-01 5.283678e-04 -0.0867 
3.2117e+05 3.8441 3.6608 0.64830 0.64318 7.5872 1.6624e+02 0 4.7534e-05 3.6608 7.317379e-01 2.677150e-01 5.283678e-04 999.0000 
 2.0000 5 # agb_2.00_Z0.00010000_Mdot2_eta0.40_Mc0.00_dMc0.00_Tbd6.40_L0.00_dL0.00_C0.00_Nr3.00_rates0_KOPv_KMOLv.dat 
0.0000e+00 3.7069 3.6513 2.00000 0.64246 0.2798 3.5107e+01 1 5.6885e-07 3.6513 7.363000e-01 2.636070e-01 6.836145e-05 -0.0635 
6.5248e+04 3.7479 3.6477 1.95405 0.64508 0.2798 3.9328e+01 1 9.2470e-07 3.6477 7.363000e-01 2.636070e-01 6.836145e-05 -0.0636 
1.6149e+05 3.8113 3.6387 1.81659 0.64912 1.9690 4.8945e+01 1 2.2284e-06 3.6387 7.355844e-01 2.642500e-01 1.408394e-04 -0.0708 
2.7710e+05 3.8736 3.6103 1.20943 0.65434 6.6319 8.3156e+01 1 1.6406e-05 3.6103 7.334519e-01 2.660770e-01 4.457038e-04 -0.0848 
3.2023e+05 3.8500 3.6552 0.65675 0.65156 18.2108 1.7505e+02 0 4.8195e-05 3.6552 7.272860e-01 2.709510e-01 1.732915e-03 999.0000 
 2.0500 5 # agb_2.05_Z0.00010000_Mdot2_eta0.40_Mc0.00_dMc0.00_Tbd6.40_L0.00_dL0.00_C0.00_Nr3.00_rates0_KOPv_KMOLv.dat 
0.0000e+00 3.7098 3.6522 2.05000 0.65731 0.2800 3.4640e+01 1 5.3951e-07 3.6522 7.373000e-01 2.626000e-01 6.834879e-05 -0.0633 
5.4337e+04 3.7574 3.6484 2.01197 0.65949 0.2800 3.9211e+01 1 9.2257e-07 3.6484 7.373000e-01 2.626000e-01 6.834879e-05 -0.0640 
1.3535e+05 3.8122 3.6409 1.90426 0.66279 1.7497 4.7097e+01 1 1.9231e-06 3.6409 7.367028e-01 2.631360e-01 1.298245e-04 -0.0701 
2.3426e+05 3.8717 3.6231 1.54662 0.66722 5.4941 6.6541e+01 1 7.0795e-06 3.6231 7.350552e-01 2.645560e-01 3.569264e-04 -0.0834 
2.9452e+05 3.9240 3.6569 0.67234 0.66675 13.5025 1.9919e+02 0 5.7148e-05 3.6569 7.311134e-01 2.677500e-01 1.102899e-03 999.0000 
 2.1000 5 # agb_2.10_Z0.00010000_Mdot2_eta0.40_Mc0.00_dMc0.00_Tbd6.40_L0.00_dL0.00_C0.00_Nr3.00_rates0_KOPv_KMOLv.dat 
0.0000e+00 3.7383 3.6512 2.10000 0.67161 0.2816 3.6298e+01 1 6.6374e-07 3.6512 7.384000e-01 2.614950e-01 6.833046e-05 -0.0637 
4.6895e+04 3.7766 3.6481 2.06073 0.67360 0.2816 4.0230e+01 1 1.0328e-06 3.6481 7.384000e-01 2.614950e-01 6.833046e-05 -0.0667 
1.1556e+05 3.8319 3.6407 1.95222 0.67651 1.6255 4.8282e+01 1 2.1577e-06 3.6407 7.378728e-01 2.619670e-01 1.236296e-04 -0.0696 
1.9968e+05 3.8933 3.6237 1.60031 0.68044 4.9480 6.7753e+01 1 7.8163e-06 3.6237 7.364594e-01 2.631880e-01 3.158948e-04 -0.0832 
2.5353e+05 3.9466 3.6590 0.68559 0.68020 11.9774 2.0195e+02 0 6.0256e-05 3.6590 7.330077e-01 2.660240e-01 9.296627e-04 999.0000 
 2.1500 5 # agb_2.15_Z0.00010000_Mdot2_eta0.40_Mc0.00_dMc0.00_Tbd6.40_L0.00_dL0.00_C0.00_Nr3.00_rates0_KOPv_KMOLv.dat 
0.0000e+00 3.7657 3.6505 2.15000 0.68472 0.2841 3.7903e+01 1 8.0538e-07 3.6505 7.387000e-01 2.611910e-01 6.832473e-05 -0.0643 
4.0481e+04 3.8049 3.6472 2.10788 0.68654 0.2841 4.2144e+01 1 1.2706e-06 3.6472 7.387000e-01 2.611910e-01 6.832473e-05 -0.0663 
9.9562e+04 3.8550 3.6402 1.99664 0.68914 1.5419 4.9975e+01 1 2.5235e-06 3.6402 7.382217e-01 2.616190e-01 1.194593e-04 -0.0719 
1.7259e+05 3.9145 3.6237 1.63930 0.69271 4.5655 6.9539e+01 1 8.9125e-06 3.6237 7.369780e-01 2.626940e-01 2.880795e-04 -0.0843 
2.2036e+05 3.9680 3.6595 0.69783 0.69258 10.8786 2.0755e+02 0 6.3241e-05 3.6595 7.338946e-01 2.652520e-01 8.112588e-04 999.0000 
 2.2000 5 # agb_2.20_Z0.00010000_Mdot2_eta0.40_Mc0.00_dMc0.00_Tbd6.40_L0.00_dL0.00_C0.00_Nr3.00_rates0_KOPv_KMOLv.dat 
0.0000e+00 3.7775 3.6507 2.20000 0.69505 0.2869 3.8231e+01 1 8.3946e-07 3.6507 7.384000e-01 2.614880e-01 6.831384e-05 -0.0636 
3.6715e+04 3.8143 3.6476 2.15822 0.69677 0.2869 4.2241e+01 1 1.2912e-06 3.6476 7.384000e-01 2.614880e-01 6.831384e-05 -0.0677 
8.7920e+04 3.8674 3.6407 2.05642 0.69903 1.4473 5.0186e+01 1 2.5882e-06 3.6407 7.379708e-01 2.618710e-01 1.149031e-04 -0.0710 
1.5306e+05 3.9226 3.6268 1.75154 0.70224 4.1649 6.6740e+01 1 7.7446e-06 3.6268 7.368927e-01 2.628030e-01 2.606200e-04 -0.0830 
2.0343e+05 3.9791 3.6600 0.70853 0.70298 9.5817 2.0900e+02 0 6.4863e-05 3.6600 7.343161e-01 2.649580e-01 6.813013e-04 999.0000 
 2.2500 5 # agb_2.25_Z0.00010000_Mdot2_eta0.40_Mc0.00_dMc0.00_Tbd6.40_L0.00_dL0.00_C0.00_Nr3.00_rates0_KOPv_KMOLv.dat 
0.0000e+00 3.7898 3.6509 2.25000 0.70591 0.2900 3.8589e+01 1 8.8105e-07 3.6509 7.381000e-01 2.617840e-01 6.829007e-05 -0.0648 
3.2117e+04 3.8236 3.6481 2.21204 0.70744 0.2900 4.2287e+01 1 1.3062e-06 3.6481 7.381000e-01 2.617840e-01 6.829007e-05 -0.0666 
7.7893e+04 3.8722 3.6419 2.11903 0.70948 1.3419 4.9410e+01 1 2.4547e-06 3.6419 7.377228e-01 2.621200e-01 1.099328e-04 -0.0730 
1.3468e+05 3.9274 3.6300 1.86944 0.71226 3.7479 6.3610e+01 1 6.5313e-06 3.6300 7.368090e-01 2.629100e-01 2.335884e-04 -0.0830 
1.8892e+05 3.9859 3.6610 0.71968 0.71405 8.3143 2.0741e+02 0 6.5917e-05 3.6610 7.347018e-01 2.646840e-01 5.656988e-04 999.0000 
 2.3000 5 # agb_2.30_Z0.00010000_Mdot2_eta0.40_Mc0.00_dMc0.00_Tbd6.40_L0.00_dL0.00_C0.00_Nr3.00_rates0_KOPv_KMOLv.dat 
0.0000e+00 3.8020 3.6511 2.30000 0.71627 0.2917 3.8990e+01 1 9.2683e-07 3.6511 7.376000e-01 2.622800e-01 6.828757e-05 -0.0641 
2.8992e+04 3.8348 3.6483 2.26227 0.71770 0.2917 4.2604e+01 1 1.3583e-06 3.6483 7.376000e-01 2.622800e-01 6.828757e-05 -0.0705 
6.9004e+04 3.8806 3.6426 2.17770 0.71948 1.2663 4.9256e+01 1 2.4434e-06 3.6426 7.372602e-01 2.625810e-01 1.064070e-04 -0.0722 
1.1912e+05 3.9346 3.6321 1.96231 0.72193 3.4287 6.1927e+01 1 5.9704e-06 3.6321 7.364711e-01 2.632630e-01 2.136658e-04 -0.0807 
1.7585e+05 3.9855 3.6622 0.72972 0.72459 7.3721 2.0241e+02 0 6.5766e-05 3.6622 7.347160e-01 2.647480e-01 4.841137e-04 999.0000 
 2.4000 6 # agb_2.40_Z0.00010000_Mdot2_eta0.40_Mc0.00_dMc0.00_Tbd6.40_L0.00_dL0.00_C0.00_Nr3.00_rates0_KOPv_KMOLv.dat 
0.0000e+00 3.8276 3.6513 2.40000 0.73579 0.2953 3.9917e+01 1 1.0399e-06 3.6513 7.353000e-01 2.645710e-01 6.839744e-05 -0.0624 
2.3362e+04 3.8567 3.6488 2.36468 0.73701 0.2953 4.3185e+01 1 1.4588e-06 3.6488 7.353000e-01 2.645710e-01 6.839744e-05 -0.0699 
5.4603e+04 3.9008 3.6438 2.29232 0.73841 1.1289 4.9350e+01 1 2.5177e-06 3.6438 7.350244e-01 2.648150e-01 1.003565e-04 -0.0709 
9.4343e+04 3.9511 3.6351 2.12082 0.74038 2.9160 6.0008e+01 1 5.4200e-06 3.6351 7.344210e-01 2.653350e-01 1.838456e-04 -0.0819 
1.4031e+05 3.9997 3.6134 1.55332 0.74265 5.9880 9.0081e+01 1 2.5177e-05 3.6134 7.331563e-01 2.664090e-01 3.743328e-04 -0.1009 
1.6223e+05 4.0297 3.6603 0.74634 0.74111 11.9742 2.2268e+02 0 7.2946e-05 3.6603 7.301315e-01 2.689410e-01 8.649780e-04 999.0000 
 2.6000 4 # agb_2.60_Z0.00010000_Mdot2_eta0.40_Mc0.00_dMc0.00_Tbd6.40_L0.00_dL0.00_C0.00_Nr3.00_rates0_KOPv_KMOLv.dat 
0.0000e+00 4.0185 3.6422 2.60000 0.77080 0.3003 5.8071e+01 1 5.3580e-06 3.6422 7.277000e-01 2.722570e-01 6.832207e-05 -0.0687 
1.6080e+04 4.0997 3.6336 2.43081 0.77232 0.3003 7.4298e+01 1 1.5066e-05 3.6336 7.277000e-01 2.722570e-01 6.832207e-05 -0.0770 
3.8640e+04 4.1142 3.6231 2.01605 0.77407 1.3378 9.0620e+01 1 3.2509e-05 3.6231 7.273727e-01 2.725450e-01 1.075698e-04 -0.0851 
6.7555e+04 4.1396 3.6650 0.78198 0.77633 3.9085 2.6172e+02 0 9.3756e-05 3.6650 7.264488e-01 2.733460e-01 2.306396e-04 999.0000 
 2.8000 6 # agb_2.80_Z0.00010000_Mdot2_eta0.40_Mc0.00_dMc0.00_Tbd6.40_L0.00_dL0.00_C0.00_Nr3.00_rates0_KOPv_KMOLv.dat 
0.0000e+00 4.0066 3.6468 2.80000 0.79379 0.2940 5.2902e+01 1 3.7154e-06 3.6468 7.168000e-01 2.831450e-01 6.828595e-05 -0.0660 
1.2277e+04 4.0791 3.6407 2.71655 0.79491 0.2940 6.4169e+01 1 8.4723e-06 3.6407 7.168000e-01 2.831450e-01 6.828595e-05 -0.0726 
2.8484e+04 4.1001 3.6357 2.55895 0.79608 1.0273 7.1280e+01 1 1.2764e-05 3.6357 7.165934e-01 2.833250e-01 9.472638e-05 -0.0759 
4.9274e+04 4.1236 3.6254 2.19552 0.79758 2.5390 8.6765e+01 1 2.6977e-05 3.6254 7.161512e-01 2.837040e-01 1.579500e-04 -0.0897 
7.4187e+04 4.1506 3.6002 0.98824 0.79931 5.1799 3.8780e+02 0 3.5156e-05 3.6002 7.151783e-01 2.845400e-01 2.949163e-04 -0.1387 
7.7744e+04 3.9821 3.6682 0.80246 0.79739 16.2665 1.7482e+02 0 6.5313e-05 3.6682 7.078845e-01 2.908170e-01 1.306498e-03 999.0000 
 3.0000 6 # agb_3.00_Z0.00010000_Mdot2_eta0.40_Mc0.00_dMc0.00_Tbd6.40_L0.00_dL0.00_C0.00_Nr3.00_rates0_KOPv_KMOLv.dat 
0.0000e+00 4.0442 3.6478 3.00000 0.81115 0.2878 5.4312e+01 1 4.2954e-06 3.6478 7.052000e-01 2.947300e-01 6.826466e-05 -0.0655 
9.8136e+03 4.1036 3.6430 2.93347 0.81211 0.2878 6.3471e+01 1 8.3753e-06 3.6430 7.052000e-01 2.947300e-01 6.826466e-05 -0.0687 
2.2840e+04 4.1230 3.6390 2.81147 0.81310 0.9065 6.9183e+01 1 1.1722e-05 3.6390 7.050394e-01 2.948690e-01 8.985379e-05 -0.0753 
3.9075e+04 4.1484 3.6318 2.56789 0.81432 2.1374 8.0000e+01 1 2.0512e-05 3.6318 7.047158e-01 2.951440e-01 1.382529e-04 -0.0859 
5.8739e+04 4.1727 3.6129 1.85544 0.81574 4.1099 1.1342e+02 1 7.7446e-05 3.6129 7.040825e-01 2.956860e-01 2.302813e-04 -0.1039 
8.1274e+04 4.1987 3.6678 0.82267 0.81724 7.9188 2.7841e+02 0 1.0765e-04 3.6678 7.024734e-01 2.970790e-01 4.454965e-04 999.0000 
 3.2000 7 # agb_3.20_Z0.00010000_Mdot2_eta0.40_Mc0.00_dMc0.00_Tbd6.40_L0.00_dL0.00_C0.00_Nr3.00_rates0_KOPv_KMOLv.dat 
0.0000e+00 4.0742 3.6492 3.20000 0.82457 0.2845 5.4946e+01 1 4.6666e-06 3.6492 6.940000e-01 3.059170e-01 6.821341e-05 -0.0676 
8.3110e+03 4.1211 3.6453 3.14541 0.82544 0.2845 6.2178e+01 1 7.8886e-06 3.6453 6.940000e-01 3.059170e-01 6.821341e-05 -0.0732 
1.8850e+04 4.1431 3.6418 3.05286 0.82626 0.8192 6.7402e+01 1 1.0889e-05 3.6418 6.938708e-01 3.060280e-01 8.634299e-05 -0.0747 
3.2330e+04 4.1645 3.6368 2.87986 0.82730 1.8582 7.4906e+01 1 1.6406e-05 3.6368 6.936216e-01 3.062380e-01 1.252670e-04 -0.0779 
4.8426e+04 4.1897 3.6270 2.51115 0.82850 3.4476 9.0379e+01 1 3.3497e-05 3.6270 6.931680e-01 3.066230e-01 1.939948e-04 -0.0909 
6.6985e+04 4.2119 3.5959 1.33006 0.82976 5.7752 3.5346e+02 0 5.2845e-05 3.5959 6.923219e-01 3.073530e-01 3.092597e-04 -0.1348 
7.9817e+04 4.2372 3.6673 0.83526 0.82962 12.9511 3.0052e+02 0 1.0593e-04 3.6673 6.891035e-01 3.100790e-01 7.992887e-04 999.0000 
 3.4000 8 # agb_3.40_Z0.00010000_Mdot2_eta0.40_Mc0.00_dMc0.00_Tbd6.40_L0.00_dL0.00_C0.00_Nr3.00_rates0_KOPv_KMOLv.dat 
0.0000e+00 4.1011 3.6505 3.40000 0.83701 0.2800 5.5433e+01 1 4.9888e-06 3.6505 6.835000e-01 3.164050e-01 6.818438e-05 -0.0647 
6.9479e+03 4.1424 3.6473 3.35466 0.83778 0.2800 6.1647e+01 1 7.8705e-06 3.6473 6.835000e-01 3.164050e-01 6.818438e-05 -0.0656 
1.5941e+04 4.1598 3.6445 3.27896 0.83852 0.7445 6.5703e+01 1 1.0116e-05 3.6445 6.833950e-01 3.164940e-01 8.351414e-05 -0.0693 
2.6901e+04 4.1822 3.6404 3.15083 0.83939 1.6320 7.2021e+01 1 1.4521e-05 3.6404 6.831997e-01 3.166580e-01 1.153625e-04 -0.0799 
4.0171e+04 4.2065 3.6337 2.90717 0.84040 2.9679 8.2381e+01 1 2.4266e-05 3.6337 6.828580e-01 3.169450e-01 1.695908e-04 -0.0895 
5.5547e+04 4.2273 3.6200 2.34076 0.84147 4.7558 1.0568e+02 1 6.1944e-05 3.6200 6.822775e-01 3.174440e-01 2.513472e-04 -0.1025 
7.3069e+04 4.2478 3.5910 1.22148 0.84260 7.7800 4.3225e+02 0 3.3729e-05 3.5910 6.811684e-01 3.183950e-01 4.089883e-04 -0.2180 
8.3946e+04 4.2494 3.6668 0.84777 0.84214 17.1062 3.0602e+02 0 9.9770e-05 3.6668 6.768964e-01 3.219010e-01 1.170783e-03 999.0000 
 3.6000 9 # agb_3.60_Z0.00010000_Mdot2_eta0.40_Mc0.00_dMc0.00_Tbd6.40_L0.00_dL0.00_C0.00_Nr3.00_rates0_KOPv_KMOLv.dat 
0.0000e+00 4.1240 3.6521 3.60000 0.84735 0.2817 5.5522e+01 1 5.1761e-06 3.6521 6.732000e-01 3.266950e-01 6.809982e-05 -0.0656 
6.1233e+03 4.1561 3.6495 3.56086 0.84808 0.2817 6.0341e+01 1 7.3961e-06 3.6495 6.732000e-01 3.266950e-01 6.809982e-05 -0.0690 
1.3648e+04 4.1743 3.6471 3.50057 0.84873 0.6887 6.4058e+01 1 9.3972e-06 3.6471 6.731139e-01 3.267680e-01 8.114612e-05 -0.0707 
2.2951e+04 4.1965 3.6435 3.39998 0.84952 1.4569 6.9498e+01 1 1.2972e-05 3.6435 6.729582e-01 3.268980e-01 1.075894e-04 -0.0773 
3.4013e+04 4.2194 3.6385 3.22813 0.85040 2.6013 7.7191e+01 1 1.9454e-05 3.6385 6.726946e-01 3.271170e-01 1.514035e-04 -0.0815 
4.6880e+04 4.2390 3.6314 2.93974 0.85133 4.0790 8.8377e+01 1 3.2434e-05 3.6314 6.722680e-01 3.274810e-01 2.144269e-04 -0.0874 
6.1215e+04 4.2586 3.6152 2.26682 0.85223 6.0479 1.1777e+02 1 9.4624e-05 3.6152 6.715942e-01 3.280630e-01 3.058024e-04 -0.1126 
7.7593e+04 4.2787 3.5874 1.29764 0.85325 9.8267 4.5265e+02 0 3.2734e-05 3.5874 6.703225e-01 3.291250e-01 5.145434e-04 -0.2640 
8.9367e+04 4.2976 3.6681 0.85887 0.85319 18.8435 3.3314e+02 0 7.8524e-05 3.6681 6.664098e-01 3.322310e-01 1.316498e-03 999.0000 
 3.8000 10 # agb_3.80_Z0.00010000_Mdot2_eta0.40_Mc0.00_dMc0.00_Tbd6.40_L0.00_dL0.00_C0.00_Nr3.00_rates0_KOPv_KMOLv.dat 
0.0000e+00 4.1549 3.6527 3.80000 0.86381 0.2817 5.6886e+01 1 5.8884e-06 3.6527 6.655000e-01 3.343870e-01 6.804960e-05 -0.0661 
4.9698e+03 4.1825 3.6505 3.76594 0.86445 0.2817 6.1090e+01 1 7.9799e-06 3.6505 6.655000e-01 3.343870e-01 6.804960e-05 -0.0698 
1.0943e+04 4.1988 3.6484 3.71657 0.86500 0.6257 6.4373e+01 1 9.8401e-06 3.6484 6.654324e-01 3.344440e-01 7.879651e-05 -0.0746 
1.8156e+04 4.2194 3.6454 3.64053 0.86564 1.2645 6.9012e+01 1 1.2972e-05 3.6454 6.653145e-01 3.345410e-01 9.993912e-05 -0.0768 
2.6743e+04 4.2403 3.6417 3.52021 0.86635 2.2052 7.4948e+01 1 1.7947e-05 3.6417 6.651227e-01 3.346990e-01 1.339543e-04 -0.0765 
3.6677e+04 4.2588 3.6369 3.32728 0.86712 3.3885 8.2686e+01 1 2.6122e-05 3.6369 6.648255e-01 3.349490e-01 1.810866e-04 -0.0817 
4.7822e+04 4.2775 3.6290 2.98755 0.86788 4.8118 9.5746e+01 1 4.5290e-05 3.6290 6.643829e-01 3.353300e-01 2.421616e-04 -0.0952 
6.0231e+04 4.2954 3.6082 2.10542 0.86864 6.9069 1.3773e+02 1 1.3428e-04 3.6082 6.637125e-01 3.359010e-01 3.410525e-04 -0.1198 
7.4587e+04 4.3106 3.5851 1.33034 0.86961 11.1977 4.8520e+02 0 3.0549e-05 3.5851 6.623128e-01 3.370510e-01 5.897959e-04 -0.2164 
8.7505e+04 4.3281 3.6701 0.87566 0.87031 19.5658 3.4410e+02 0 7.5336e-05 3.6701 6.586396e-01 3.399240e-01 1.385119e-03 999.0000 
 4.0000 12 # agb_4.00_Z0.00010000_Mdot2_eta0.40_Mc0.00_dMc0.00_Tbd6.40_L0.00_dL0.00_C0.00_Nr3.00_rates0_KOPv_KMOLv.dat 
0.0000e+00 4.1891 3.6530 4.00000 0.88291 0.2814 5.8858e+01 1 6.9823e-06 3.6530 6.588000e-01 3.410810e-01 6.800152e-05 -0.0631 
3.9081e+03 4.2117 3.6512 3.96942 0.88346 0.2814 6.2418e+01 1 8.9743e-06 3.6512 6.588000e-01 3.410810e-01 6.800152e-05 -0.0700 
8.4555e+03 4.2269 3.6494 3.92759 0.88390 0.5682 6.5388e+01 1 1.0814e-05 3.6494 6.587479e-01 3.411240e-01 7.674910e-05 -0.0707 
1.3915e+04 4.2436 3.6471 3.86636 0.88441 1.0924 6.9100e+01 1 1.3490e-05 3.6471 6.586603e-01 3.411950e-01 9.348878e-05 -0.0701 
2.0352e+04 4.2625 3.6441 3.77440 0.88497 1.8572 7.4050e+01 1 1.7701e-05 3.6441 6.585233e-01 3.413060e-01 1.197303e-04 -0.0745 
2.7788e+04 4.2806 3.6402 3.63465 0.88558 2.8116 8.0272e+01 1 2.4155e-05 3.6402 6.583183e-01 3.414750e-01 1.553726e-04 -0.0831 
3.6162e+04 4.2975 3.6351 3.41585 0.88620 3.9115 8.8691e+01 1 3.5318e-05 3.6351 6.580230e-01 3.417260e-01 1.996065e-04 -0.0874 
4.5477e+04 4.3133 3.6272 3.03288 0.88683 5.2336 1.0278e+02 1 6.1660e-05 3.6272 6.576045e-01 3.420880e-01 2.559558e-04 -0.0967 
5.5754e+04 4.3285 3.6052 2.08794 0.88745 7.2538 1.5025e+02 1 1.4488e-04 3.6052 6.569859e-01 3.426110e-01 3.511386e-04 -0.1384 
6.7771e+04 4.3404 3.5850 1.42381 0.88829 11.4041 4.8835e+02 0 3.2285e-05 3.5850 6.556666e-01 3.436890e-01 5.916610e-04 -0.1832 
8.0524e+04 4.3509 3.6058 0.96832 0.88942 18.5998 5.8760e+02 0 3.0549e-05 3.6058 6.526522e-01 3.460440e-01 1.246314e-03 -0.0382 
8.2083e+04 4.2309 3.6615 0.89335 0.88793 29.6883 2.9366e+02 0 1.1588e-04 3.6615 6.401343e-01 3.553600e-01 4.408741e-03 999.0000 
 4.2000 13 # agb_4.20_Z0.00010000_Mdot2_eta0.40_Mc0.00_dMc0.00_Tbd6.40_L0.00_dL0.00_C0.00_Nr3.00_rates0_KOPv_KMOLv.dat 
0.0000e+00 4.2189 3.6534 4.20000 0.90068 0.2814 6.0468e+01 1 7.9983e-06 3.6534 6.534000e-01 3.464750e-01 6.794959e-05 -0.0651 
3.0732e+03 4.2374 3.6520 4.17345 0.90114 0.2814 6.3414e+01 1 9.8175e-06 3.6520 6.534000e-01 3.464750e-01 6.794959e-05 -0.0648 
6.6402e+03 4.2496 3.6505 4.13806 0.90151 0.5205 6.5838e+01 1 1.1402e-05 3.6505 6.533598e-01 3.465080e-01 7.507716e-05 -0.0676 
1.0814e+04 4.2649 3.6485 4.08875 0.90192 0.9517 6.9101e+01 1 1.3868e-05 3.6485 6.532944e-01 3.465600e-01 8.840952e-05 -0.0736 
1.5687e+04 4.2813 3.6461 4.01830 0.90236 1.5785 7.3144e+01 1 1.7338e-05 3.6461 6.531954e-01 3.466380e-01 1.089602e-04 -0.0755 
2.1295e+04 4.2971 3.6432 3.91713 0.90284 2.3604 7.7916e+01 1 2.2131e-05 3.6432 6.530524e-01 3.467540e-01 1.365246e-04 -0.0790 
2.7553e+04 4.3125 3.6397 3.77257 0.90333 3.2448 8.3838e+01 1 2.9376e-05 3.6397 6.528531e-01 3.469200e-01 1.699932e-04 -0.0800 
3.4525e+04 4.3280 3.6350 3.55260 0.90384 4.2241 9.2022e+01 1 4.1976e-05 3.6350 6.525824e-01 3.471510e-01 2.091949e-04 -0.0846 
4.2184e+04 4.3426 3.6274 3.18408 0.90435 5.4263 1.0562e+02 1 7.0307e-05 3.6274 6.522161e-01 3.474660e-01 2.601027e-04 -0.1012 
5.0630e+04 4.3585 3.6084 2.32939 0.90488 7.1833 1.4656e+02 1 1.5524e-04 3.6084 6.516959e-01 3.479050e-01 3.416274e-04 -0.1368 
6.0396e+04 4.3674 3.5883 1.63702 0.90551 10.4938 4.4420e+02 0 4.1783e-05 3.5883 6.506926e-01 3.487250e-01 5.238636e-04 -0.2085 
7.1060e+04 4.3720 3.5807 1.19886 0.90630 16.2435 6.3590e+02 0 3.2063e-05 3.5807 6.485697e-01 3.503950e-01 9.737191e-04 -0.0931 
8.0012e+04 4.3763 3.6694 0.91218 0.90701 23.3093 3.7185e+02 0 6.6374e-05 3.6694 6.442632e-01 3.536410e-01 2.023466e-03 999.0000 
 4.4000 13 # agb_4.40_Z0.00010000_Mdot2_eta0.40_Mc0.00_dMc0.00_Tbd6.40_L0.00_dL0.00_C0.00_Nr3.00_rates0_KOPv_KMOLv.dat 
0.0000e+00 4.2755 3.6519 4.40000 0.92615 0.2810 6.6239e+01 1 1.2050e-05 3.6519 6.487000e-01 3.512700e-01 6.792077e-05 -0.0665 
2.2396e+03 4.3544 3.6461 4.34928 0.92659 0.2810 8.0287e+01 1 2.7479e-05 3.6461 6.487000e-01 3.512700e-01 6.792078e-05 -0.0718 
4.8372e+03 4.3590 3.6449 4.28493 0.92695 0.4990 8.2302e+01 1 3.0269e-05 3.6449 6.486662e-01 3.512970e-01 7.428992e-05 -0.0725 
7.8836e+03 4.3639 3.6432 4.20096 0.92733 0.8878 8.4948e+01 1 3.4041e-05 3.6432 6.486113e-01 3.513410e-01 8.600285e-05 -0.0733 
1.1440e+04 4.3720 3.6408 4.08638 0.92774 1.4469 8.8996e+01 1 4.0551e-05 3.6408 6.485289e-01 3.514050e-01 1.037002e-04 -0.0774 
1.5550e+04 4.3833 3.6374 3.92127 0.92818 2.1440 9.5124e+01 1 5.2119e-05 3.6374 6.484102e-01 3.515000e-01 1.272603e-04 -0.0861 
2.0282e+04 4.3984 3.6322 3.65675 0.92865 2.9133 1.0531e+02 1 7.6913e-05 3.6322 6.482423e-01 3.516390e-01 1.565368e-04 -0.0916 
2.5710e+04 4.4156 3.6224 3.14264 0.92916 3.3125 1.2615e+02 1 1.5171e-04 3.6224 6.479981e-01 3.518440e-01 1.951819e-04 -0.1032 
3.1985e+04 4.4169 3.6065 2.26596 0.92970 3.9471 1.6778e+02 1 1.2912e-04 3.6065 6.476016e-01 3.521820e-01 2.534083e-04 -0.1557 
3.9417e+04 4.4049 3.5889 1.75339 0.93029 6.8154 4.5170e+02 0 4.3954e-05 3.5889 6.467655e-01 3.528910e-01 3.801978e-04 -0.1592 
4.7433e+04 4.4036 3.5777 1.39758 0.93082 11.5260 6.1054e+02 0 3.4514e-05 3.5777 6.451869e-01 3.541920e-01 6.561761e-04 -0.1066 
5.5472e+04 4.4104 3.5817 1.11530 0.93155 17.3477 7.3311e+02 0 3.4995e-05 3.5817 6.425352e-01 3.563050e-01 1.190321e-03 -0.0276 
6.0870e+04 4.4138 3.6666 0.93747 0.93179 23.7099 4.0453e+02 0 5.7810e-05 3.6666 6.374969e-01 3.601800e-01 2.337301e-03 999.0000 
 4.6000 15 # agb_4.60_Z0.00010000_Mdot2_eta0.40_Mc0.00_dMc0.00_Tbd6.40_L0.00_dL0.00_C0.00_Nr3.00_rates0_KOPv_KMOLv.dat 
0.0000e+00 4.3687 3.6476 4.60000 0.95215 0.3138 7.9250e+01 1 2.6363e-05 3.6476 6.444000e-01 3.554640e-01 6.870097e-05 -0.0691 
1.6103e+03 4.3757 3.6467 4.56004 0.95249 0.3138 8.1133e+01 1 2.9107e-05 3.6467 6.444000e-01 3.554640e-01 6.870117e-05 -0.0730 
3.4408e+03 4.3863 3.6455 4.50828 0.95276 0.4937 8.3946e+01 1 3.3574e-05 3.6455 6.443750e-01 3.554840e-01 7.387018e-05 -0.0727 
5.5429e+03 4.3995 3.6434 4.43798 0.95303 0.8105 8.8045e+01 1 4.0458e-05 3.6434 6.443360e-01 3.555140e-01 8.322394e-05 -0.0744 
7.9941e+03 4.4278 3.6396 4.32286 0.95333 1.2298 9.6647e+01 1 5.8749e-05 3.6396 6.442814e-01 3.555540e-01 9.748631e-05 -0.0776 
1.0793e+04 4.4611 3.6338 4.11951 0.95365 1.1460 1.0981e+02 1 9.6605e-05 3.6338 6.442012e-01 3.556120e-01 1.193560e-04 -0.0818 
1.4116e+04 4.4793 3.6300 3.75691 0.95403 0.2137 1.2233e+02 1 1.5596e-04 3.6300 6.440744e-01 3.557090e-01 1.496985e-04 -0.0979 
1.8040e+04 4.4891 3.6209 3.11577 0.95446 0.1532 1.4649e+02 1 2.0989e-04 3.6209 6.438730e-01 3.558770e-01 1.828166e-04 -0.0934 
2.2791e+04 4.4895 3.6094 2.39380 0.95495 0.2054 1.8241e+02 1 1.1015e-04 3.6094 6.435253e-01 3.561770e-01 2.298786e-04 -0.1046 
2.8373e+04 4.4661 3.5975 1.95934 0.95545 1.2890 4.3421e+02 0 5.5208e-05 3.5975 6.428844e-01 3.567210e-01 3.260693e-04 -0.1375 
3.4396e+04 4.4504 3.5821 1.65149 0.95585 5.7651 5.6092e+02 0 3.8371e-05 3.5821 6.417965e-01 3.576400e-01 4.942919e-04 -0.1034 
4.0562e+04 4.4477 3.5710 1.39980 0.95628 11.0333 7.1415e+02 0 3.8194e-05 3.5710 6.401692e-01 3.589810e-01 7.794514e-04 -0.0896 
4.6620e+04 4.4485 3.5722 1.17638 0.95688 16.3564 8.2776e+02 0 3.8194e-05 3.5722 6.378593e-01 3.608310e-01 1.235070e-03 0.1597 
5.2409e+04 4.4497 3.6583 0.96601 0.95778 21.5237 4.5948e+02 0 4.6989e-05 3.6583 6.342709e-01 3.636230e-01 2.019573e-03 0.2482 
5.2450e+04 4.2904 3.6654 0.96295 0.95716 32.4522 3.0285e+02 0 1.1508e-04 3.6654 5.825054e-01 4.028320e-01 1.429500e-02 999.0000 
 4.8000 15 # agb_4.80_Z0.00010000_Mdot2_eta0.40_Mc0.00_dMc0.00_Tbd6.40_L0.00_dL0.00_C0.00_Nr3.00_rates0_KOPv_KMOLv.dat 
0.0000e+00 4.7012 3.6284 4.80000 0.98235 29.4039 1.6404e+02 1 3.4198e-04 3.6284 6.035000e-01 3.963000e-01 1.503739e-04 -0.0756 
1.1150e+03 4.6854 3.6276 4.49051 0.98268 12.3307 1.6583e+02 1 3.2961e-04 3.6276 6.034674e-01 3.963310e-01 1.517005e-04 -0.0768 
2.4894e+03 4.6832 3.6239 4.10805 0.98297 7.8566 1.7751e+02 1 3.2810e-04 3.6239 6.033994e-01 3.963920e-01 1.582651e-04 -0.0935 
4.2598e+03 4.6819 3.6194 3.70141 0.98331 5.3250 1.9309e+02 1 2.0654e-04 3.6194 6.032903e-01 3.964870e-01 1.719544e-04 -0.0818 
6.4778e+03 4.6758 3.6145 3.34452 0.98369 3.9177 2.0843e+02 1 1.3614e-04 3.6145 6.031211e-01 3.966320e-01 1.954882e-04 -0.0799 
9.2308e+03 4.6650 3.6106 3.01248 0.98412 3.2883 2.2172e+02 1 1.0069e-04 3.6106 6.028650e-01 3.968540e-01 2.286332e-04 -0.0641 
1.2445e+04 4.6505 3.6069 2.70750 0.98454 3.0748 2.3429e+02 1 7.7983e-05 3.6069 6.024973e-01 3.971810e-01 2.687454e-04 -0.0538 
1.6132e+04 4.6294 3.6040 2.41930 0.98497 2.7454 2.4386e+02 1 6.2951e-05 3.6040 6.019869e-01 3.976300e-01 3.285666e-04 -0.0886 
2.0160e+04 4.6054 3.5999 2.14825 0.98536 2.3048 5.3381e+02 0 5.4828e-05 3.5999 6.013066e-01 3.982150e-01 4.229491e-04 0.0905 
2.4434e+04 4.5743 3.5918 1.88593 0.98571 4.4090 6.0168e+02 0 5.1050e-05 3.5918 6.004887e-01 3.988880e-01 5.665674e-04 0.2234 
2.8865e+04 4.5310 3.5778 1.64512 0.98607 14.7230 7.0018e+02 0 4.6238e-05 3.5778 5.993955e-01 3.997830e-01 7.630075e-04 -0.0837 
3.3326e+04 4.5091 3.5677 1.44959 0.98644 21.0446 8.1774e+02 0 4.3954e-05 3.5677 5.979268e-01 4.009560e-01 1.056153e-03 -0.0578 
3.7711e+04 4.5097 3.5757 1.26638 0.98698 24.9930 8.6084e+02 0 4.4055e-05 3.5757 5.960833e-01 4.023890e-01 1.460980e-03 -0.0336 
4.1892e+04 4.5108 3.5831 1.09199 0.98774 27.6887 9.2322e+02 0 4.4157e-05 3.5831 5.936341e-01 4.042440e-01 2.045210e-03 0.1607 
4.4327e+04 4.5130 3.6703 0.99372 0.98802 29.8309 4.6312e+02 0 5.3456e-05 3.6703 5.894093e-01 4.073660e-01 3.122942e-03 999.0000 
