# age(yr) logL logTe m_act mcore c/o period ip Mdot(Msun/yr) logTe X Y CNO dlogTe/dlogL 
 0.5600 3 # agb_0.560_Z0.00200000_Mdot51_eta1.00_Mc0.00_dMc0.00_Tbd6.40_L0.00_dL0.00_C0.00_Nr3.00_rates0_KOPv_KMOLv.dat 
0.0000e+00 3.0277 3.6005 0.56000 0.50103 0.4060 2.8126e+01 1 9.0782e-08 3.6005 7.373000e-01 2.607080e-01 1.331672e-03 -0.0891 
2.3439e+05 3.2078 3.6219 0.50926 0.50318 0.4060 7.0608e+01 0 4.4566e-07 3.6219 7.373000e-01 2.607080e-01 1.331672e-03 -0.0883 
2.5225e+05 2.7496 3.6604 0.50820 0.50318 0.4060 1.1453e+01 1 3.5645e-08 3.6604 7.373000e-01 2.607080e-01 1.331672e-03 999.0000 
 0.5700 3 # agb_0.570_Z0.00200000_Mdot51_eta1.00_Mc0.00_dMc0.00_Tbd6.40_L0.00_dL0.00_C0.00_Nr3.00_rates0_KOPv_KMOLv.dat 
0.0000e+00 3.0409 3.5982 0.57000 0.50268 0.4046 2.9036e+01 1 9.2897e-08 3.5982 7.373000e-01 2.607310e-01 1.331848e-03 -0.0899 
2.2995e+05 3.2271 3.6014 0.52140 0.50490 0.4046 8.6650e+01 0 3.9084e-07 3.6014 7.373000e-01 2.607310e-01 1.331848e-03 -0.0900 
3.3831e+05 3.1594 3.6259 0.51129 0.50532 0.4046 3.1130e+01 1 3.2509e-07 3.6259 7.373000e-01 2.607310e-01 1.331848e-03 999.0000 
 0.5800 3 # agb_0.580_Z0.00200000_Mdot51_eta1.00_Mc0.00_dMc0.00_Tbd6.40_L0.00_dL0.00_C0.00_Nr3.00_rates0_KOPv_KMOLv.dat 
0.0000e+00 3.0430 3.5971 0.58000 0.50417 0.4064 2.9116e+01 1 8.9743e-08 3.5971 7.373000e-01 2.607510e-01 1.331769e-03 -0.0903 
2.2483e+05 3.2412 3.5908 0.53572 0.50637 0.4064 9.6006e+01 0 3.4914e-07 3.5908 7.373000e-01 2.607510e-01 1.331769e-03 -0.0906 
3.6784e+05 3.2638 3.6210 0.51286 0.50730 0.4064 8.0159e+01 0 5.9979e-07 3.6210 7.373000e-01 2.607510e-01 1.331769e-03 999.0000 
 0.5900 3 # agb_0.590_Z0.00200000_Mdot51_eta1.00_Mc0.00_dMc0.00_Tbd6.40_L0.00_dL0.00_C0.00_Nr3.00_rates0_KOPv_KMOLv.dat 
0.0000e+00 3.1336 3.5882 0.59000 0.50666 0.4040 3.6369e+01 1 1.4028e-07 3.5882 7.371000e-01 2.608630e-01 1.331884e-03 -0.0918 
2.2092e+05 3.2809 3.5961 0.52731 0.50913 0.4040 1.0147e+02 0 5.5081e-07 3.5961 7.371000e-01 2.608630e-01 1.331884e-03 -0.0921 
3.2185e+05 3.1932 3.6271 0.51473 0.50956 0.4040 3.2707e+01 1 4.2855e-07 3.6271 7.371000e-01 2.608630e-01 1.331884e-03 999.0000 
 0.6000 3 # agb_0.600_Z0.00200000_Mdot51_eta1.00_Mc0.00_dMc0.00_Tbd6.40_L0.00_dL0.00_C0.00_Nr3.00_rates0_KOPv_KMOLv.dat 
0.0000e+00 2.9391 3.6060 0.60000 0.50779 0.4199 2.2178e+01 1 4.8084e-08 3.6060 7.374000e-01 2.607200e-01 1.330160e-03 -0.0886 
2.1481e+05 3.2257 3.5829 0.56968 0.50981 0.4199 9.4115e+01 0 2.3335e-07 3.5829 7.374000e-01 2.607200e-01 1.330160e-03 -0.0922 
4.3543e+05 3.3075 3.6184 0.51797 0.51227 0.4199 8.9641e+01 0 7.1945e-07 3.6184 7.374000e-01 2.607200e-01 1.330160e-03 999.0000 
 0.6200 3 # agb_0.62_Z0.00200000_Mdot51_eta1.00_Mc0.00_dMc0.00_Tbd6.40_L0.00_dL0.00_C0.00_Nr3.00_rates0_KOPv_KMOLv.dat 
0.0000e+00 3.1077 3.5897 0.62000 0.51058 0.4259 3.3452e+01 1 1.0765e-07 3.5897 7.373000e-01 2.606670e-01 1.329581e-03 -0.0914 
2.1041e+05 3.2977 3.5774 0.56911 0.51301 0.4259 1.1626e+02 0 4.1687e-07 3.5774 7.373000e-01 2.606670e-01 1.329581e-03 -0.0942 
3.7540e+05 3.3604 3.6147 0.52070 0.51473 0.4259 1.0382e+02 0 1.1429e-06 3.6147 7.373000e-01 2.606670e-01 1.329581e-03 999.0000 
 0.6600 3 # agb_0.66_Z0.00200000_Mdot51_eta1.00_Mc0.00_dMc0.00_Tbd6.40_L0.00_dL0.00_C0.00_Nr3.00_rates0_KOPv_KMOLv.dat 
0.0000e+00 3.1512 3.5854 0.66000 0.51477 0.4398 3.6212e+01 1 1.1722e-07 3.5854 7.374000e-01 2.605520e-01 1.328049e-03 -0.0923 
2.0279e+05 3.3254 3.5702 0.60928 0.51735 0.4398 1.2400e+02 0 4.0272e-07 3.5702 7.374000e-01 2.605520e-01 1.328049e-03 -0.0964 
4.0068e+05 3.4157 3.6149 0.52572 0.52026 0.4398 1.1617e+02 0 1.6406e-06 3.6149 7.374000e-01 2.605520e-01 1.328049e-03 999.0000 
 0.6800 3 # agb_0.68_Z0.00200000_Mdot51_eta1.00_Mc0.00_dMc0.00_Tbd6.40_L0.00_dL0.00_C0.00_Nr3.00_rates0_KOPv_KMOLv.dat 
0.0000e+00 3.1182 3.5891 0.68000 0.51663 0.4516 3.2672e+01 1 9.2683e-08 3.5891 7.376000e-01 2.604010e-01 1.326742e-03 -0.0910 
1.9786e+05 3.3265 3.5689 0.63773 0.51914 0.4516 1.2076e+02 0 3.4119e-07 3.5689 7.376000e-01 2.604010e-01 1.326742e-03 -0.0970 
4.3959e+05 3.4149 3.6138 0.52916 0.52336 0.4516 1.1648e+02 0 1.5241e-06 3.6138 7.376000e-01 2.604010e-01 1.326742e-03 999.0000 
 0.7000 3 # agb_0.70_Z0.00200000_Mdot51_eta1.00_Mc0.00_dMc0.00_Tbd6.40_L0.00_dL0.00_C0.00_Nr3.00_rates0_KOPv_KMOLv.dat 
0.0000e+00 3.1656 3.5847 0.70000 0.51784 0.4540 3.6255e+01 1 1.1169e-07 3.5847 7.376000e-01 2.604250e-01 1.326490e-03 -0.0922 
1.9638e+05 3.3472 3.5664 0.65588 0.52050 0.4540 1.2602e+02 0 3.5075e-07 3.5664 7.376000e-01 2.604250e-01 1.326490e-03 -0.0968 
4.4781e+05 3.4172 3.6143 0.53107 0.52534 0.4540 1.1620e+02 0 1.5031e-06 3.6143 7.376000e-01 2.604250e-01 1.326490e-03 999.0000 
 0.7200 5 # agb_0.72_Z0.00200000_Mdot51_eta1.00_Mc0.00_dMc0.00_Tbd6.40_L0.00_dL0.00_C0.00_Nr3.00_rates0_KOPv_KMOLv.dat 
0.0000e+00 3.1939 3.5826 0.72000 0.51994 0.4584 3.8239e+01 1 1.2274e-07 3.5826 7.376000e-01 2.604520e-01 1.325991e-03 -0.0927 
1.9139e+05 3.3710 3.5641 0.67613 0.52267 0.4584 1.3201e+02 0 3.6392e-07 3.5641 7.376000e-01 2.604520e-01 1.325991e-03 -0.0927 
3.5302e+05 3.4456 3.5577 0.63481 0.52500 0.4584 1.7472e+02 0 6.7608e-07 3.5577 7.376000e-01 2.604520e-01 1.325991e-03 -0.0972 
4.3989e+05 3.4370 3.5780 0.55735 0.52774 0.4584 1.6084e+02 0 1.0568e-06 3.5780 7.376000e-01 2.604520e-01 1.325991e-03 -0.0972 
5.2694e+05 3.2806 3.6231 0.53377 0.52830 0.4584 7.8820e+01 0 6.1802e-07 3.6231 7.376000e-01 2.604520e-01 1.325991e-03 999.0000 
 0.7500 4 # agb_0.75_Z0.00200000_Mdot51_eta1.00_Mc0.00_dMc0.00_Tbd6.40_L0.00_dL0.00_C0.00_Nr3.00_rates0_KOPv_KMOLv.dat 
0.0000e+00 3.1246 3.5903 0.75000 0.52193 0.4691 3.1163e+01 1 7.9068e-08 3.5903 7.377000e-01 2.603000e-01 1.324759e-03 -0.0908 
1.8943e+05 3.3398 3.5680 0.71304 0.52453 0.4691 1.1334e+02 0 2.8184e-07 3.5680 7.377000e-01 2.603000e-01 1.324759e-03 -0.0966 
4.2893e+05 3.4134 3.5627 0.62846 0.52916 0.4691 1.5695e+02 0 6.0534e-07 3.5627 7.377000e-01 2.603000e-01 1.324759e-03 -0.0994 
5.9974e+05 3.4898 3.6138 0.53742 0.53225 0.4691 1.3577e+02 0 2.4155e-06 3.6138 7.377000e-01 2.603000e-01 1.324759e-03 999.0000 
 0.7600 5 # agb_0.76_Z0.00200000_Mdot51_eta1.00_Mc0.00_dMc0.00_Tbd6.40_L0.00_dL0.00_C0.00_Nr3.00_rates0_KOPv_KMOLv.dat 
0.0000e+00 3.2924 3.5741 0.76000 0.52346 0.4646 4.7397e+01 1 1.8836e-07 3.5741 7.376000e-01 2.603910e-01 1.325408e-03 -0.0950 
1.8428e+05 3.4221 3.5592 0.70681 0.52645 0.4646 1.4856e+02 0 4.7098e-07 3.5592 7.376000e-01 2.603910e-01 1.325408e-03 -0.0950 
3.4509e+05 3.4889 3.5529 0.65469 0.52915 0.4646 1.9542e+02 0 8.6497e-07 3.5529 7.376000e-01 2.603910e-01 1.325408e-03 -0.0987 
4.2879e+05 3.4780 3.5803 0.55558 0.53210 0.4646 1.7322e+02 0 1.5382e-06 3.5803 7.376000e-01 2.603910e-01 1.325408e-03 -0.0987 
4.8271e+05 3.1336 3.6349 0.53730 0.53224 0.4646 2.7091e+01 1 2.7102e-07 3.6349 7.376000e-01 2.603910e-01 1.325408e-03 999.0000 
 0.7800 4 # agb_0.78_Z0.00200000_Mdot51_eta1.00_Mc0.00_dMc0.00_Tbd6.40_L0.00_dL0.00_C0.00_Nr3.00_rates0_KOPv_KMOLv.dat 
0.0000e+00 3.2785 3.5764 0.78000 0.52515 0.4695 4.4837e+01 1 1.6558e-07 3.5764 7.375000e-01 2.605170e-01 1.325197e-03 -0.0944 
1.8304e+05 3.4141 3.5608 0.73108 0.52815 0.4695 1.3953e+02 0 4.0458e-07 3.5608 7.375000e-01 2.605170e-01 1.325197e-03 -0.0975 
4.2057e+05 3.4833 3.5599 0.60666 0.53369 0.4695 1.9425e+02 0 1.0351e-06 3.5599 7.375000e-01 2.605170e-01 1.325197e-03 -0.1020 
5.4860e+05 3.4866 3.6114 0.54158 0.53568 0.4695 1.3675e+02 0 2.2387e-06 3.6114 7.375000e-01 2.605170e-01 1.325197e-03 999.0000 
 0.8000 4 # agb_0.80_Z0.00200000_Mdot51_eta1.00_Mc0.00_dMc0.00_Tbd6.40_L0.00_dL0.00_C0.00_Nr3.00_rates0_KOPv_KMOLv.dat 
0.0000e+00 3.1469 3.5899 0.80000 0.52342 0.4752 3.1505e+01 1 7.9068e-08 3.5899 7.375000e-01 2.605390e-01 1.325214e-03 -0.0908 
1.8425e+05 3.3632 3.5672 0.76789 0.52602 0.4752 1.1255e+02 0 2.6424e-07 3.5672 7.375000e-01 2.605390e-01 1.325214e-03 -0.0960 
4.2235e+05 3.4314 3.5588 0.69591 0.53083 0.4752 1.5431e+02 0 4.9659e-07 3.5588 7.375000e-01 2.605390e-01 1.325214e-03 -0.0984 
6.5432e+05 3.5276 3.6127 0.54188 0.53664 0.4752 1.4812e+02 0 2.9309e-06 3.6127 7.375000e-01 2.605390e-01 1.325214e-03 999.0000 
 0.8500 5 # agb_0.85_Z0.00200000_Mdot51_eta1.00_Mc0.00_dMc0.00_Tbd6.40_L0.00_dL0.00_C0.00_Nr3.00_rates0_KOPv_KMOLv.dat 
0.0000e+00 3.1302 3.5939 0.85000 0.52657 0.4744 2.8772e+01 1 6.6527e-08 3.5939 7.335000e-01 2.645020e-01 1.336877e-03 -0.0895 
1.7611e+05 3.3817 3.5677 0.82019 0.52913 0.4744 1.1001e+02 0 2.6669e-07 3.5677 7.335000e-01 2.645020e-01 1.336877e-03 -0.0955 
4.0931e+05 3.4417 3.5593 0.75317 0.53404 0.4744 1.4640e+02 0 4.5394e-07 3.5593 7.335000e-01 2.645020e-01 1.336877e-03 -0.0986 
6.7665e+05 3.5187 3.5802 0.56445 0.54179 0.4744 1.8710e+02 0 1.9498e-06 3.5802 7.335000e-01 2.645020e-01 1.336877e-03 -0.1032 
6.8775e+05 3.2875 3.6261 0.54687 0.54179 0.4744 7.6210e+01 0 6.5766e-07 3.6261 7.335000e-01 2.645020e-01 1.336877e-03 999.0000 
 0.9000 5 # agb_0.90_Z0.00200000_Mdot51_eta1.00_Mc0.00_dMc0.00_Tbd6.40_L0.00_dL0.00_C0.00_Nr3.00_rates0_KOPv_KMOLv.dat 
0.0000e+00 3.2107 3.5886 0.90000 0.52954 0.4605 3.3663e+01 1 9.1201e-08 3.5886 7.291000e-01 2.689750e-01 1.349870e-03 -0.0908 
1.7182e+05 3.4248 3.5656 0.86844 0.53238 0.4605 1.1725e+02 0 2.8445e-07 3.5656 7.291000e-01 2.689750e-01 1.349870e-03 -0.0960 
4.0038e+05 3.4854 3.5565 0.79905 0.53784 0.4605 1.5694e+02 0 4.8306e-07 3.5565 7.291000e-01 2.689750e-01 1.349870e-03 -0.0991 
6.6123e+05 3.5601 3.5550 0.61955 0.54634 0.4605 2.3634e+02 0 1.5346e-06 3.5550 7.291000e-01 2.689750e-01 1.349870e-03 -0.1052 
7.6462e+05 3.5210 3.6150 0.55317 0.54811 0.4605 1.4038e+02 0 2.6182e-06 3.6150 7.291000e-01 2.689750e-01 1.349870e-03 999.0000 
 0.9500 5 # agb_0.95_Z0.00200000_Mdot51_eta1.00_Mc0.00_dMc0.00_Tbd6.40_L0.00_dL0.00_C0.00_Nr3.00_rates0_KOPv_KMOLv.dat 
0.0000e+00 3.2516 3.5871 0.95000 0.53232 0.4475 3.5683e+01 1 1.0328e-07 3.5871 7.275000e-01 2.704630e-01 1.351971e-03 -0.0912 
1.6534e+05 3.4491 3.5655 0.91618 0.53520 0.4475 6.1122e+01 1 3.2734e-07 3.5655 7.275000e-01 2.704630e-01 1.351971e-03 -0.0954 
3.8834e+05 3.5102 3.5558 0.84009 0.54084 0.4475 1.5963e+02 0 5.5976e-07 3.5558 7.275000e-01 2.704630e-01 1.351971e-03 -0.0993 
6.4421e+05 3.5744 3.5502 0.64854 0.54957 0.4475 2.4442e+02 0 1.6255e-06 3.5502 7.275000e-01 2.704630e-01 1.351971e-03 -0.1060 
7.5514e+05 3.5653 3.6117 0.55752 0.55189 0.4475 1.5846e+02 0 3.7584e-06 3.6117 7.275000e-01 2.704630e-01 1.351971e-03 999.0000 
 1.0000 5 # agb_1.00_Z0.00200000_Mdot51_eta1.00_Mc0.00_dMc0.00_Tbd6.40_L0.00_dL0.00_C0.00_Nr3.00_rates0_KOPv_KMOLv.dat 
0.0000e+00 3.2471 3.5900 1.00000 0.53443 0.4373 3.3772e+01 1 9.3541e-08 3.5900 7.258000e-01 2.721680e-01 1.356471e-03 -0.0901 
1.6514e+05 3.4383 3.5695 0.96832 0.53738 0.4373 5.6577e+01 1 2.7669e-07 3.5695 7.258000e-01 2.721680e-01 1.356471e-03 -0.0953 
3.8197e+05 3.5091 3.5589 0.90048 0.54299 0.4373 1.4546e+02 0 4.7863e-07 3.5589 7.258000e-01 2.721680e-01 1.356471e-03 -0.0984 
6.2933e+05 3.5840 3.5457 0.74708 0.55165 0.4373 2.2904e+02 0 1.1722e-06 3.5457 7.258000e-01 2.721680e-01 1.356471e-03 -0.1055 
7.9059e+05 3.6436 3.6116 0.56249 0.55694 0.4373 1.8737e+02 0 6.1518e-06 3.6116 7.258000e-01 2.721680e-01 1.356471e-03 999.0000 
 1.0500 5 # agb_1.05_Z0.00200000_Mdot51_eta1.00_Mc0.00_dMc0.00_Tbd6.40_L0.00_dL0.00_C0.00_Nr3.00_rates0_KOPv_KMOLv.dat 
0.0000e+00 3.3975 3.5778 1.05000 0.53733 0.4179 4.7432e+01 1 1.8750e-07 3.5778 7.237000e-01 2.742660e-01 1.358554e-03 -0.0935 
1.5895e+05 3.5083 3.5643 1.01078 0.54064 0.4179 6.5373e+01 1 3.7931e-07 3.5643 7.237000e-01 2.742660e-01 1.358554e-03 -0.0956 
3.7327e+05 3.5681 3.5539 0.92703 0.54707 0.4179 1.6910e+02 0 6.3973e-07 3.5539 7.237000e-01 2.742660e-01 1.358554e-03 -0.1004 
6.1710e+05 3.6220 3.5421 0.74019 0.55663 0.4179 2.5954e+02 0 1.5488e-06 3.5421 7.237000e-01 2.742660e-01 1.358554e-03 -0.1072 
7.5655e+05 3.6609 3.6112 0.56692 0.56122 0.4179 1.9418e+02 0 6.7764e-06 3.6112 7.237000e-01 2.742660e-01 1.358554e-03 999.0000 
 1.1000 5 # agb_1.10_Z0.00200000_Mdot51_eta1.00_Mc0.00_dMc0.00_Tbd6.40_L0.00_dL0.00_C0.00_Nr3.00_rates0_KOPv_KMOLv.dat 
0.0000e+00 3.3158 3.5882 1.10000 0.53987 0.4108 3.6959e+01 1 1.1508e-07 3.5882 7.236000e-01 2.744000e-01 1.359384e-03 -0.0904 
1.5692e+05 3.4770 3.5707 1.06865 0.54302 0.4108 5.7278e+01 1 2.7990e-07 3.5707 7.236000e-01 2.744000e-01 1.359384e-03 -0.0951 
3.5966e+05 3.5599 3.5589 1.00534 0.54889 0.4108 1.4762e+02 0 5.0003e-07 3.5589 7.236000e-01 2.744000e-01 1.359384e-03 -0.0986 
5.9849e+05 3.6171 3.5464 0.87195 0.55815 0.4108 2.1322e+02 0 9.6828e-07 3.5464 7.236000e-01 2.744000e-01 1.359384e-03 -0.1051 
8.0900e+05 3.6861 3.6152 0.57249 0.56748 0.4108 1.9648e+02 0 7.7983e-06 3.6152 7.236000e-01 2.744000e-01 1.359384e-03 999.0000 
 1.1500 5 # agb_1.15_Z0.00200000_Mdot51_eta1.00_Mc0.00_dMc0.00_Tbd6.40_L0.00_dL0.00_C0.00_Nr3.00_rates0_KOPv_KMOLv.dat 
0.0000e+00 3.5159 3.5704 1.15000 0.54604 0.4043 5.9339e+01 1 3.0409e-07 3.5704 7.240000e-01 2.739560e-01 1.360007e-03 -0.0965 
1.4569e+05 3.5670 3.5630 1.10681 0.54961 0.4043 7.0153e+01 1 4.4978e-07 3.5630 7.240000e-01 2.739560e-01 1.360007e-03 -0.0971 
3.4378e+05 3.6238 3.5525 1.01663 0.55655 0.4043 1.7849e+02 0 7.4473e-07 3.5525 7.240000e-01 2.739560e-01 1.360007e-03 -0.1014 
5.6766e+05 3.6658 3.5400 0.83596 0.56648 0.4043 2.6144e+02 0 1.5276e-06 3.5400 7.240000e-01 2.739560e-01 1.360007e-03 -0.1079 
7.2364e+05 3.7126 3.6152 0.57832 0.57321 0.4043 2.0658e+02 0 9.4189e-06 3.6152 7.240000e-01 2.739560e-01 1.360007e-03 999.0000 
 1.2000 6 # agb_1.20_Z0.00200000_Mdot51_eta1.00_Mc0.00_dMc0.00_Tbd6.40_L0.00_dL0.00_C0.00_Nr3.00_rates0_KOPv_KMOLv.dat 
0.0000e+00 3.2656 3.5971 1.20000 0.54273 0.3982 3.0207e+01 1 8.0168e-08 3.5971 7.240000e-01 2.739210e-01 1.360726e-03 -0.0876 
1.4659e+05 3.4895 3.5743 1.17429 0.54557 0.3982 5.4403e+01 1 2.7353e-07 3.5743 7.240000e-01 2.739210e-01 1.360726e-03 -0.0929 
3.4941e+05 3.5459 3.5660 1.11892 0.55136 0.3982 6.5656e+01 1 4.0458e-07 3.5660 7.240000e-01 2.739210e-01 1.360726e-03 -0.0961 
5.7641e+05 3.6185 3.5533 1.01541 0.56009 0.3982 1.7525e+02 0 7.4645e-07 3.5533 7.240000e-01 2.739210e-01 1.360726e-03 -0.1020 
7.9876e+05 3.6724 3.5391 0.81678 0.57030 0.3982 2.7311e+02 0 1.7539e-06 3.5391 7.240000e-01 2.739210e-01 1.360726e-03 -0.1089 
9.3489e+05 3.7145 3.6158 0.58099 0.57595 0.3982 2.0533e+02 0 9.7275e-06 3.6158 7.240000e-01 2.739210e-01 1.360726e-03 999.0000 
 1.2500 6 # agb_1.25_Z0.00200000_Mdot51_eta1.00_Mc0.00_dMc0.00_Tbd6.40_L0.00_dL0.00_C0.00_Nr3.00_rates0_KOPv_KMOLv.dat 
0.0000e+00 3.4010 3.5864 1.25000 0.54600 0.3860 4.0986e+01 1 1.4689e-07 3.5864 7.233000e-01 2.746670e-01 1.362059e-03 -0.0912 
1.4445e+05 3.5387 3.5714 1.21903 0.54928 0.3860 5.9646e+01 1 3.2137e-07 3.5714 7.233000e-01 2.746670e-01 1.362059e-03 -0.0940 
3.4089e+05 3.5961 3.5626 1.15656 0.55570 0.3860 7.2550e+01 1 4.8529e-07 3.5626 7.233000e-01 2.746670e-01 1.362059e-03 -0.0981 
5.6207e+05 3.6529 3.5511 1.04525 0.56508 0.3860 1.8814e+02 0 8.3176e-07 3.5511 7.233000e-01 2.746670e-01 1.362059e-03 -0.1026 
7.7414e+05 3.6976 3.5374 0.84574 0.57552 0.3860 2.8408e+02 0 1.8239e-06 3.5374 7.233000e-01 2.746670e-01 1.362059e-03 -0.1091 
9.1045e+05 3.7378 3.6155 0.58697 0.58174 0.3860 2.1497e+02 0 1.0617e-05 3.6155 7.233000e-01 2.746670e-01 1.362059e-03 999.0000 
 1.3000 6 # agb_1.30_Z0.00200000_Mdot51_eta1.00_Mc0.00_dMc0.00_Tbd6.40_L0.00_dL0.00_C0.00_Nr3.00_rates0_KOPv_KMOLv.dat 
0.0000e+00 3.4617 3.5827 1.30000 0.54711 0.3750 4.6159e+01 1 1.8880e-07 3.5827 7.223000e-01 2.756210e-01 1.363251e-03 -0.0920 
1.3948e+05 3.5671 3.5706 1.26842 0.55039 0.3750 6.1905e+01 1 3.6559e-07 3.5706 7.223000e-01 2.756210e-01 1.363251e-03 -0.0935 
3.3593e+05 3.6154 3.5628 1.20269 0.55706 0.3750 7.3575e+01 1 5.2481e-07 3.5628 7.223000e-01 2.756210e-01 1.363251e-03 -0.0978 
5.5727e+05 3.6608 3.5519 1.07879 0.56586 0.4789 1.8467e+02 0 9.1833e-07 3.5519 7.212853e-01 2.765510e-01 1.446754e-03 -0.1028 
7.6829e+05 3.7120 3.5388 0.75791 0.57494 0.9656 3.1984e+02 0 3.6224e-06 3.5388 7.188021e-01 2.786610e-01 1.813843e-03 -0.0999 
8.5379e+05 3.6838 3.6128 0.58273 0.57758 0.9656 1.9640e+02 0 1.1668e-05 3.6128 7.188021e-01 2.786610e-01 1.813843e-03 999.0000 
 1.3500 6 # agb_1.35_Z0.00200000_Mdot51_eta1.00_Mc0.00_dMc0.00_Tbd6.40_L0.00_dL0.00_C0.00_Nr3.00_rates0_KOPv_KMOLv.dat 
0.0000e+00 3.3538 3.5951 1.35000 0.54739 0.3677 3.3930e+01 1 1.0568e-07 3.5951 7.224000e-01 2.755810e-01 1.364079e-03 -0.0880 
1.4188e+05 3.5287 3.5770 1.32453 0.55054 0.3677 5.3875e+01 1 2.6424e-07 3.5770 7.224000e-01 2.755810e-01 1.364079e-03 -0.0915 
3.3472e+05 3.5883 3.5689 1.27371 0.55675 0.3677 6.5039e+01 1 3.8637e-07 3.5689 7.224000e-01 2.755810e-01 1.364079e-03 -0.0954 
5.4982e+05 3.6530 3.5579 1.18189 0.56487 0.4611 8.2441e+01 1 6.8549e-07 3.5579 7.214521e-01 2.764510e-01 1.440029e-03 -0.1006 
7.6431e+05 3.7056 3.5438 0.97174 0.57363 0.9084 2.4105e+02 0 1.7865e-06 3.5438 7.190214e-01 2.785360e-01 1.780098e-03 -0.0996 
8.7153e+05 3.7343 3.6078 0.58168 0.57619 1.8230 2.3040e+02 0 2.5763e-05 3.6078 7.159888e-01 2.808700e-01 2.470594e-03 999.0000 
 1.4000 6 # agb_1.40_Z0.00200000_Mdot51_eta1.00_Mc0.00_dMc0.00_Tbd6.40_L0.00_dL0.00_C0.00_Nr3.00_rates0_KOPv_KMOLv.dat 
0.0000e+00 3.4530 3.5873 1.40000 0.54662 0.3597 4.2286e+01 1 1.6293e-07 3.5873 7.225000e-01 2.754420e-01 1.364889e-03 -0.0908 
1.4082e+05 3.5644 3.5752 1.37196 0.54994 0.3597 5.7229e+01 1 3.1189e-07 3.5752 7.225000e-01 2.754420e-01 1.364889e-03 -0.0921 
3.3917e+05 3.6082 3.5685 1.31527 0.55670 0.3597 6.6529e+01 1 4.2267e-07 3.5685 7.225000e-01 2.754420e-01 1.364889e-03 -0.0954 
5.5620e+05 3.6631 3.5585 1.21893 0.56507 0.4624 8.2329e+01 1 7.1450e-07 3.5585 7.214986e-01 2.763590e-01 1.447234e-03 -0.1002 
7.6991e+05 3.7102 3.5453 1.00875 0.57374 0.9461 2.3251e+02 0 1.7701e-06 3.5453 7.190229e-01 2.784650e-01 1.811564e-03 -0.0982 
8.8228e+05 3.7434 3.6059 0.58202 0.57659 1.8863 2.3906e+02 0 2.8774e-05 3.6059 7.160266e-01 2.807460e-01 2.517760e-03 999.0000 
 1.4500 6 # agb_1.45_Z0.00200000_Mdot51_eta1.00_Mc0.00_dMc0.00_Tbd6.40_L0.00_dL0.00_C0.00_Nr3.00_rates0_KOPv_KMOLv.dat 
0.0000e+00 3.4943 3.5852 1.45000 0.54906 0.3539 4.5494e+01 1 1.9099e-07 3.5852 7.227000e-01 2.753090e-01 1.365593e-03 -0.0915 
1.3633e+05 3.5862 3.5751 1.42335 0.55242 0.3539 5.8500e+01 1 3.1117e-07 3.5751 7.227000e-01 2.753090e-01 1.365593e-03 -0.0922 
3.2712e+05 3.6365 3.5680 1.37089 0.55918 0.3539 6.8882e+01 1 4.3251e-07 3.5680 7.227000e-01 2.753090e-01 1.365593e-03 -0.0951 
5.4193e+05 3.6798 3.5595 1.28023 0.56774 0.4624 8.2160e+01 1 6.7764e-07 3.5595 7.216619e-01 2.762580e-01 1.452064e-03 -0.0994 
7.5013e+05 3.7233 3.5478 1.09305 0.57619 0.9733 2.1775e+02 0 1.5524e-06 3.5478 7.191124e-01 2.784190e-01 1.834905e-03 -0.0964 
8.7615e+05 3.7675 3.6048 0.58542 0.57988 1.9960 2.5338e+02 0 3.3963e-05 3.6048 7.158871e-01 2.808680e-01 2.601596e-03 999.0000 
 1.5000 6 # agb_1.50_Z0.00200000_Mdot51_eta1.00_Mc0.00_dMc0.00_Tbd6.40_L0.00_dL0.00_C0.00_Nr3.00_rates0_KOPv_KMOLv.dat 
0.0000e+00 3.4317 3.5929 1.50000 0.54604 0.3496 3.7684e+01 1 1.3490e-07 3.5929 7.229000e-01 2.750800e-01 1.365961e-03 -0.0888 
1.4193e+05 3.5554 3.5801 1.47599 0.54934 0.3496 5.2319e+01 1 2.5763e-07 3.5801 7.229000e-01 2.750800e-01 1.365961e-03 -0.0905 
3.3753e+05 3.6077 3.5732 1.42990 0.55585 0.3496 6.1555e+01 1 3.5563e-07 3.5732 7.229000e-01 2.750800e-01 1.365961e-03 -0.0934 
5.5519e+05 3.6622 3.5646 1.35276 0.56399 0.4482 7.4538e+01 1 5.6364e-07 3.5646 7.219322e-01 2.759670e-01 1.444934e-03 -0.0970 
7.7246e+05 3.7060 3.5534 1.19701 0.57232 0.9156 1.8352e+02 0 1.1749e-06 3.5534 7.195057e-01 2.780370e-01 1.796226e-03 -0.0962 
9.3011e+05 3.7642 3.6027 0.58345 0.57757 1.9242 2.5711e+02 0 3.2885e-05 3.6027 7.162408e-01 2.805360e-01 2.552442e-03 999.0000 
 1.5500 7 # agb_1.55_Z0.00200000_Mdot51_eta1.00_Mc0.00_dMc0.00_Tbd6.40_L0.00_dL0.00_C0.00_Nr3.00_rates0_KOPv_KMOLv.dat 
0.0000e+00 3.2818 3.6079 1.55000 0.53795 0.3479 2.5236e+01 1 6.4121e-08 3.6079 7.231000e-01 2.748550e-01 1.365713e-03 -0.0858 
1.5098e+05 3.4881 3.5884 1.53277 0.54081 0.3479 4.2708e+01 1 1.7947e-07 3.5884 7.231000e-01 2.748550e-01 1.365713e-03 -0.0870 
3.6169e+05 3.5396 3.5823 1.49836 0.54665 0.3479 4.9633e+01 1 2.3823e-07 3.5823 7.231000e-01 2.748550e-01 1.365713e-03 -0.0890 
5.9701e+05 3.6048 3.5739 1.44059 0.55421 0.4263 6.0704e+01 1 3.7411e-07 3.5739 7.222759e-01 2.756140e-01 1.429754e-03 -0.0928 
8.3019e+05 3.6651 3.5629 1.33396 0.56187 0.7979 7.6392e+01 1 7.3790e-07 3.5629 7.201100e-01 2.774920e-01 1.712710e-03 -0.0946 
1.0572e+06 3.7144 3.5121 0.80588 0.57020 1.7104 3.8625e+02 0 7.7446e-06 3.5121 7.169129e-01 2.799930e-01 2.399680e-03 -0.1243 
1.1360e+06 3.6415 3.6061 0.57779 0.57217 1.7104 1.9117e+02 0 1.3583e-05 3.6061 7.169129e-01 2.799930e-01 2.399680e-03 999.0000 
 1.6000 7 # agb_1.60_Z0.00200000_Mdot51_eta1.00_Mc0.00_dMc0.00_Tbd6.40_L0.00_dL0.00_C0.00_Nr3.00_rates0_KOPv_KMOLv.dat 
0.0000e+00 3.2563 3.6115 1.60000 0.53270 0.3469 2.3075e+01 1 5.5335e-08 3.6115 7.229000e-01 2.750310e-01 1.365166e-03 -0.0856 
1.6367e+05 3.4446 3.5942 1.58380 0.53561 0.3469 3.7171e+01 1 1.4191e-07 3.5942 7.229000e-01 2.750310e-01 1.365166e-03 -0.0858 
3.7461e+05 3.5218 3.5860 1.55519 0.54093 0.3469 4.5892e+01 1 2.1086e-07 3.5860 7.229000e-01 2.750310e-01 1.365166e-03 -0.0875 
6.2392e+05 3.5822 3.5785 1.50433 0.54832 0.4196 5.5086e+01 1 3.1623e-07 3.5785 7.221256e-01 2.757450e-01 1.424537e-03 -0.0907 
8.7130e+05 3.6415 3.5683 1.41408 0.55580 0.7612 6.8251e+01 1 5.8614e-07 3.5683 7.200705e-01 2.775360e-01 1.684323e-03 -0.0935 
1.1130e+06 3.6919 3.5311 1.09240 0.56382 1.6300 2.3583e+02 0 2.7990e-06 3.5311 7.169571e-01 2.799900e-01 2.335786e-03 -0.1183 
1.2404e+06 3.7231 3.6003 0.57278 0.56673 2.6624 2.4355e+02 0 3.5975e-05 3.6003 7.142115e-01 2.819400e-01 3.121113e-03 999.0000 
 1.6500 9 # agb_1.65_Z0.00200000_Mdot51_eta1.00_Mc0.00_dMc0.00_Tbd6.40_L0.00_dL0.00_C0.00_Nr3.00_rates0_KOPv_KMOLv.dat 
0.0000e+00 3.0524 3.6296 1.65000 0.49531 0.3506 1.3705e+01 1 2.1777e-08 3.6296 7.231000e-01 2.749150e-01 1.364897e-03 -0.0827 
2.2935e+05 3.2347 3.6138 1.64354 0.49723 0.3506 2.1523e+01 1 4.7863e-08 3.6138 7.231000e-01 2.749150e-01 1.364897e-03 -0.0814 
5.2020e+05 3.2904 3.6087 1.63290 0.50059 0.3506 2.4820e+01 1 6.1660e-08 3.6087 7.231000e-01 2.749150e-01 1.364897e-03 -0.0836 
8.6512e+05 3.3473 3.6034 1.61556 0.50605 0.3506 2.8797e+01 1 8.0910e-08 3.6034 7.231000e-01 2.749150e-01 1.364897e-03 -0.0842 
1.2233e+06 3.4163 3.5964 1.59037 0.51335 0.3506 3.4643e+01 1 1.1376e-07 3.5964 7.231000e-01 2.749150e-01 1.364897e-03 -0.0857 
1.5606e+06 3.4873 3.5887 1.55334 0.52019 0.5437 4.2262e+01 1 1.8793e-07 3.5887 7.220874e-01 2.757810e-01 1.509644e-03 -0.0863 
1.8992e+06 3.5408 3.5744 1.47080 0.52770 1.1557 5.3203e+01 1 4.0644e-07 3.5744 7.200566e-01 2.773530e-01 1.963402e-03 -0.0952 
2.2165e+06 3.5968 3.5404 1.18420 0.53557 2.2723 1.6319e+02 0 1.8450e-06 3.5404 7.172606e-01 2.792890e-01 2.815201e-03 -0.1124 
2.4129e+06 3.6508 3.5999 0.54505 0.53979 3.3145 2.1759e+02 0 3.0479e-05 3.5999 7.149891e-01 2.807300e-01 3.636174e-03 999.0000 
 1.7000 8 # agb_1.70_Z0.00200000_Mdot51_eta1.00_Mc0.00_dMc0.00_Tbd6.40_L0.00_dL0.00_C0.00_Nr3.00_rates0_KOPv_KMOLv.dat 
0.0000e+00 3.1915 3.6193 1.70000 0.50346 0.3478 1.8766e+01 1 3.8994e-08 3.6193 7.223000e-01 2.756920e-01 1.364188e-03 -0.0843 
2.2007e+05 3.3120 3.6088 1.68975 0.50607 0.3478 2.5361e+01 1 6.7298e-08 3.6088 7.223000e-01 2.756920e-01 1.364188e-03 -0.0844 
4.8726e+05 3.4001 3.6006 1.67397 0.51034 0.3478 3.1783e+01 1 1.0162e-07 3.6006 7.223000e-01 2.756920e-01 1.364188e-03 -0.0849 
8.2230e+05 3.4438 3.5958 1.64591 0.51784 0.3478 3.5963e+01 1 1.2735e-07 3.5958 7.223000e-01 2.756920e-01 1.364188e-03 -0.0861 
1.1435e+06 3.5147 3.5881 1.60931 0.52666 0.3478 4.3833e+01 1 1.8493e-07 3.5881 7.223000e-01 2.756920e-01 1.364188e-03 -0.0863 
1.4468e+06 3.5726 3.5797 1.55072 0.53481 0.6714 5.2824e+01 1 3.1550e-07 3.5797 7.210508e-01 2.767080e-01 1.594575e-03 -0.0888 
1.7348e+06 3.6262 3.5557 1.39193 0.54283 1.5599 7.3363e+01 1 9.7499e-07 3.5557 7.187185e-01 2.783960e-01 2.233195e-03 -0.1047 
1.9855e+06 3.6874 3.6030 0.55551 0.55031 2.8849 2.2570e+02 0 3.3113e-05 3.6030 7.158120e-01 2.803050e-01 3.220799e-03 999.0000 
 1.7500 8 # agb_1.75_Z0.00200000_Mdot51_eta1.00_Mc0.00_dMc0.00_Tbd6.40_L0.00_dL0.00_C0.00_Nr3.00_rates0_KOPv_KMOLv.dat 
0.0000e+00 3.2617 3.6150 1.75000 0.50898 0.3467 2.1707e+01 1 5.1761e-08 3.6150 7.217000e-01 2.763710e-01 1.363519e-03 -0.0854 
2.0213e+05 3.3853 3.6041 1.73942 0.51171 0.3467 2.9578e+01 1 8.4918e-08 3.6041 7.217000e-01 2.763710e-01 1.363519e-03 -0.0850 
4.6964e+05 3.4441 3.5982 1.72067 0.51686 0.3467 3.4570e+01 1 1.1324e-07 3.5982 7.217000e-01 2.763710e-01 1.363519e-03 -0.0857 
7.7793e+05 3.5054 3.5917 1.69128 0.52482 0.3467 4.0915e+01 1 1.5488e-07 3.5917 7.217000e-01 2.763710e-01 1.363519e-03 -0.0857 
1.0894e+06 3.5527 3.5860 1.64565 0.53301 0.5228 4.7172e+01 1 2.2646e-07 3.5860 7.206038e-01 2.773350e-01 1.493422e-03 -0.0873 
1.3793e+06 3.6084 3.5710 1.55423 0.54038 1.1543 6.0019e+01 1 5.0582e-07 3.5710 7.183421e-01 2.791370e-01 1.948007e-03 -0.0970 
1.6580e+06 3.6595 3.5335 1.21361 0.54809 2.3571 1.9519e+02 0 2.6002e-06 3.5335 7.152396e-01 2.813440e-01 2.833110e-03 -0.1168 
1.8284e+06 3.7017 3.5965 0.55809 0.55207 3.5320 2.4598e+02 0 3.4277e-05 3.5965 7.126277e-01 2.830530e-01 3.723809e-03 999.0000 
 1.8000 8 # agb_1.80_Z0.00200000_Mdot51_eta1.00_Mc0.00_dMc0.00_Tbd6.40_L0.00_dL0.00_C0.00_Nr3.00_rates0_KOPv_KMOLv.dat 
0.0000e+00 3.2344 3.6191 1.80000 0.52151 0.3442 1.9747e+01 1 4.4978e-08 3.6191 7.212000e-01 2.767510e-01 1.363589e-03 -0.0854 
1.8263e+05 3.3968 3.6047 1.78750 0.52436 0.3442 2.9645e+01 1 9.7275e-08 3.6047 7.212000e-01 2.767510e-01 1.363589e-03 -0.0854 
4.1787e+05 3.4665 3.5978 1.76600 0.52953 0.3442 3.5642e+01 1 1.3646e-07 3.5978 7.212000e-01 2.767510e-01 1.363589e-03 -0.0852 
6.8340e+05 3.5476 3.5894 1.73238 0.53733 0.3442 4.4428e+01 1 2.0606e-07 3.5894 7.212000e-01 2.767510e-01 1.363589e-03 -0.0864 
9.5332e+05 3.6035 3.5826 1.67981 0.54528 0.5268 5.2526e+01 1 3.1550e-07 3.5826 7.201084e-01 2.777080e-01 1.496268e-03 -0.0890 
1.2169e+06 3.6492 3.5672 1.56728 0.55306 1.1732 6.6216e+01 1 6.8391e-07 3.5672 7.178639e-01 2.794880e-01 1.955064e-03 -0.0980 
1.4634e+06 3.6972 3.5226 1.12345 0.56078 2.3751 2.5107e+02 0 4.3652e-06 3.5226 7.148025e-01 2.816700e-01 2.825317e-03 -0.1215 
1.5922e+06 3.7189 3.5976 0.57012 0.56399 3.3038 2.4811e+02 0 3.5645e-05 3.5976 7.127434e-01 2.830310e-01 3.513427e-03 999.0000 
 1.8500 8 # agb_1.85_Z0.00200000_Mdot51_eta1.00_Mc0.00_dMc0.00_Tbd6.40_L0.00_dL0.00_C0.00_Nr3.00_rates0_KOPv_KMOLv.dat 
0.0000e+00 3.1860 3.6248 1.85000 0.52678 0.3433 1.7095e+01 1 3.5645e-08 3.6248 7.205000e-01 2.775340e-01 1.363195e-03 -0.0851 
1.7007e+05 3.4098 3.6052 1.83927 0.52946 0.3433 2.9812e+01 1 9.3541e-08 3.6052 7.205000e-01 2.775340e-01 1.363195e-03 -0.0849 
3.8679e+05 3.4909 3.5973 1.82070 0.53430 0.3433 3.6829e+01 1 1.3804e-07 3.5973 7.205000e-01 2.775340e-01 1.363195e-03 -0.0851 
6.4909e+05 3.5501 3.5910 1.78757 0.54114 0.4066 4.3397e+01 1 1.9588e-07 3.5910 7.198315e-01 2.781520e-01 1.413561e-03 -0.0866 
9.1722e+05 3.6035 3.5833 1.73135 0.54812 0.6963 5.1449e+01 1 3.1842e-07 3.5833 7.180295e-01 2.797350e-01 1.628340e-03 -0.0902 
1.1748e+06 3.6607 3.5623 1.59453 0.55467 1.4803 6.9491e+01 1 8.7498e-07 3.5623 7.151481e-01 2.820390e-01 2.197530e-03 -0.1038 
1.4272e+06 3.7080 3.4979 0.83561 0.56225 2.8134 4.1869e+02 0 1.0471e-05 3.4979 7.115669e-01 2.846220e-01 3.182561e-03 -0.1272 
1.5038e+06 3.5783 3.6009 0.56952 0.56373 2.8134 1.7621e+02 0 1.4488e-05 3.6009 7.115669e-01 2.846220e-01 3.182561e-03 999.0000 
 1.9000 7 # agb_1.90_Z0.00200000_Mdot51_eta1.00_Mc0.00_dMc0.00_Tbd6.40_L0.00_dL0.00_C0.00_Nr3.00_rates0_KOPv_KMOLv.dat 
0.0000e+00 3.2878 3.6178 1.90000 0.53709 0.3409 2.1388e+01 1 5.4325e-08 3.6178 7.198000e-01 2.781180e-01 1.363217e-03 -0.0851 
1.5622e+05 3.4664 3.6016 1.88504 0.54012 0.3409 3.3522e+01 1 1.3152e-07 3.6016 7.198000e-01 2.781180e-01 1.363217e-03 -0.0849 
3.5862e+05 3.5401 3.5942 1.85902 0.54568 0.3409 4.0796e+01 1 1.8880e-07 3.5942 7.198000e-01 2.781180e-01 1.363217e-03 -0.0866 
5.8963e+05 3.6069 3.5870 1.81715 0.55270 0.4137 4.9154e+01 1 2.7990e-07 3.5870 7.190734e-01 2.787870e-01 1.419803e-03 -0.0892 
8.3025e+05 3.6532 3.5790 1.74396 0.55984 0.7552 5.7935e+01 1 4.5814e-07 3.5790 7.171651e-01 2.804440e-01 1.666910e-03 -0.0915 
1.0599e+06 3.7047 3.5543 1.55526 0.56647 1.6231 8.0915e+01 1 1.3804e-06 3.5543 7.142333e-01 2.827490e-01 2.286019e-03 -0.1108 
1.2771e+06 3.7551 3.6036 0.57898 0.57379 2.9836 2.5160e+02 0 3.8726e-05 3.6036 7.107293e-01 2.852500e-01 3.275042e-03 999.0000 
 1.9500 7 # agb_1.95_Z0.00200000_Mdot51_eta1.00_Mc0.00_dMc0.00_Tbd6.40_L0.00_dL0.00_C0.00_Nr3.00_rates0_KOPv_KMOLv.dat 
0.0000e+00 3.3020 3.6182 1.95000 0.54589 0.3402 2.1595e+01 1 5.6624e-08 3.6182 7.191000e-01 2.789030e-01 1.362951e-03 -0.0841 
1.4306e+05 3.5001 3.6002 1.93520 0.54896 0.3402 3.5557e+01 1 1.3932e-07 3.6002 7.191000e-01 2.789030e-01 1.362951e-03 -0.0863 
3.2715e+05 3.5815 3.5921 1.90936 0.55459 0.3402 4.4095e+01 1 2.0797e-07 3.5921 7.191000e-01 2.789030e-01 1.362951e-03 -0.0879 
5.3816e+05 3.6469 3.5849 1.86764 0.56165 0.4169 5.2972e+01 1 3.0761e-07 3.5849 7.183574e-01 2.795860e-01 1.421636e-03 -0.0913 
7.5497e+05 3.6953 3.5768 1.79593 0.56846 0.7796 6.2686e+01 1 5.1642e-07 3.5768 7.164108e-01 2.812690e-01 1.680447e-03 -0.0915 
9.7235e+05 3.7335 3.5521 1.59600 0.57533 1.6822 8.5542e+01 1 1.5311e-06 3.5521 7.134453e-01 2.835910e-01 2.315749e-03 -0.1131 
1.1742e+06 3.7792 3.6056 0.58759 0.58250 3.0818 2.5739e+02 0 4.0926e-05 3.6056 7.098717e-01 2.861460e-01 3.319177e-03 999.0000 
 2.0000 7 # agb_2.00_Z0.00200000_Mdot51_eta1.00_Mc0.00_dMc0.00_Tbd6.40_L0.00_dL0.00_C0.00_Nr3.00_rates0_KOPv_KMOLv.dat 
0.0000e+00 3.3900 3.6122 2.00000 0.56283 0.3390 2.6180e+01 1 8.2035e-08 3.6122 7.188000e-01 2.791880e-01 1.362799e-03 -0.0860 
1.2145e+05 3.5724 3.5952 1.98191 0.56604 0.3390 4.1583e+01 1 1.9364e-07 3.5952 7.188000e-01 2.791880e-01 1.362799e-03 -0.0906 
2.8130e+05 3.6341 3.5886 1.94987 0.57118 0.3716 4.9261e+01 1 2.7164e-07 3.5886 7.183960e-01 2.795660e-01 1.388806e-03 -0.0911 
4.6260e+05 3.7007 3.5810 1.89853 0.57726 0.5116 5.9643e+01 1 4.2756e-07 3.5810 7.171018e-01 2.807520e-01 1.495797e-03 -0.0917 
6.6019e+05 3.7405 3.5712 1.79665 0.58358 0.9991 7.0885e+01 1 7.6033e-07 3.5712 7.145395e-01 2.829590e-01 1.844511e-03 -0.0929 
8.5026e+05 3.7830 3.5354 1.46133 0.58949 2.0675 2.1400e+02 0 3.2659e-06 3.5354 7.110143e-01 2.857190e-01 2.598008e-03 -0.1217 
9.9080e+05 3.8298 3.6012 0.59968 0.59364 3.4969 2.9425e+02 0 4.6026e-05 3.6012 7.072668e-01 2.884240e-01 3.621590e-03 999.0000 
 2.0500 7 # agb_2.05_Z0.00200000_Mdot51_eta1.00_Mc0.00_dMc0.00_Tbd6.40_L0.00_dL0.00_C0.00_Nr3.00_rates0_KOPv_KMOLv.dat 
0.0000e+00 3.4482 3.6085 2.05000 0.57349 0.3378 2.9549e+01 1 1.0447e-07 3.6085 7.184000e-01 2.795750e-01 1.362386e-03 -0.0880 
1.0630e+05 3.6314 3.5913 2.03073 0.57663 0.3378 4.7076e+01 1 2.5293e-07 3.5913 7.184000e-01 2.795750e-01 1.362386e-03 -0.0902 
2.4969e+05 3.6873 3.5852 1.99586 0.58174 0.3709 5.5033e+01 1 3.4674e-07 3.5852 7.179964e-01 2.799520e-01 1.388478e-03 -0.0910 
4.1874e+05 3.7346 3.5791 1.93760 0.58811 0.5144 6.3690e+01 1 5.0119e-07 3.5791 7.167007e-01 2.811380e-01 1.496546e-03 -0.0925 
5.9380e+05 3.7741 3.5690 1.83043 0.59399 1.0102 7.5890e+01 1 8.9536e-07 3.5690 7.141625e-01 2.833210e-01 1.845911e-03 -0.0950 
7.6607e+05 3.8131 3.5321 1.47017 0.59970 2.0722 2.3456e+02 0 3.9174e-06 3.5321 7.107017e-01 2.860320e-01 2.583721e-03 -0.1256 
8.9317e+05 3.8562 3.6043 0.60953 0.60368 3.4940 2.9912e+02 0 4.5082e-05 3.6043 7.069778e-01 2.887340e-01 3.586213e-03 999.0000 
 2.1000 7 # agb_2.10_Z0.00200000_Mdot51_eta1.00_Mc0.00_dMc0.00_Tbd6.40_L0.00_dL0.00_C0.00_Nr3.00_rates0_KOPv_KMOLv.dat 
0.0000e+00 3.5190 3.6036 2.10000 0.58699 0.3378 3.4432e+01 1 1.4125e-07 3.6036 7.183000e-01 2.796630e-01 1.362018e-03 -0.0900 
9.5377e+04 3.6700 3.5893 2.07761 0.59025 0.3378 5.0680e+01 1 2.9992e-07 3.5893 7.183000e-01 2.796630e-01 1.362018e-03 -0.0900 
2.2044e+05 3.7310 3.5826 2.03976 0.59462 0.3949 6.0101e+01 1 4.2855e-07 3.5826 7.176126e-01 2.803060e-01 1.406729e-03 -0.0912 
3.7574e+05 3.7723 3.5759 1.97259 0.60030 0.5789 6.9216e+01 1 6.2373e-07 3.5759 7.159413e-01 2.818360e-01 1.544501e-03 -0.0926 
5.3833e+05 3.8113 3.5613 1.83307 0.60554 1.1587 8.5873e+01 1 1.2794e-06 3.5613 7.129673e-01 2.843970e-01 1.949622e-03 -0.1048 
6.9834e+05 3.8462 3.5139 1.27401 0.61079 2.3328 3.3801e+02 0 8.4140e-06 3.5139 7.091001e-01 2.874420e-01 2.758009e-03 -0.1348 
7.8558e+05 3.8711 3.6039 0.61912 0.61305 3.6400 3.0620e+02 0 4.1591e-05 3.6039 7.056876e-01 2.899180e-01 3.674666e-03 999.0000 
 2.1500 7 # agb_2.15_Z0.00200000_Mdot51_eta1.00_Mc0.00_dMc0.00_Tbd6.40_L0.00_dL0.00_C0.00_Nr3.00_rates0_KOPv_KMOLv.dat 
0.0000e+00 3.5886 3.5989 2.15000 0.60389 0.3377 3.9991e+01 1 1.9055e-07 3.5989 7.183000e-01 2.797520e-01 1.361649e-03 -0.0899 
7.8565e+04 3.7440 3.5839 2.12755 0.60701 0.3377 5.9643e+01 1 3.8459e-07 3.5839 7.183000e-01 2.797520e-01 1.361649e-03 -0.0915 
1.8426e+05 3.7916 3.5784 2.08918 0.61119 0.3952 6.8407e+01 1 5.2119e-07 3.5784 7.176209e-01 2.803870e-01 1.406193e-03 -0.0924 
3.1766e+05 3.8253 3.5725 2.02026 0.61674 0.5778 7.7283e+01 1 7.3451e-07 3.5725 7.159861e-01 2.818840e-01 1.540881e-03 -0.0944 
4.5614e+05 3.8595 3.5586 1.88182 0.62159 1.1427 9.4452e+01 1 1.4689e-06 3.5586 7.130906e-01 2.843830e-01 1.929254e-03 -0.1064 
5.9365e+05 3.8892 3.5129 1.34052 0.62636 2.2763 3.5859e+02 0 9.0365e-06 3.5129 7.093128e-01 2.873790e-01 2.695948e-03 -0.1386 
6.7500e+05 3.9182 3.6065 0.63474 0.62860 3.7274 3.2496e+02 0 3.5975e-05 3.6065 7.055641e-01 2.901010e-01 3.701733e-03 999.0000 
 2.2000 7 # agb_2.20_Z0.00200000_Mdot51_eta1.00_Mc0.00_dMc0.00_Tbd6.40_L0.00_dL0.00_C0.00_Nr3.00_rates0_KOPv_KMOLv.dat 
0.0000e+00 3.7383 3.5866 2.20000 0.61965 0.3371 5.6890e+01 1 3.7670e-07 3.5866 7.185000e-01 2.794420e-01 1.361241e-03 -0.0914 
6.6923e+04 3.8095 3.5790 2.17161 0.62278 0.3371 6.8963e+01 1 5.7412e-07 3.5790 7.185000e-01 2.794420e-01 1.361241e-03 -0.0936 
1.5882e+05 3.8442 3.5744 2.12331 0.62699 0.3952 7.6906e+01 1 7.3621e-07 3.5744 7.178271e-01 2.800700e-01 1.405678e-03 -0.0948 
2.7114e+05 3.8720 3.5687 2.04330 0.63208 0.5767 8.6009e+01 1 1.0116e-06 3.5687 7.162295e-01 2.815330e-01 1.537481e-03 -0.0968 
3.9132e+05 3.8976 3.5555 1.88516 0.63676 1.1185 1.0346e+02 1 1.9011e-06 3.5555 7.134593e-01 2.839290e-01 1.904294e-03 -0.1067 
5.0915e+05 3.9249 3.5030 1.23623 0.64122 2.2002 4.5607e+02 0 1.4256e-05 3.5030 7.098680e-01 2.867840e-01 2.627833e-03 -0.1458 
5.7014e+05 3.9400 3.6140 0.64832 0.64298 3.4957 3.1299e+02 0 4.4157e-05 3.6140 7.065466e-01 2.892000e-01 3.514448e-03 999.0000 
 2.2500 7 # agb_2.25_Z0.00200000_Mdot51_eta1.00_Mc0.00_dMc0.00_Tbd6.40_L0.00_dL0.00_C0.00_Nr3.00_rates0_KOPv_KMOLv.dat 
0.0000e+00 3.6608 3.5952 2.25000 0.62678 0.3371 4.5829e+01 1 2.5468e-07 3.5952 7.190000e-01 2.790320e-01 1.360897e-03 -0.0900 
6.1383e+04 3.8193 3.5796 2.22571 0.62969 0.3371 6.9038e+01 1 5.3827e-07 3.5796 7.190000e-01 2.790320e-01 1.360897e-03 -0.0933 
1.4980e+05 3.8428 3.5762 2.18153 0.63387 0.3920 7.4644e+01 1 6.4863e-07 3.5762 7.183706e-01 2.796200e-01 1.402760e-03 -0.0948 
2.5282e+05 3.8825 3.5697 2.11167 0.63865 0.5568 8.5591e+01 1 9.3325e-07 3.5697 7.168961e-01 2.809710e-01 1.522502e-03 -0.0961 
3.6483e+05 3.9103 3.5596 1.98045 0.64302 1.0468 1.0019e+02 1 1.6255e-06 3.5596 7.142821e-01 2.832470e-01 1.853365e-03 -0.1027 
4.7559e+05 3.9393 3.5197 1.53676 0.64699 2.0580 3.3363e+02 0 7.6560e-06 3.5197 7.108287e-01 2.860160e-01 2.525359e-03 -0.1375 
5.6169e+05 3.9736 3.6149 0.65573 0.65022 3.5618 3.3136e+02 0 3.8019e-05 3.6149 7.069182e-01 2.888820e-01 3.549714e-03 999.0000 
 2.3000 7 # agb_2.30_Z0.00200000_Mdot51_eta1.00_Mc0.00_dMc0.00_Tbd6.40_L0.00_dL0.00_C0.00_Nr3.00_rates0_KOPv_KMOLv.dat 
0.0000e+00 3.8075 3.5829 2.30000 0.64247 0.3368 6.4890e+01 1 5.0119e-07 3.5829 7.193000e-01 2.787230e-01 1.360733e-03 -0.0924 
5.4654e+04 3.8667 3.5763 2.27067 0.64552 0.3368 7.6383e+01 1 6.7298e-07 3.5763 7.193000e-01 2.787230e-01 1.360733e-03 -0.0958 
1.2830e+05 3.8954 3.5722 2.22307 0.64942 0.3919 8.3824e+01 1 8.3753e-07 3.5722 7.186805e-01 2.793010e-01 1.402267e-03 -0.0973 
2.1552e+05 3.9289 3.5661 2.14909 0.65380 0.5530 9.4844e+01 1 1.1695e-06 3.5661 7.172525e-01 2.806100e-01 1.517768e-03 -0.0975 
3.1214e+05 3.9502 3.5582 2.01603 0.65787 1.0151 1.0797e+02 1 1.8923e-06 3.5582 7.147608e-01 2.827870e-01 1.825760e-03 -0.0994 
4.0859e+05 3.9737 3.5183 1.57496 0.66156 1.9722 3.5683e+02 0 8.5704e-06 3.5183 7.114828e-01 2.854240e-01 2.455997e-03 -0.1400 
4.8829e+05 4.0058 3.6196 0.67017 0.66504 3.4350 3.3463e+02 0 3.9537e-05 3.6196 7.076767e-01 2.882230e-01 3.442920e-03 999.0000 
 2.3500 7 # agb_2.35_Z0.00200000_Mdot51_eta1.00_Mc0.00_dMc0.00_Tbd6.40_L0.00_dL0.00_C0.00_Nr3.00_rates0_KOPv_KMOLv.dat 
0.0000e+00 3.7875 3.5862 2.35000 0.65304 0.3368 6.0375e+01 1 4.4259e-07 3.5862 7.199000e-01 2.781150e-01 1.360497e-03 -0.0920 
4.8089e+04 3.8924 3.5752 2.32207 0.65584 0.3368 7.9758e+01 1 7.4989e-07 3.5752 7.199000e-01 2.781150e-01 1.360497e-03 -0.0957 
1.1287e+05 3.9241 3.5709 2.27635 0.65935 0.3887 8.8149e+01 1 9.4406e-07 3.5709 7.193255e-01 2.786500e-01 1.399404e-03 -0.0977 
1.9322e+05 3.9482 3.5664 2.20245 0.66364 0.5352 9.6849e+01 1 1.2474e-06 3.5664 7.180114e-01 2.798570e-01 1.504303e-03 -0.1000 
2.8069e+05 3.9694 3.5598 2.07916 0.66750 0.9424 1.0881e+02 1 1.8923e-06 3.5598 7.157078e-01 2.818840e-01 1.775048e-03 -0.0976 
3.6841e+05 3.9936 3.5246 1.71391 0.67089 1.8070 3.2667e+02 0 7.0469e-06 3.5246 7.126292e-01 2.843860e-01 2.340767e-03 -0.1367 
4.5513e+05 4.0160 3.6200 0.68074 0.67547 3.2021 3.3649e+02 0 3.9628e-05 3.6200 7.089259e-01 2.871380e-01 3.274158e-03 999.0000 
 2.4000 8 # agb_2.40_Z0.00200000_Mdot51_eta1.00_Mc0.00_dMc0.00_Tbd6.40_L0.00_dL0.00_C0.00_Nr3.00_rates0_KOPv_KMOLv.dat 
0.0000e+00 3.7848 3.5878 2.40000 0.66583 0.3358 5.8732e+01 1 4.2658e-07 3.5878 7.203000e-01 2.777070e-01 1.360712e-03 -0.0922 
4.3160e+04 3.9141 3.5745 2.37112 0.66853 0.3358 8.2548e+01 1 8.2224e-07 3.5745 7.203000e-01 2.777070e-01 1.360712e-03 -0.0977 
9.9814e+04 3.9473 3.5699 2.32533 0.67179 0.3848 9.1632e+01 1 1.0423e-06 3.5699 7.197654e-01 2.782040e-01 1.397353e-03 -0.0992 
1.6836e+05 3.9766 3.5650 2.25470 0.67556 0.5173 1.0179e+02 1 1.3964e-06 3.5650 7.185634e-01 2.793090e-01 1.492303e-03 -0.1018 
2.4625e+05 3.9961 3.5589 2.13572 0.67924 0.8726 1.1339e+02 1 2.0370e-06 3.5589 7.164451e-01 2.811860e-01 1.728598e-03 -0.1003 
3.2434e+05 4.0182 3.5290 1.82580 0.68232 1.6436 3.1357e+02 0 6.2951e-06 3.5290 7.135700e-01 2.835480e-01 2.231797e-03 -0.1349 
4.0255e+05 4.0385 3.4854 0.87598 0.68623 2.9303 9.3854e+02 0 1.4859e-05 3.4854 7.100579e-01 2.861880e-01 3.088124e-03 -0.2193 
4.1596e+05 3.8606 3.6061 0.69291 0.68653 2.9303 2.6475e+02 0 4.9317e-05 3.6061 7.100579e-01 2.861880e-01 3.088124e-03 999.0000 
 2.6000 10 # agb_2.60_Z0.00200000_Mdot51_eta1.00_Mc0.00_dMc0.00_Tbd6.40_L0.00_dL0.00_C0.00_Nr3.00_rates0_KOPv_KMOLv.dat 
0.0000e+00 3.9443 3.5777 2.60000 0.72017 0.3350 8.1316e+01 1 8.5310e-07 3.5777 7.219000e-01 2.760800e-01 1.360453e-03 -0.0973 
2.4319e+04 4.0506 3.5662 2.57011 0.72224 0.3350 1.0807e+02 1 1.5346e-06 3.5662 7.219000e-01 2.760800e-01 1.360453e-03 -0.0973 
5.6222e+04 4.0718 3.5629 2.52440 0.72454 0.3749 1.1616e+02 1 1.8197e-06 3.5629 7.214981e-01 2.764530e-01 1.389495e-03 -0.1012 
9.6134e+04 4.0868 3.5596 2.45550 0.72733 0.4661 1.2407e+02 1 2.2029e-06 3.5596 7.206591e-01 2.772260e-01 1.453977e-03 -0.1012 
1.4068e+05 4.1032 3.5547 2.35566 0.72987 0.6675 1.3539e+02 1 2.8840e-06 3.5547 7.192023e-01 2.785460e-01 1.586903e-03 -0.1028 
1.8881e+05 4.1157 3.5425 2.17849 0.73218 1.1126 1.5756e+02 1 4.8641e-06 3.5425 7.171372e-01 2.803190e-01 1.872238e-03 -0.1028 
2.3697e+05 4.1310 3.5021 1.62645 0.73428 1.9178 5.6926e+02 0 1.8408e-05 3.5021 7.145606e-01 2.823670e-01 2.392470e-03 -0.1047 
2.6580e+05 4.1437 3.4690 1.15025 0.73417 3.1636 1.0751e+03 0 1.8967e-05 3.4690 7.113688e-01 2.847190e-01 3.216385e-03 -0.1047 
2.8505e+05 4.1443 3.5441 0.78160 0.73792 3.1636 7.7905e+02 0 1.8967e-05 3.5441 7.113688e-01 2.847190e-01 3.216385e-03 -0.1066 
2.8679e+05 4.0562 3.6184 0.74409 0.73793 3.1636 3.4450e+02 0 4.0087e-05 3.6184 7.113688e-01 2.847190e-01 3.216385e-03 999.0000 
 2.8000 10 # agb_2.80_Z0.00200000_Mdot51_eta1.00_Mc0.00_dMc0.00_Tbd6.40_L0.00_dL0.00_C0.00_Nr3.00_rates0_KOPv_KMOLv.dat 
0.0000e+00 4.0062 3.5769 2.80000 0.76210 0.3359 8.8223e+01 1 1.0617e-06 3.5769 7.191000e-01 2.789590e-01 1.359785e-03 -0.0953 
1.6014e+04 4.1350 3.5629 2.77355 0.76379 0.3359 1.2430e+02 1 2.0091e-06 3.5629 7.191000e-01 2.789590e-01 1.359785e-03 -0.1051 
3.6383e+04 4.1520 3.5602 2.73519 0.76550 0.3686 1.3177e+02 1 2.3121e-06 3.5602 7.187974e-01 2.792380e-01 1.382980e-03 -0.1064 
6.1717e+04 4.1659 3.5574 2.67947 0.76754 0.4349 1.3940e+02 1 2.7102e-06 3.5574 7.182040e-01 2.797840e-01 1.429135e-03 -0.1092 
9.1110e+04 4.1766 3.5539 2.60130 0.76957 0.5597 1.4803e+02 1 3.2509e-06 3.5539 7.171928e-01 2.807110e-01 1.511080e-03 -0.1113 
1.2239e+05 4.1889 3.5500 2.49290 0.77117 0.8166 1.5923e+02 1 4.2658e-06 3.5500 7.157304e-01 2.820060e-01 1.673757e-03 -0.1086 
1.5537e+05 4.1995 3.5313 2.28100 0.77259 1.3007 3.7704e+02 0 8.5507e-06 3.5313 7.138742e-01 2.835500e-01 1.979724e-03 -0.1303 
1.8885e+05 4.2091 3.4951 1.71463 0.77400 2.0757 6.8785e+02 0 2.2029e-05 3.4951 7.116197e-01 2.853000e-01 2.475597e-03 -0.1805 
2.2211e+05 4.2168 3.4819 1.01320 0.77657 3.2296 1.2646e+03 0 2.2439e-05 3.4819 7.087912e-01 2.873580e-01 3.231299e-03 -0.2147 
2.3417e+05 4.2069 3.6236 0.78428 0.77795 3.5577 4.3925e+02 0 2.9648e-05 3.6236 7.080696e-01 2.878550e-01 3.450256e-03 999.0000 
 3.0000 11 # agb_3.00_Z0.00200000_Mdot51_eta1.00_Mc0.00_dMc0.00_Tbd6.40_L0.00_dL0.00_C0.00_Nr3.00_rates0_KOPv_KMOLv.dat 
0.0000e+00 4.0623 3.5763 3.00000 0.78399 0.3338 9.4805e+01 1 1.3002e-06 3.5763 7.100000e-01 2.879400e-01 1.359418e-03 -0.0966 
1.2712e+04 4.1785 3.5637 2.97312 0.78550 0.3338 1.2915e+02 1 2.5586e-06 3.5637 7.100000e-01 2.879410e-01 1.359418e-03 -0.1048 
2.8760e+04 4.1926 3.5614 2.93506 0.78696 0.3623 1.3570e+02 1 2.8774e-06 3.5614 7.097533e-01 2.881670e-01 1.379226e-03 -0.1054 
4.8567e+04 4.2052 3.5589 2.88134 0.78869 0.4171 1.4271e+02 1 3.2885e-06 3.5589 7.092836e-01 2.885980e-01 1.416797e-03 -0.1068 
7.1758e+04 4.2147 3.5563 2.80743 0.79044 0.5127 1.5008e+02 1 3.8459e-06 3.5563 7.084945e-01 2.893230e-01 1.479033e-03 -0.1096 
9.7356e+04 4.2239 3.5523 2.70643 0.79198 0.6985 1.6012e+02 1 4.6989e-06 3.5523 7.073442e-01 2.903540e-01 1.595409e-03 -0.1086 
1.2337e+05 4.2346 3.5445 2.56201 0.79303 1.0519 1.7775e+02 1 6.7920e-06 3.5445 7.058624e-01 2.916110e-01 1.815589e-03 -0.1115 
1.5076e+05 4.2429 3.5190 2.23497 0.79411 1.6226 4.7222e+02 0 1.6982e-05 3.5190 7.040831e-01 2.930260e-01 2.173577e-03 -0.1488 
1.7821e+05 4.2502 3.4839 1.63914 0.79533 2.4744 8.6798e+02 0 2.4210e-05 3.4839 7.019060e-01 2.946510e-01 2.716765e-03 -0.2079 
2.0527e+05 4.2553 3.4849 1.01482 0.79798 3.6037 1.3392e+03 0 2.4491e-05 3.4849 6.993522e-01 2.964510e-01 3.455358e-03 -0.1844 
2.1515e+05 4.2498 3.6320 0.80475 0.79944 3.7233 4.3819e+02 0 3.2885e-05 3.6320 6.991027e-01 2.966190e-01 3.534917e-03 999.0000 
 3.2000 12 # agb_3.20_Z0.00200000_Mdot51_eta1.00_Mc0.00_dMc0.00_Tbd6.40_L0.00_dL0.00_C0.00_Nr3.00_rates0_KOPv_KMOLv.dat 
0.0000e+00 4.0912 3.5782 3.20000 0.79693 0.3369 9.5360e+01 1 1.3996e-06 3.5782 6.988000e-01 2.991260e-01 1.357953e-03 -0.0967 
1.0967e+04 4.2067 3.5660 3.17516 0.79834 0.3369 1.2935e+02 1 2.7416e-06 3.5660 6.988000e-01 2.991260e-01 1.357953e-03 -0.1032 
2.4796e+04 4.2203 3.5639 3.14027 0.79969 0.3628 1.3541e+02 1 3.0479e-06 3.5639 6.985891e-01 2.993190e-01 1.375513e-03 -0.1033 
4.1827e+04 4.2320 3.5617 3.09183 0.80127 0.4112 1.4171e+02 1 3.4356e-06 3.5617 6.981940e-01 2.996810e-01 1.407928e-03 -0.1053 
6.1838e+04 4.2406 3.5595 3.02648 0.80288 0.4922 1.4793e+02 1 3.9084e-06 3.5595 6.975363e-01 3.002850e-01 1.459667e-03 -0.1075 
8.3802e+04 4.2502 3.5558 2.94054 0.80424 0.6449 1.5692e+02 1 4.6559e-06 3.5558 6.965778e-01 3.011470e-01 1.553458e-03 -0.1065 
1.0714e+05 4.2582 3.5524 2.82433 0.80535 0.9341 1.6667e+02 1 5.9020e-06 3.5524 6.953391e-01 3.022060e-01 1.729832e-03 -0.1038 
1.3108e+05 4.2667 3.5326 2.60993 0.80623 1.4021 2.0367e+02 1 1.1535e-05 3.5326 6.938584e-01 3.033950e-01 2.016503e-03 -0.1359 
1.5529e+05 4.2740 3.5060 2.13457 0.80700 2.0896 5.9271e+02 0 2.5586e-05 3.5060 6.920987e-01 3.047210e-01 2.442933e-03 -0.1718 
1.8012e+05 4.2770 3.4730 1.52970 0.80838 3.0792 1.0815e+03 0 2.5763e-05 3.4730 6.898889e-01 3.062930e-01 3.069949e-03 -0.2112 
2.0353e+05 4.2822 3.5003 0.95603 0.81137 4.1827 1.3083e+03 0 2.6062e-05 3.5003 6.876147e-01 3.078320e-01 3.789198e-03 -0.1325 
2.0983e+05 4.2559 3.6316 0.81763 0.81221 4.1827 4.3958e+02 0 3.3113e-05 3.6316 6.876147e-01 3.078320e-01 3.789198e-03 999.0000 
 3.4000 13 # agb_3.40_Z0.00200000_Mdot51_eta1.00_Mc0.00_dMc0.00_Tbd6.40_L0.00_dL0.00_C0.00_Nr3.00_rates0_KOPv_KMOLv.dat 
0.0000e+00 4.1205 3.5799 3.40000 0.81062 0.3379 9.6368e+01 1 1.5101e-06 3.5799 6.886000e-01 3.093140e-01 1.357246e-03 -0.0958 
9.3985e+03 4.2332 3.5681 3.37723 0.81192 0.3379 1.2952e+02 1 2.9242e-06 3.5681 6.886000e-01 3.093140e-01 1.357246e-03 -0.1001 
2.1179e+04 4.2478 3.5660 3.34546 0.81314 0.3611 1.3578e+02 1 3.2584e-06 3.5660 6.884207e-01 3.094780e-01 1.372782e-03 -0.1016 
3.5676e+04 4.2584 3.5640 3.30190 0.81456 0.4036 1.4139e+02 1 3.6058e-06 3.5640 6.880897e-01 3.097800e-01 1.400764e-03 -0.1045 
5.2720e+04 4.2678 3.5619 3.24383 0.81603 0.4715 1.4742e+02 1 4.0551e-06 3.5619 6.875459e-01 3.102800e-01 1.443644e-03 -0.1079 
7.1610e+04 4.2760 3.5589 3.16893 0.81731 0.5942 1.5482e+02 1 4.6774e-06 3.5589 6.867530e-01 3.109960e-01 1.518188e-03 -0.1071 
9.1572e+04 4.2846 3.5558 3.07219 0.81829 0.8243 1.6344e+02 1 5.7148e-06 3.5558 6.857255e-01 3.118820e-01 1.656708e-03 -0.1063 
1.1231e+05 4.2918 3.5431 2.92208 0.81905 1.1992 1.8641e+02 1 8.8920e-06 3.5431 6.844952e-01 3.128820e-01 1.882819e-03 -0.1253 
1.3388e+05 4.2976 3.5252 2.63758 0.81978 1.7448 2.2637e+02 1 1.7539e-05 3.5252 6.830647e-01 3.139750e-01 2.214942e-03 -0.1480 
1.5557e+05 4.3019 3.4985 2.11967 0.82048 2.5030 6.7845e+02 0 2.7290e-05 3.4985 6.813583e-01 3.152050e-01 2.683899e-03 -0.1954 
1.7729e+05 4.3035 3.4689 1.55084 0.82173 3.5371 1.1753e+03 0 2.7353e-05 3.4689 6.792431e-01 3.166520e-01 3.338970e-03 -0.2137 
1.9778e+05 4.3080 3.4887 1.01631 0.82460 4.6044 1.4556e+03 0 2.7669e-05 3.4887 6.771729e-01 3.180110e-01 4.035411e-03 -0.1221 
2.0537e+05 4.3058 3.6386 0.83096 0.82595 4.7489 4.5459e+02 0 3.4514e-05 3.6386 6.769026e-01 3.181820e-01 4.131452e-03 999.0000 
 3.6000 14 # agb_3.60_Z0.00200000_Mdot51_eta1.00_Mc0.00_dMc0.00_Tbd6.40_L0.00_dL0.00_C0.00_Nr3.00_rates0_KOPv_KMOLv.dat 
0.0000e+00 4.1875 3.5775 3.60000 0.82559 0.3392 1.0764e+02 1 1.9815e-06 3.5775 6.802000e-01 3.177050e-01 1.356837e-03 -0.0964 
8.2701e+03 4.2634 3.5693 3.57726 0.82687 0.3392 1.3175e+02 1 3.1989e-06 3.5693 6.802000e-01 3.177050e-01 1.356837e-03 -0.1029 
1.8295e+04 4.2771 3.5674 3.54695 0.82802 0.3603 1.3761e+02 1 3.5318e-06 3.5674 6.800452e-01 3.178450e-01 1.370770e-03 -0.1042 
3.0590e+04 4.2857 3.5658 3.50621 0.82935 0.3978 1.4231e+02 1 3.8459e-06 3.5658 6.797641e-01 3.181020e-01 1.395151e-03 -0.1046 
4.4879e+04 4.2957 3.5638 3.45330 0.83070 0.4553 1.4824e+02 1 4.2954e-06 3.5638 6.793090e-01 3.185200e-01 1.431064e-03 -0.1067 
6.0945e+04 4.3020 3.5611 3.38572 0.83192 0.5556 1.5442e+02 1 4.8195e-06 3.5611 6.786470e-01 3.191200e-01 1.491471e-03 -0.1094 
7.7799e+04 4.3103 3.5586 3.30139 0.83282 0.7403 1.6174e+02 1 5.7412e-06 3.5586 6.777895e-01 3.198650e-01 1.601568e-03 -0.1108 
9.5423e+04 4.3175 3.5522 3.18737 0.83352 1.0409 1.7496e+02 1 7.4989e-06 3.5522 6.767625e-01 3.207090e-01 1.780775e-03 -0.1102 
1.1347e+05 4.3254 3.5362 2.99571 0.83405 1.4775 2.0587e+02 1 1.3092e-05 3.5362 6.755812e-01 3.216240e-01 2.042672e-03 -0.1352 
1.3199e+05 4.3297 3.5180 2.63834 0.83452 2.0740 4.9815e+02 0 2.6363e-05 3.5180 6.742136e-01 3.226240e-01 2.404880e-03 -0.1586 
1.5094e+05 4.3312 3.4927 2.12761 0.83509 2.8782 7.6057e+02 0 2.9174e-05 3.4927 6.725624e-01 3.237690e-01 2.902298e-03 -0.1959 
1.6994e+05 4.3294 3.4665 1.59791 0.83628 3.9124 1.2389e+03 0 2.9040e-05 3.4665 6.705754e-01 3.250870e-01 3.558605e-03 -0.2101 
1.8750e+05 4.3335 3.4748 1.11095 0.83875 4.9696 1.6096e+03 0 2.9309e-05 3.4748 6.686107e-01 3.263440e-01 4.250390e-03 -0.1238 
1.9727e+05 4.3408 3.6383 0.84587 0.84071 5.5189 4.8514e+02 0 3.2734e-05 3.6383 6.676082e-01 3.269680e-01 4.618829e-03 999.0000 
 3.8000 16 # agb_3.80_Z0.00200000_Mdot51_eta1.00_Mc0.00_dMc0.00_Tbd6.40_L0.00_dL0.00_C0.00_Nr3.00_rates0_KOPv_KMOLv.dat 
0.0000e+00 4.2143 3.5788 3.80000 0.84112 0.3432 1.0894e+02 1 2.1330e-06 3.5788 6.722000e-01 3.257980e-01 1.355897e-03 -0.0977 
6.9806e+03 4.2947 3.5703 3.78056 0.84230 0.3432 1.3472e+02 1 3.2359e-06 3.5703 6.722000e-01 3.257980e-01 1.355897e-03 -0.1031 
1.5380e+04 4.3061 3.5687 3.75517 0.84333 0.3622 1.3962e+02 1 3.5075e-06 3.5687 6.720694e-01 3.259160e-01 1.368200e-03 -0.1034 
2.5540e+04 4.3179 3.5669 3.72135 0.84451 0.3948 1.4524e+02 1 3.8548e-06 3.5669 6.718378e-01 3.261260e-01 1.389114e-03 -0.1049 
3.7543e+04 4.3254 3.5654 3.67740 0.84575 0.4429 1.4983e+02 1 4.2073e-06 3.5654 6.714662e-01 3.264670e-01 1.418948e-03 -0.1063 
5.0819e+04 4.3336 3.5635 3.62292 0.84685 0.5214 1.5532e+02 1 4.6881e-06 3.5635 6.709303e-01 3.269550e-01 1.465880e-03 -0.1078 
6.5108e+04 4.3419 3.5606 3.55492 0.84775 0.6625 1.6274e+02 1 5.4075e-06 3.5606 6.702329e-01 3.275660e-01 1.549654e-03 -0.1064 
7.9928e+04 4.3514 3.5575 3.46947 0.84841 0.8909 1.7141e+02 1 6.5766e-06 3.5575 6.693970e-01 3.282630e-01 1.685983e-03 -0.1034 
9.5113e+04 4.3617 3.5453 3.34127 0.84889 1.2202 1.9474e+02 1 1.0023e-05 3.5453 6.684396e-01 3.290170e-01 1.886544e-03 -0.1246 
1.1078e+05 4.3645 3.5327 3.13523 0.84930 1.6673 2.2168e+02 1 1.6293e-05 3.5327 6.673562e-01 3.298230e-01 2.159467e-03 -0.1375 
1.2686e+05 4.3648 3.5161 2.76891 0.84966 2.2556 5.2476e+02 0 3.1261e-05 3.5161 6.661184e-01 3.306980e-01 2.516262e-03 -0.1589 
1.4322e+05 4.3612 3.4943 2.29344 0.85005 3.0285 7.4901e+02 0 3.1261e-05 3.4943 6.646287e-01 3.317040e-01 2.991904e-03 -0.1941 
1.5974e+05 4.3567 3.4705 1.80714 0.85086 4.0047 1.1374e+03 0 3.0974e-05 3.4705 6.628390e-01 3.328650e-01 3.608022e-03 -0.2052 
1.7535e+05 4.3596 3.4581 1.35776 0.85263 5.0574 1.6537e+03 0 3.1189e-05 3.4581 6.609527e-01 3.340500e-01 4.293066e-03 -0.1729 
1.8918e+05 4.3642 3.5212 0.95505 0.85545 5.9530 1.3048e+03 0 3.1477e-05 3.5212 6.593576e-01 3.350270e-01 4.893975e-03 0.0707 
1.9299e+05 4.3407 3.6379 0.86138 0.85611 5.9530 4.7896e+02 0 3.3574e-05 3.6379 6.593576e-01 3.350270e-01 4.893975e-03 999.0000 
 4.0000 18 # agb_4.00_Z0.00200000_Mdot51_eta1.00_Mc0.00_dMc0.00_Tbd6.40_L0.00_dL0.00_C0.00_Nr3.00_rates0_KOPv_KMOLv.dat 
0.0000e+00 4.2397 3.5801 4.00000 0.85742 0.3453 1.1017e+02 1 2.2803e-06 3.5801 6.652000e-01 3.327920e-01 1.355552e-03 -0.0981 
5.8554e+03 4.3235 3.5713 3.98215 0.85849 0.3453 1.3727e+02 1 3.5318e-06 3.5713 6.652000e-01 3.327920e-01 1.355553e-03 -0.1011 
1.2792e+04 4.3361 3.5697 3.95933 0.85941 0.3622 1.4253e+02 1 3.8371e-06 3.5697 6.650909e-01 3.328900e-01 1.366374e-03 -0.1021 
2.1199e+04 4.3483 3.5679 3.92909 0.86046 0.3904 1.4822e+02 1 4.2073e-06 3.5679 6.649015e-01 3.330610e-01 1.384451e-03 -0.1023 
3.0997e+04 4.3601 3.5661 3.89037 0.86154 0.4291 1.5430e+02 1 4.6452e-06 3.5661 6.646032e-01 3.333330e-01 1.409725e-03 -0.1040 
4.1974e+04 4.3735 3.5639 3.84158 0.86256 0.4784 1.6176e+02 1 5.2723e-06 3.5639 6.641744e-01 3.337230e-01 1.448017e-03 -0.1051 
5.3803e+04 4.3849 3.5608 3.78126 0.86339 0.5229 1.7027e+02 1 6.0954e-06 3.5608 6.636065e-01 3.342180e-01 1.518316e-03 -0.1066 
6.6159e+04 4.3956 3.5584 3.70621 0.86402 0.5075 1.7858e+02 1 7.3621e-06 3.5584 6.629074e-01 3.347950e-01 1.638183e-03 -0.1079 
7.8955e+04 4.4078 3.5554 3.60810 0.86451 0.4001 1.8921e+02 1 9.4624e-06 3.5554 6.620890e-01 3.354290e-01 1.820244e-03 -0.1097 
9.2097e+04 4.4164 3.5516 3.47626 0.86491 0.2943 2.0143e+02 1 1.2618e-05 3.5516 6.611645e-01 3.361060e-01 2.064508e-03 -0.1121 
1.0542e+05 4.4231 3.5471 3.29535 0.86519 0.2704 2.1655e+02 1 1.7579e-05 3.5471 6.601353e-01 3.368230e-01 2.371302e-03 -0.1150 
1.1906e+05 4.4266 3.5403 3.03185 0.86545 0.3353 2.3895e+02 1 2.6182e-05 3.5403 6.589804e-01 3.375930e-01 2.750676e-03 -0.1186 
1.3302e+05 4.4215 3.5304 2.62996 0.86574 0.6672 5.4887e+02 0 3.5892e-05 3.5304 6.576776e-01 3.384340e-01 3.205381e-03 -0.1353 
1.4722e+05 4.4016 3.4943 2.18577 0.86625 1.5506 8.5630e+02 0 3.4356e-05 3.4943 6.561901e-01 3.393850e-01 3.731085e-03 -0.1801 
1.6105e+05 4.3824 3.4675 1.75372 0.86709 2.5798 1.2706e+03 0 3.2810e-05 3.4675 6.544986e-01 3.404350e-01 4.358196e-03 -0.1923 
1.7393e+05 4.3851 3.4566 1.35854 0.86882 3.5998 1.7736e+03 0 3.3037e-05 3.4566 6.528254e-01 3.414500e-01 4.999384e-03 -0.1353 
1.8547e+05 4.3892 3.5079 1.00153 0.87139 4.4502 1.4889e+03 0 3.3343e-05 3.5079 6.514214e-01 3.422860e-01 5.549953e-03 0.0760 
1.8988e+05 4.3853 3.6375 0.87825 0.87242 4.4737 5.2166e+02 0 3.3037e-05 3.6375 6.513825e-01 3.423090e-01 5.565441e-03 999.0000 
 4.2000 19 # agb_4.20_Z0.00200000_Mdot51_eta1.00_Mc0.00_dMc0.00_Tbd6.40_L0.00_dL0.00_C0.00_Nr3.00_rates0_KOPv_KMOLv.dat 
0.0000e+00 4.2696 3.5807 4.20000 0.87732 0.3496 1.1296e+02 1 2.5061e-06 3.5807 6.584000e-01 3.395870e-01 1.354612e-03 -0.0974 
4.7108e+03 4.3593 3.5715 4.18366 0.87826 0.3496 1.4270e+02 1 3.9994e-06 3.5715 6.584003e-01 3.395860e-01 1.354638e-03 -0.1014 
1.0267e+04 4.3795 3.5691 4.16208 0.87906 0.3625 1.5110e+02 1 4.5082e-06 3.5691 6.583131e-01 3.396640e-01 1.364554e-03 -0.1012 
1.6863e+04 4.4017 3.5664 4.13288 0.87993 0.3607 1.6114e+02 1 5.2119e-06 3.5664 6.581635e-01 3.397940e-01 1.383419e-03 -0.1029 
2.4530e+04 4.4226 3.5635 4.09391 0.88084 0.2461 1.7180e+02 1 6.0954e-06 3.5635 6.579180e-01 3.400040e-01 1.417721e-03 -0.1057 
3.3235e+04 4.4331 3.5625 4.04447 0.88174 0.0838 1.7750e+02 1 6.8391e-06 3.5625 6.575558e-01 3.403210e-01 1.462287e-03 -0.1071 
4.2726e+04 4.4407 3.5607 3.98400 0.88252 0.0433 1.8384e+02 1 7.6560e-06 3.5607 6.570776e-01 3.407430e-01 1.516978e-03 -0.1096 
5.2681e+04 4.4506 3.5583 3.91051 0.88312 0.0459 1.9229e+02 1 8.9536e-06 3.5583 6.564874e-01 3.412490e-01 1.599167e-03 -0.1132 
6.3011e+04 4.4637 3.5552 3.81743 0.88358 0.0535 2.0396e+02 1 1.1041e-05 3.5552 6.557962e-01 3.418160e-01 1.720359e-03 -0.1158 
7.3618e+04 4.4751 3.5518 3.69704 0.88393 0.0645 2.1700e+02 1 1.4125e-05 3.5518 6.550130e-01 3.424300e-01 1.887317e-03 -0.1183 
8.4515e+04 4.4825 3.5476 3.53816 0.88423 0.0791 2.3210e+02 1 1.8493e-05 3.5476 6.541406e-01 3.430800e-01 2.105960e-03 -0.1188 
9.5578e+04 4.4874 3.5434 3.32189 0.88445 0.0983 2.4929e+02 1 2.5586e-05 3.5434 6.531701e-01 3.437690e-01 2.383184e-03 -0.1202 
1.0690e+05 4.4851 3.5357 3.01254 0.88465 0.1289 5.3385e+02 0 3.7844e-05 3.5357 6.520799e-01 3.445040e-01 2.731630e-03 -0.1221 
1.1849e+05 4.4686 3.5284 2.62372 0.88489 0.2547 6.2226e+02 0 4.0087e-05 3.5284 6.508483e-01 3.452940e-01 3.166820e-03 -0.1280 
1.3030e+05 4.4398 3.5050 2.21933 0.88533 1.1800 8.3593e+02 0 3.7497e-05 3.5050 6.494939e-01 3.461550e-01 3.650219e-03 -0.1508 
1.4177e+05 4.4115 3.4745 1.83343 0.88602 2.2634 1.2232e+03 0 3.5075e-05 3.4745 6.479719e-01 3.470980e-01 4.216911e-03 -0.1760 
1.5253e+05 4.4135 3.4601 1.47961 0.88740 3.3451 1.6952e+03 0 3.5237e-05 3.4601 6.464503e-01 3.480190e-01 4.802280e-03 -0.1292 
1.6228e+05 4.4167 3.4752 1.15635 0.88944 4.3166 1.8635e+03 0 3.5563e-05 3.4752 6.450700e-01 3.488390e-01 5.345844e-03 0.1039 
1.7011e+05 4.4229 3.6378 0.89759 0.89167 4.9637 5.5500e+02 0 3.6058e-05 3.6378 6.441412e-01 3.493840e-01 5.717847e-03 999.0000 
 4.4000 21 # agb_4.40_Z0.00200000_Mdot51_eta1.00_Mc0.00_dMc0.00_Tbd6.40_L0.00_dL0.00_C0.00_Nr3.00_rates0_KOPv_KMOLv.dat 
0.0000e+00 4.2946 3.5817 4.40000 0.89510 0.3534 1.1467e+02 1 2.6915e-06 3.5817 6.528000e-01 3.451820e-01 1.353444e-03 -0.0961 
3.8823e+03 4.4062 3.5701 4.38383 0.89594 0.3480 1.5340e+02 1 4.8195e-06 3.5701 6.528027e-01 3.451780e-01 1.354388e-03 -0.1036 
8.3853e+03 4.4405 3.5662 4.36136 0.89662 0.2915 1.6845e+02 1 5.8884e-06 3.5662 6.527279e-01 3.452370e-01 1.369987e-03 -0.1051 
1.3710e+04 4.4595 3.5646 4.33122 0.89737 0.1280 1.7709e+02 1 6.7453e-06 3.5646 6.525875e-01 3.453480e-01 1.398774e-03 -0.1062 
1.9855e+04 4.4737 3.5626 4.29250 0.89814 0.0424 1.8537e+02 1 7.5683e-06 3.5626 6.523696e-01 3.455390e-01 1.424586e-03 -0.1080 
2.6857e+04 4.4839 3.5607 4.24404 0.89892 0.0397 1.9263e+02 1 8.3176e-06 3.5607 6.520595e-01 3.458260e-01 1.447035e-03 -0.1090 
3.4541e+04 4.4982 3.5582 4.18357 0.89961 0.0447 2.0293e+02 1 9.5060e-06 3.5582 6.516467e-01 3.462020e-01 1.482292e-03 -0.1108 
4.2649e+04 4.5099 3.5557 4.11057 0.90016 0.0516 2.1299e+02 1 1.0990e-05 3.5557 6.511381e-01 3.466530e-01 1.538539e-03 -0.1126 
5.1163e+04 4.5207 3.5530 4.02043 0.90061 0.0608 2.2399e+02 1 1.3032e-05 3.5530 6.505419e-01 3.471630e-01 1.622289e-03 -0.1141 
5.9938e+04 4.5297 3.5502 3.90866 0.90097 0.0727 2.3596e+02 1 1.5812e-05 3.5502 6.498676e-01 3.477170e-01 1.739284e-03 -0.1160 
6.8852e+04 4.5370 3.5481 3.77143 0.90123 0.0874 2.4728e+02 1 1.9409e-05 3.5481 6.491206e-01 3.483060e-01 1.894549e-03 -0.1159 
7.8002e+04 4.5408 3.5437 3.59405 0.90145 0.1058 2.6351e+02 1 2.4946e-05 3.5437 6.482959e-01 3.489280e-01 2.093166e-03 -0.1137 
8.7436e+04 4.5388 3.5400 3.35782 0.90167 0.1277 2.7919e+02 1 3.3037e-05 3.5400 6.473829e-01 3.495870e-01 2.342679e-03 -0.1128 
9.6981e+04 4.5316 3.5347 3.03513 0.90182 0.1564 5.9384e+02 0 4.6238e-05 3.5347 6.463671e-01 3.502860e-01 2.654700e-03 -0.1167 
1.0684e+05 4.5115 3.5275 2.66235 0.90204 0.2156 6.8122e+02 0 4.4157e-05 3.5275 6.452199e-01 3.510310e-01 3.049405e-03 -0.1005 
1.1672e+05 4.4786 3.5226 2.29431 0.90235 0.8906 7.5567e+02 0 4.1020e-05 3.5226 6.439700e-01 3.518140e-01 3.508605e-03 -0.1585 
1.2649e+05 4.4453 3.4815 1.94219 0.90295 2.0990 1.1772e+03 0 3.7931e-05 3.4815 6.426078e-01 3.526590e-01 4.014952e-03 -0.1616 
1.3574e+05 4.4264 3.4652 1.62588 0.90390 3.3510 1.5314e+03 0 3.6308e-05 3.4652 6.411952e-01 3.535150e-01 4.557946e-03 -0.1390 
1.4422e+05 4.4287 3.4643 1.33480 0.90543 4.4764 1.8540e+03 0 3.6559e-05 3.4643 6.399050e-01 3.542830e-01 5.065888e-03 -0.0527 
1.5207e+05 4.4315 3.5049 1.06337 0.90748 5.4188 1.5931e+03 0 3.6728e-05 3.5049 6.388044e-01 3.549280e-01 5.506864e-03 0.1250 
1.5654e+05 4.4355 3.6394 0.91445 0.90876 5.8810 5.5345e+02 0 3.7068e-05 3.6394 6.382582e-01 3.552450e-01 5.728686e-03 999.0000 
 4.6000 24 # agb_4.60_Z0.00200000_Mdot51_eta1.00_Mc0.00_dMc0.00_Tbd6.40_L0.00_dL0.00_C0.00_Nr3.00_rates0_KOPv_KMOLv.dat 
0.0000e+00 4.3281 3.5815 4.60000 0.92074 0.3569 1.1932e+02 1 3.0200e-06 3.5815 6.480000e-01 3.499780e-01 1.352736e-03 -0.0962 
2.9452e+03 4.4915 3.5646 4.58212 0.92144 0.2830 1.8255e+02 1 7.1614e-06 3.5646 6.479999e-01 3.499700e-01 1.360527e-03 -0.1055 
6.3306e+03 4.5194 3.5622 4.55784 0.92199 0.1073 1.9606e+02 1 8.5507e-06 3.5622 6.479233e-01 3.500240e-01 1.382944e-03 -0.1060 
1.0229e+04 4.5359 3.5599 4.52659 0.92257 0.0427 2.0617e+02 1 9.5940e-06 3.5599 6.477940e-01 3.501360e-01 1.399352e-03 -0.1073 
1.4751e+04 4.5448 3.5584 4.48754 0.92317 0.0422 2.1286e+02 1 1.0351e-05 3.5584 6.476035e-01 3.503120e-01 1.413282e-03 -0.1080 
1.9883e+04 4.5598 3.5560 4.43808 0.92377 0.0472 2.2386e+02 1 1.1641e-05 3.5560 6.473410e-01 3.505580e-01 1.428519e-03 -0.1098 
2.5556e+04 4.5738 3.5536 4.37661 0.92433 0.0540 2.3548e+02 1 1.3152e-05 3.5536 6.469995e-01 3.508770e-01 1.449784e-03 -0.1119 
3.1624e+04 4.5845 3.5512 4.30296 0.92482 0.0625 2.4640e+02 1 1.4859e-05 3.5512 6.465811e-01 3.512600e-01 1.483033e-03 -0.1125 
3.8028e+04 4.5919 3.5491 4.21544 0.92522 0.0731 2.5648e+02 1 1.6827e-05 3.5491 6.460910e-01 3.516980e-01 1.532907e-03 -0.1137 
4.4687e+04 4.5965 3.5469 4.11203 0.92555 0.0860 2.6613e+02 1 1.9275e-05 3.5469 6.455368e-01 3.521790e-01 1.603657e-03 -0.1140 
5.1522e+04 4.6012 3.5443 3.98820 0.92582 0.1017 2.7794e+02 1 2.2699e-05 3.5443 6.449236e-01 3.526940e-01 1.699100e-03 -0.1154 
5.8559e+04 4.6015 3.5446 3.84429 0.92605 0.1200 2.8270e+02 1 2.5704e-05 3.5446 6.442521e-01 3.532380e-01 1.823285e-03 -0.1100 
6.5661e+04 4.6034 3.5409 3.66805 0.92621 0.1427 2.9851e+02 1 3.1842e-05 3.5409 6.435213e-01 3.538090e-01 1.980013e-03 -0.1026 
7.3015e+04 4.5964 3.5383 3.44573 0.92637 0.1685 3.1002e+02 1 3.9446e-05 3.5383 6.427215e-01 3.544100e-01 2.175486e-03 -0.1074 
8.0489e+04 4.5873 3.5342 3.15711 0.92650 0.2004 6.5185e+02 0 5.2481e-05 3.5342 6.418426e-01 3.550420e-01 2.417792e-03 -0.1133 
8.8190e+04 4.5672 3.5290 2.82751 0.92666 0.2433 7.2080e+02 0 5.0234e-05 3.5290 6.408640e-01 3.557110e-01 2.721857e-03 -0.1016 
9.5981e+04 4.5371 3.5245 2.49894 0.92686 0.3713 7.8428e+02 0 4.6881e-05 3.5245 6.397871e-01 3.564040e-01 3.099109e-03 -0.4717 
1.0373e+05 4.5016 3.4962 2.18712 0.92719 1.6102 1.0522e+03 0 4.3152e-05 3.4962 6.386739e-01 3.571090e-01 3.499074e-03 -0.1510 
1.1126e+05 4.4599 3.4779 1.90732 0.92769 2.9845 1.2767e+03 0 3.9264e-05 3.4779 6.374743e-01 3.578520e-01 3.945559e-03 -0.1497 
1.1833e+05 4.4612 3.4658 1.64441 0.92858 4.3066 1.6294e+03 0 3.9355e-05 3.4658 6.363012e-01 3.585640e-01 4.395463e-03 -0.1106 
1.2493e+05 4.4630 3.4653 1.39787 0.92985 5.5463 1.9031e+03 0 3.9537e-05 3.4653 6.351758e-01 3.592360e-01 4.837091e-03 -0.0335 
1.3112e+05 4.4652 3.4907 1.16557 0.93150 6.6401 1.7946e+03 0 3.9719e-05 3.4907 6.341572e-01 3.598350e-01 5.243987e-03 0.1059 
1.3692e+05 4.4680 3.6124 0.94668 0.93347 7.4826 7.3440e+02 0 3.9994e-05 3.6124 6.333542e-01 3.603020e-01 5.569341e-03 0.4232 
1.3716e+05 4.3177 3.6330 0.93911 0.93349 7.4826 4.3970e+02 0 3.8107e-05 3.6330 6.333542e-01 3.603020e-01 5.569341e-03 999.0000 
 4.8000 26 # agb_4.80_Z0.00200000_Mdot51_eta1.00_Mc0.00_dMc0.00_Tbd6.40_L0.00_dL0.00_C0.00_Nr3.00_rates0_KOPv_KMOLv.dat 
0.0000e+00 4.3551 3.5819 4.80000 0.94185 0.3594 1.2235e+02 1 3.3113e-06 3.5819 6.436000e-01 3.543740e-01 1.352018e-03 -0.0977 
2.3363e+03 4.5434 3.5625 4.78237 0.94243 0.2498 1.9949e+02 1 8.9125e-06 3.5625 6.435957e-01 3.543670e-01 1.362702e-03 -0.1044 
4.9658e+03 4.5682 3.5604 4.75933 0.94288 0.0889 2.1244e+02 1 1.0423e-05 3.5604 6.435281e-01 3.544150e-01 1.382350e-03 -0.1052 
8.0107e+03 4.5813 3.5586 4.72995 0.94334 0.0445 2.2118e+02 1 1.1455e-05 3.5586 6.434168e-01 3.545130e-01 1.395011e-03 -0.1069 
1.1472e+04 4.5951 3.5565 4.69324 0.94381 0.0454 2.3122e+02 1 1.2677e-05 3.5565 6.432558e-01 3.546620e-01 1.406180e-03 -0.1090 
1.5379e+04 4.6102 3.5542 4.64712 0.94428 0.0507 2.4306e+02 1 1.4191e-05 3.5542 6.430399e-01 3.548650e-01 1.418224e-03 -0.1105 
1.9714e+04 4.6244 3.5517 4.58999 0.94474 0.0579 2.5561e+02 1 1.5959e-05 3.5517 6.427634e-01 3.551260e-01 1.432135e-03 -0.1133 
2.4393e+04 4.6349 3.5496 4.52176 0.94516 0.0666 2.6676e+02 1 1.7824e-05 3.5496 6.424263e-01 3.554400e-01 1.452943e-03 -0.1141 
2.9374e+04 4.6428 3.5474 4.44126 0.94553 0.0774 2.7745e+02 1 1.9861e-05 3.5474 6.420301e-01 3.558040e-01 1.483705e-03 -0.1151 
3.4605e+04 4.6468 3.5455 4.34789 0.94585 0.0901 2.8645e+02 1 2.2029e-05 3.5455 6.415803e-01 3.562080e-01 1.527414e-03 -0.1164 
4.0021e+04 4.6489 3.5436 4.24018 0.94612 0.1051 2.9527e+02 1 2.4604e-05 3.5436 6.410829e-01 3.566440e-01 1.586807e-03 -0.1179 
4.5523e+04 4.6507 3.5414 4.11629 0.94633 0.1228 3.0569e+02 1 2.8184e-05 3.5414 6.405423e-01 3.571040e-01 1.664578e-03 -0.1196 
5.1179e+04 4.6491 3.5437 3.97955 0.94650 0.1425 3.0505e+02 1 3.0200e-05 3.5437 6.399561e-01 3.575890e-01 1.763646e-03 -0.1105 
5.6968e+04 4.6511 3.5405 3.81336 0.94666 0.1679 3.2025e+02 1 3.6392e-05 3.5405 6.393197e-01 3.580990e-01 1.886566e-03 -0.0999 
6.2909e+04 4.6443 3.5386 3.61320 0.94681 0.1959 3.2968e+02 1 4.3251e-05 3.5386 6.386317e-01 3.586330e-01 2.037835e-03 -0.1011 
6.8949e+04 4.6345 3.5346 3.36751 0.94692 0.2294 6.8078e+02 0 5.3456e-05 3.5346 6.378856e-01 3.591900e-01 2.223013e-03 -0.1093 
7.5092e+04 4.6162 3.5317 3.08239 0.94701 0.2691 7.2662e+02 0 5.6234e-05 3.5317 6.370717e-01 3.597710e-01 2.450889e-03 -0.1152 
8.1406e+04 4.5931 3.5277 2.78420 0.94713 0.3280 7.8384e+02 0 5.3333e-05 3.5277 6.361744e-01 3.603820e-01 2.732381e-03 0.2138 
8.7789e+04 4.5634 3.5247 2.49424 0.94730 0.5008 8.3156e+02 0 4.9774e-05 3.5247 6.352036e-01 3.610070e-01 3.072652e-03 -0.1349 
9.4152e+04 4.5305 3.4955 2.21757 0.94760 1.7628 1.1156e+03 0 4.6132e-05 3.4955 6.342189e-01 3.616290e-01 3.428356e-03 -0.1398 
1.0026e+05 4.4831 3.4808 1.97737 0.94797 3.1810 1.2685e+03 0 4.1400e-05 3.4808 6.331730e-01 3.622770e-01 3.817557e-03 -0.1409 
1.0608e+05 4.4768 3.4696 1.75111 0.94863 4.5421 1.5413e+03 0 4.0832e-05 3.4696 6.321479e-01 3.629000e-01 4.209950e-03 -0.1086 
1.1157e+05 4.4781 3.4652 1.53712 0.94958 5.8169 1.8081e+03 0 4.0926e-05 3.4652 6.311619e-01 3.634900e-01 4.595794e-03 -0.0528 
1.1679e+05 4.4795 3.4765 1.33263 0.95083 6.9927 1.8653e+03 0 4.1020e-05 3.4765 6.302254e-01 3.640420e-01 4.968810e-03 0.0480 
1.2167e+05 4.4816 3.4981 1.14120 0.95229 8.0349 1.7767e+03 0 4.1305e-05 3.4981 6.293702e-01 3.645410e-01 5.314371e-03 0.1955 
1.2629e+05 4.4842 3.6488 0.95918 0.95396 8.8669 5.4351e+02 0 4.1495e-05 3.6488 6.286689e-01 3.649450e-01 5.601119e-03 999.0000 
 5.0000 31 # agb_5.00_Z0.00200000_Mdot51_eta1.00_Mc0.00_dMc0.00_Tbd6.40_L0.00_dL0.00_C0.00_Nr3.00_rates0_KOPv_KMOLv.dat 
0.0000e+00 4.4095 3.5796 5.00000 0.97193 0.3601 1.3463e+02 1 4.1115e-06 3.5796 6.395000e-01 3.584700e-01 1.351618e-03 -0.0990 
1.6954e+03 4.6145 3.5582 4.98226 0.97238 0.2297 2.2952e+02 1 1.2331e-05 3.5582 6.394919e-01 3.584660e-01 1.363769e-03 -0.1083 
3.5838e+03 4.6336 3.5566 4.95981 0.97272 0.0922 2.4116e+02 1 1.4028e-05 3.5566 6.394353e-01 3.585050e-01 1.380356e-03 -0.1109 
5.6913e+03 4.6459 3.5548 4.93255 0.97305 0.0510 2.5054e+02 1 1.5346e-05 3.5548 6.393450e-01 3.585840e-01 1.391163e-03 -0.1118 
8.1023e+03 4.6567 3.5531 4.89870 0.97339 0.0492 2.5962e+02 1 1.6634e-05 3.5531 6.392170e-01 3.587020e-01 1.400520e-03 -0.1128 
1.0800e+04 4.6709 3.5510 4.85682 0.97373 0.0542 2.7175e+02 1 1.8535e-05 3.5510 6.390505e-01 3.588580e-01 1.410290e-03 -0.1132 
1.3768e+04 4.6821 3.5491 4.80650 0.97405 0.0609 2.8288e+02 1 2.0370e-05 3.5491 6.388437e-01 3.590530e-01 1.420405e-03 -0.1140 
1.7000e+04 4.6933 3.5470 4.74625 0.97437 0.0692 2.9506e+02 1 2.2542e-05 3.5470 6.385940e-01 3.592890e-01 1.432542e-03 -0.1129 
2.0482e+04 4.6988 3.5455 4.67628 0.97467 0.0792 3.0373e+02 1 2.4378e-05 3.5455 6.383019e-01 3.595630e-01 1.449517e-03 -0.1130 
2.4157e+04 4.7041 3.5437 4.59601 0.97494 0.0910 3.1332e+02 1 2.6607e-05 3.5437 6.379695e-01 3.598710e-01 1.472918e-03 -0.1137 
2.8003e+04 4.7055 3.5422 4.50546 0.97518 0.1044 3.2085e+02 1 2.8708e-05 3.5422 6.376001e-01 3.602070e-01 1.504406e-03 -0.1141 
3.1936e+04 4.7071 3.5406 4.40473 0.97538 0.1202 3.2949e+02 1 3.1477e-05 3.5406 6.371982e-01 3.605660e-01 1.545515e-03 -0.1142 
3.5984e+04 4.7058 3.5390 4.29180 0.97555 0.1380 3.3688e+02 1 3.4435e-05 3.5390 6.367645e-01 3.609450e-01 1.597916e-03 -0.1145 
4.0173e+04 4.7027 3.5373 4.16320 0.97572 0.1584 3.4448e+02 1 3.7931e-05 3.5373 6.362988e-01 3.613430e-01 1.663215e-03 -0.1151 
4.4414e+04 4.6980 3.5415 4.03059 0.97585 0.1788 3.3679e+02 1 3.8548e-05 3.5415 6.358024e-01 3.617570e-01 1.743478e-03 -0.1065 
4.8740e+04 4.7013 3.5386 3.87196 0.97597 0.2090 3.5336e+02 1 4.5920e-05 3.5386 6.352674e-01 3.621930e-01 1.840054e-03 -0.1027 
5.3168e+04 4.6916 3.5364 3.68960 0.97607 0.2398 3.6151e+02 1 5.1880e-05 3.5364 6.346963e-01 3.626450e-01 1.956608e-03 -0.0952 
5.7652e+04 4.6798 3.5345 3.47849 0.97615 0.2753 7.3225e+02 0 6.0395e-05 3.5345 6.340867e-01 3.631120e-01 2.096321e-03 -0.1030 
6.2239e+04 4.6653 3.5315 3.23715 0.97622 0.3194 7.7748e+02 0 6.2951e-05 3.5315 6.334279e-01 3.635990e-01 2.264293e-03 -0.1152 
6.6949e+04 4.6439 3.5293 2.98797 0.97631 0.3721 8.1228e+02 0 5.9979e-05 3.5293 6.327128e-01 3.641070e-01 2.467370e-03 -0.1067 
7.1687e+04 4.6208 3.5270 2.74422 0.97639 0.4597 8.5003e+02 0 5.6885e-05 3.5270 6.319425e-01 3.646300e-01 2.710324e-03 0.5611 
7.6459e+04 4.5952 3.5249 2.50750 0.97652 0.6960 8.8737e+02 0 5.3580e-05 3.5249 6.311287e-01 3.651560e-01 2.992449e-03 -0.1114 
8.1205e+04 4.5663 3.4964 2.28094 0.97673 1.8227 1.1682e+03 0 5.0119e-05 3.4964 6.303161e-01 3.656720e-01 3.284299e-03 -0.1228 
8.5840e+04 4.5147 3.4854 2.08307 0.97701 3.1429 1.2467e+03 0 4.4566e-05 3.4854 6.294685e-01 3.662010e-01 3.595828e-03 -0.1351 
9.0252e+04 4.5069 3.4754 1.89783 0.97745 4.4219 1.4568e+03 0 4.3752e-05 3.4754 6.286306e-01 3.667150e-01 3.912272e-03 -0.1151 
9.4482e+04 4.5077 3.4690 1.71996 0.97808 5.6407 1.6884e+03 0 4.3853e-05 3.4690 6.278115e-01 3.672100e-01 4.228441e-03 -0.0683 
9.8519e+04 4.5087 3.4725 1.54985 0.97888 6.8064 1.8010e+03 0 4.3954e-05 3.4725 6.270056e-01 3.676900e-01 4.545320e-03 -0.0187 
1.0237e+05 4.5099 3.4717 1.38697 0.97986 7.9013 2.0089e+03 0 4.4055e-05 3.4717 6.262251e-01 3.681500e-01 4.856986e-03 0.0713 
1.0607e+05 4.5113 3.4920 1.23028 0.98100 8.9148 1.8721e+03 0 4.4157e-05 3.4920 6.254796e-01 3.685840e-01 5.158587e-03 0.1960 
1.0964e+05 4.5128 3.5356 1.07846 0.98230 9.8368 1.4337e+03 0 4.4361e-05 3.5356 6.247799e-01 3.689880e-01 5.444878e-03 0.4021 
1.1179e+05 4.5154 3.6456 0.98906 0.98306 10.6139 5.8323e+02 0 4.4566e-05 3.6456 6.241730e-01 3.693350e-01 5.695639e-03 999.0000 
