# age(yr) logL logTe m_act mcore c/o period ip Mdot(Msun/yr) logTe X Y CNO dlogTe/dlogL 
 0.5050 3 # agb_0.505_Z0.00200000_Mdot2_eta0.40_Mc0.00_dMc0.00_Tbd6.40_L0.00_dL0.00_C0.00_Nr3.00_rates0_KOPv_KMOLv.dat 
0.0000e+00 2.7912 3.6453 0.50500 0.49528 0.5286 1.3847e+01 1 5.9429e-09 3.6453 7.381000e-01 2.599400e-01 1.318308e-03 -0.0816 
2.4450e+05 2.9219 3.6456 0.50138 0.49631 0.5286 1.7613e+01 1 2.1478e-08 3.6456 7.381000e-01 2.599400e-01 1.318308e-03 -0.0810 
4.4210e+05 2.9492 3.6572 0.49936 0.49696 0.5286 1.7052e+01 1 2.6853e-08 3.6572 7.381000e-01 2.599400e-01 1.318308e-03 999.0000 
 0.5150 3 # agb_0.515_Z0.00200000_Mdot2_eta0.40_Mc0.00_dMc0.00_Tbd6.40_L0.00_dL0.00_C0.00_Nr3.00_rates0_KOPv_KMOLv.dat 
0.0000e+00 2.8602 3.6290 0.51500 0.49606 0.5286 1.7528e+01 1 1.1749e-08 3.6290 7.381000e-01 2.600010e-01 1.318297e-03 -0.0861 
2.4313e+05 2.9802 3.6271 0.50858 0.49727 0.5286 2.2286e+01 1 3.9355e-08 3.6271 7.381000e-01 2.600010e-01 1.318297e-03 -0.0872 
4.9477e+05 3.0350 3.6512 0.50109 0.49862 0.5286 2.0805e+01 1 6.2661e-08 3.6512 7.381000e-01 2.600010e-01 1.318297e-03 999.0000 
 0.5200 3 # agb_0.520_Z0.00200000_Mdot2_eta0.40_Mc0.00_dMc0.00_Tbd6.40_L0.00_dL0.00_C0.00_Nr3.00_rates0_KOPv_KMOLv.dat 
0.0000e+00 2.9476 3.6186 0.52000 0.49694 0.5195 2.2097e+01 1 2.7861e-08 3.6186 7.379000e-01 2.600520e-01 1.319854e-03 -0.0875 
2.3963e+05 3.0635 3.6260 0.50664 0.49839 0.5195 2.6218e+01 1 8.9536e-08 3.6260 7.379000e-01 2.600520e-01 1.319854e-03 -0.0879 
3.8028e+05 3.0397 3.6363 0.50413 0.49883 0.5195 2.3338e+01 1 6.8865e-08 3.6363 7.379000e-01 2.600520e-01 1.319854e-03 999.0000 
 0.5250 3 # agb_0.525_Z0.00200000_Mdot2_eta0.40_Mc0.00_dMc0.00_Tbd6.40_L0.00_dL0.00_C0.00_Nr3.00_rates0_KOPv_KMOLv.dat 
0.0000e+00 2.8956 3.6205 0.52500 0.49683 0.5072 1.9707e+01 1 1.6218e-08 3.6205 7.379000e-01 2.601220e-01 1.321149e-03 -0.0879 
2.3810e+05 3.0149 3.6157 0.51734 0.49807 0.5072 2.5593e+01 1 5.5081e-08 3.6157 7.379000e-01 2.601220e-01 1.321149e-03 -0.0867 
5.1768e+05 3.0422 3.6354 0.50539 0.49985 0.5072 2.3574e+01 1 7.0307e-08 3.6354 7.379000e-01 2.601220e-01 1.321149e-03 999.0000 
 0.5300 4 # agb_0.530_Z0.00200000_Mdot2_eta0.40_Mc0.00_dMc0.00_Tbd6.40_L0.00_dL0.00_C0.00_Nr3.00_rates0_KOPv_KMOLv.dat 
0.0000e+00 2.8617 3.6216 0.53000 0.49686 0.4951 1.8292e+01 1 1.1298e-08 3.6216 7.379000e-01 2.602050e-01 1.322474e-03 -0.0880 
2.3799e+05 2.9825 3.6136 0.52449 0.49801 0.4951 2.4317e+01 1 3.8905e-08 3.6136 7.379000e-01 2.602050e-01 1.322474e-03 -0.0870 
5.1768e+05 2.9999 3.6199 0.51600 0.49964 0.4951 2.4173e+01 1 4.6989e-08 3.6199 7.379000e-01 2.602050e-01 1.322474e-03 -0.0866 
7.8560e+05 3.0537 3.6355 0.50654 0.50126 0.4951 2.4024e+01 1 7.7983e-08 3.6355 7.379000e-01 2.602050e-01 1.322474e-03 999.0000 
 0.5500 6 # agb_0.550_Z0.00200000_Mdot2_eta0.40_Mc0.00_dMc0.00_Tbd6.40_L0.00_dL0.00_C0.00_Nr3.00_rates0_KOPv_KMOLv.dat 
0.0000e+00 2.9001 3.6132 0.55000 0.49903 0.4123 2.0470e+01 1 1.5171e-08 3.6132 7.374000e-01 2.605960e-01 1.331028e-03 -0.0892 
1.5415e+05 3.0095 3.6042 0.54776 0.49954 0.4123 2.6777e+01 1 4.6132e-08 3.6042 7.374000e-01 2.605960e-01 1.331028e-03 -0.0892 
2.3887e+05 2.9833 3.6080 0.54339 0.50030 0.4123 2.4925e+01 1 3.6058e-08 3.6080 7.374000e-01 2.605960e-01 1.331028e-03 -0.0893 
5.1079e+05 3.0163 3.6089 0.53349 0.50201 0.4123 2.6538e+01 1 5.2240e-08 3.6089 7.374000e-01 2.605960e-01 1.331028e-03 -0.0893 
8.1927e+05 3.0497 3.6203 0.51713 0.50436 0.4123 2.6374e+01 1 7.5509e-08 3.6203 7.374000e-01 2.605960e-01 1.331028e-03 -0.0880 
1.0076e+06 3.0752 3.6335 0.51079 0.50524 0.4123 2.5242e+01 1 9.4406e-08 3.6335 7.374000e-01 2.605960e-01 1.331028e-03 999.0000 
 0.5600 6 # agb_0.560_Z0.00200000_Mdot2_eta0.40_Mc0.00_dMc0.00_Tbd6.40_L0.00_dL0.00_C0.00_Nr3.00_rates0_KOPv_KMOLv.dat 
0.0000e+00 2.9325 3.6091 0.56000 0.50103 0.4060 2.2184e+01 1 1.9999e-08 3.6091 7.373000e-01 2.607080e-01 1.331672e-03 -0.0891 
2.3043e+05 3.0300 3.6025 0.55180 0.50235 0.4060 2.8043e+01 1 5.5335e-08 3.6025 7.373000e-01 2.607080e-01 1.331672e-03 -0.0891 
4.2063e+05 3.0706 3.6003 0.54615 0.50328 0.4060 3.0845e+01 1 8.5507e-08 3.6003 7.373000e-01 2.607080e-01 1.331672e-03 -0.0903 
5.0326e+05 3.0465 3.6054 0.53856 0.50425 0.4060 2.8642e+01 1 6.9183e-08 3.6054 7.373000e-01 2.607080e-01 1.331672e-03 -0.0903 
8.0769e+05 3.0845 3.6219 0.51688 0.50679 0.4060 2.7784e+01 1 1.0495e-07 3.6219 7.373000e-01 2.607080e-01 1.331672e-03 -0.0880 
9.5077e+05 3.0477 3.6375 0.51239 0.50729 0.4060 2.3277e+01 1 7.0469e-08 3.6375 7.373000e-01 2.607080e-01 1.331672e-03 999.0000 
 0.5700 6 # agb_0.570_Z0.00200000_Mdot2_eta0.40_Mc0.00_dMc0.00_Tbd6.40_L0.00_dL0.00_C0.00_Nr3.00_rates0_KOPv_KMOLv.dat 
0.0000e+00 2.9484 3.6067 0.57000 0.50268 0.4046 2.3041e+01 1 2.2336e-08 3.6067 7.373000e-01 2.607310e-01 1.331848e-03 -0.0899 
1.5280e+05 3.0605 3.5971 0.56651 0.50330 0.4046 3.0428e+01 1 7.0307e-08 3.5971 7.373000e-01 2.607310e-01 1.331848e-03 -0.0899 
2.2544e+05 3.0519 3.5991 0.56087 0.50404 0.4046 2.9667e+01 1 6.6069e-08 3.5991 7.373000e-01 2.607310e-01 1.331848e-03 -0.0908 
4.9293e+05 3.0783 3.6010 0.54541 0.50602 0.4046 3.1144e+01 1 9.2257e-08 3.6010 7.373000e-01 2.607310e-01 1.331848e-03 -0.0908 
7.9928e+05 3.1052 3.6222 0.51805 0.50879 0.4046 2.8762e+01 1 1.2735e-07 3.6222 7.373000e-01 2.607310e-01 1.331848e-03 -0.0890 
9.1139e+05 3.0065 3.6410 0.51415 0.50906 0.4046 2.1004e+01 1 4.6026e-08 3.6410 7.373000e-01 2.607310e-01 1.331848e-03 999.0000 
 0.5800 6 # agb_0.580_Z0.00200000_Mdot2_eta0.40_Mc0.00_dMc0.00_Tbd6.40_L0.00_dL0.00_C0.00_Nr3.00_rates0_KOPv_KMOLv.dat 
0.0000e+00 2.9542 3.6053 0.58000 0.50417 0.4064 2.3301e+01 1 2.2491e-08 3.6053 7.373000e-01 2.607510e-01 1.331769e-03 -0.0903 
2.2048e+05 3.0622 3.5969 0.57105 0.50551 0.4064 3.0440e+01 1 6.9823e-08 3.5969 7.373000e-01 2.607510e-01 1.331769e-03 -0.0903 
4.1583e+05 3.0997 3.5949 0.56333 0.50663 0.4064 3.3317e+01 1 1.0568e-07 3.5949 7.373000e-01 2.607510e-01 1.331769e-03 -0.0916 
4.8599e+05 3.0830 3.5986 0.55550 0.50752 0.4064 3.1684e+01 1 9.2257e-08 3.5986 7.373000e-01 2.607510e-01 1.331769e-03 -0.0916 
7.8826e+05 3.1074 3.6106 0.52841 0.51029 0.4064 3.1135e+01 1 1.2912e-07 3.6106 7.373000e-01 2.607510e-01 1.331769e-03 -0.0898 
9.6914e+05 3.1348 3.6314 0.51654 0.51135 0.4064 2.8425e+01 1 1.6406e-07 3.6314 7.373000e-01 2.607510e-01 1.331769e-03 999.0000 
 0.5900 5 # agb_0.590_Z0.00200000_Mdot2_eta0.40_Mc0.00_dMc0.00_Tbd6.40_L0.00_dL0.00_C0.00_Nr3.00_rates0_KOPv_KMOLv.dat 
0.0000e+00 3.0380 3.5972 0.59000 0.50666 0.4040 2.8581e+01 1 4.9888e-08 3.5972 7.371000e-01 2.608630e-01 1.331884e-03 -0.0918 
2.1984e+05 3.1225 3.5920 0.57104 0.50833 0.4040 3.5248e+01 1 1.2794e-07 3.5920 7.371000e-01 2.608630e-01 1.331884e-03 -0.0918 
3.8651e+05 3.1708 3.5900 0.55983 0.50935 0.4040 7.9360e+01 0 2.1878e-07 3.5900 7.371000e-01 2.608630e-01 1.331884e-03 -0.0920 
4.8282e+05 3.1581 3.6021 0.53465 0.51084 0.4040 7.2196e+01 0 2.1135e-07 3.6021 7.371000e-01 2.608630e-01 1.331884e-03 -0.0920 
6.5849e+05 3.1950 3.6263 0.51747 0.51205 0.4040 3.2910e+01 1 2.9854e-07 3.6263 7.371000e-01 2.608630e-01 1.331884e-03 999.0000 
 0.6000 7 # agb_0.600_Z0.00200000_Mdot2_eta0.40_Mc0.00_dMc0.00_Tbd6.40_L0.00_dL0.00_C0.00_Nr3.00_rates0_KOPv_KMOLv.dat 
0.0000e+00 2.8709 3.6124 0.60000 0.50779 0.4199 1.8678e+01 1 8.7700e-09 3.6124 7.374000e-01 2.607200e-01 1.330160e-03 -0.0886 
2.1614e+05 2.9642 3.6041 0.59623 0.50890 0.4199 2.3609e+01 1 2.2909e-08 3.6041 7.374000e-01 2.607200e-01 1.330160e-03 -0.0926 
4.6073e+05 2.9962 3.6019 0.59076 0.51036 0.4199 2.5565e+01 1 3.2434e-08 3.6019 7.374000e-01 2.607200e-01 1.330160e-03 -0.0924 
7.3665e+05 3.0280 3.6005 0.58182 0.51232 0.4199 2.7587e+01 1 4.6559e-08 3.6005 7.374000e-01 2.607200e-01 1.330160e-03 -0.0900 
1.0441e+06 3.0506 3.6020 0.56629 0.51492 0.4199 2.8849e+01 1 6.2517e-08 3.6020 7.374000e-01 2.607200e-01 1.330160e-03 -0.0898 
1.3634e+06 3.0868 3.6109 0.53955 0.51800 0.4199 2.9594e+01 1 9.8855e-08 3.6109 7.374000e-01 2.607200e-01 1.330160e-03 -0.0861 
1.4967e+06 3.0641 3.6364 0.52402 0.51852 0.4199 2.3900e+01 1 7.7268e-08 3.6364 7.374000e-01 2.607200e-01 1.330160e-03 999.0000 
 0.6200 6 # agb_0.62_Z0.00200000_Mdot2_eta0.40_Mc0.00_dMc0.00_Tbd6.40_L0.00_dL0.00_C0.00_Nr3.00_rates0_KOPv_KMOLv.dat 
0.0000e+00 3.0244 3.5976 0.62000 0.51058 0.4259 2.7100e+01 1 3.7411e-08 3.5976 7.373000e-01 2.606670e-01 1.329581e-03 -0.0914 
2.0871e+05 3.1174 3.5898 0.60661 0.51213 0.4259 3.4418e+01 1 1.0209e-07 3.5898 7.373000e-01 2.606670e-01 1.329581e-03 -0.0914 
3.9301e+05 3.1643 3.5864 0.59441 0.51343 0.4259 7.6526e+01 0 1.7338e-07 3.5864 7.373000e-01 2.606670e-01 1.329581e-03 -0.0932 
4.5987e+05 3.1469 3.5899 0.58205 0.51444 0.4259 7.2771e+01 0 1.5417e-07 3.5899 7.373000e-01 2.606670e-01 1.329581e-03 -0.0932 
7.4874e+05 3.1796 3.6077 0.53364 0.51771 0.4259 7.2141e+01 0 2.5468e-07 3.6077 7.373000e-01 2.606670e-01 1.329581e-03 -0.0915 
8.5541e+05 3.0907 3.6356 0.52319 0.51809 0.4259 2.5257e+01 1 1.0093e-07 3.6356 7.373000e-01 2.606670e-01 1.329581e-03 999.0000 
 0.6600 5 # agb_0.66_Z0.00200000_Mdot2_eta0.40_Mc0.00_dMc0.00_Tbd6.40_L0.00_dL0.00_C0.00_Nr3.00_rates0_KOPv_KMOLv.dat 
0.0000e+00 3.0715 3.5932 0.66000 0.51477 0.4398 2.9549e+01 1 4.9545e-08 3.5932 7.374000e-01 2.605520e-01 1.328049e-03 -0.0923 
2.0083e+05 3.1529 3.5857 0.64413 0.51643 0.4398 3.6708e+01 1 1.2162e-07 3.5857 7.374000e-01 2.605520e-01 1.328049e-03 -0.0920 
4.4328e+05 3.1906 3.5838 0.61267 0.51897 0.4398 8.0864e+01 0 2.0654e-07 3.5838 7.374000e-01 2.605520e-01 1.328049e-03 -0.0941 
7.2399e+05 3.2246 3.5987 0.54546 0.52261 0.4398 8.4822e+01 0 3.8371e-07 3.5987 7.374000e-01 2.605520e-01 1.328049e-03 -0.0917 
8.3231e+05 3.1532 3.6325 0.52811 0.52311 0.4398 2.8844e+01 1 1.8197e-07 3.6325 7.374000e-01 2.605520e-01 1.328049e-03 999.0000 
 0.6800 5 # agb_0.68_Z0.00200000_Mdot2_eta0.40_Mc0.00_dMc0.00_Tbd6.40_L0.00_dL0.00_C0.00_Nr3.00_rates0_KOPv_KMOLv.dat 
0.0000e+00 3.0464 3.5961 0.68000 0.51663 0.4516 2.7228e+01 1 3.4995e-08 3.5961 7.376000e-01 2.604010e-01 1.326742e-03 -0.0910 
1.9540e+05 3.1302 3.5880 0.66932 0.51814 0.4516 3.3935e+01 1 8.5901e-08 3.5880 7.376000e-01 2.604010e-01 1.326742e-03 -0.0910 
4.3109e+05 3.1634 3.5852 0.64929 0.52043 0.4516 3.7392e+01 1 1.3152e-07 3.5852 7.376000e-01 2.604010e-01 1.326742e-03 -0.0928 
7.0265e+05 3.1978 3.5844 0.60909 0.52369 0.4516 8.2175e+01 0 2.2491e-07 3.5844 7.376000e-01 2.604010e-01 1.326742e-03 -0.0939 
9.7441e+05 3.2583 3.6262 0.53242 0.52741 0.4516 7.3060e+01 0 5.0466e-07 3.6262 7.376000e-01 2.604010e-01 1.326742e-03 999.0000 
 0.7000 5 # agb_0.70_Z0.00200000_Mdot2_eta0.40_Mc0.00_dMc0.00_Tbd6.40_L0.00_dL0.00_C0.00_Nr3.00_rates0_KOPv_KMOLv.dat 
0.0000e+00 3.0908 3.5922 0.70000 0.51784 0.4540 2.9927e+01 1 5.0003e-08 3.5922 7.376000e-01 2.604250e-01 1.326490e-03 -0.0922 
1.9708e+05 3.1640 3.5849 0.68369 0.51959 0.4540 3.6548e+01 1 1.1298e-07 3.5849 7.376000e-01 2.604250e-01 1.326490e-03 -0.0911 
4.3156e+05 3.2084 3.5810 0.65236 0.52221 0.4540 4.1757e+01 1 2.0417e-07 3.5810 7.376000e-01 2.604250e-01 1.326490e-03 -0.0942 
7.0415e+05 3.2470 3.5839 0.58361 0.52598 0.4540 9.5780e+01 0 4.1400e-07 3.5839 7.376000e-01 2.604250e-01 1.326490e-03 -0.0946 
8.7554e+05 3.2842 3.6232 0.53315 0.52778 0.4540 7.9477e+01 0 6.5464e-07 3.6232 7.376000e-01 2.604250e-01 1.326490e-03 999.0000 
 0.7200 5 # agb_0.72_Z0.00200000_Mdot2_eta0.40_Mc0.00_dMc0.00_Tbd6.40_L0.00_dL0.00_C0.00_Nr3.00_rates0_KOPv_KMOLv.dat 
0.0000e+00 3.1191 3.5902 0.72000 0.51994 0.4584 3.1534e+01 1 6.0814e-08 3.5902 7.376000e-01 2.604520e-01 1.325991e-03 -0.0927 
1.9138e+05 3.1982 3.5820 0.70102 0.52176 0.4584 3.9223e+01 1 1.4723e-07 3.5820 7.376000e-01 2.604520e-01 1.325991e-03 -0.0928 
4.2413e+05 3.2369 3.5784 0.66239 0.52457 0.4584 8.7704e+01 0 2.6002e-07 3.5784 7.376000e-01 2.604520e-01 1.325991e-03 -0.0949 
6.9389e+05 3.2763 3.5855 0.57107 0.52864 0.4584 1.0278e+02 0 5.8345e-07 3.5855 7.376000e-01 2.604520e-01 1.325991e-03 -0.0953 
8.2033e+05 3.2617 3.6257 0.53481 0.52964 0.4584 7.3708e+01 0 5.1642e-07 3.6257 7.376000e-01 2.604520e-01 1.325991e-03 999.0000 
 0.7500 6 # agb_0.75_Z0.00200000_Mdot2_eta0.40_Mc0.00_dMc0.00_Tbd6.40_L0.00_dL0.00_C0.00_Nr3.00_rates0_KOPv_KMOLv.dat 
0.0000e+00 3.0624 3.5963 0.75000 0.52193 0.4691 2.6626e+01 1 3.0130e-08 3.5963 7.377000e-01 2.603000e-01 1.324759e-03 -0.0908 
1.8952e+05 3.1192 3.5908 0.74132 0.52348 0.4691 3.0938e+01 1 5.5463e-08 3.5908 7.377000e-01 2.603000e-01 1.324759e-03 -0.0899 
4.1171e+05 3.1607 3.5867 0.72572 0.52572 0.4691 3.4778e+01 1 9.0157e-08 3.5867 7.377000e-01 2.603000e-01 1.324759e-03 -0.0925 
6.6424e+05 3.2092 3.5817 0.69575 0.52884 0.4691 4.0263e+01 1 1.6827e-07 3.5817 7.377000e-01 2.603000e-01 1.324759e-03 -0.0925 
9.4314e+05 3.2463 3.5801 0.63196 0.53300 0.4691 9.2047e+01 0 3.2659e-07 3.5801 7.377000e-01 2.603000e-01 1.324759e-03 -0.0959 
1.1546e+06 3.3046 3.6225 0.54151 0.53602 0.4691 8.2525e+01 0 7.6208e-07 3.6225 7.377000e-01 2.603000e-01 1.324759e-03 999.0000 
 0.7600 4 # agb_0.76_Z0.00200000_Mdot2_eta0.40_Mc0.00_dMc0.00_Tbd6.40_L0.00_dL0.00_C0.00_Nr3.00_rates0_KOPv_KMOLv.dat 
0.0000e+00 3.2112 3.5824 0.76000 0.52346 0.4646 3.8451e+01 1 1.3002e-07 3.5824 7.376000e-01 2.603910e-01 1.325408e-03 -0.0950 
1.8646e+05 3.2787 3.5746 0.72125 0.52569 0.4646 4.7288e+01 1 3.0409e-07 3.5746 7.376000e-01 2.603910e-01 1.325408e-03 -0.0944 
4.1674e+05 3.3231 3.5719 0.62743 0.52925 0.4646 1.1833e+02 0 7.2946e-07 3.5719 7.376000e-01 2.603910e-01 1.325408e-03 -0.0981 
5.8642e+05 3.3727 3.6201 0.53662 0.53158 0.4646 9.8945e+01 0 1.5311e-06 3.6201 7.376000e-01 2.603910e-01 1.325408e-03 999.0000 
 0.7800 4 # agb_0.78_Z0.00200000_Mdot2_eta0.40_Mc0.00_dMc0.00_Tbd6.40_L0.00_dL0.00_C0.00_Nr3.00_rates0_KOPv_KMOLv.dat 
0.0000e+00 3.2017 3.5841 0.78000 0.52515 0.4695 3.6816e+01 1 1.0864e-07 3.5841 7.375000e-01 2.605170e-01 1.325197e-03 -0.0944 
1.8301e+05 3.2670 3.5768 0.74955 0.52727 0.4695 4.4675e+01 1 2.3878e-07 3.5768 7.375000e-01 2.605170e-01 1.325197e-03 -0.0947 
4.0805e+05 3.3149 3.5714 0.67801 0.53068 0.4695 1.0888e+02 0 5.3088e-07 3.5714 7.375000e-01 2.605170e-01 1.325197e-03 -0.0968 
6.2298e+05 3.3799 3.6181 0.53980 0.53432 0.4695 1.0184e+02 0 1.6293e-06 3.6181 7.375000e-01 2.605170e-01 1.325197e-03 999.0000 
 0.8000 6 # agb_0.80_Z0.00200000_Mdot2_eta0.40_Mc0.00_dMc0.00_Tbd6.40_L0.00_dL0.00_C0.00_Nr3.00_rates0_KOPv_KMOLv.dat 
0.0000e+00 3.0864 3.5957 0.80000 0.52342 0.4752 2.7039e+01 1 3.1189e-08 3.5957 7.375000e-01 2.605390e-01 1.325214e-03 -0.0908 
1.8122e+05 3.1715 3.5874 0.79115 0.52499 0.4752 3.3759e+01 1 7.6384e-08 3.5874 7.375000e-01 2.605390e-01 1.325214e-03 -0.0902 
4.0059e+05 3.2056 3.5838 0.77531 0.52734 0.4752 3.7275e+01 1 1.1508e-07 3.5838 7.375000e-01 2.605390e-01 1.325214e-03 -0.0914 
6.5929e+05 3.2333 3.5805 0.74311 0.53083 0.4752 4.1063e+01 1 1.7418e-07 3.5805 7.375000e-01 2.605390e-01 1.325214e-03 -0.0942 
9.3495e+05 3.2738 3.5764 0.67615 0.53528 0.4752 9.5219e+01 0 3.5156e-07 3.5764 7.375000e-01 2.605390e-01 1.325214e-03 -0.0969 
1.1754e+06 3.3373 3.6209 0.54493 0.53942 0.4752 8.9502e+01 0 1.0328e-06 3.6209 7.375000e-01 2.605390e-01 1.325214e-03 999.0000 
 0.8500 7 # agb_0.85_Z0.00200000_Mdot2_eta0.40_Mc0.00_dMc0.00_Tbd6.40_L0.00_dL0.00_C0.00_Nr3.00_rates0_KOPv_KMOLv.dat 
0.0000e+00 3.0771 3.5988 0.85000 0.52657 0.4744 2.5195e+01 1 2.3281e-08 3.5988 7.335000e-01 2.645020e-01 1.336877e-03 -0.0895 
1.7809e+05 3.1437 3.5925 0.84361 0.52808 0.4744 2.9913e+01 1 4.6774e-08 3.5925 7.335000e-01 2.645020e-01 1.336877e-03 -0.0902 
3.8937e+05 3.1827 3.5885 0.83235 0.53030 0.4744 3.3326e+01 1 7.2444e-08 3.5885 7.335000e-01 2.645020e-01 1.336877e-03 -0.0904 
6.3512e+05 3.2159 3.5848 0.81074 0.53350 0.4744 3.6874e+01 1 1.1015e-07 3.5848 7.335000e-01 2.645020e-01 1.336877e-03 -0.0945 
8.9619e+05 3.2668 3.5787 0.76888 0.53757 0.4744 4.3480e+01 1 2.1827e-07 3.5787 7.335000e-01 2.645020e-01 1.336877e-03 -0.0952 
1.1690e+06 3.3077 3.5742 0.67643 0.54257 0.4744 1.0470e+02 0 4.9204e-07 3.5742 7.335000e-01 2.645020e-01 1.336877e-03 -0.0998 
1.3497e+06 3.3637 3.6207 0.55097 0.54555 0.4744 9.4185e+01 0 1.2912e-06 3.6207 7.335000e-01 2.645020e-01 1.336877e-03 999.0000 
 0.9000 6 # agb_0.90_Z0.00200000_Mdot2_eta0.40_Mc0.00_dMc0.00_Tbd6.40_L0.00_dL0.00_C0.00_Nr3.00_rates0_KOPv_KMOLv.dat 
0.0000e+00 3.1522 3.5942 0.90000 0.52954 0.4605 2.9032e+01 1 4.1210e-08 3.5942 7.291000e-01 2.689750e-01 1.349870e-03 -0.0908 
1.7368e+05 3.2198 3.5874 0.88907 0.53136 0.4605 3.4748e+01 1 8.4723e-08 3.5874 7.291000e-01 2.689750e-01 1.349870e-03 -0.0899 
3.8089e+05 3.2693 3.5820 0.86899 0.53408 0.4605 4.0038e+01 1 1.5066e-07 3.5820 7.291000e-01 2.689750e-01 1.349870e-03 -0.0929 
6.2639e+05 3.3084 3.5766 0.82579 0.53816 0.4605 4.5924e+01 1 2.6424e-07 3.5766 7.291000e-01 2.689750e-01 1.349870e-03 -0.0948 
8.8920e+05 3.3494 3.5702 0.72830 0.54343 0.4605 1.1143e+02 0 5.9704e-07 3.5702 7.291000e-01 2.689750e-01 1.349870e-03 -0.0981 
1.0863e+06 3.4119 3.6182 0.55290 0.54735 0.4605 1.0694e+02 0 2.0606e-06 3.6182 7.291000e-01 2.689750e-01 1.349870e-03 999.0000 
 0.9500 6 # agb_0.95_Z0.00200000_Mdot2_eta0.40_Mc0.00_dMc0.00_Tbd6.40_L0.00_dL0.00_C0.00_Nr3.00_rates0_KOPv_KMOLv.dat 
0.0000e+00 3.1921 3.5928 0.95000 0.53232 0.4475 3.0695e+01 1 5.1523e-08 3.5928 7.275000e-01 2.704630e-01 1.351971e-03 -0.0912 
1.6888e+05 3.2536 3.5866 0.93754 0.53426 0.4475 3.6210e+01 1 1.0023e-07 3.5866 7.275000e-01 2.704630e-01 1.351971e-03 -0.0905 
3.7200e+05 3.3062 3.5806 0.91369 0.53722 0.4475 4.2206e+01 1 1.8535e-07 3.5806 7.275000e-01 2.704630e-01 1.351971e-03 -0.0926 
6.1388e+05 3.3430 3.5749 0.86179 0.54170 0.4475 4.8476e+01 1 3.2584e-07 3.5749 7.275000e-01 2.704630e-01 1.351971e-03 -0.0948 
8.6958e+05 3.3879 3.5669 0.73762 0.54740 0.4475 1.2370e+02 0 8.4528e-07 3.5669 7.275000e-01 2.704630e-01 1.351971e-03 -0.0995 
1.0378e+06 3.4435 3.6176 0.55602 0.55079 0.4475 1.1475e+02 0 2.7542e-06 3.6176 7.275000e-01 2.704630e-01 1.351971e-03 999.0000 
 1.0000 6 # agb_1.00_Z0.00200000_Mdot2_eta0.40_Mc0.00_dMc0.00_Tbd6.40_L0.00_dL0.00_C0.00_Nr3.00_rates0_KOPv_KMOLv.dat 
0.0000e+00 3.1916 3.5952 1.00000 0.53443 0.4373 2.9355e+01 1 4.3251e-08 3.5952 7.258000e-01 2.721680e-01 1.356471e-03 -0.0901 
1.6153e+05 3.2658 3.5878 0.99014 0.53627 0.4373 3.5671e+01 1 9.4624e-08 3.5878 7.258000e-01 2.721680e-01 1.356471e-03 -0.0890 
3.6290e+05 3.3044 3.5835 0.97072 0.53921 0.4373 3.9920e+01 1 1.4894e-07 3.5835 7.258000e-01 2.721680e-01 1.356471e-03 -0.0918 
6.0080e+05 3.3374 3.5786 0.92958 0.54362 0.4373 4.4934e+01 1 2.3988e-07 3.5786 7.258000e-01 2.721680e-01 1.356471e-03 -0.0939 
8.4832e+05 3.3874 3.5702 0.84267 0.54912 0.4373 5.5075e+01 1 5.4828e-07 3.5702 7.258000e-01 2.721680e-01 1.356471e-03 -0.0978 
1.0930e+06 3.4390 3.6185 0.56064 0.55544 0.4373 1.1184e+02 0 2.5586e-06 3.6185 7.258000e-01 2.721680e-01 1.356471e-03 999.0000 
 1.0500 5 # agb_1.05_Z0.00200000_Mdot2_eta0.40_Mc0.00_dMc0.00_Tbd6.40_L0.00_dL0.00_C0.00_Nr3.00_rates0_KOPv_KMOLv.dat 
0.0000e+00 3.3269 3.5848 1.05000 0.53733 0.4179 3.9592e+01 1 1.4454e-07 3.5848 7.237000e-01 2.742660e-01 1.358554e-03 -0.0935 
1.5894e+05 3.3975 3.5764 1.01777 0.53989 0.4179 4.8669e+01 1 3.2734e-07 3.5764 7.237000e-01 2.742660e-01 1.358554e-03 -0.0929 
3.6665e+05 3.4312 3.5696 0.94123 0.54437 0.4179 5.6647e+01 1 5.9704e-07 3.5696 7.237000e-01 2.742660e-01 1.358554e-03 -0.0952 
6.0393e+05 3.4797 3.5576 0.69951 0.55086 0.4179 1.7301e+02 0 2.5293e-06 3.5576 7.237000e-01 2.742660e-01 1.358554e-03 -0.1011 
7.1428e+05 3.4763 3.6176 0.55774 0.55273 0.4179 1.2319e+02 0 3.7411e-06 3.6176 7.237000e-01 2.742660e-01 1.358554e-03 999.0000 
 1.1000 6 # agb_1.10_Z0.00200000_Mdot2_eta0.40_Mc0.00_dMc0.00_Tbd6.40_L0.00_dL0.00_C0.00_Nr3.00_rates0_KOPv_KMOLv.dat 
0.0000e+00 3.2587 3.5935 1.10000 0.53987 0.4108 3.2014e+01 1 6.2087e-08 3.5935 7.236000e-01 2.744000e-01 1.359384e-03 -0.0904 
1.5404e+05 3.3222 3.5872 1.08740 0.54193 0.4108 3.7898e+01 1 1.2246e-07 3.5872 7.236000e-01 2.744000e-01 1.359384e-03 -0.0898 
3.4743e+05 3.3669 3.5817 1.06101 0.54534 0.4108 4.3333e+01 1 2.0893e-07 3.5817 7.236000e-01 2.744000e-01 1.359384e-03 -0.0918 
5.7320e+05 3.4093 3.5752 1.00477 0.55037 0.4108 5.0502e+01 1 3.8371e-07 3.5752 7.236000e-01 2.744000e-01 1.359384e-03 -0.0956 
8.1106e+05 3.4544 3.5650 0.87157 0.55677 0.4108 1.2553e+02 0 9.6605e-07 3.5650 7.236000e-01 2.744000e-01 1.359384e-03 -0.1006 
9.8970e+05 3.5177 3.6169 0.56667 0.56165 0.4108 1.3409e+02 0 5.3456e-06 3.6169 7.236000e-01 2.744000e-01 1.359384e-03 999.0000 
 1.1500 4 # agb_1.15_Z0.00200000_Mdot2_eta0.40_Mc0.00_dMc0.00_Tbd6.40_L0.00_dL0.00_C0.00_Nr3.00_rates0_KOPv_KMOLv.dat 
0.0000e+00 3.4394 3.5783 1.15000 0.54604 0.4043 4.8687e+01 1 3.3343e-07 3.5783 7.240000e-01 2.739560e-01 1.360007e-03 -0.0965 
1.4712e+05 3.4976 3.5694 1.08180 0.54918 0.4043 5.9668e+01 1 7.3621e-07 3.5694 7.240000e-01 2.739560e-01 1.360007e-03 -0.0951 
3.4161e+05 3.5410 3.5549 0.87107 0.55483 0.4043 1.6675e+02 0 2.3442e-06 3.5549 7.240000e-01 2.739560e-01 1.360007e-03 -0.0995 
4.7800e+05 3.5838 3.6144 0.56362 0.55846 0.4043 1.5967e+02 0 1.0399e-05 3.6144 7.240000e-01 2.739560e-01 1.360007e-03 999.0000 
 1.2000 8 # agb_1.20_Z0.00200000_Mdot2_eta0.40_Mc0.00_dMc0.00_Tbd6.40_L0.00_dL0.00_C0.00_Nr3.00_rates0_KOPv_KMOLv.dat 
0.0000e+00 3.2194 3.6012 1.20000 0.54273 0.3982 2.6936e+01 1 3.1333e-08 3.6012 7.240000e-01 2.739210e-01 1.360726e-03 -0.0876 
1.4807e+05 3.2874 3.5948 1.19348 0.54454 0.3982 3.2058e+01 1 6.3241e-08 3.5948 7.240000e-01 2.739210e-01 1.360726e-03 -0.0881 
3.3548e+05 3.3169 3.5917 1.18064 0.54750 0.3982 3.4810e+01 1 8.8308e-08 3.5917 7.240000e-01 2.739210e-01 1.360726e-03 -0.0885 
5.4505e+05 3.3717 3.5856 1.15653 0.55161 0.3982 4.0652e+01 1 1.6444e-07 3.5856 7.240000e-01 2.739210e-01 1.360726e-03 -0.0914 
7.7423e+05 3.4161 3.5795 1.10905 0.55708 0.3982 4.7136e+01 1 2.9648e-07 3.5795 7.240000e-01 2.739210e-01 1.360726e-03 -0.0934 
1.0030e+06 3.4624 3.5706 1.00873 0.56349 0.3982 5.7472e+01 1 6.4714e-07 3.5706 7.240000e-01 2.739210e-01 1.360726e-03 -0.0986 
1.2180e+06 3.5144 3.5573 0.70684 0.57041 0.3982 1.8577e+02 0 3.4277e-06 3.5573 7.240000e-01 2.739210e-01 1.360726e-03 -0.1066 
1.2771e+06 3.4339 3.6202 0.57662 0.57104 0.3982 1.0622e+02 0 2.2131e-06 3.6202 7.240000e-01 2.739210e-01 1.360726e-03 999.0000 
 1.2500 6 # agb_1.25_Z0.00200000_Mdot2_eta0.40_Mc0.00_dMc0.00_Tbd6.40_L0.00_dL0.00_C0.00_Nr3.00_rates0_KOPv_KMOLv.dat 
0.0000e+00 3.3413 3.5924 1.25000 0.54600 0.3860 3.5188e+01 1 9.3325e-08 3.5924 7.233000e-01 2.746670e-01 1.362059e-03 -0.0912 
1.4251e+05 3.4080 3.5852 1.23371 0.54833 0.3860 4.2169e+01 1 1.9143e-07 3.5852 7.233000e-01 2.746670e-01 1.362059e-03 -0.0903 
3.3021e+05 3.4442 3.5802 1.19689 0.55244 0.3860 4.7453e+01 1 3.0549e-07 3.5802 7.233000e-01 2.746670e-01 1.362059e-03 -0.0921 
5.4662e+05 3.4890 3.5723 1.11526 0.55849 0.3860 5.6594e+01 1 6.0814e-07 3.5723 7.233000e-01 2.746670e-01 1.362059e-03 -0.0957 
7.6784e+05 3.5351 3.5582 0.90680 0.56583 0.3860 1.5414e+02 0 1.9275e-06 3.5582 7.233000e-01 2.746670e-01 1.362059e-03 -0.1019 
8.9965e+05 3.5840 3.6159 0.57472 0.56966 0.3860 1.5483e+02 0 9.7499e-06 3.6159 7.233000e-01 2.746670e-01 1.362059e-03 999.0000 
 1.3000 5 # agb_1.30_Z0.00200000_Mdot2_eta0.40_Mc0.00_dMc0.00_Tbd6.40_L0.00_dL0.00_C0.00_Nr3.00_rates0_KOPv_KMOLv.dat 
0.0000e+00 3.3962 3.5890 1.30000 0.54711 0.3750 3.9083e+01 1 1.4289e-07 3.5890 7.223000e-01 2.756210e-01 1.363251e-03 -0.0920 
1.4228e+05 3.4595 3.5819 1.27505 0.54980 0.3750 4.6685e+01 1 2.8907e-07 3.5819 7.223000e-01 2.756210e-01 1.363251e-03 -0.0895 
3.3097e+05 3.4949 3.5762 1.21820 0.55459 0.3750 5.3177e+01 1 4.8195e-07 3.5762 7.223000e-01 2.756210e-01 1.363251e-03 -0.0932 
5.4705e+05 3.5397 3.5658 1.08485 0.56154 0.3750 6.6053e+01 1 1.1169e-06 3.5658 7.223000e-01 2.756210e-01 1.363251e-03 -0.0978 
7.5285e+05 3.5970 3.6147 0.57440 0.56913 0.3750 1.6119e+02 0 1.1117e-05 3.6147 7.223000e-01 2.756210e-01 1.363251e-03 999.0000 
 1.3500 7 # agb_1.35_Z0.00200000_Mdot2_eta0.40_Mc0.00_dMc0.00_Tbd6.40_L0.00_dL0.00_C0.00_Nr3.00_rates0_KOPv_KMOLv.dat 
0.0000e+00 3.3031 3.5997 1.35000 0.54739 0.3677 2.9899e+01 1 4.9204e-08 3.5997 7.224000e-01 2.755810e-01 1.364079e-03 -0.0880 
1.4498e+05 3.3532 3.5949 1.34035 0.54962 0.3677 3.4078e+01 1 8.3560e-08 3.5949 7.224000e-01 2.755810e-01 1.364079e-03 -0.0874 
3.1841e+05 3.4165 3.5881 1.32260 0.55302 0.3677 4.0477e+01 1 1.6558e-07 3.5881 7.224000e-01 2.755810e-01 1.364079e-03 -0.0889 
5.3219e+05 3.4499 3.5836 1.28421 0.55843 0.3677 4.5149e+01 1 2.5586e-07 3.5836 7.224000e-01 2.755810e-01 1.364079e-03 -0.0913 
7.4806e+05 3.5017 3.5756 1.21097 0.56412 0.4760 5.4250e+01 1 5.2602e-07 3.5756 7.215900e-01 2.763030e-01 1.450605e-03 -0.0959 
9.6280e+05 3.5527 3.5623 1.03498 0.57015 0.8244 7.1118e+01 1 1.4894e-06 3.5623 7.198643e-01 2.777560e-01 1.720503e-03 -0.0977 
1.1103e+06 3.6194 3.6101 0.57901 0.57382 1.4665 1.7536e+02 0 1.3772e-05 3.6101 7.175901e-01 2.795250e-01 2.219875e-03 999.0000 
 1.4000 6 # agb_1.40_Z0.00200000_Mdot2_eta0.40_Mc0.00_dMc0.00_Tbd6.40_L0.00_dL0.00_C0.00_Nr3.00_rates0_KOPv_KMOLv.dat 
0.0000e+00 3.3903 3.5934 1.40000 0.54662 0.3597 3.6061e+01 1 1.0520e-07 3.5934 7.225000e-01 2.754420e-01 1.364889e-03 -0.0908 
1.4346e+05 3.4490 3.5871 1.38172 0.54929 0.3597 4.2332e+01 1 1.9907e-07 3.5871 7.225000e-01 2.754420e-01 1.364889e-03 -0.0885 
3.2958e+05 3.4932 3.5814 1.34267 0.55391 0.3597 4.8538e+01 1 3.4198e-07 3.5814 7.225000e-01 2.754420e-01 1.364889e-03 -0.0909 
5.4653e+05 3.5338 3.5741 1.25945 0.56000 0.4290 5.6992e+01 1 6.3826e-07 3.5741 7.218017e-01 2.760820e-01 1.422092e-03 -0.0943 
7.6720e+05 3.5806 3.5600 1.05877 0.56651 0.6975 7.5200e+01 1 1.8365e-06 3.5600 7.200440e-01 2.776260e-01 1.633881e-03 -0.0985 
9.1482e+05 3.6422 3.6099 0.57528 0.57004 1.2958 1.8580e+02 0 1.7539e-05 3.6099 7.174980e-01 2.797010e-01 2.098550e-03 999.0000 
 1.4500 6 # agb_1.45_Z0.00200000_Mdot2_eta0.40_Mc0.00_dMc0.00_Tbd6.40_L0.00_dL0.00_C0.00_Nr3.00_rates0_KOPv_KMOLv.dat 
0.0000e+00 3.4290 3.5915 1.45000 0.54906 0.3539 3.8535e+01 1 1.3804e-07 3.5915 7.227000e-01 2.753090e-01 1.365593e-03 -0.0915 
1.4123e+05 3.4840 3.5854 1.42568 0.55198 0.3539 4.4975e+01 1 2.5527e-07 3.5854 7.227000e-01 2.753090e-01 1.365593e-03 -0.0895 
3.2510e+05 3.5312 3.5788 1.37213 0.55711 0.3539 5.2461e+01 1 4.6774e-07 3.5788 7.227000e-01 2.753090e-01 1.365593e-03 -0.0918 
5.3662e+05 3.5742 3.5698 1.25644 0.56366 0.4340 6.3391e+01 1 9.7051e-07 3.5698 7.219167e-01 2.760260e-01 1.431013e-03 -0.0964 
7.5090e+05 3.6194 3.5489 0.90465 0.57060 0.7558 2.0269e+02 0 4.5814e-06 3.5489 7.199482e-01 2.777410e-01 1.681189e-03 -0.0994 
8.4741e+05 3.6305 3.6086 0.57753 0.57209 1.4123 1.8253e+02 0 1.5560e-05 3.6086 7.173427e-01 2.798350e-01 2.185653e-03 999.0000 
 1.5000 7 # agb_1.50_Z0.00200000_Mdot2_eta0.40_Mc0.00_dMc0.00_Tbd6.40_L0.00_dL0.00_C0.00_Nr3.00_rates0_KOPv_KMOLv.dat 
0.0000e+00 3.3731 3.5984 1.50000 0.54604 0.3496 3.2521e+01 1 7.0307e-08 3.5984 7.229000e-01 2.750800e-01 1.365961e-03 -0.0888 
1.4371e+05 3.4337 3.5923 1.48759 0.54861 0.3496 3.8136e+01 1 1.3305e-07 3.5923 7.229000e-01 2.750800e-01 1.365961e-03 -0.0872 
3.3105e+05 3.4709 3.5880 1.46191 0.55306 0.3496 4.2532e+01 1 2.0559e-07 3.5880 7.229000e-01 2.750800e-01 1.365961e-03 -0.0886 
5.4444e+05 3.5185 3.5817 1.41267 0.55863 0.4137 4.9444e+01 1 3.7239e-07 3.5817 7.222492e-01 2.756780e-01 1.418845e-03 -0.0913 
7.6774e+05 3.5618 3.5729 1.31420 0.56459 0.6561 5.9211e+01 1 7.3790e-07 3.5729 7.206117e-01 2.771210e-01 1.610523e-03 -0.0941 
9.8574e+05 3.6123 3.5476 1.04958 0.57086 1.2236 1.7660e+02 0 2.7102e-06 3.5476 7.180952e-01 2.791910e-01 2.051425e-03 -0.1064 
1.1112e+06 3.6623 3.6087 0.57859 0.57355 2.0169 1.9556e+02 0 2.1038e-05 3.6087 7.155165e-01 2.811390e-01 2.674085e-03 999.0000 
 1.5500 10 # agb_1.55_Z0.00200000_Mdot2_eta0.40_Mc0.00_dMc0.00_Tbd6.40_L0.00_dL0.00_C0.00_Nr3.00_rates0_KOPv_KMOLv.dat 
0.0000e+00 3.2375 3.6117 1.55000 0.53795 0.3479 2.2627e+01 1 1.6069e-08 3.6117 7.231000e-01 2.748550e-01 1.365713e-03 -0.0858 
1.5114e+05 3.3092 3.6055 1.54698 0.53983 0.3479 2.7034e+01 1 3.3266e-08 3.6055 7.231000e-01 2.748550e-01 1.365713e-03 -0.0860 
3.4643e+05 3.3401 3.6027 1.54096 0.54301 0.3479 2.9266e+01 1 4.6026e-08 3.6027 7.231000e-01 2.748550e-01 1.365713e-03 -0.0860 
5.6534e+05 3.3900 3.5979 1.53032 0.54741 0.3479 3.3325e+01 1 7.7804e-08 3.5979 7.231000e-01 2.748550e-01 1.365713e-03 -0.0855 
7.9963e+05 3.4350 3.5931 1.51185 0.55217 0.4291 3.7688e+01 1 1.2764e-07 3.5931 7.224472e-01 2.754410e-01 1.431324e-03 -0.0864 
1.0455e+06 3.4715 3.5874 1.47756 0.55729 0.6854 4.2504e+01 1 2.0045e-07 3.5874 7.210369e-01 2.766490e-01 1.631588e-03 -0.0912 
1.2793e+06 3.5231 3.5746 1.41592 0.56222 1.2093 5.2464e+01 1 3.9994e-07 3.5746 7.189792e-01 2.782940e-01 2.039662e-03 -0.0999 
1.5077e+06 3.5745 3.5532 1.28324 0.56777 2.0116 7.0845e+01 1 9.8401e-07 3.5532 7.165079e-01 2.801200e-01 2.676852e-03 -0.1161 
1.7241e+06 3.6290 3.5102 0.74898 0.57476 2.8785 3.4689e+02 0 1.0789e-05 3.5102 7.142137e-01 2.816980e-01 3.383879e-03 -0.1353 
1.7842e+06 3.5301 3.6067 0.58079 0.57570 2.8785 1.4765e+02 0 5.8479e-06 3.6067 7.142137e-01 2.816980e-01 3.383879e-03 999.0000 
 1.6000 11 # agb_1.60_Z0.00200000_Mdot2_eta0.40_Mc0.00_dMc0.00_Tbd6.40_L0.00_dL0.00_C0.00_Nr3.00_rates0_KOPv_KMOLv.dat 
0.0000e+00 3.2124 3.6153 1.60000 0.53270 0.3469 2.0714e+01 1 1.1246e-08 3.6153 7.229000e-01 2.750310e-01 1.365166e-03 -0.0856 
1.6583e+05 3.2492 3.6121 1.59785 0.53462 0.3469 2.2697e+01 1 1.6368e-08 3.6121 7.229000e-01 2.750310e-01 1.365166e-03 -0.0854 
3.6074e+05 3.3130 3.6066 1.59405 0.53747 0.3469 2.6590e+01 1 3.1333e-08 3.6066 7.229000e-01 2.750310e-01 1.365166e-03 -0.0856 
5.8848e+05 3.3611 3.6022 1.58711 0.54162 0.3469 3.0052e+01 1 5.1523e-08 3.6022 7.229000e-01 2.750310e-01 1.365166e-03 -0.0854 
8.3550e+05 3.4025 3.5981 1.57507 0.54615 0.4203 3.3534e+01 1 8.0353e-08 3.5981 7.222958e-01 2.755760e-01 1.424498e-03 -0.0858 
1.0934e+06 3.4393 3.5930 1.55396 0.55089 0.6499 3.7487e+01 1 1.2218e-07 3.5930 7.209839e-01 2.767060e-01 1.604162e-03 -0.0877 
1.3420e+06 3.4887 3.5830 1.51831 0.55542 1.1238 4.4689e+01 1 2.2182e-07 3.5830 7.190539e-01 2.782630e-01 1.972544e-03 -0.0960 
1.5883e+06 3.5364 3.5669 1.45039 0.56045 1.8761 5.6188e+01 1 4.3752e-07 3.5669 7.166759e-01 2.800390e-01 2.567757e-03 -0.1109 
1.8245e+06 3.5856 3.5469 1.30718 0.56640 2.7990 7.5028e+01 1 1.0641e-06 3.5469 7.141936e-01 2.817600e-01 3.319026e-03 -0.1208 
2.0432e+06 3.6383 3.5038 0.71980 0.57406 3.5596 3.8850e+02 0 1.0765e-05 3.5038 7.123363e-01 2.829720e-01 3.954307e-03 -0.1393 
2.0963e+06 3.4992 3.6045 0.58001 0.57474 3.5596 1.4075e+02 0 4.3954e-06 3.6045 7.123363e-01 2.829720e-01 3.954307e-03 999.0000 
 1.6500 18 # agb_1.65_Z0.00200000_Mdot2_eta0.40_Mc0.00_dMc0.00_Tbd6.40_L0.00_dL0.00_C0.00_Nr3.00_rates0_KOPv_KMOLv.dat 
0.0000e+00 3.0054 3.6337 1.65000 0.49531 0.3506 1.2203e+01 1 1.2677e-09 3.6337 7.231000e-01 2.749150e-01 1.364897e-03 -0.0827 
2.3414e+05 3.0547 3.6294 1.64972 0.49667 0.3506 1.3780e+01 1 2.0845e-09 3.6294 7.231000e-01 2.749150e-01 1.364897e-03 -0.0797 
5.0753e+05 3.0913 3.6263 1.64929 0.49858 0.3506 1.5081e+01 1 3.0200e-09 3.6263 7.231000e-01 2.749150e-01 1.364897e-03 -0.0804 
8.1881e+05 3.1287 3.6231 1.64860 0.50122 0.3506 1.6535e+01 1 4.4055e-09 3.6231 7.231000e-01 2.749150e-01 1.364897e-03 -0.0804 
1.1661e+06 3.1552 3.6209 1.64752 0.50475 0.3506 1.7645e+01 1 5.7544e-09 3.6209 7.231000e-01 2.749150e-01 1.364897e-03 -0.0811 
1.5323e+06 3.1745 3.6193 1.64586 0.50910 0.3506 1.8504e+01 1 7.0146e-09 3.6193 7.231000e-01 2.749150e-01 1.364897e-03 -0.0824 
1.8795e+06 3.2191 3.6155 1.64355 0.51363 0.3506 2.0648e+01 1 1.1015e-08 3.6155 7.231000e-01 2.749150e-01 1.364897e-03 -0.0827 
2.2147e+06 3.2616 3.6119 1.64023 0.51752 0.5092 2.2944e+01 1 1.7022e-08 3.6119 7.224621e-01 2.754320e-01 1.484356e-03 -0.0854 
2.5525e+06 3.2993 3.6063 1.63510 0.52130 0.8875 2.5648e+01 1 2.5351e-08 3.6063 7.212906e-01 2.763150e-01 1.770912e-03 -0.0865 
2.8984e+06 3.3307 3.5979 1.62665 0.52541 1.5052 2.8980e+01 1 3.6308e-08 3.5979 7.196934e-01 2.774260e-01 2.253336e-03 -0.0933 
3.2236e+06 3.3754 3.5878 1.61444 0.52925 2.3282 3.3978e+01 1 5.9979e-08 3.5878 7.177890e-01 2.786520e-01 2.925404e-03 -0.1010 
3.5364e+06 3.4218 3.5776 1.59621 0.53348 3.2382 4.0091e+01 1 1.0209e-07 3.5776 7.158045e-01 2.798490e-01 3.704864e-03 -0.1066 
3.8479e+06 3.4570 3.5681 1.56609 0.53883 4.1693 4.6289e+01 1 1.5885e-07 3.5681 7.138240e-01 2.809850e-01 4.538691e-03 -0.1119 
4.1347e+06 3.4968 3.5614 1.52034 0.54432 5.1469 5.3109e+01 1 2.6424e-07 3.5614 7.117385e-01 2.821420e-01 5.452537e-03 -0.1150 
4.4057e+06 3.5354 3.5442 1.44278 0.55041 6.1137 6.6410e+01 1 4.8865e-07 3.5442 7.096159e-01 2.833030e-01 6.394686e-03 -0.1251 
4.6578e+06 3.5790 3.5291 1.29663 0.55718 7.0183 8.4786e+01 1 1.1117e-06 3.5291 7.075417e-01 2.844370e-01 7.310360e-03 -0.1320 
4.8925e+06 3.6220 3.4759 0.77209 0.56522 7.7449 4.5134e+02 0 7.2611e-06 3.4759 7.057961e-01 2.853990e-01 8.069363e-03 -0.1512 
4.9717e+06 3.5510 3.5918 0.57191 0.56678 7.7449 1.7916e+02 0 8.0353e-06 3.5918 7.057961e-01 2.853990e-01 8.069363e-03 999.0000 
 1.7000 14 # agb_1.70_Z0.00200000_Mdot2_eta0.40_Mc0.00_dMc0.00_Tbd6.40_L0.00_dL0.00_C0.00_Nr3.00_rates0_KOPv_KMOLv.dat 
0.0000e+00 3.1351 3.6241 1.70000 0.50346 0.3478 1.6341e+01 1 4.2364e-09 3.6241 7.223000e-01 2.756920e-01 1.364188e-03 -0.0843 
2.1044e+05 3.2095 3.6178 1.69909 0.50523 0.3478 1.9617e+01 1 8.9743e-09 3.6178 7.223000e-01 2.756920e-01 1.364188e-03 -0.0830 
4.8423e+05 3.2225 3.6167 1.69734 0.50826 0.3478 2.0260e+01 1 1.0257e-08 3.6167 7.223000e-01 2.756920e-01 1.364188e-03 -0.0833 
7.9243e+05 3.2598 3.6135 1.69451 0.51246 0.3478 2.2224e+01 1 1.4997e-08 3.6135 7.223000e-01 2.756920e-01 1.364188e-03 -0.0836 
1.1130e+06 3.3088 3.6094 1.69027 0.51756 0.3478 2.5088e+01 1 2.4717e-08 3.6094 7.223000e-01 2.756920e-01 1.364188e-03 -0.0853 
1.4349e+06 3.3494 3.6058 1.68380 0.52231 0.4688 2.7797e+01 1 3.7757e-08 3.6058 7.215873e-01 2.763110e-01 1.456757e-03 -0.0858 
1.7600e+06 3.3852 3.6003 1.67339 0.52694 0.8077 3.1000e+01 1 5.5719e-08 3.6003 7.202081e-01 2.774320e-01 1.711696e-03 -0.0858 
2.0760e+06 3.4278 3.5901 1.65714 0.53133 1.4311 3.6307e+01 1 9.0991e-08 3.5901 7.182893e-01 2.788700e-01 2.188158e-03 -0.0966 
2.3914e+06 3.4678 3.5785 1.62957 0.53618 2.3284 4.2898e+01 1 1.4894e-07 3.5785 7.159871e-01 2.804550e-01 2.898194e-03 -0.1038 
2.6892e+06 3.5133 3.5659 1.58523 0.54145 3.3677 5.1831e+01 1 2.6669e-07 3.5659 7.135762e-01 2.819990e-01 3.755006e-03 -0.1111 
2.9730e+06 3.5558 3.5519 1.50696 0.54769 4.4383 6.3691e+01 1 5.0119e-07 3.5519 7.111997e-01 2.834430e-01 4.673559e-03 -0.1186 
3.2366e+06 3.5967 3.5383 1.35852 0.55464 5.5254 7.9967e+01 1 1.0940e-06 3.5383 7.087955e-01 2.848570e-01 5.643716e-03 -0.1237 
3.4790e+06 3.6416 3.4818 0.81844 0.56280 6.4688 4.2446e+02 0 8.7096e-06 3.4818 7.066593e-01 2.860980e-01 6.516783e-03 -0.1437 
3.5656e+06 3.5851 3.5955 0.56973 0.56472 6.4688 1.8770e+02 0 1.1117e-05 3.5955 7.066593e-01 2.860980e-01 6.516783e-03 999.0000 
 1.7500 12 # agb_1.75_Z0.00200000_Mdot2_eta0.40_Mc0.00_dMc0.00_Tbd6.40_L0.00_dL0.00_C0.00_Nr3.00_rates0_KOPv_KMOLv.dat 
0.0000e+00 3.2018 3.6201 1.75000 0.50898 0.3467 1.8733e+01 1 7.5162e-09 3.6201 7.217000e-01 2.763710e-01 1.363519e-03 -0.0854 
2.0758e+05 3.2462 3.6163 1.74835 0.51115 0.3467 2.0901e+01 1 1.1776e-08 3.6163 7.217000e-01 2.763710e-01 1.363519e-03 -0.0837 
4.5761e+05 3.3071 3.6111 1.74545 0.51449 0.3467 2.4297e+01 1 2.1878e-08 3.6111 7.217000e-01 2.763710e-01 1.363519e-03 -0.0839 
7.5654e+05 3.3419 3.6081 1.74023 0.51957 0.3467 2.6514e+01 1 3.1333e-08 3.6081 7.217000e-01 2.763710e-01 1.363519e-03 -0.0854 
1.0634e+06 3.3855 3.6041 1.73229 0.52567 0.3467 2.9632e+01 1 4.9317e-08 3.6041 7.217000e-01 2.763710e-01 1.363519e-03 -0.0853 
1.3634e+06 3.4276 3.6001 1.72010 0.53112 0.5159 3.3094e+01 1 7.7268e-08 3.6001 7.208535e-01 2.770920e-01 1.488034e-03 -0.0851 
1.6686e+06 3.4601 3.5933 1.69896 0.53662 0.9790 3.7130e+01 1 1.1324e-07 3.5933 7.192561e-01 2.783470e-01 1.826344e-03 -0.0891 
1.9559e+06 3.5066 3.5792 1.66503 0.54158 1.7911 4.5295e+01 1 2.0184e-07 3.5792 7.170641e-01 2.799240e-01 2.434667e-03 -0.1008 
2.2400e+06 3.5480 3.5653 1.60521 0.54710 2.8802 5.5133e+01 1 3.5975e-07 3.5653 7.144929e-01 2.816370e-01 3.283346e-03 -0.1112 
2.5078e+06 3.5940 3.5485 1.49613 0.55351 4.0090 7.0290e+01 1 7.5336e-07 3.5485 7.119727e-01 2.832280e-01 4.199198e-03 -0.1193 
2.7562e+06 3.6367 3.5224 1.25061 0.56085 5.1434 1.9938e+02 0 2.2387e-06 3.5224 7.094712e-01 2.847550e-01 5.155502e-03 -0.1313 
2.9518e+06 3.6932 3.5943 0.57376 0.56790 5.9695 2.3999e+02 0 3.1117e-05 3.5943 7.076283e-01 2.858600e-01 5.875076e-03 999.0000 
 1.8000 13 # agb_1.80_Z0.00200000_Mdot2_eta0.40_Mc0.00_dMc0.00_Tbd6.40_L0.00_dL0.00_C0.00_Nr3.00_rates0_KOPv_KMOLv.dat 
0.0000e+00 3.1883 3.6230 1.80000 0.52151 0.3442 1.7638e+01 1 5.9704e-09 3.6230 7.212000e-01 2.767510e-01 1.363589e-03 -0.0854 
1.8302e+05 3.2310 3.6194 1.79879 0.52346 0.3442 1.9590e+01 1 9.1833e-09 3.6194 7.212000e-01 2.767510e-01 1.363589e-03 -0.0852 
4.0095e+05 3.2858 3.6147 1.79674 0.52637 0.3442 2.2422e+01 1 1.5996e-08 3.6147 7.212000e-01 2.767510e-01 1.363589e-03 -0.0855 
6.5502e+05 3.3313 3.6109 1.79311 0.53060 0.3442 2.5098e+01 1 2.5468e-08 3.6109 7.212000e-01 2.767510e-01 1.363589e-03 -0.0854 
9.3228e+05 3.3644 3.6080 1.78701 0.53513 0.4146 2.7288e+01 1 3.5892e-08 3.6080 7.206307e-01 2.772650e-01 1.418999e-03 -0.0848 
1.2114e+06 3.4051 3.6029 1.77737 0.53935 0.6333 3.0598e+01 1 5.5335e-08 3.6029 7.194061e-01 2.783210e-01 1.585448e-03 -0.0846 
1.4887e+06 3.4504 3.5951 1.76215 0.54332 1.0892 3.5349e+01 1 9.1411e-08 3.5951 7.175923e-01 2.797860e-01 1.929845e-03 -0.0926 
1.7670e+06 3.4956 3.5830 1.73647 0.54749 1.8333 4.2263e+01 1 1.5668e-07 3.5830 7.153038e-01 2.814960e-01 2.502029e-03 -0.0998 
2.0430e+06 3.5377 3.5708 1.69198 0.55229 2.8208 5.0591e+01 1 2.6977e-07 3.5708 7.127234e-01 2.832830e-01 3.285288e-03 -0.1100 
2.3039e+06 3.5832 3.5567 1.61395 0.55796 3.8805 6.2450e+01 1 5.1761e-07 3.5567 7.101838e-01 2.849400e-01 4.154855e-03 -0.1174 
2.5464e+06 3.6260 3.5379 1.46298 0.56425 5.0300 8.1477e+01 1 1.1561e-06 3.5379 7.075209e-01 2.866050e-01 5.132701e-03 -0.1283 
2.7702e+06 3.6722 3.4994 1.00267 0.57177 6.0962 3.2333e+02 0 6.9663e-06 3.4994 7.050320e-01 2.881290e-01 6.073447e-03 -0.1405 
2.8788e+06 3.6948 3.5973 0.58109 0.57566 6.1199 2.3173e+02 0 2.9923e-05 3.5973 7.049765e-01 2.881630e-01 6.094625e-03 999.0000 
 1.8500 14 # agb_1.85_Z0.00200000_Mdot2_eta0.40_Mc0.00_dMc0.00_Tbd6.40_L0.00_dL0.00_C0.00_Nr3.00_rates0_KOPv_KMOLv.dat 
0.0000e+00 3.1505 3.6278 1.85000 0.52678 0.3433 1.5671e+01 1 3.7154e-09 3.6278 7.205000e-01 2.775340e-01 1.363195e-03 -0.0851 
1.6837e+05 3.2126 3.6226 1.84927 0.52842 0.3433 1.8247e+01 1 6.9502e-09 3.6226 7.205000e-01 2.775340e-01 1.363195e-03 -0.0853 
3.7979e+05 3.2389 3.6203 1.84790 0.53106 0.3433 1.9473e+01 1 9.0782e-09 3.6203 7.205000e-01 2.775340e-01 1.363195e-03 -0.0858 
6.1461e+05 3.2910 3.6160 1.84557 0.53464 0.3433 2.2133e+01 1 1.5382e-08 3.6160 7.205000e-01 2.775340e-01 1.363195e-03 -0.0851 
8.7210e+05 3.3297 3.6127 1.84164 0.53846 0.4005 2.4363e+01 1 2.2856e-08 3.6127 7.200193e-01 2.779690e-01 1.408544e-03 -0.0849 
1.1378e+06 3.3704 3.6080 1.83541 0.54210 0.5733 2.7209e+01 1 3.4995e-08 3.6080 7.189652e-01 2.788880e-01 1.541684e-03 -0.0849 
1.4064e+06 3.4144 3.6020 1.82569 0.54551 0.9352 3.0901e+01 1 5.5976e-08 3.6020 7.173653e-01 2.802090e-01 1.817073e-03 -0.0881 
1.6880e+06 3.4514 3.5927 1.80896 0.54938 1.5477 3.5570e+01 1 8.6099e-08 3.5927 7.152935e-01 2.818050e-01 2.287833e-03 -0.0988 
1.9517e+06 3.5029 3.5807 1.78348 0.55290 2.4133 4.2966e+01 1 1.5631e-07 3.5807 7.128649e-01 2.835420e-01 2.970608e-03 -0.1070 
2.2222e+06 3.5415 3.5694 1.73797 0.55772 3.4359 5.0746e+01 1 2.5882e-07 3.5694 7.102977e-01 2.852640e-01 3.803753e-03 -0.1123 
2.4691e+06 3.5886 3.5556 1.66267 0.56283 4.5347 6.2611e+01 1 4.9888e-07 3.5556 7.076828e-01 2.869350e-01 4.730331e-03 -0.1203 
2.7009e+06 3.6330 3.5377 1.52092 0.56867 5.6776 8.1044e+01 1 1.0990e-06 3.5377 7.049888e-01 2.886060e-01 5.729766e-03 -0.1297 
2.9172e+06 3.6798 3.5047 1.12808 0.57580 6.7484 2.8214e+02 0 5.0816e-06 3.5047 7.024082e-01 2.901850e-01 6.700742e-03 -0.1432 
3.0493e+06 3.7293 3.5945 0.58595 0.58084 7.2395 2.5490e+02 0 3.6475e-05 3.5945 7.011943e-01 2.909250e-01 7.157398e-03 999.0000 
 1.9000 12 # agb_1.90_Z0.00200000_Mdot2_eta0.40_Mc0.00_dMc0.00_Tbd6.40_L0.00_dL0.00_C0.00_Nr3.00_rates0_KOPv_KMOLv.dat 
0.0000e+00 3.2473 3.6212 1.90000 0.53709 0.3409 1.9366e+01 1 8.9950e-09 3.6212 7.198000e-01 2.781180e-01 1.363217e-03 -0.0851 
1.5676e+05 3.2848 3.6181 1.89838 0.53909 0.3409 2.1231e+01 1 1.3152e-08 3.6181 7.198000e-01 2.781180e-01 1.363217e-03 -0.0849 
3.4309e+05 3.3440 3.6131 1.89554 0.54209 0.3409 2.4570e+01 1 2.3988e-08 3.6131 7.198000e-01 2.781180e-01 1.363217e-03 -0.0842 
5.5957e+05 3.3954 3.6083 1.89032 0.54646 0.3409 2.7994e+01 1 4.0644e-08 3.6083 7.198000e-01 2.781180e-01 1.363217e-03 -0.0848 
7.9440e+05 3.4356 3.6046 1.88139 0.55105 0.4171 3.1031e+01 1 6.1802e-08 3.6046 7.192195e-01 2.786390e-01 1.421715e-03 -0.0843 
1.0315e+06 3.4777 3.5992 1.86711 0.55528 0.6563 3.5019e+01 1 9.7724e-08 3.5992 7.179676e-01 2.797110e-01 1.599186e-03 -0.0883 
1.2748e+06 3.5202 3.5907 1.84251 0.55958 1.1493 4.0559e+01 1 1.5959e-07 3.5907 7.161191e-01 2.811920e-01 1.962667e-03 -0.0947 
1.5194e+06 3.5584 3.5782 1.79920 0.56413 1.9468 4.8239e+01 1 2.6303e-07 3.5782 7.137624e-01 2.829440e-01 2.560666e-03 -0.1066 
1.7500e+06 3.6073 3.5635 1.72594 0.56871 2.9877 6.0018e+01 1 5.1404e-07 3.5635 7.110839e-01 2.848090e-01 3.363906e-03 -0.1144 
1.9730e+06 3.6534 3.5453 1.58250 0.57446 4.1039 7.7946e+01 1 1.1429e-06 3.5453 7.083880e-01 2.865990e-01 4.253101e-03 -0.1241 
2.1794e+06 3.6992 3.5089 1.18826 0.58118 5.2641 2.7106e+02 0 5.1168e-06 3.5089 7.056347e-01 2.883740e-01 5.209305e-03 -0.1402 
2.3109e+06 3.7511 3.5988 0.59146 0.58625 5.9363 2.5536e+02 0 3.8371e-05 3.5988 7.040320e-01 2.893900e-01 5.778923e-03 999.0000 
 1.9500 12 # agb_1.95_Z0.00200000_Mdot2_eta0.40_Mc0.00_dMc0.00_Tbd6.40_L0.00_dL0.00_C0.00_Nr3.00_rates0_KOPv_KMOLv.dat 
0.0000e+00 3.2660 3.6212 1.95000 0.54589 0.3402 1.9781e+01 1 9.9541e-09 3.6212 7.191000e-01 2.789030e-01 1.362951e-03 -0.0841 
1.4376e+05 3.3069 3.6178 1.94819 0.54787 0.3402 2.1864e+01 1 1.5066e-08 3.6178 7.191000e-01 2.789030e-01 1.362951e-03 -0.0844 
3.1419e+05 3.3645 3.6128 1.94502 0.55082 0.3402 2.5230e+01 1 2.7040e-08 3.6128 7.191000e-01 2.789030e-01 1.362951e-03 -0.0845 
5.1317e+05 3.4106 3.6085 1.93935 0.55434 0.3789 2.8359e+01 1 4.3451e-08 3.6085 7.187134e-01 2.792590e-01 1.393642e-03 -0.0842 
7.3228e+05 3.4506 3.6048 1.92988 0.55806 0.5053 3.1446e+01 1 6.6069e-08 3.6048 7.177558e-01 2.801170e-01 1.491733e-03 -0.0848 
9.7104e+05 3.4830 3.5996 1.91328 0.56207 0.7996 3.4824e+01 1 9.5060e-08 3.5996 7.161639e-01 2.814840e-01 1.714069e-03 -0.0899 
1.2057e+06 3.5272 3.5895 1.88637 0.56575 1.3512 4.0932e+01 1 1.5959e-07 3.5895 7.140003e-01 2.832280e-01 2.127758e-03 -0.0969 
1.4329e+06 3.5795 3.5761 1.84214 0.56930 2.1954 5.0302e+01 1 3.0269e-07 3.5761 7.113892e-01 2.851880e-01 2.769617e-03 -0.1093 
1.6646e+06 3.6209 3.5621 1.75928 0.57401 3.2594 6.1526e+01 1 5.5590e-07 3.5621 7.085332e-01 2.872010e-01 3.598939e-03 -0.1178 
1.8781e+06 3.6687 3.5432 1.60336 0.57936 4.4052 8.0886e+01 1 1.2853e-06 3.5432 7.056557e-01 2.891390e-01 4.519003e-03 -0.1260 
2.0766e+06 3.7152 3.5014 1.13827 0.58589 5.5740 3.1219e+02 0 7.0632e-06 3.5014 7.027765e-01 2.910220e-01 5.489375e-03 -0.1445 
2.1899e+06 3.7621 3.5999 0.59545 0.59035 6.1095 2.5763e+02 0 3.9355e-05 3.5999 7.014579e-01 2.918690e-01 5.945545e-03 999.0000 
 2.0000 11 # agb_2.00_Z0.00200000_Mdot2_eta0.40_Mc0.00_dMc0.00_Tbd6.40_L0.00_dL0.00_C0.00_Nr3.00_rates0_KOPv_KMOLv.dat 
0.0000e+00 3.3538 3.6155 2.00000 0.56283 0.3390 2.3919e+01 1 2.2080e-08 3.6155 7.188000e-01 2.791880e-01 1.362799e-03 -0.0860 
1.1804e+05 3.4119 3.6101 1.99661 0.56486 0.3390 2.7685e+01 1 3.9902e-08 3.6101 7.188000e-01 2.791880e-01 1.362799e-03 -0.0842 
2.6377e+05 3.4548 3.6062 1.99060 0.56750 0.3625 3.0870e+01 1 6.2087e-08 3.6062 7.185354e-01 2.794350e-01 1.381292e-03 -0.0858 
4.4641e+05 3.4826 3.6035 1.97904 0.57111 0.4366 3.3232e+01 1 8.3753e-08 3.6035 7.178255e-01 2.800860e-01 1.439831e-03 -0.0898 
6.4137e+05 3.5282 3.5978 1.96008 0.57468 0.6232 3.7853e+01 1 1.3772e-07 3.5978 7.164663e-01 2.812990e-01 1.583710e-03 -0.0907 
8.4469e+05 3.5750 3.5902 1.92782 0.57813 1.0232 4.3950e+01 1 2.3605e-07 3.5902 7.144079e-01 2.830540e-01 1.883474e-03 -0.0920 
1.0547e+06 3.6166 3.5764 1.86935 0.58192 1.7228 5.3295e+01 1 4.1400e-07 3.5764 7.117798e-01 2.851530e-01 2.404402e-03 -0.1082 
1.2600e+06 3.6602 3.5606 1.76044 0.58614 2.7129 6.6832e+01 1 8.1658e-07 3.5606 7.087738e-01 2.873990e-01 3.151651e-03 -0.1184 
1.4537e+06 3.7086 3.5367 1.52464 0.59138 3.8391 9.3601e+01 1 2.2751e-06 3.5367 7.057212e-01 2.895630e-01 4.022198e-03 -0.1304 
1.6315e+06 3.7580 3.5003 0.67832 0.59834 4.9567 5.5235e+02 0 7.7983e-06 3.5003 7.028431e-01 2.915270e-01 4.911987e-03 -0.1589 
1.6385e+06 3.5433 3.6015 0.60372 0.59834 4.9567 1.5382e+02 0 6.0256e-06 3.6015 7.028431e-01 2.915270e-01 4.911987e-03 999.0000 
 2.0500 10 # agb_2.05_Z0.00200000_Mdot2_eta0.40_Mc0.00_dMc0.00_Tbd6.40_L0.00_dL0.00_C0.00_Nr3.00_rates0_KOPv_KMOLv.dat 
0.0000e+00 3.4113 3.6118 2.05000 0.57349 0.3378 2.6960e+01 1 3.6308e-08 3.6118 7.184000e-01 2.795750e-01 1.362386e-03 -0.0880 
1.0610e+05 3.4695 3.6064 2.04492 0.57562 0.3378 3.1223e+01 1 6.5766e-08 3.6064 7.184000e-01 2.795750e-01 1.362386e-03 -0.0892 
2.3807e+05 3.5128 3.6024 2.03574 0.57843 0.3624 3.4902e+01 1 1.0328e-07 3.6024 7.181268e-01 2.798290e-01 1.381583e-03 -0.0899 
4.0372e+05 3.5411 3.5995 2.01816 0.58224 0.4427 3.7710e+01 1 1.4125e-07 3.5995 7.173824e-01 2.805110e-01 1.444062e-03 -0.0908 
5.8246e+05 3.5822 3.5939 1.98828 0.58611 0.6487 4.2690e+01 1 2.2594e-07 3.5939 7.159508e-01 2.817850e-01 1.599809e-03 -0.0901 
7.6433e+05 3.6305 3.5843 1.93722 0.58964 1.0915 5.0670e+01 1 4.0832e-07 3.5843 7.137926e-01 2.836130e-01 1.924861e-03 -0.0944 
9.5067e+05 3.6743 3.5682 1.84100 0.59348 1.8533 6.3389e+01 1 7.8705e-07 3.5682 7.110479e-01 2.857930e-01 2.481214e-03 -0.1102 
1.1332e+06 3.7179 3.5469 1.64035 0.59795 2.9048 8.5141e+01 1 1.8923e-06 3.5469 7.079161e-01 2.881310e-01 3.260420e-03 -0.1246 
1.3050e+06 3.7654 3.4872 0.87550 0.60412 4.0154 5.0195e+02 0 8.1470e-06 3.4872 7.049080e-01 2.902770e-01 4.103348e-03 -0.1482 
1.3465e+06 3.6525 3.6051 0.61003 0.60498 4.0154 1.8832e+02 0 1.6520e-05 3.6051 7.049080e-01 2.902770e-01 4.103348e-03 999.0000 
 2.1000 9 # agb_2.10_Z0.00200000_Mdot2_eta0.40_Mc0.00_dMc0.00_Tbd6.40_L0.00_dL0.00_C0.00_Nr3.00_rates0_KOPv_KMOLv.dat 
0.0000e+00 3.4810 3.6071 2.10000 0.58699 0.3378 3.1314e+01 1 6.7453e-08 3.6071 7.183000e-01 2.796630e-01 1.362018e-03 -0.0900 
9.2852e+04 3.5351 3.6020 2.09188 0.58921 0.3378 3.5951e+01 1 1.1803e-07 3.6020 7.183000e-01 2.796630e-01 1.362018e-03 -0.0893 
2.1214e+05 3.5731 3.5983 2.07708 0.59180 0.3819 3.9762e+01 1 1.7742e-07 3.5983 7.178186e-01 2.801100e-01 1.396106e-03 -0.0909 
3.6588e+05 3.5967 3.5955 2.04885 0.59550 0.4942 4.2657e+01 1 2.3550e-07 3.5955 7.168006e-01 2.810410e-01 1.482870e-03 -0.0906 
5.3000e+05 3.6405 3.5887 2.00028 0.59909 0.7581 4.9186e+01 1 3.9902e-07 3.5887 7.150064e-01 2.826350e-01 1.680362e-03 -0.0901 
6.9764e+05 3.6886 3.5748 1.91093 0.60247 1.2973 6.0856e+01 1 7.8163e-07 3.5748 7.124508e-01 2.847930e-01 2.071247e-03 -0.1068 
8.6712e+05 3.7309 3.5544 1.72569 0.60632 2.1785 8.0420e+01 1 1.7742e-06 3.5544 7.093247e-01 2.872720e-01 2.707383e-03 -0.1214 
1.0293e+06 3.7769 3.5022 1.06320 0.61132 3.3043 3.7822e+02 0 1.5776e-05 3.5022 7.059527e-01 2.898000e-01 3.533736e-03 -0.1450 
1.0960e+06 3.7893 3.6076 0.61881 0.61378 3.6189 2.4668e+02 0 4.1879e-05 3.6076 7.051007e-01 2.904110e-01 3.767949e-03 999.0000 
 2.1500 8 # agb_2.15_Z0.00200000_Mdot2_eta0.40_Mc0.00_dMc0.00_Tbd6.40_L0.00_dL0.00_C0.00_Nr3.00_rates0_KOPv_KMOLv.dat 
0.0000e+00 3.5508 3.6023 2.15000 0.60389 0.3377 3.6397e+01 1 1.2589e-07 3.6023 7.183000e-01 2.797520e-01 1.361649e-03 -0.0899 
7.8935e+04 3.6039 3.5973 2.13659 0.60615 0.3377 4.1764e+01 1 2.1979e-07 3.5973 7.183000e-01 2.797520e-01 1.361649e-03 -0.0903 
1.8047e+05 3.6404 3.5934 2.11227 0.60879 0.3835 4.6207e+01 1 3.2961e-07 3.5934 7.178123e-01 2.802050e-01 1.396638e-03 -0.0898 
3.0957e+05 3.6708 3.5895 2.06554 0.61245 0.5008 5.0849e+01 1 4.8306e-07 3.5895 7.167738e-01 2.811530e-01 1.485909e-03 -0.0910 
4.4873e+05 3.7137 3.5816 1.98085 0.61602 0.7808 5.9538e+01 1 8.6298e-07 3.5816 7.149187e-01 2.828000e-01 1.691331e-03 -0.0921 
5.9369e+05 3.7537 3.5637 1.80764 0.61959 1.3562 7.6501e+01 1 1.8323e-06 3.5637 7.122427e-01 2.850600e-01 2.099769e-03 -0.1104 
7.3657e+05 3.7970 3.5225 1.27735 0.62365 2.2898 2.7982e+02 0 9.8855e-06 3.5225 7.089353e-01 2.876940e-01 2.760724e-03 -0.1359 
8.2335e+05 3.8485 3.6074 0.63185 0.62632 3.3083 2.7688e+02 0 4.7973e-05 3.6074 7.058542e-01 2.900240e-01 3.493911e-03 999.0000 
 2.2000 6 # agb_2.20_Z0.00200000_Mdot2_eta0.40_Mc0.00_dMc0.00_Tbd6.40_L0.00_dL0.00_C0.00_Nr3.00_rates0_KOPv_KMOLv.dat 
0.0000e+00 3.6897 3.5912 2.20000 0.61965 0.3371 5.0319e+01 1 4.7315e-07 3.5912 7.185000e-01 2.794420e-01 1.361241e-03 -0.0914 
6.7636e+04 3.7350 3.5860 2.16251 0.62233 0.3371 5.7298e+01 1 7.9250e-07 3.5860 7.185000e-01 2.794420e-01 1.361241e-03 -0.0917 
1.5941e+05 3.7618 3.5815 2.08713 0.62583 0.3916 6.3324e+01 1 1.1695e-06 3.5815 7.179288e-01 2.799720e-01 1.402322e-03 -0.0928 
2.7040e+05 3.7949 3.5734 1.93708 0.63015 0.5451 7.4191e+01 1 2.1086e-06 3.5734 7.166293e-01 2.811570e-01 1.515827e-03 -0.0969 
3.9025e+05 3.8310 3.5569 1.56292 0.63445 0.9465 9.9726e+01 1 6.2661e-06 3.5569 7.142550e-01 2.832440e-01 1.798149e-03 -0.0989 
4.9720e+05 3.8814 3.6132 0.64380 0.63828 1.7830 2.7835e+02 0 5.1761e-05 3.6132 7.107940e-01 2.861190e-01 2.373309e-03 999.0000 
 2.2500 8 # agb_2.25_Z0.00200000_Mdot2_eta0.40_Mc0.00_dMc0.00_Tbd6.40_L0.00_dL0.00_C0.00_Nr3.00_rates0_KOPv_KMOLv.dat 
0.0000e+00 3.6255 3.5984 2.25000 0.62678 0.3371 4.1970e+01 1 2.2961e-07 3.5984 7.190000e-01 2.790320e-01 1.360897e-03 -0.0900 
6.3759e+04 3.6730 3.5936 2.22914 0.62901 0.3371 4.7630e+01 1 3.8194e-07 3.5936 7.190000e-01 2.790320e-01 1.360897e-03 -0.0910 
1.4341e+05 3.7129 3.5891 2.19280 0.63146 0.3817 5.3400e+01 1 6.0395e-07 3.5891 7.185420e-01 2.794570e-01 1.394474e-03 -0.0914 
2.4580e+05 3.7416 3.5846 2.12244 0.63485 0.4942 5.9163e+01 1 8.9950e-07 3.5846 7.175725e-01 2.803410e-01 1.478522e-03 -0.0925 
3.5824e+05 3.7799 3.5759 1.98789 0.63830 0.7571 6.9928e+01 1 1.6634e-06 3.5759 7.158296e-01 2.818920e-01 1.667739e-03 -0.0955 
4.7435e+05 3.8199 3.5526 1.67452 0.64165 1.2986 9.7375e+01 1 4.6345e-06 3.5526 7.132457e-01 2.840930e-01 2.043734e-03 -0.1176 
5.8971e+05 3.8637 3.5362 0.69651 0.64601 2.2092 4.9566e+02 0 1.0471e-05 3.5362 7.098972e-01 2.867990e-01 2.673053e-03 -0.1739 
5.9253e+05 3.8553 3.6121 0.65141 0.64601 2.2092 2.6236e+02 0 4.8753e-05 3.6121 7.098972e-01 2.867990e-01 2.673053e-03 999.0000 
 2.3000 6 # agb_2.30_Z0.00200000_Mdot2_eta0.40_Mc0.00_dMc0.00_Tbd6.40_L0.00_dL0.00_C0.00_Nr3.00_rates0_KOPv_KMOLv.dat 
0.0000e+00 3.7611 3.5873 2.30000 0.64247 0.3368 5.7706e+01 1 8.3753e-07 3.5873 7.193000e-01 2.787230e-01 1.360733e-03 -0.0924 
5.3825e+04 3.8105 3.5811 2.24294 0.64505 0.3368 6.6926e+01 1 1.4997e-06 3.5811 7.193000e-01 2.787230e-01 1.360733e-03 -0.0943 
1.2638e+05 3.8325 3.5761 2.13134 0.64827 0.3904 7.4192e+01 1 2.2284e-06 3.5761 7.187583e-01 2.792250e-01 1.400557e-03 -0.0972 
2.1536e+05 3.8626 3.5652 1.88470 0.65234 0.5377 9.0428e+01 1 4.5814e-06 3.5652 7.175311e-01 2.803440e-01 1.507719e-03 -0.1012 
3.1190e+05 3.8941 3.5294 0.93301 0.65647 0.9254 4.3329e+02 0 1.4859e-05 3.5294 7.151861e-01 2.824160e-01 1.776027e-03 -0.1106 
3.2911e+05 3.7339 3.6152 0.66033 0.65522 1.8150 1.9211e+02 0 2.7102e-05 3.6152 7.113423e-01 2.856450e-01 2.378202e-03 999.0000 
 2.3500 6 # agb_2.35_Z0.00200000_Mdot2_eta0.40_Mc0.00_dMc0.00_Tbd6.40_L0.00_dL0.00_C0.00_Nr3.00_rates0_KOPv_KMOLv.dat 
0.0000e+00 3.7484 3.5899 2.35000 0.65304 0.3368 5.4702e+01 1 6.8391e-07 3.5899 7.199000e-01 2.781150e-01 1.360497e-03 -0.0920 
4.7683e+04 3.7990 3.5841 2.30762 0.65524 0.3368 6.3180e+01 1 1.2134e-06 3.5841 7.199000e-01 2.781150e-01 1.360497e-03 -0.0935 
1.1139e+05 3.8241 3.5796 2.22564 0.65789 0.3835 6.9643e+01 1 1.7660e-06 3.5796 7.194393e-01 2.785410e-01 1.395031e-03 -0.0970 
1.9075e+05 3.8503 3.5726 2.06003 0.66133 0.5031 8.0003e+01 1 2.9854e-06 3.5726 7.184381e-01 2.794540e-01 1.482394e-03 -0.1005 
2.7811e+05 3.8838 3.5550 1.64304 0.66486 0.7903 1.0864e+02 1 9.0157e-06 3.5550 7.165744e-01 2.811140e-01 1.683171e-03 -0.1069 
3.6345e+05 3.9290 3.6173 0.67407 0.66850 1.4234 2.8637e+02 0 5.7810e-05 3.6173 7.135672e-01 2.836840e-01 2.111071e-03 999.0000 
 2.4000 7 # agb_2.40_Z0.00200000_Mdot2_eta0.40_Mc0.00_dMc0.00_Tbd6.40_L0.00_dL0.00_C0.00_Nr3.00_rates0_KOPv_KMOLv.dat 
0.0000e+00 3.7516 3.5910 2.40000 0.66583 0.3358 5.4016e+01 1 6.5766e-07 3.5910 7.203000e-01 2.777070e-01 1.360712e-03 -0.0922 
4.2362e+04 3.8044 3.5851 2.35940 0.66783 0.3358 6.2671e+01 1 1.1885e-06 3.5851 7.203000e-01 2.777070e-01 1.360712e-03 -0.0948 
9.7123e+04 3.8315 3.5806 2.28526 0.67008 0.3781 6.9156e+01 1 1.7378e-06 3.5806 7.198916e-01 2.780840e-01 1.391953e-03 -0.0965 
1.6613e+05 3.8562 3.5744 2.13928 0.67307 0.4815 7.8301e+01 1 2.7861e-06 3.5744 7.190318e-01 2.788670e-01 1.467600e-03 -0.1005 
2.4281e+05 3.8896 3.5602 1.80739 0.67617 0.7152 1.0065e+02 1 6.9343e-06 3.5602 7.174473e-01 2.802840e-01 1.632303e-03 -0.1083 
3.2300e+05 3.9264 3.5218 0.83501 0.67957 1.2153 5.5111e+02 0 1.1482e-05 3.5218 7.148768e-01 2.825090e-01 1.971539e-03 -0.1649 
3.3052e+05 3.7513 3.6176 0.68424 0.67889 2.0249 1.8935e+02 0 2.8379e-05 3.6176 7.117082e-01 2.851180e-01 2.518901e-03 999.0000 
 2.6000 6 # agb_2.60_Z0.00200000_Mdot2_eta0.40_Mc0.00_dMc0.00_Tbd6.40_L0.00_dL0.00_C0.00_Nr3.00_rates0_KOPv_KMOLv.dat 
0.0000e+00 3.9125 3.5809 2.60000 0.72017 0.3350 7.4964e+01 1 2.5527e-06 3.5809 7.219000e-01 2.760800e-01 1.360453e-03 -0.0973 
2.4811e+04 3.9577 3.5743 2.50924 0.72189 0.3350 8.7016e+01 1 4.5394e-06 3.5743 7.219000e-01 2.760800e-01 1.360453e-03 -0.1017 
5.6393e+04 3.9755 3.5684 2.34232 0.72369 0.3730 9.7231e+01 1 6.8707e-06 3.5684 7.215657e-01 2.763870e-01 1.387765e-03 -0.1094 
9.5244e+04 3.9991 3.5546 1.95487 0.72597 0.4608 1.2314e+02 1 1.6069e-05 3.5546 7.208670e-01 2.770220e-01 1.450447e-03 -0.1209 
1.4031e+05 4.0241 3.5227 1.09085 0.72867 0.6582 5.3432e+02 0 1.4388e-05 3.5227 7.194455e-01 2.783050e-01 1.586992e-03 -0.1859 
1.6316e+05 4.0499 3.6269 0.73466 0.72930 1.1733 3.1852e+02 0 5.2845e-05 3.6269 7.163605e-01 2.810390e-01 1.931205e-03 999.0000 
 2.8000 7 # agb_2.80_Z0.00200000_Mdot2_eta0.40_Mc0.00_dMc0.00_Tbd6.40_L0.00_dL0.00_C0.00_Nr3.00_rates0_KOPv_KMOLv.dat 
0.0000e+00 3.9817 3.5793 2.80000 0.76210 0.3359 8.2899e+01 1 3.9902e-06 3.5793 7.191000e-01 2.789590e-01 1.359785e-03 -0.0953 
1.6276e+04 4.0294 3.5724 2.69995 0.76345 0.3359 9.6873e+01 1 7.3114e-06 3.5724 7.191000e-01 2.789590e-01 1.359785e-03 -0.1046 
3.6261e+04 4.0454 3.5668 2.52701 0.76473 0.3665 1.0756e+02 1 1.0740e-05 3.5668 7.188549e-01 2.791820e-01 1.381339e-03 -0.1110 
6.0834e+04 4.0649 3.5544 2.14884 0.76630 0.4322 1.3253e+02 1 2.2699e-05 3.5544 7.183685e-01 2.796220e-01 1.427234e-03 -0.1276 
8.9844e+04 4.0851 3.5262 1.38360 0.76817 0.5648 4.7926e+02 0 1.8621e-05 3.5262 7.174029e-01 2.804950e-01 1.518123e-03 -0.2039 
1.2183e+05 4.0892 3.5736 0.80280 0.77074 0.8699 5.1672e+02 0 1.6711e-05 3.5736 7.153062e-01 2.823850e-01 1.720578e-03 -0.1138 
1.2291e+05 4.1406 3.6311 0.77562 0.77023 2.8746 3.5790e+02 0 4.3152e-05 3.6311 7.038133e-01 2.924640e-01 3.099941e-03 999.0000 
 3.0000 7 # agb_3.00_Z0.00200000_Mdot2_eta0.40_Mc0.00_dMc0.00_Tbd6.40_L0.00_dL0.00_C0.00_Nr3.00_rates0_KOPv_KMOLv.dat 
0.0000e+00 4.0386 3.5786 3.00000 0.78399 0.3338 8.9230e+01 1 5.5976e-06 3.5786 7.100000e-01 2.879400e-01 1.359418e-03 -0.0966 
1.2794e+04 4.0826 3.5722 2.89745 0.78521 0.3338 1.0320e+02 1 9.8175e-06 3.5722 7.100000e-01 2.879400e-01 1.359418e-03 -0.1102 
2.8644e+04 4.0949 3.5671 2.72384 0.78633 0.3611 1.1306e+02 1 1.3740e-05 3.5671 7.097960e-01 2.881260e-01 1.378242e-03 -0.1145 
4.8043e+04 4.1096 3.5569 2.37435 0.78769 0.4172 1.3422e+02 1 2.5351e-05 3.5569 7.094014e-01 2.884810e-01 1.416766e-03 -0.1301 
7.1012e+04 4.1276 3.5312 1.62850 0.78926 0.5232 4.3503e+02 0 2.5235e-05 3.5312 7.086468e-01 2.891630e-01 1.488263e-03 -0.1869 
9.6779e+04 4.1307 3.5231 1.07723 0.79126 0.7481 6.8309e+02 0 1.8408e-05 3.5231 7.070516e-01 2.906080e-01 1.635155e-03 -0.1628 
1.1220e+05 4.1391 3.6322 0.79739 0.79220 1.2487 3.4449e+02 0 4.8529e-05 3.6322 7.041609e-01 2.931670e-01 1.959494e-03 999.0000 
 3.2000 8 # agb_3.20_Z0.00200000_Mdot2_eta0.40_Mc0.00_dMc0.00_Tbd6.40_L0.00_dL0.00_C0.00_Nr3.00_rates0_KOPv_KMOLv.dat 
0.0000e+00 4.0687 3.5805 3.20000 0.79693 0.3369 9.0011e+01 1 6.0814e-06 3.5805 6.988000e-01 2.991260e-01 1.357953e-03 -0.0967 
1.1131e+04 4.1113 3.5744 3.10565 0.79808 0.3369 1.0330e+02 1 1.0351e-05 3.5744 6.988000e-01 2.991260e-01 1.357953e-03 -0.1094 
2.4838e+04 4.1259 3.5697 2.94777 0.79914 0.3617 1.1273e+02 1 1.4322e-05 3.5697 6.986259e-01 2.992830e-01 1.374643e-03 -0.1125 
4.1538e+04 4.1383 3.5621 2.65853 0.80037 0.4115 1.2858e+02 1 2.3014e-05 3.5621 6.982934e-01 2.995820e-01 1.408059e-03 -0.1212 
6.1365e+04 4.1531 3.5403 1.94380 0.80176 0.5001 3.6216e+02 0 4.2855e-05 3.5403 6.976847e-01 3.001310e-01 1.466421e-03 -0.1579 
8.3935e+04 4.1707 3.5209 1.36741 0.80349 0.6777 6.1466e+02 0 2.0184e-05 3.5209 6.964313e-01 3.012690e-01 1.579774e-03 -0.1912 
1.0700e+05 4.1742 3.5416 0.90487 0.80569 1.0702 7.4662e+02 0 2.0324e-05 3.5416 6.941848e-01 3.032620e-01 1.827375e-03 -0.0938 
1.1168e+05 4.1330 3.6271 0.81108 0.80535 2.0524 3.5023e+02 0 4.5394e-05 3.6271 6.897476e-01 3.070510e-01 2.461191e-03 999.0000 
 3.4000 8 # agb_3.40_Z0.00200000_Mdot2_eta0.40_Mc0.00_dMc0.00_Tbd6.40_L0.00_dL0.00_C0.00_Nr3.00_rates0_KOPv_KMOLv.dat 
0.0000e+00 4.0992 3.5819 3.40000 0.81062 0.3379 9.1295e+01 1 6.7143e-06 3.5819 6.886000e-01 3.093140e-01 1.357246e-03 -0.0958 
9.6915e+03 4.1383 3.5765 3.31200 0.81171 0.3379 1.0338e+02 1 1.0889e-05 3.5765 6.886000e-01 3.093140e-01 1.357246e-03 -0.1033 
2.1325e+04 4.1526 3.5726 3.17385 0.81266 0.3601 1.1167e+02 1 1.4555e-05 3.5726 6.884519e-01 3.094470e-01 1.372020e-03 -0.1089 
3.5531e+04 4.1643 3.5665 2.93604 0.81376 0.4035 1.2407e+02 1 2.1330e-05 3.5665 6.881769e-01 3.096930e-01 1.400622e-03 -0.1177 
5.2403e+04 4.1788 3.5528 2.42479 0.81500 0.4766 1.5534e+02 1 4.7315e-05 3.5528 6.876922e-01 3.101300e-01 1.448085e-03 -0.1390 
7.1767e+04 4.1936 3.5301 1.73596 0.81634 0.6045 4.8086e+02 0 2.3768e-05 3.5301 6.867945e-01 3.109460e-01 1.528625e-03 -0.2397 
9.2626e+04 4.2112 3.5206 1.24053 0.81809 0.8907 7.3686e+02 0 2.2131e-05 3.5206 6.851172e-01 3.124410e-01 1.706088e-03 -0.1454 
1.1163e+05 4.2179 3.6334 0.82594 0.82017 1.4700 3.9370e+02 0 3.9446e-05 3.6334 6.824913e-01 3.146970e-01 2.068688e-03 999.0000 
 3.6000 9 # agb_3.60_Z0.00200000_Mdot2_eta0.40_Mc0.00_dMc0.00_Tbd6.40_L0.00_dL0.00_C0.00_Nr3.00_rates0_KOPv_KMOLv.dat 
0.0000e+00 4.1628 3.5800 3.60000 0.82559 0.3392 1.0107e+02 1 1.0495e-05 3.5800 6.802000e-01 3.177050e-01 1.356837e-03 -0.0964 
8.2443e+03 4.1982 3.5746 3.48954 0.82669 0.3392 1.1398e+02 1 1.6711e-05 3.5746 6.802000e-01 3.177050e-01 1.356837e-03 -0.1044 
1.8176e+04 4.2080 3.5705 3.32015 0.82763 0.3608 1.2258e+02 1 2.1827e-05 3.5705 6.800623e-01 3.178280e-01 1.370990e-03 -0.1084 
3.0316e+04 4.2192 3.5634 3.02113 0.82873 0.4020 1.3835e+02 1 3.3729e-05 3.5634 6.798063e-01 3.180570e-01 1.397774e-03 -0.1186 
4.4811e+04 4.2296 3.5458 2.34890 0.82992 0.4711 1.8231e+02 1 5.9566e-05 3.5458 6.793457e-01 3.184730e-01 1.441861e-03 -0.1464 
6.1564e+04 4.2407 3.5277 1.79107 0.83125 0.5974 5.3048e+02 0 2.3714e-05 3.5277 6.784352e-01 3.193040e-01 1.519975e-03 -0.1970 
7.9461e+04 4.2541 3.5189 1.33815 0.83283 0.8786 7.6897e+02 0 2.4434e-05 3.5189 6.768355e-01 3.207270e-01 1.692240e-03 -0.1434 
9.6779e+04 4.2575 3.5404 0.92460 0.83486 1.4164 8.9151e+02 0 2.4604e-05 3.5404 6.744521e-01 3.227710e-01 2.025091e-03 -0.0364 
1.0043e+05 4.2177 3.6325 0.84034 0.83465 2.5019 3.9040e+02 0 4.0272e-05 3.6325 6.704105e-01 3.261020e-01 2.719323e-03 999.0000 
 3.8000 10 # agb_3.80_Z0.00200000_Mdot2_eta0.40_Mc0.00_dMc0.00_Tbd6.40_L0.00_dL0.00_C0.00_Nr3.00_rates0_KOPv_KMOLv.dat 
0.0000e+00 4.1913 3.5811 3.80000 0.84112 0.3432 1.0276e+02 1 1.1641e-05 3.5811 6.722000e-01 3.257980e-01 1.355897e-03 -0.0977 
6.9871e+03 4.2269 3.5759 3.69603 0.84213 0.3432 1.1553e+02 1 1.8323e-05 3.5759 6.722000e-01 3.257980e-01 1.355897e-03 -0.1058 
1.5287e+04 4.2376 3.5722 3.54068 0.84297 0.3624 1.2373e+02 1 2.3659e-05 3.5722 6.720847e-01 3.259010e-01 1.368294e-03 -0.1086 
2.5355e+04 4.2477 3.5664 3.28319 0.84393 0.3981 1.3668e+02 1 3.3806e-05 3.5664 6.718750e-01 3.260880e-01 1.391151e-03 -0.1156 
3.7387e+04 4.2578 3.5542 2.76373 0.84499 0.4550 1.6624e+02 1 6.7298e-05 3.5542 6.715110e-01 3.264150e-01 1.427083e-03 -0.1375 
5.1326e+04 4.2668 3.5359 2.12678 0.84608 0.5477 4.4804e+02 0 3.2584e-05 3.5359 6.708493e-01 3.270190e-01 1.483964e-03 -0.2126 
6.6717e+04 4.2772 3.5224 1.66895 0.84727 0.7511 6.4312e+02 0 2.5763e-05 3.5224 6.696443e-01 3.280970e-01 1.607179e-03 -0.1630 
8.2324e+04 4.2893 3.5093 1.26507 0.84871 1.1515 9.5352e+02 0 2.6485e-05 3.5093 6.677833e-01 3.297090e-01 1.850938e-03 -0.1283 
9.7129e+04 4.2925 3.5792 0.88114 0.85074 1.8134 7.1207e+02 0 2.6669e-05 3.5792 6.652593e-01 3.318130e-01 2.261738e-03 0.0951 
9.8187e+04 4.1659 3.6344 0.85554 0.85042 3.8609 3.3665e+02 0 5.5847e-05 3.6344 6.582169e-01 3.374710e-01 3.611919e-03 999.0000 
 4.0000 11 # agb_4.00_Z0.00200000_Mdot2_eta0.40_Mc0.00_dMc0.00_Tbd6.40_L0.00_dL0.00_C0.00_Nr3.00_rates0_KOPv_KMOLv.dat 
0.0000e+00 4.2186 3.5821 4.00000 0.85742 0.3453 1.0442e+02 1 1.2882e-05 3.5821 6.652000e-01 3.327920e-01 1.355552e-03 -0.0981 
5.8709e+03 4.2549 3.5770 3.90295 0.85834 0.3453 1.1728e+02 1 2.0184e-05 3.5770 6.652000e-01 3.327920e-01 1.355552e-03 -0.1043 
1.2771e+04 4.2624 3.5741 3.76730 0.85909 0.3622 1.2370e+02 1 2.4547e-05 3.5741 6.651041e-01 3.328770e-01 1.366369e-03 -0.1084 
2.1016e+04 4.2725 3.5696 3.55950 0.85991 0.3926 1.3407e+02 1 3.2961e-05 3.5696 6.649356e-01 3.330260e-01 1.385678e-03 -0.1142 
3.0822e+04 4.2827 3.5618 3.20256 0.86082 0.4390 1.5261e+02 1 5.2360e-05 3.5618 6.646546e-01 3.332780e-01 1.414739e-03 -0.1281 
4.2183e+04 4.2922 3.5458 2.54877 0.86173 0.5062 1.9614e+02 1 5.5976e-05 3.5458 6.641876e-01 3.337020e-01 1.455934e-03 -0.1653 
5.5033e+04 4.2985 3.5317 2.06613 0.86266 0.6411 5.1210e+02 0 2.7040e-05 3.5317 6.633462e-01 3.344610e-01 1.537234e-03 -0.1851 
6.8583e+04 4.3079 3.5220 1.65570 0.86363 0.9077 6.9604e+02 0 2.7669e-05 3.5220 6.620162e-01 3.356260e-01 1.697761e-03 -0.1462 
8.2053e+04 4.3198 3.5024 1.29008 0.86492 1.3650 1.0660e+03 0 2.8445e-05 3.5024 6.601585e-01 3.372000e-01 1.976215e-03 -0.1217 
9.4669e+04 4.3227 3.5415 0.94815 0.86676 2.0372 9.9836e+02 0 2.8642e-05 3.5415 6.578247e-01 3.391050e-01 2.394894e-03 0.0864 
9.7841e+04 4.3016 3.6354 0.87263 0.86682 3.0278 4.4343e+02 0 3.6058e-05 3.6354 6.547029e-01 3.415700e-01 3.035236e-03 999.0000 
 4.2000 12 # agb_4.20_Z0.00200000_Mdot2_eta0.40_Mc0.00_dMc0.00_Tbd6.40_L0.00_dL0.00_C0.00_Nr3.00_rates0_KOPv_KMOLv.dat 
0.0000e+00 4.2507 3.5826 4.20000 0.87732 0.3496 1.0766e+02 1 1.5066e-05 3.5826 6.584000e-01 3.395870e-01 1.354612e-03 -0.0974 
4.7291e+03 4.2831 3.5781 4.11172 0.87812 0.3496 1.1935e+02 1 2.2439e-05 3.5781 6.584000e-01 3.395870e-01 1.354612e-03 -0.1031 
1.0208e+04 4.2919 3.5754 3.99066 0.87875 0.3643 1.2555e+02 1 2.7164e-05 3.5754 6.583229e-01 3.396550e-01 1.363859e-03 -0.1090 
1.6701e+04 4.3005 3.5717 3.81387 0.87943 0.3901 1.3411e+02 1 3.4594e-05 3.5717 6.581909e-01 3.397700e-01 1.380004e-03 -0.1120 
2.4372e+04 4.3094 3.5660 3.53517 0.88017 0.4281 1.4773e+02 1 4.8978e-05 3.5660 6.579788e-01 3.399580e-01 1.403507e-03 -0.1215 
3.3284e+04 4.3188 3.5547 3.01285 0.88094 0.4794 1.7718e+02 1 9.2683e-05 3.5547 6.576441e-01 3.402610e-01 1.434715e-03 -0.1443 
4.3429e+04 4.3260 3.5405 2.46917 0.88170 0.5649 4.2883e+02 0 4.1115e-05 3.5405 6.570858e-01 3.407670e-01 1.485767e-03 -0.2048 
5.4454e+04 4.3314 3.5292 2.06599 0.88240 0.7325 5.6383e+02 0 2.9174e-05 3.5292 6.561763e-01 3.415750e-01 1.585389e-03 -0.1653 
6.5865e+04 4.3392 3.5204 1.71884 0.88317 1.0257 7.3266e+02 0 2.9717e-05 3.5204 6.548722e-01 3.427000e-01 1.760424e-03 -0.1337 
7.7053e+04 4.3494 3.4987 1.39541 0.88419 1.4743 1.0976e+03 0 3.0409e-05 3.4987 6.531875e-01 3.441070e-01 2.031860e-03 -0.1231 
8.7648e+04 4.3516 3.5112 1.08711 0.88566 2.0810 1.2348e+03 0 3.0620e-05 3.5112 6.511834e-01 3.457270e-01 2.407311e-03 0.0663 
9.4451e+04 4.3573 3.6432 0.89223 0.88682 2.7998 4.5944e+02 0 3.8019e-05 3.6432 6.490032e-01 3.474370e-01 2.865793e-03 999.0000 
 4.4000 14 # agb_4.40_Z0.00200000_Mdot2_eta0.40_Mc0.00_dMc0.00_Tbd6.40_L0.00_dL0.00_C0.00_Nr3.00_rates0_KOPv_KMOLv.dat 
0.0000e+00 4.2777 3.5832 4.40000 0.89510 0.3534 1.0994e+02 1 1.6866e-05 3.5832 6.528000e-01 3.451820e-01 1.353444e-03 -0.0961 
3.8700e+03 4.3095 3.5791 4.31961 0.89580 0.3534 1.2124e+02 1 2.4774e-05 3.5791 6.528000e-01 3.451820e-01 1.353444e-03 -0.0984 
8.3238e+03 4.3174 3.5768 4.21225 0.89634 0.3664 1.2668e+02 1 2.9174e-05 3.5768 6.527370e-01 3.452370e-01 1.361458e-03 -0.1051 
1.3586e+04 4.3268 3.5736 4.05720 0.89693 0.3887 1.3454e+02 1 3.6475e-05 3.5736 6.526319e-01 3.453280e-01 1.375172e-03 -0.1104 
1.9725e+04 4.3346 3.5691 3.82809 0.89755 0.4209 1.4526e+02 1 4.8084e-05 3.5691 6.524672e-01 3.454730e-01 1.394738e-03 -0.1178 
2.6822e+04 4.3418 3.5619 3.45736 0.89819 0.4624 1.6346e+02 1 7.3114e-05 3.5619 6.522170e-01 3.456980e-01 1.419638e-03 -0.1303 
3.4882e+04 4.3495 3.5490 2.87635 0.89882 0.5201 2.0008e+02 1 6.5615e-05 3.5490 6.518336e-01 3.460460e-01 1.453656e-03 -0.1723 
4.3877e+04 4.3544 3.5377 2.44771 0.89941 0.6286 4.7225e+02 0 3.5645e-05 3.5377 6.512088e-01 3.466060e-01 1.517217e-03 -0.1757 
5.3463e+04 4.3601 3.5280 2.09814 0.89998 0.8201 5.9947e+02 0 3.1189e-05 3.5280 6.502873e-01 3.474130e-01 1.629388e-03 -0.1544 
6.3156e+04 4.3663 3.5133 1.79320 0.90057 1.1237 7.9769e+02 0 3.1623e-05 3.5133 6.490557e-01 3.484610e-01 1.808500e-03 -0.1496 
7.2693e+04 4.3738 3.4968 1.50029 0.90138 1.5538 1.1043e+03 0 3.2211e-05 3.4968 6.475414e-01 3.497120e-01 2.066057e-03 -0.1290 
8.1756e+04 4.3756 3.4986 1.22051 0.90254 2.1050 1.3130e+03 0 3.2285e-05 3.4986 6.457981e-01 3.511100e-01 2.403424e-03 -0.0351 
9.0153e+04 4.3780 3.5591 0.95966 0.90424 2.7279 9.5509e+02 0 3.2509e-05 3.5591 6.439676e-01 3.525390e-01 2.795418e-03 0.2259 
9.1974e+04 4.3546 3.6415 0.91013 0.90435 3.3319 4.5539e+02 0 3.8459e-05 3.6415 6.422725e-01 3.538310e-01 3.187134e-03 999.0000 
 4.6000 16 # agb_4.60_Z0.00200000_Mdot2_eta0.40_Mc0.00_dMc0.00_Tbd6.40_L0.00_dL0.00_C0.00_Nr3.00_rates0_KOPv_KMOLv.dat 
0.0000e+00 4.3140 3.5829 4.60000 0.92074 0.3569 1.1514e+02 1 2.0941e-05 3.5829 6.480000e-01 3.499780e-01 1.352736e-03 -0.0962 
2.9563e+03 4.3419 3.5793 4.52557 0.92133 0.3569 1.2548e+02 1 2.9309e-05 3.5793 6.480000e-01 3.499780e-01 1.352736e-03 -0.0994 
6.2844e+03 4.3512 3.5770 4.42824 0.92176 0.3680 1.3119e+02 1 3.4674e-05 3.5770 6.479513e-01 3.500200e-01 1.359474e-03 -0.1103 
1.0151e+04 4.3567 3.5746 4.29795 0.92221 0.3869 1.3693e+02 1 4.0551e-05 3.5746 6.478723e-01 3.500870e-01 1.370839e-03 -0.1115 
1.4626e+04 4.3648 3.5711 4.11356 0.92268 0.4132 1.4584e+02 1 5.1050e-05 3.5711 6.477537e-01 3.501900e-01 1.386610e-03 -0.1180 
1.9775e+04 4.3734 3.5659 3.83467 0.92317 0.4460 1.5950e+02 1 7.0632e-05 3.5659 6.475802e-01 3.503430e-01 1.406115e-03 -0.1294 
2.5645e+04 4.3791 3.5567 3.36461 0.92367 0.4857 1.8422e+02 1 1.1641e-04 3.5567 6.473273e-01 3.505730e-01 1.429402e-03 -0.1539 
3.2235e+04 4.3847 3.5465 2.90735 0.92414 0.5482 2.1609e+02 1 5.5590e-05 3.5465 6.469432e-01 3.509190e-01 1.465692e-03 -0.1976 
3.9419e+04 4.3886 3.5377 2.56374 0.92457 0.6545 4.8889e+02 0 3.5975e-05 3.5377 6.463704e-01 3.514290e-01 1.527374e-03 -0.1614 
4.6935e+04 4.3938 3.5301 2.28078 0.92494 0.8229 5.8804e+02 0 3.3729e-05 3.5301 6.455898e-01 3.521100e-01 1.625122e-03 -0.1561 
5.4636e+04 4.3977 3.5199 2.01896 0.92533 1.0682 7.2548e+02 0 3.4041e-05 3.5199 6.446024e-01 3.529510e-01 1.768550e-03 -0.1441 
6.2257e+04 4.4023 3.5022 1.76732 0.92581 1.4002 9.6737e+02 0 3.4356e-05 3.5022 6.434215e-01 3.539310e-01 1.964881e-03 -0.1407 
6.9663e+04 4.4032 3.4928 1.52205 0.92648 1.8201 1.2060e+03 0 3.4435e-05 3.4928 6.420690e-01 3.550250e-01 2.217493e-03 -0.1060 
7.6679e+04 4.4046 3.4950 1.28880 0.92745 2.3085 1.3784e+03 0 3.4594e-05 3.4950 6.406074e-01 3.561790e-01 2.517805e-03 -0.0295 
8.3211e+04 4.4066 3.5253 1.07063 0.92880 2.8291 1.2471e+03 0 3.4674e-05 3.5253 6.391270e-01 3.573220e-01 2.846118e-03 0.1649 
8.7329e+04 4.4108 3.6469 0.93513 0.92978 3.3169 4.7988e+02 0 3.9355e-05 3.6469 6.377849e-01 3.583390e-01 3.161930e-03 999.0000 
 4.8000 19 # agb_4.80_Z0.00200000_Mdot2_eta0.40_Mc0.00_dMc0.00_Tbd6.40_L0.00_dL0.00_C0.00_Nr3.00_rates0_KOPv_KMOLv.dat 
0.0000e+00 4.3433 3.5831 4.80000 0.94185 0.3594 1.1866e+02 1 2.4322e-05 3.5831 6.436000e-01 3.543740e-01 1.352018e-03 -0.0977 
2.3415e+03 4.3705 3.5796 4.73152 0.94235 0.3594 1.2897e+02 1 3.3651e-05 3.5796 6.436000e-01 3.543740e-01 1.352018e-03 -0.1039 
4.9543e+03 4.3785 3.5776 4.64447 0.94271 0.3692 1.3399e+02 1 3.8815e-05 3.5776 6.435611e-01 3.544070e-01 1.357830e-03 -0.1067 
7.9434e+03 4.3861 3.5754 4.52941 0.94308 0.3855 1.3987e+02 1 4.5604e-05 3.5754 6.434997e-01 3.544590e-01 1.367497e-03 -0.1081 
1.1413e+04 4.3934 3.5724 4.36977 0.94346 0.4080 1.4756e+02 1 5.5463e-05 3.5724 6.434093e-01 3.545350e-01 1.380809e-03 -0.1189 
1.5357e+04 4.3996 3.5685 4.14597 0.94386 0.4354 1.5780e+02 1 7.0632e-05 3.5685 6.432809e-01 3.546470e-01 1.397020e-03 -0.1277 
1.9814e+04 4.4091 3.5619 3.79550 0.94426 0.4667 1.7626e+02 1 1.0495e-04 3.5619 6.431018e-01 3.548070e-01 1.415674e-03 -0.1419 
2.4825e+04 4.4153 3.5528 3.33865 0.94465 0.5075 2.0337e+02 1 8.1470e-05 3.5528 6.428452e-01 3.550390e-01 1.439843e-03 -0.1860 
3.0363e+04 4.4165 3.5448 2.98303 0.94501 0.5734 2.2888e+02 1 5.1404e-05 3.5448 6.424686e-01 3.553770e-01 1.477938e-03 -0.1739 
3.6274e+04 4.4196 3.5380 2.69439 0.94531 0.6759 4.9948e+02 0 3.7068e-05 3.5380 6.419502e-01 3.558350e-01 1.536803e-03 -0.1652 
4.2469e+04 4.4228 3.5326 2.44989 0.94558 0.8260 5.7541e+02 0 3.6058e-05 3.5326 6.412817e-01 3.564150e-01 1.623168e-03 -0.1449 
4.8756e+04 4.4256 3.5250 2.22068 0.94583 1.0325 6.7709e+02 0 3.6308e-05 3.5250 6.404676e-01 3.571070e-01 1.742652e-03 -0.1434 
5.5060e+04 4.4285 3.5075 1.99812 0.94613 1.3021 8.7612e+02 0 3.6475e-05 3.5075 6.395142e-01 3.579000e-01 1.900199e-03 -0.1610 
6.1312e+04 4.4299 3.4966 1.77702 0.94655 1.6377 1.0765e+03 0 3.6644e-05 3.4966 6.384302e-01 3.587800e-01 2.099071e-03 -0.1307 
6.7300e+04 4.4309 3.4961 1.56486 0.94713 2.0333 1.2155e+03 0 3.6728e-05 3.4961 6.372397e-01 3.597260e-01 2.337741e-03 -0.0911 
7.3016e+04 4.4320 3.4915 1.36170 0.94795 2.4717 1.4378e+03 0 3.6813e-05 3.4915 6.359878e-01 3.607010e-01 2.607954e-03 -0.0364 
7.8376e+04 4.4335 3.5105 1.17049 0.94907 2.9245 1.3954e+03 0 3.6898e-05 3.5105 6.347409e-01 3.616540e-01 2.893692e-03 0.1357 
8.3424e+04 4.4352 3.5757 0.98958 0.95050 3.3502 9.0980e+02 0 3.7068e-05 3.5757 6.335967e-01 3.625150e-01 3.168852e-03 0.4770 
8.4460e+04 4.4173 3.6426 0.95655 0.95063 3.4990 4.9584e+02 0 3.7411e-05 3.6426 6.332057e-01 3.628050e-01 3.266589e-03 999.0000 
 5.0000 22 # agb_5.00_Z0.00200000_Mdot2_eta0.40_Mc0.00_dMc0.00_Tbd6.40_L0.00_dL0.00_C0.00_Nr3.00_rates0_KOPv_KMOLv.dat 
0.0000e+00 4.3985 3.5807 5.00000 0.97193 0.3601 1.3091e+02 1 3.6983e-05 3.5807 6.395000e-01 3.584700e-01 1.351618e-03 -0.0990 
1.7046e+03 4.4380 3.5757 4.91430 0.97234 0.3590 1.4729e+02 1 5.8479e-05 3.5757 6.395008e-01 3.584690e-01 1.351870e-03 -0.1101 
3.5771e+03 4.4507 3.5729 4.80116 0.97264 0.3629 1.5565e+02 1 7.1945e-05 3.5729 6.394711e-01 3.584930e-01 1.357737e-03 -0.1083 
5.7217e+03 4.4637 3.5694 4.63946 0.97293 0.3592 1.6638e+02 1 9.2257e-05 3.5694 6.394237e-01 3.585290e-01 1.368355e-03 -0.1149 
8.1647e+03 4.4734 3.5652 4.40652 0.97322 0.3334 1.7938e+02 1 1.2106e-04 3.5652 6.393514e-01 3.585850e-01 1.384504e-03 -0.1215 
1.0996e+04 4.4801 3.5593 4.06936 0.97354 0.2714 1.9745e+02 1 1.2912e-04 3.5593 6.392443e-01 3.586700e-01 1.406363e-03 -0.1409 
1.4209e+04 4.4819 3.5540 3.76164 0.97385 0.1940 2.1439e+02 1 8.6696e-05 3.5540 6.390889e-01 3.588000e-01 1.431926e-03 -0.1592 
1.7813e+04 4.4774 3.5502 3.48479 0.97415 0.1424 2.2725e+02 1 6.6988e-05 3.5502 6.388737e-01 3.589880e-01 1.458661e-03 -0.1513 
2.1780e+04 4.4761 3.5454 3.23338 0.97443 0.1235 2.4398e+02 1 5.2119e-05 3.5454 6.385864e-01 3.592410e-01 1.491933e-03 -0.1516 
2.6023e+04 4.4728 3.5410 3.00533 0.97467 0.1474 2.6002e+02 1 4.2364e-05 3.5410 6.382170e-01 3.595660e-01 1.534958e-03 -0.1515 
3.0509e+04 4.4713 3.5367 2.80087 0.97488 0.2146 5.4788e+02 0 4.0272e-05 3.5367 6.377590e-01 3.599670e-01 1.591387e-03 -0.1491 
3.5145e+04 4.4708 3.5324 2.60662 0.97507 0.3311 6.0698e+02 0 4.0272e-05 3.5324 6.372110e-01 3.604400e-01 1.664113e-03 -0.1493 
3.9834e+04 4.4700 3.5269 2.41902 0.97523 0.4954 6.8039e+02 0 4.0179e-05 3.5269 6.365726e-01 3.609840e-01 1.756627e-03 -0.1438 
4.4599e+04 4.4687 3.5232 2.23351 0.97541 0.7019 7.5353e+02 0 4.0087e-05 3.5232 6.358448e-01 3.615930e-01 1.872829e-03 -0.1379 
4.9288e+04 4.4688 3.5216 2.05160 0.97562 0.9511 8.2492e+02 0 4.0087e-05 3.5216 6.350335e-01 3.622590e-01 2.014571e-03 -0.1185 
5.3943e+04 4.4695 3.5035 1.87057 0.97593 1.2429 1.0555e+03 0 4.0087e-05 3.5035 6.341447e-01 3.629760e-01 2.182932e-03 -0.0877 
5.8453e+04 4.4697 3.4940 1.69508 0.97635 1.5736 1.2567e+03 0 4.0179e-05 3.4940 6.331899e-01 3.637320e-01 2.376850e-03 -0.0868 
6.2800e+04 4.4704 3.4906 1.52562 0.97693 1.9332 1.4266e+03 0 4.0179e-05 3.4906 6.321936e-01 3.645080e-01 2.591732e-03 -0.0322 
6.6940e+04 4.4713 3.4979 1.36383 0.97769 2.3076 1.4808e+03 0 4.0272e-05 3.4979 6.311867e-01 3.652800e-01 2.819995e-03 0.0583 
7.0834e+04 4.4726 3.5064 1.21122 0.97864 2.6788 1.5322e+03 0 4.0365e-05 3.5064 6.302091e-01 3.660190e-01 3.051103e-03 0.1796 
7.4569e+04 4.4739 3.5483 1.06435 0.97981 3.0232 1.1874e+03 0 4.0551e-05 3.5483 6.293146e-01 3.666880e-01 3.270009e-03 0.4418 
7.6596e+04 4.4765 3.6482 0.98639 0.98043 3.2648 5.2372e+02 0 4.0738e-05 3.6482 6.286947e-01 3.671460e-01 3.426243e-03 999.0000 
