# age(yr) logL logTe m_act mcore c/o period ip Mdot(Msun/yr) logTe X Y CNO dlogTe/dlogL 
 0.5150 3 # agb_0.515_Z0.00050000_Mdot51_eta1.00_Mc0.00_dMc0.00_Tbd6.40_L0.00_dL0.00_C0.00_Nr3.00_rates0_KOPv_KMOLv.dat 
0.0000e+00 2.9332 3.6601 0.51500 0.50096 0.5425 1.5956e+01 1 5.0350e-09 3.6601 7.420000e-01 2.574880e-01 3.339119e-04 -0.0664 
2.7199e+05 3.1485 3.6514 0.51192 0.50303 0.5425 2.5305e+01 1 1.7378e-08 3.6514 7.420000e-01 2.574880e-01 3.339119e-04 -0.0702 
5.5240e+05 3.2396 3.6664 0.50778 0.50538 0.5425 2.6884e+01 1 3.7411e-08 3.6664 7.420000e-01 2.574880e-01 3.339119e-04 999.0000 
 0.5200 4 # agb_0.520_Z0.00050000_Mdot51_eta1.00_Mc0.00_dMc0.00_Tbd6.40_L0.00_dL0.00_C0.00_Nr3.00_rates0_KOPv_KMOLv.dat 
0.0000e+00 2.9073 3.6577 0.52000 0.50027 0.5425 1.5413e+01 1 4.1210e-09 3.6577 7.420000e-01 2.574910e-01 3.339119e-04 -0.0688 
2.6245e+05 3.1628 3.6420 0.51757 0.50212 0.5425 2.7668e+01 1 1.6558e-08 3.6420 7.420000e-01 2.574910e-01 3.339119e-04 -0.0733 
6.2894e+05 3.2014 3.6537 0.51218 0.50581 0.5425 2.7400e+01 1 2.4434e-08 3.6537 7.420000e-01 2.574910e-01 3.339119e-04 -0.0704 
7.6584e+05 3.0709 3.6654 0.51131 0.50625 0.5425 1.9824e+01 1 1.2735e-08 3.6654 7.420000e-01 2.574910e-01 3.339119e-04 999.0000 
 0.5250 5 # agb_0.525_Z0.00050000_Mdot51_eta1.00_Mc0.00_dMc0.00_Tbd6.40_L0.00_dL0.00_C0.00_Nr3.00_rates0_KOPv_KMOLv.dat 
0.0000e+00 2.9165 3.6542 0.52500 0.50005 0.5424 1.5998e+01 1 4.0926e-09 3.6542 7.420000e-01 2.574660e-01 3.339105e-04 -0.0707 
2.7591e+05 3.1285 3.6406 0.52228 0.50206 0.5424 2.6123e+01 1 1.4191e-08 3.6406 7.420000e-01 2.574660e-01 3.339105e-04 -0.0707 
5.2127e+05 3.2168 3.6375 0.51988 0.50376 0.5424 3.1482e+01 1 2.4044e-08 3.6375 7.420000e-01 2.574660e-01 3.339105e-04 -0.0752 
6.2797e+05 3.2064 3.6437 0.51711 0.50556 0.5424 2.9596e+01 1 2.4210e-08 3.6437 7.420000e-01 2.574660e-01 3.339105e-04 -0.0752 
8.7912e+05 3.2711 3.6511 0.51355 0.50761 0.5424 3.1675e+01 1 3.9994e-08 3.6511 7.420000e-01 2.574660e-01 3.339105e-04 999.0000 
 0.5300 5 # agb_0.530_Z0.00050000_Mdot51_eta1.00_Mc0.00_dMc0.00_Tbd6.40_L0.00_dL0.00_C0.00_Nr3.00_rates0_KOPv_KMOLv.dat 
0.0000e+00 2.9212 3.6519 0.53000 0.50039 0.5417 1.6329e+01 1 4.0272e-09 3.6519 7.419000e-01 2.575650e-01 3.339735e-04 -0.0718 
2.7513e+05 3.1316 3.6376 0.52734 0.50243 0.5417 2.6734e+01 1 1.3804e-08 3.6376 7.419000e-01 2.575650e-01 3.339735e-04 -0.0718 
5.0223e+05 3.2127 3.6334 0.52539 0.50388 0.5417 3.2033e+01 1 2.2131e-08 3.6334 7.419000e-01 2.575650e-01 3.339735e-04 -0.0761 
6.2644e+05 3.2100 3.6381 0.52234 0.50597 0.5417 3.0882e+01 1 2.3014e-08 3.6381 7.419000e-01 2.575650e-01 3.339735e-04 -0.0761 
9.5997e+05 3.3045 3.6499 0.51562 0.50982 0.5417 3.3911e+01 1 4.8529e-08 3.6499 7.419000e-01 2.575650e-01 3.339735e-04 999.0000 
 0.5400 5 # agb_0.540_Z0.00050000_Mdot51_eta1.00_Mc0.00_dMc0.00_Tbd6.40_L0.00_dL0.00_C0.00_Nr3.00_rates0_KOPv_KMOLv.dat 
0.0000e+00 2.9880 3.6436 0.54000 0.50139 0.4747 1.9429e+01 1 5.2360e-09 3.6436 7.417000e-01 2.578080e-01 3.358844e-04 -0.0755 
2.6807e+05 3.1955 3.6286 0.53737 0.50361 0.4747 3.1789e+01 1 1.5488e-08 3.6286 7.417000e-01 2.578080e-01 3.358844e-04 -0.0795 
6.2455e+05 3.2615 3.6282 0.53225 0.50769 0.4747 3.6150e+01 1 2.3878e-08 3.6282 7.417000e-01 2.578080e-01 3.358844e-04 -0.0784 
1.0443e+06 3.3329 3.6453 0.52155 0.51445 0.4747 3.6726e+01 1 4.6132e-08 3.6453 7.417000e-01 2.578080e-01 3.358844e-04 -0.0754 
1.1732e+06 3.1785 3.6597 0.52017 0.51506 0.4747 2.4954e+01 1 2.0701e-08 3.6597 7.417000e-01 2.578080e-01 3.358844e-04 999.0000 
 0.5500 5 # agb_0.550_Z0.00050000_Mdot51_eta1.00_Mc0.00_dMc0.00_Tbd6.40_L0.00_dL0.00_C0.00_Nr3.00_rates0_KOPv_KMOLv.dat 
0.0000e+00 3.0190 3.6392 0.55000 0.50241 0.4226 2.1035e+01 1 5.7810e-09 3.6392 7.414000e-01 2.581360e-01 3.371872e-04 -0.0768 
2.6204e+05 3.2241 3.6234 0.54762 0.50468 0.4226 3.4451e+01 1 1.5205e-08 3.6234 7.414000e-01 2.581360e-01 3.371872e-04 -0.0807 
6.1431e+05 3.2957 3.6211 0.54286 0.50894 0.4226 8.1696e+01 0 2.3878e-08 3.6211 7.414000e-01 2.581360e-01 3.371872e-04 -0.0806 
1.0307e+06 3.3678 3.6276 0.53319 0.51612 0.4226 9.2076e+01 0 4.1687e-08 3.6276 7.414000e-01 2.581360e-01 3.371872e-04 -0.0789 
1.2900e+06 3.4342 3.6429 0.52645 0.52007 0.4226 9.4242e+01 0 7.5858e-08 3.6429 7.414000e-01 2.581360e-01 3.371872e-04 999.0000 
 0.5600 6 # agb_0.560_Z0.00050000_Mdot51_eta1.00_Mc0.00_dMc0.00_Tbd6.40_L0.00_dL0.00_C0.00_Nr3.00_rates0_KOPv_KMOLv.dat 
0.0000e+00 2.9379 3.6439 0.56000 0.50229 0.4242 1.7357e+01 1 3.6728e-09 3.6439 7.414000e-01 2.581630e-01 3.371388e-04 -0.0765 
2.6324e+05 3.1894 3.6239 0.55828 0.50440 0.4242 3.1897e+01 1 1.0520e-08 3.6239 7.414000e-01 2.581630e-01 3.371388e-04 -0.0810 
6.0867e+05 3.2682 3.6193 0.55499 0.50824 0.4242 3.8244e+01 1 1.6749e-08 3.6193 7.414000e-01 2.581630e-01 3.371388e-04 -0.0816 
1.0184e+06 3.3467 3.6180 0.54854 0.51471 0.4242 9.3277e+01 0 2.8054e-08 3.6180 7.414000e-01 2.581630e-01 3.371388e-04 -0.0815 
1.4379e+06 3.4192 3.6310 0.53615 0.52373 0.4242 9.9671e+01 0 5.2845e-08 3.6310 7.414000e-01 2.581630e-01 3.371388e-04 -0.0783 
1.6219e+06 3.4379 3.6451 0.53203 0.52618 0.4242 9.2271e+01 0 6.9024e-08 3.6451 7.414000e-01 2.581630e-01 3.371388e-04 999.0000 
 0.5700 6 # agb_0.570_Z0.00050000_Mdot51_eta1.00_Mc0.00_dMc0.00_Tbd6.40_L0.00_dL0.00_C0.00_Nr3.00_rates0_KOPv_KMOLv.dat 
0.0000e+00 3.0166 3.6365 0.57000 0.50354 0.3887 2.0978e+01 1 5.2000e-09 3.6365 7.409000e-01 2.586080e-01 3.381218e-04 -0.0788 
2.6507e+05 3.2056 3.6214 0.56752 0.50590 0.3887 3.3187e+01 1 1.3740e-08 3.6214 7.409000e-01 2.586080e-01 3.381218e-04 -0.0819 
6.1431e+05 3.2836 3.6169 0.56274 0.51021 0.3887 3.9748e+01 1 2.1979e-08 3.6169 7.409000e-01 2.586080e-01 3.381218e-04 -0.0827 
1.0074e+06 3.3766 3.6145 0.55417 0.51685 0.3887 1.0191e+02 0 4.0551e-08 3.6145 7.409000e-01 2.586080e-01 3.381218e-04 -0.0828 
1.4201e+06 3.4424 3.6326 0.53718 0.52630 0.3887 1.0330e+02 0 7.7625e-08 3.6326 7.409000e-01 2.586080e-01 3.381218e-04 -0.0788 
1.5721e+06 3.3930 3.6489 0.53338 0.52799 0.3887 3.9481e+01 1 6.6988e-08 3.6489 7.409000e-01 2.586080e-01 3.381218e-04 999.0000 
 0.5800 6 # agb_0.580_Z0.00050000_Mdot51_eta1.00_Mc0.00_dMc0.00_Tbd6.40_L0.00_dL0.00_C0.00_Nr3.00_rates0_KOPv_KMOLv.dat 
0.0000e+00 3.0977 3.6291 0.58000 0.50531 0.3720 2.5466e+01 1 7.5336e-09 3.6291 7.404000e-01 2.590860e-01 3.385508e-04 -0.0804 
2.6134e+05 3.2490 3.6170 0.57673 0.50793 0.3720 3.6816e+01 1 1.8113e-08 3.6170 7.404000e-01 2.590860e-01 3.385508e-04 -0.0833 
5.9853e+05 3.3415 3.6112 0.57084 0.51253 0.3720 9.4527e+01 0 3.1842e-08 3.6112 7.404000e-01 2.590860e-01 3.385508e-04 -0.0837 
1.0110e+06 3.4017 3.6126 0.55868 0.52059 0.3720 1.0884e+02 0 5.0003e-08 3.6126 7.404000e-01 2.590860e-01 3.385508e-04 -0.0835 
1.3965e+06 3.4754 3.6385 0.53779 0.53017 0.3720 1.0535e+02 0 1.1041e-07 3.6385 7.404000e-01 2.590860e-01 3.385508e-04 -0.0785 
1.4749e+06 3.1375 3.6641 0.53559 0.53055 0.3720 2.2077e+01 1 1.7378e-08 3.6641 7.404000e-01 2.590860e-01 3.385508e-04 999.0000 
 0.5900 6 # agb_0.590_Z0.00050000_Mdot51_eta1.00_Mc0.00_dMc0.00_Tbd6.40_L0.00_dL0.00_C0.00_Nr3.00_rates0_KOPv_KMOLv.dat 
0.0000e+00 3.0278 3.6341 0.59000 0.50570 0.3865 2.1406e+01 1 5.0816e-09 3.6341 7.407000e-01 2.588340e-01 3.382217e-04 -0.0798 
2.4806e+05 3.2561 3.6151 0.58790 0.50797 0.3865 3.7454e+01 1 1.4962e-08 3.6151 7.407000e-01 2.588340e-01 3.382217e-04 -0.0830 
6.0528e+05 3.3022 3.6127 0.58328 0.51276 0.3865 4.1625e+01 1 1.9907e-08 3.6127 7.407000e-01 2.588340e-01 3.382217e-04 -0.0842 
9.9057e+05 3.4002 3.6078 0.57542 0.51981 0.3865 1.1027e+02 0 3.6983e-08 3.6078 7.407000e-01 2.588340e-01 3.382217e-04 -0.0839 
1.3889e+06 3.4686 3.6120 0.56093 0.52958 0.3865 1.2664e+02 0 6.3680e-08 3.6120 7.407000e-01 2.588340e-01 3.382217e-04 -0.0825 
1.6885e+06 3.5449 3.6417 0.54358 0.53756 0.3865 1.1850e+02 0 1.4521e-07 3.6417 7.407000e-01 2.588340e-01 3.382217e-04 999.0000 
 0.6000 6 # agb_0.600_Z0.00050000_Mdot51_eta1.00_Mc0.00_dMc0.00_Tbd6.40_L0.00_dL0.00_C0.00_Nr3.00_rates0_KOPv_KMOLv.dat 
0.0000e+00 3.0360 3.6332 0.60000 0.50716 0.3882 2.1700e+01 1 5.1168e-09 3.6332 7.406000e-01 2.588510e-01 3.381506e-04 -0.0802 
2.5508e+05 3.2213 3.6177 0.59717 0.50956 0.3882 3.4203e+01 1 1.6218e-08 3.6177 7.406000e-01 2.588510e-01 3.381506e-04 -0.0834 
5.9269e+05 3.2976 3.6124 0.59173 0.51397 0.3882 4.1063e+01 1 2.5468e-08 3.6124 7.406000e-01 2.588510e-01 3.381506e-04 -0.0844 
9.8836e+05 3.3751 3.6094 0.58121 0.52129 0.3882 1.0189e+02 0 4.2364e-08 3.6094 7.406000e-01 2.588510e-01 3.381506e-04 -0.0846 
1.3668e+06 3.4589 3.6116 0.56389 0.53029 0.3882 1.2378e+02 0 8.0538e-08 3.6116 7.406000e-01 2.588510e-01 3.381506e-04 -0.0833 
1.6544e+06 3.5326 3.6433 0.54330 0.53761 0.3882 1.1365e+02 0 1.8664e-07 3.6433 7.406000e-01 2.588510e-01 3.381506e-04 999.0000 
 0.6200 6 # agb_0.62_Z0.00050000_Mdot51_eta1.00_Mc0.00_dMc0.00_Tbd6.40_L0.00_dL0.00_C0.00_Nr3.00_rates0_KOPv_KMOLv.dat 
0.0000e+00 3.1190 3.6256 0.62000 0.51017 0.3864 2.6263e+01 1 7.2946e-09 3.6256 7.402000e-01 2.592700e-01 3.382343e-04 -0.0825 
2.3819e+05 3.3009 3.6101 0.61701 0.51269 0.3864 4.1144e+01 1 2.1727e-08 3.6101 7.402000e-01 2.592700e-01 3.382343e-04 -0.0844 
5.7111e+05 3.3658 3.6056 0.61090 0.51769 0.3864 9.8678e+01 0 3.2359e-08 3.6056 7.402000e-01 2.592700e-01 3.382343e-04 -0.0851 
9.6094e+05 3.4331 3.6030 0.59910 0.52602 0.3864 1.1951e+02 0 5.1050e-08 3.6030 7.402000e-01 2.592700e-01 3.382343e-04 -0.0861 
1.3254e+06 3.5043 3.6044 0.58068 0.53583 0.3864 1.4229e+02 0 8.9950e-08 3.6044 7.402000e-01 2.592700e-01 3.382343e-04 -0.0848 
1.6502e+06 3.5663 3.6446 0.55120 0.54609 0.3864 1.1962e+02 0 2.1281e-07 3.6446 7.402000e-01 2.592700e-01 3.382343e-04 999.0000 
 0.6500 7 # agb_0.65_Z0.00050000_Mdot51_eta1.00_Mc0.00_dMc0.00_Tbd6.40_L0.00_dL0.00_C0.00_Nr3.00_rates0_KOPv_KMOLv.dat 
0.0000e+00 3.1279 3.6249 0.65000 0.51442 0.4053 2.6188e+01 1 6.9663e-09 3.6249 7.405000e-01 2.590450e-01 3.377378e-04 -0.0823 
2.3133e+05 3.3282 3.6075 0.64758 0.51715 0.4053 4.3009e+01 1 1.7022e-08 3.6075 7.405000e-01 2.590450e-01 3.377378e-04 -0.0857 
5.5242e+05 3.4018 3.6020 0.64262 0.52260 0.4053 1.0555e+02 0 2.6303e-08 3.6020 7.405000e-01 2.590450e-01 3.377378e-04 -0.0864 
9.2728e+05 3.4691 3.5977 0.63311 0.53167 0.4053 1.2913e+02 0 4.0926e-08 3.5977 7.405000e-01 2.590450e-01 3.377378e-04 -0.0878 
1.2651e+06 3.5486 3.5949 0.61945 0.54179 0.4053 1.6131e+02 0 7.0958e-08 3.5949 7.405000e-01 2.590450e-01 3.377378e-04 -0.0876 
1.5814e+06 3.5979 3.5998 0.59903 0.55304 0.4053 1.7765e+02 0 1.1143e-07 3.5998 7.405000e-01 2.590450e-01 3.377378e-04 -0.0843 
1.8512e+06 3.6477 3.6392 0.57011 0.56371 0.4053 1.4604e+02 0 2.3878e-07 3.6392 7.405000e-01 2.590450e-01 3.377378e-04 999.0000 
 0.6600 7 # agb_0.66_Z0.00050000_Mdot51_eta1.00_Mc0.00_dMc0.00_Tbd6.40_L0.00_dL0.00_C0.00_Nr3.00_rates0_KOPv_KMOLv.dat 
0.0000e+00 3.2642 3.6132 0.66000 0.51757 0.4029 3.6321e+01 1 1.3804e-08 3.6132 7.400000e-01 2.595440e-01 3.377005e-04 -0.0854 
2.1998e+05 3.4067 3.6008 0.65678 0.52064 0.4029 1.0571e+02 0 2.5763e-08 3.6008 7.400000e-01 2.595440e-01 3.377005e-04 -0.0864 
5.4402e+05 3.4612 3.5970 0.64985 0.52724 0.4029 1.2473e+02 0 3.6392e-08 3.5970 7.400000e-01 2.595440e-01 3.377005e-04 -0.0874 
9.0096e+05 3.5241 3.5937 0.63801 0.53716 0.4029 1.5027e+02 0 5.6234e-08 3.5937 7.400000e-01 2.595440e-01 3.377005e-04 -0.0876 
1.2324e+06 3.5767 3.5945 0.62087 0.54836 0.4029 1.7206e+02 0 8.5114e-08 3.5945 7.400000e-01 2.595440e-01 3.377005e-04 -0.0876 
1.5194e+06 3.6277 3.6015 0.59826 0.55930 0.4029 1.8731e+02 0 1.3996e-07 3.6015 7.400000e-01 2.595440e-01 3.377005e-04 -0.0828 
1.7378e+06 3.6711 3.6434 0.57305 0.56784 0.4029 1.4743e+02 0 2.8973e-07 3.6434 7.400000e-01 2.595440e-01 3.377005e-04 999.0000 
 0.6800 8 # agb_0.68_Z0.00050000_Mdot51_eta1.00_Mc0.00_dMc0.00_Tbd6.40_L0.00_dL0.00_C0.00_Nr3.00_rates0_KOPv_KMOLv.dat 
0.0000e+00 3.1214 3.6259 0.68000 0.51741 0.4209 2.5106e+01 1 6.2087e-09 3.6259 7.407000e-01 2.588070e-01 3.372532e-04 -0.0823 
2.2529e+05 3.3233 3.6082 0.67748 0.52012 0.4209 4.1430e+01 1 1.7539e-08 3.6082 7.407000e-01 2.588070e-01 3.372532e-04 -0.0859 
5.3361e+05 3.4030 3.6016 0.67239 0.52540 0.4209 1.0195e+02 0 2.7861e-08 3.6016 7.407000e-01 2.588070e-01 3.372532e-04 -0.0865 
8.9459e+05 3.4739 3.5967 0.66273 0.53418 0.4209 1.2647e+02 0 4.3652e-08 3.5967 7.407000e-01 2.588070e-01 3.372532e-04 -0.0879 
1.2217e+06 3.5532 3.5919 0.64897 0.54404 0.4209 1.6047e+02 0 7.4645e-08 3.5919 7.407000e-01 2.588070e-01 3.372532e-04 -0.0883 
1.5380e+06 3.5949 3.5940 0.62787 0.55550 0.4209 1.7813e+02 0 1.0839e-07 3.5940 7.407000e-01 2.588070e-01 3.372532e-04 -0.0872 
1.8083e+06 3.6393 3.6044 0.60002 0.56638 0.4209 1.8682e+02 0 1.7824e-07 3.6044 7.407000e-01 2.588070e-01 3.372532e-04 -0.0816 
1.9775e+06 3.6773 3.6417 0.57827 0.57257 0.4209 1.5057e+02 0 3.3729e-07 3.6417 7.407000e-01 2.588070e-01 3.372532e-04 999.0000 
 0.7000 8 # agb_0.70_Z0.00050000_Mdot51_eta1.00_Mc0.00_dMc0.00_Tbd6.40_L0.00_dL0.00_C0.00_Nr3.00_rates0_KOPv_KMOLv.dat 
0.0000e+00 3.2674 3.6135 0.70000 0.52142 0.4233 3.5389e+01 1 1.2531e-08 3.6135 7.402000e-01 2.593220e-01 3.371286e-04 -0.0853 
2.1142e+05 3.4132 3.6005 0.69685 0.52448 0.4233 5.0937e+01 1 2.5704e-08 3.6005 7.402000e-01 2.593220e-01 3.371286e-04 -0.0865 
5.1915e+05 3.4764 3.5958 0.69012 0.53096 0.4233 1.2354e+02 0 3.7584e-08 3.5958 7.402000e-01 2.593220e-01 3.371286e-04 -0.0876 
8.6058e+05 3.5398 3.5913 0.67874 0.54077 0.4233 1.5038e+02 0 5.7412e-08 3.5913 7.402000e-01 2.593220e-01 3.371286e-04 -0.0890 
1.1766e+06 3.5933 3.5892 0.66288 0.55172 0.4233 1.7650e+02 0 8.5310e-08 3.5892 7.402000e-01 2.593220e-01 3.371286e-04 -0.0885 
1.4608e+06 3.6347 3.5908 0.64189 0.56295 0.4233 1.9644e+02 0 1.2331e-07 3.5908 7.402000e-01 2.593220e-01 3.371286e-04 -0.0877 
1.7161e+06 3.6685 3.6009 0.61318 0.57419 0.4233 2.0164e+02 0 1.8880e-07 3.6009 7.402000e-01 2.593220e-01 3.371286e-04 -0.0802 
1.8880e+06 3.7088 3.6428 0.58693 0.58144 0.4233 1.5791e+02 0 3.8194e-07 3.6428 7.402000e-01 2.593220e-01 3.371286e-04 999.0000 
 0.7200 9 # agb_0.72_Z0.00050000_Mdot51_eta1.00_Mc0.00_dMc0.00_Tbd6.40_L0.00_dL0.00_C0.00_Nr3.00_rates0_KOPv_KMOLv.dat 
0.0000e+00 3.1520 3.6241 0.72000 0.52159 0.4351 2.6124e+01 1 6.5615e-09 3.6241 7.408000e-01 2.586680e-01 3.368891e-04 -0.0831 
2.1152e+05 3.3545 3.6063 0.71727 0.52427 0.4351 4.3196e+01 1 2.1330e-08 3.6063 7.408000e-01 2.586680e-01 3.368891e-04 -0.0861 
5.2157e+05 3.4082 3.6017 0.71115 0.53008 0.4351 4.9522e+01 1 2.9444e-08 3.6017 7.408000e-01 2.586680e-01 3.368891e-04 -0.0869 
8.5253e+05 3.4981 3.5948 0.70119 0.53852 0.4351 1.2898e+02 0 5.0699e-08 3.5948 7.408000e-01 2.586680e-01 3.368891e-04 -0.0879 
1.1824e+06 3.5549 3.5911 0.68535 0.54920 0.4351 1.5457e+02 0 7.5858e-08 3.5911 7.408000e-01 2.586680e-01 3.368891e-04 -0.0891 
1.4632e+06 3.6148 3.5889 0.66570 0.55948 0.4351 1.8493e+02 0 1.1912e-07 3.5889 7.408000e-01 2.586680e-01 3.368891e-04 -0.0885 
1.7259e+06 3.6527 3.5922 0.63824 0.57042 0.4351 2.0298e+02 0 1.7660e-07 3.5922 7.408000e-01 2.586680e-01 3.368891e-04 -0.0852 
1.9615e+06 3.6850 3.6177 0.59860 0.58124 0.4351 1.8406e+02 0 3.1117e-07 3.6177 7.408000e-01 2.586680e-01 3.368891e-04 -0.0747 
2.0389e+06 3.6043 3.6427 0.58912 0.58290 0.4351 1.2469e+02 0 2.3014e-07 3.6427 7.408000e-01 2.586680e-01 3.368891e-04 999.0000 
 0.7500 10 # agb_0.75_Z0.00050000_Mdot51_eta1.00_Mc0.00_dMc0.00_Tbd6.40_L0.00_dL0.00_C0.00_Nr3.00_rates0_KOPv_KMOLv.dat 
0.0000e+00 3.1699 3.6234 0.75000 0.52379 0.4436 2.6579e+01 1 6.7143e-09 3.6234 7.407000e-01 2.588070e-01 3.367310e-04 -0.0835 
2.0622e+05 3.3758 3.6053 0.74761 0.52656 0.4436 4.4310e+01 1 1.9187e-08 3.6053 7.407000e-01 2.588070e-01 3.367310e-04 -0.0863 
5.1136e+05 3.4280 3.6007 0.74224 0.53262 0.4436 5.0610e+01 1 2.6122e-08 3.6007 7.407000e-01 2.588070e-01 3.367310e-04 -0.0871 
8.3440e+05 3.5194 3.5935 0.73359 0.54138 0.4436 1.3148e+02 0 4.4771e-08 3.5935 7.407000e-01 2.588070e-01 3.367310e-04 -0.0884 
1.1401e+06 3.5886 3.5880 0.72119 0.55159 0.4436 1.6359e+02 0 7.0469e-08 3.5880 7.407000e-01 2.588070e-01 3.367310e-04 -0.0895 
1.4237e+06 3.6352 3.5856 0.70434 0.56263 0.4436 1.8942e+02 0 1.0000e-07 3.5856 7.407000e-01 2.588070e-01 3.367310e-04 -0.0892 
1.6828e+06 3.6680 3.5865 0.68230 0.57400 0.4436 2.0821e+02 0 1.3521e-07 3.5865 7.407000e-01 2.588070e-01 3.367310e-04 -0.0889 
1.9050e+06 3.7045 3.5897 0.65562 0.58458 0.4436 2.2751e+02 0 1.9861e-07 3.5897 7.407000e-01 2.588070e-01 3.367310e-04 -0.0834 
2.1102e+06 3.7319 3.6121 0.61726 0.59529 0.4436 2.0904e+02 0 3.2810e-07 3.6121 7.407000e-01 2.588070e-01 3.367310e-04 -0.0712 
2.1921e+06 3.7088 3.6420 0.60392 0.59795 0.4436 1.5495e+02 0 3.7411e-07 3.6420 7.407000e-01 2.588070e-01 3.367310e-04 999.0000 
 0.7600 10 # agb_0.76_Z0.00050000_Mdot51_eta1.00_Mc0.00_dMc0.00_Tbd6.40_L0.00_dL0.00_C0.00_Nr3.00_rates0_KOPv_KMOLv.dat 
0.0000e+00 3.1745 3.6233 0.76000 0.52480 0.4462 2.6633e+01 1 6.7298e-09 3.6233 7.406000e-01 2.589180e-01 3.366750e-04 -0.0836 
2.0468e+05 3.3815 3.6051 0.75769 0.52760 0.4462 4.4526e+01 1 1.8493e-08 3.6051 7.406000e-01 2.589180e-01 3.366750e-04 -0.0864 
5.0686e+05 3.4352 3.6003 0.75249 0.53375 0.4462 5.1062e+01 1 2.5351e-08 3.6003 7.406000e-01 2.589180e-01 3.366750e-04 -0.0871 
8.2630e+05 3.5281 3.5929 0.74411 0.54263 0.4462 1.3297e+02 0 4.3752e-08 3.5929 7.406000e-01 2.589180e-01 3.366750e-04 -0.0885 
1.1287e+06 3.5961 3.5875 0.73217 0.55297 0.4462 1.6485e+02 0 6.8077e-08 3.5875 7.406000e-01 2.589180e-01 3.366750e-04 -0.0901 
1.4088e+06 3.6418 3.5850 0.71609 0.56410 0.4462 1.9052e+02 0 9.5499e-08 3.5850 7.406000e-01 2.589180e-01 3.366750e-04 -0.0894 
1.6616e+06 3.6755 3.5850 0.69573 0.57535 0.4462 2.1069e+02 0 1.2823e-07 3.5850 7.406000e-01 2.589180e-01 3.366750e-04 -0.0891 
1.8800e+06 3.7114 3.5869 0.67145 0.58587 0.4462 2.3180e+02 0 1.8323e-07 3.5869 7.406000e-01 2.589180e-01 3.366750e-04 -0.0842 
2.0827e+06 3.7395 3.5986 0.63767 0.59663 0.4462 2.3295e+02 0 2.7669e-07 3.5986 7.406000e-01 2.589180e-01 3.366750e-04 -0.0757 
2.2144e+06 3.7694 3.6452 0.60830 0.60316 0.4462 1.7132e+02 0 5.4576e-07 3.6452 7.406000e-01 2.589180e-01 3.366750e-04 999.0000 
 0.7800 10 # agb_0.78_Z0.00050000_Mdot51_eta1.00_Mc0.00_dMc0.00_Tbd6.40_L0.00_dL0.00_C0.00_Nr3.00_rates0_KOPv_KMOLv.dat 
0.0000e+00 3.3034 3.6127 0.78000 0.52767 0.4475 3.5976e+01 1 1.2445e-08 3.6127 7.401000e-01 2.594190e-01 3.365729e-04 -0.0853 
2.0693e+05 3.4151 3.6028 0.77689 0.53103 0.4475 4.7541e+01 1 2.1135e-08 3.6028 7.401000e-01 2.594190e-01 3.365729e-04 -0.0870 
4.8479e+05 3.5085 3.5945 0.77108 0.53742 0.4475 1.2149e+02 0 3.6141e-08 3.5945 7.401000e-01 2.594190e-01 3.365729e-04 -0.0882 
8.0384e+05 3.5704 3.5898 0.76113 0.54740 0.4475 1.4725e+02 0 5.3088e-08 3.5898 7.401000e-01 2.594190e-01 3.365729e-04 -0.0898 
1.0995e+06 3.6205 3.5860 0.74775 0.55847 0.4475 1.7315e+02 0 7.4989e-08 3.5860 7.401000e-01 2.594190e-01 3.365729e-04 -0.0900 
1.3668e+06 3.6561 3.5843 0.73088 0.56979 0.4475 1.9429e+02 0 9.9083e-08 3.5843 7.401000e-01 2.594190e-01 3.365729e-04 -0.0893 
1.5968e+06 3.6958 3.5834 0.71141 0.58040 0.4475 2.1920e+02 0 1.3709e-07 3.5834 7.401000e-01 2.594190e-01 3.365729e-04 -0.0897 
1.8063e+06 3.7274 3.5850 0.68694 0.59099 0.4475 2.3941e+02 0 1.8880e-07 3.5850 7.401000e-01 2.594190e-01 3.365729e-04 -0.0846 
1.9972e+06 3.7559 3.5936 0.65447 0.60150 0.4475 2.4688e+02 0 2.7861e-07 3.5936 7.401000e-01 2.594190e-01 3.365729e-04 -0.0767 
2.1484e+06 3.7881 3.6454 0.61522 0.61006 0.4475 1.7642e+02 0 6.0117e-07 3.6454 7.401000e-01 2.594190e-01 3.365729e-04 999.0000 
 0.8000 11 # agb_0.80_Z0.00050000_Mdot51_eta1.00_Mc0.00_dMc0.00_Tbd6.40_L0.00_dL0.00_C0.00_Nr3.00_rates0_KOPv_KMOLv.dat 
0.0000e+00 3.3100 3.6129 0.80000 0.52923 0.4520 3.5901e+01 1 1.2359e-08 3.6129 7.396000e-01 2.599310e-01 3.368182e-04 -0.0854 
2.0309e+05 3.4314 3.6021 0.79700 0.53266 0.4520 4.8596e+01 1 2.0989e-08 3.6021 7.396000e-01 2.599310e-01 3.368182e-04 -0.0874 
4.7832e+05 3.5202 3.5942 0.79140 0.53924 0.4520 6.0827e+01 1 3.4914e-08 3.5942 7.396000e-01 2.599310e-01 3.368182e-04 -0.0881 
7.9324e+05 3.5793 3.5897 0.78192 0.54943 0.4520 1.4678e+02 0 5.0234e-08 3.5897 7.396000e-01 2.599310e-01 3.368182e-04 -0.0897 
1.0835e+06 3.6276 3.5858 0.76939 0.56062 0.4520 1.7171e+02 0 6.9663e-08 3.5858 7.396000e-01 2.599310e-01 3.368182e-04 -0.0905 
1.3445e+06 3.6635 3.5837 0.75388 0.57196 0.4520 1.9312e+02 0 9.1622e-08 3.5837 7.396000e-01 2.599310e-01 3.368182e-04 -0.0895 
1.5647e+06 3.7068 3.5818 0.73673 0.58228 0.4520 2.2100e+02 0 1.2735e-07 3.5818 7.396000e-01 2.599310e-01 3.368182e-04 -0.0893 
1.7792e+06 3.7304 3.5831 0.71345 0.59355 0.4520 2.3698e+02 0 1.6331e-07 3.5831 7.396000e-01 2.599310e-01 3.368182e-04 -0.0878 
1.9628e+06 3.7613 3.5862 0.68600 0.60385 0.4520 2.5580e+02 0 2.3067e-07 3.5862 7.396000e-01 2.599310e-01 3.368182e-04 -0.0805 
2.1276e+06 3.7909 3.6007 0.64979 0.61380 0.4520 2.5209e+02 0 3.6141e-07 3.6007 7.396000e-01 2.599310e-01 3.368182e-04 -0.0718 
2.2228e+06 3.8091 3.6424 0.62473 0.61875 0.4520 1.8742e+02 0 6.1660e-07 3.6424 7.396000e-01 2.599310e-01 3.368182e-04 999.0000 
 0.8500 12 # agb_0.85_Z0.00050000_Mdot51_eta1.00_Mc0.00_dMc0.00_Tbd6.40_L0.00_dL0.00_C0.00_Nr3.00_rates0_KOPv_KMOLv.dat 
0.0000e+00 3.3672 3.6100 0.85000 0.53423 0.4488 3.9484e+01 1 1.5066e-08 3.6100 7.372000e-01 2.623290e-01 3.379431e-04 -0.0859 
1.8424e+05 3.4925 3.5985 0.84709 0.53759 0.4488 5.4119e+01 1 2.6546e-08 3.5985 7.372000e-01 2.623290e-01 3.379431e-04 -0.0875 
4.5986e+05 3.5476 3.5938 0.84091 0.54495 0.4488 6.2172e+01 1 3.6475e-08 3.5938 7.372000e-01 2.623290e-01 3.379431e-04 -0.0886 
7.6158e+05 3.5984 3.5899 0.83122 0.55568 0.4488 1.4467e+02 0 4.9888e-08 3.5899 7.372000e-01 2.623290e-01 3.379431e-04 -0.0904 
1.0212e+06 3.6559 3.5849 0.81999 0.56622 0.4488 1.7410e+02 0 7.2111e-08 3.5849 7.372000e-01 2.623290e-01 3.379431e-04 -0.0908 
1.2674e+06 3.6894 3.5825 0.80549 0.57756 0.4488 1.9483e+02 0 9.2470e-08 3.5825 7.372000e-01 2.623290e-01 3.379431e-04 -0.0902 
1.4852e+06 3.7203 3.5808 0.78863 0.58854 0.4488 2.1606e+02 0 1.1803e-07 3.5808 7.372000e-01 2.623290e-01 3.379431e-04 -0.0902 
1.6783e+06 3.7512 3.5799 0.76901 0.59906 0.4488 2.3882e+02 0 1.5311e-07 3.5799 7.372000e-01 2.623290e-01 3.379431e-04 -0.0905 
1.8502e+06 3.7823 3.5799 0.74586 0.60916 0.4488 2.6312e+02 0 2.0464e-07 3.5799 7.372000e-01 2.623290e-01 3.379431e-04 -0.0863 
2.0074e+06 3.8094 3.5825 0.71686 0.61911 0.4488 2.8294e+02 0 2.8054e-07 3.5825 7.372000e-01 2.623290e-01 3.379431e-04 -0.0784 
2.1542e+06 3.8303 3.5944 0.67758 0.62913 0.4488 2.8040e+02 0 4.1305e-07 3.5944 7.372000e-01 2.623290e-01 3.379431e-04 -0.0713 
2.2522e+06 3.8592 3.6450 0.64113 0.63550 0.4488 2.0010e+02 0 8.3753e-07 3.6450 7.372000e-01 2.623290e-01 3.379431e-04 999.0000 
 0.9000 12 # agb_0.90_Z0.00050000_Mdot51_eta1.00_Mc0.00_dMc0.00_Tbd6.40_L0.00_dL0.00_C0.00_Nr3.00_rates0_KOPv_KMOLv.dat 
0.0000e+00 3.3368 3.6150 0.90000 0.53789 0.4391 3.4951e+01 1 1.1803e-08 3.6150 7.347000e-01 2.647400e-01 3.394541e-04 -0.0849 
1.8289e+05 3.4592 3.6041 0.89657 0.54120 0.4391 4.7478e+01 1 2.7606e-08 3.6041 7.347000e-01 2.647400e-01 3.394541e-04 -0.0867 
4.4472e+05 3.5248 3.5979 0.88961 0.54804 0.4391 5.6209e+01 1 4.0179e-08 3.5979 7.347000e-01 2.647400e-01 3.394541e-04 -0.0876 
7.3030e+05 3.5900 3.5924 0.87864 0.55801 0.4391 6.6393e+01 1 5.9156e-08 3.5924 7.347000e-01 2.647400e-01 3.394541e-04 -0.0890 
9.9394e+05 3.6379 3.5884 0.86462 0.56879 0.4391 1.5456e+02 0 8.0724e-08 3.5884 7.347000e-01 2.647400e-01 3.394541e-04 -0.0914 
1.2207e+06 3.6848 3.5842 0.84893 0.57893 0.4391 1.8122e+02 0 1.1117e-07 3.5842 7.347000e-01 2.647400e-01 3.394541e-04 -0.0912 
1.4337e+06 3.7171 3.5817 0.82936 0.58951 0.4391 2.0339e+02 0 1.4322e-07 3.5817 7.347000e-01 2.647400e-01 3.394541e-04 -0.0896 
1.6295e+06 3.7430 3.5804 0.80548 0.60015 0.4391 2.2386e+02 0 1.8113e-07 3.5804 7.347000e-01 2.647400e-01 3.394541e-04 -0.0913 
1.8012e+06 3.7716 3.5798 0.77787 0.61013 0.4391 2.4753e+02 0 2.3714e-07 3.5798 7.347000e-01 2.647400e-01 3.394541e-04 -0.0897 
1.9584e+06 3.7965 3.5810 0.74344 0.61995 0.4391 2.6967e+02 0 3.2137e-07 3.5810 7.347000e-01 2.647400e-01 3.394541e-04 -0.0830 
2.0994e+06 3.8225 3.5883 0.69924 0.62935 0.4391 2.8292e+02 0 4.7753e-07 3.5883 7.347000e-01 2.647400e-01 3.394541e-04 -0.0763 
2.2145e+06 3.8520 3.6481 0.64222 0.63721 0.4391 1.9117e+02 0 1.1429e-06 3.6481 7.347000e-01 2.647400e-01 3.394541e-04 999.0000 
 0.9500 16 # agb_0.95_Z0.00050000_Mdot51_eta1.00_Mc0.00_dMc0.00_Tbd6.40_L0.00_dL0.00_C0.00_Nr3.00_rates0_KOPv_KMOLv.dat 
0.0000e+00 3.3293 3.6177 0.95000 0.53806 0.4280 3.2876e+01 1 1.0471e-08 3.6177 7.334000e-01 2.661550e-01 3.396712e-04 -0.0841 
1.7666e+05 3.4917 3.6032 0.94788 0.54134 0.4280 4.9276e+01 1 1.9498e-08 3.6032 7.334000e-01 2.661550e-01 3.396712e-04 -0.0862 
4.4776e+05 3.5422 3.5986 0.94305 0.54892 0.4280 5.6078e+01 1 2.5942e-08 3.5986 7.334000e-01 2.661550e-01 3.396712e-04 -0.0874 
7.1972e+05 3.6220 3.5917 0.93635 0.55883 0.4280 6.8491e+01 1 4.0644e-08 3.5917 7.334000e-01 2.661550e-01 3.396712e-04 -0.0893 
9.8090e+05 3.6708 3.5877 0.92737 0.57016 0.4280 1.5715e+02 0 5.4576e-08 3.5877 7.334000e-01 2.661550e-01 3.396712e-04 -0.0909 
1.2154e+06 3.7061 3.5846 0.91676 0.58154 0.4280 1.7666e+02 0 6.9024e-08 3.5846 7.334000e-01 2.661550e-01 3.396712e-04 -0.0917 
1.4236e+06 3.7375 3.5820 0.90473 0.59258 0.4280 1.9632e+02 0 8.5704e-08 3.5820 7.334000e-01 2.661550e-01 3.396712e-04 -0.0904 
1.6074e+06 3.7696 3.5795 0.89125 0.60314 0.4280 2.1866e+02 0 1.0789e-07 3.5795 7.334000e-01 2.661550e-01 3.396712e-04 -0.0915 
1.7715e+06 3.8004 3.5773 0.87603 0.61327 0.4280 2.4255e+02 0 1.3583e-07 3.5773 7.334000e-01 2.661550e-01 3.396712e-04 -0.0929 
1.9189e+06 3.8283 3.5758 0.85880 0.62301 0.4280 2.6644e+02 0 1.6982e-07 3.5758 7.334000e-01 2.661550e-01 3.396712e-04 -0.0920 
2.0580e+06 3.8523 3.5749 0.83772 0.63297 0.4280 2.8972e+02 0 2.0989e-07 3.5749 7.334000e-01 2.661550e-01 3.396712e-04 -0.0877 
2.1836e+06 3.8738 3.5751 0.81309 0.64251 0.4280 3.1163e+02 0 2.6546e-07 3.5751 7.334000e-01 2.661550e-01 3.396712e-04 -0.0826 
2.2952e+06 3.8969 3.5767 0.78466 0.65145 0.4280 3.3387e+02 0 3.4594e-07 3.5767 7.334000e-01 2.661550e-01 3.396712e-04 -0.0802 
2.3979e+06 3.9186 3.5822 0.74961 0.66015 0.4280 3.4772e+02 0 4.7424e-07 3.5822 7.334000e-01 2.661550e-01 3.396712e-04 -0.0710 
2.4924e+06 3.9378 3.6018 0.70357 0.66857 0.4280 3.2260e+02 0 7.3621e-07 3.6018 7.334000e-01 2.661550e-01 3.396712e-04 -0.0492 
2.5394e+06 3.9433 3.6441 0.67768 0.67192 0.4280 2.3159e+02 0 1.1429e-06 3.6441 7.334000e-01 2.661550e-01 3.396712e-04 999.0000 
 1.0000 7 # agb_1.00_Z0.00050000_Mdot51_eta1.00_Mc0.00_dMc0.00_Tbd6.40_L0.00_dL0.00_C0.00_Nr3.00_rates0_KOPv_KMOLv.dat 
0.0000e+00 3.2953 3.6229 1.00000 0.54084 0.4131 2.8978e+01 1 8.2604e-09 3.6229 7.317000e-01 2.677750e-01 3.402055e-04 -0.0831 
1.7318e+05 3.4739 3.6071 0.99751 0.54400 0.4131 4.5174e+01 1 2.2284e-08 3.6071 7.317000e-01 2.677750e-01 3.402055e-04 -0.0856 
4.2231e+05 3.5426 3.6007 0.99245 0.55059 0.4131 5.3843e+01 1 3.2509e-08 3.6007 7.317000e-01 2.677750e-01 3.402055e-04 -0.0870 
7.0840e+05 3.5982 3.5959 0.98378 0.56103 0.4131 6.2010e+01 1 4.4668e-08 3.5959 7.317000e-01 2.677750e-01 3.402055e-04 -0.0884 
9.6168e+05 3.6514 3.5914 0.97329 0.57184 0.4131 7.1035e+01 1 6.1235e-08 3.5914 7.317000e-01 2.677750e-01 3.402055e-04 -0.0903 
1.1887e+06 3.7543 3.5642 0.65957 0.58272 5.8892 3.1765e+02 0 3.8905e-06 3.5642 7.283921e-01 2.699750e-01 1.446040e-03 -0.1229 
1.2557e+06 3.6336 3.6357 0.59006 0.58419 5.8892 1.4158e+02 0 2.6182e-06 3.6357 7.283921e-01 2.699750e-01 1.446040e-03 999.0000 
 1.0500 6 # agb_1.05_Z0.00050000_Mdot51_eta1.00_Mc0.00_dMc0.00_Tbd6.40_L0.00_dL0.00_C0.00_Nr3.00_rates0_KOPv_KMOLv.dat 
0.0000e+00 3.2495 3.6289 1.05000 0.54282 0.4004 2.4880e+01 1 6.2517e-09 3.6289 7.304000e-01 2.691070e-01 3.404971e-04 -0.0825 
1.7534e+05 3.4479 3.6116 1.04791 0.54605 0.4004 4.0636e+01 1 1.6106e-08 3.6116 7.304000e-01 2.691070e-01 3.404971e-04 -0.0848 
4.1654e+05 3.5387 3.6036 1.04377 0.55254 0.4004 5.0978e+01 1 2.5882e-08 3.6036 7.304000e-01 2.691070e-01 3.404971e-04 -0.0861 
6.8074e+05 3.6177 3.5964 1.03719 0.56215 0.4004 6.2336e+01 1 4.0179e-08 3.5964 7.304000e-01 2.691070e-01 3.404971e-04 -0.0880 
9.3607e+05 3.7091 3.5717 0.97937 0.57280 3.2637 1.8804e+02 0 3.9994e-07 3.5717 7.276041e-01 2.713220e-01 9.201876e-04 -0.1075 
1.0683e+06 3.7551 3.6297 0.58108 0.57554 9.9090 1.9849e+02 0 1.7179e-05 3.6297 7.223928e-01 2.748310e-01 2.615424e-03 999.0000 
 1.1000 6 # agb_1.10_Z0.00050000_Mdot51_eta1.00_Mc0.00_dMc0.00_Tbd6.40_L0.00_dL0.00_C0.00_Nr3.00_rates0_KOPv_KMOLv.dat 
0.0000e+00 3.4143 3.6169 1.10000 0.54903 0.3890 3.5866e+01 1 1.3062e-08 3.6169 7.290000e-01 2.705420e-01 3.407296e-04 -0.0844 
1.6219e+05 3.5357 3.6061 1.09769 0.55265 0.3890 4.8520e+01 1 2.0559e-08 3.6061 7.290000e-01 2.705420e-01 3.407296e-04 -0.0858 
3.9853e+05 3.5992 3.6001 1.09303 0.56037 0.3890 5.7067e+01 1 2.9107e-08 3.6001 7.290000e-01 2.705420e-01 3.407296e-04 -0.0869 
6.4544e+05 3.6848 3.5862 1.07598 0.56988 1.5501 7.4497e+01 1 1.1246e-07 3.5862 7.269522e-01 2.723510e-01 5.786578e-04 -0.0964 
8.8451e+05 3.7520 3.5491 0.76292 0.57991 6.3162 3.1719e+02 0 3.4356e-06 3.5491 7.220226e-01 2.761410e-01 1.713546e-03 -0.1232 
9.8702e+05 3.7438 3.6368 0.58876 0.58374 6.3162 1.7960e+02 0 7.0632e-06 3.6368 7.220226e-01 2.761410e-01 1.713546e-03 999.0000 
 1.1500 6 # agb_1.15_Z0.00050000_Mdot51_eta1.00_Mc0.00_dMc0.00_Tbd6.40_L0.00_dL0.00_C0.00_Nr3.00_rates0_KOPv_KMOLv.dat 
0.0000e+00 3.2885 3.6296 1.15000 0.54963 0.3787 2.5374e+01 1 6.7453e-09 3.6296 7.283000e-01 2.711930e-01 3.410545e-04 -0.0822 
1.5811e+05 3.5009 3.6112 1.14792 0.55281 0.3787 4.2863e+01 1 1.9498e-08 3.6112 7.283000e-01 2.711930e-01 3.410545e-04 -0.0852 
3.8309e+05 3.5753 3.6046 1.14378 0.55937 0.3787 5.1645e+01 1 2.8708e-08 3.6046 7.283000e-01 2.711930e-01 3.410545e-04 -0.0858 
6.3383e+05 3.6615 3.5927 1.13071 0.56836 1.2680 6.6383e+01 1 8.6298e-08 3.5927 7.266030e-01 2.727050e-01 5.244294e-04 -0.0931 
8.7839e+05 3.7372 3.5610 0.97909 0.57819 5.1960 2.2041e+02 0 1.1885e-06 3.5610 7.222461e-01 2.761390e-01 1.444756e-03 -0.1151 
9.7729e+05 3.7309 3.6293 0.58377 0.57854 11.6694 1.8800e+02 0 2.2491e-05 3.6293 7.165181e-01 2.799950e-01 3.302310e-03 999.0000 
 1.2000 6 # agb_1.20_Z0.00050000_Mdot51_eta1.00_Mc0.00_dMc0.00_Tbd6.40_L0.00_dL0.00_C0.00_Nr3.00_rates0_KOPv_KMOLv.dat 
0.0000e+00 3.3132 3.6294 1.20000 0.55182 0.3696 2.6011e+01 1 7.2111e-09 3.6294 7.278000e-01 2.716470e-01 3.413257e-04 -0.0824 
1.5713e+05 3.4947 3.6138 1.19764 0.55505 0.3696 4.0707e+01 1 2.0797e-08 3.6138 7.278000e-01 2.716470e-01 3.413257e-04 -0.0844 
3.7714e+05 3.5747 3.6068 1.19302 0.56161 0.3696 4.9709e+01 1 3.1405e-08 3.6068 7.278000e-01 2.716470e-01 3.413257e-04 -0.0858 
6.2237e+05 3.6601 3.5953 1.17955 0.57053 1.2048 6.3574e+01 1 8.6497e-08 3.5953 7.262086e-01 2.730660e-01 5.127403e-04 -0.0914 
8.5758e+05 3.7409 3.5652 1.05217 0.57988 4.9210 2.0056e+02 0 9.7724e-07 3.5652 7.221108e-01 2.763040e-01 1.370206e-03 -0.1137 
9.6867e+05 3.7634 3.6308 0.58602 0.58091 11.2564 1.9881e+02 0 2.5882e-05 3.6308 7.165916e-01 2.800370e-01 3.143717e-03 999.0000 
 1.2500 6 # agb_1.25_Z0.00050000_Mdot51_eta1.00_Mc0.00_dMc0.00_Tbd6.40_L0.00_dL0.00_C0.00_Nr3.00_rates0_KOPv_KMOLv.dat 
0.0000e+00 3.3871 3.6252 1.25000 0.55771 0.3638 3.0081e+01 1 9.7275e-09 3.6252 7.278000e-01 2.717110e-01 3.413938e-04 -0.0819 
1.4405e+05 3.5584 3.6102 1.24792 0.56105 0.3638 4.5992e+01 1 2.1627e-08 3.6102 7.278000e-01 2.717110e-01 3.413938e-04 -0.0846 
3.5328e+05 3.6275 3.6040 1.24375 0.56810 0.3638 5.4719e+01 1 3.0974e-08 3.6040 7.278000e-01 2.717110e-01 3.413938e-04 -0.0858 
5.8754e+05 3.6973 3.5932 1.23046 0.57747 1.3178 6.7656e+01 1 8.9331e-08 3.5932 7.261024e-01 2.732150e-01 5.343646e-04 -0.0933 
8.0579e+05 3.7692 3.5630 1.09419 0.58651 5.3737 2.1044e+02 0 1.1246e-06 3.5630 7.219301e-01 2.764610e-01 1.457042e-03 -0.1148 
9.1227e+05 3.7899 3.6302 0.59280 0.58755 11.8632 2.0981e+02 0 3.0761e-05 3.6302 7.164826e-01 2.801120e-01 3.239266e-03 999.0000 
 1.3000 6 # agb_1.30_Z0.00050000_Mdot51_eta1.00_Mc0.00_dMc0.00_Tbd6.40_L0.00_dL0.00_C0.00_Nr3.00_rates0_KOPv_KMOLv.dat 
0.0000e+00 3.5175 3.6156 1.30000 0.56260 0.3588 4.0155e+01 1 1.7378e-08 3.6156 7.280000e-01 2.714840e-01 3.414516e-04 -0.0858 
1.3969e+05 3.5944 3.6089 1.29735 0.56627 0.3588 4.8610e+01 1 2.7102e-08 3.6089 7.280000e-01 2.714840e-01 3.414516e-04 -0.0849 
3.3708e+05 3.6593 3.6027 1.29251 0.57354 0.3588 5.7396e+01 1 3.8282e-08 3.6027 7.280000e-01 2.714840e-01 3.414516e-04 -0.0865 
5.6216e+05 3.7171 3.5927 1.27715 0.58316 1.3802 6.9058e+01 1 1.0399e-07 3.5927 7.262831e-01 2.729960e-01 5.449679e-04 -0.0941 
7.6527e+05 3.7863 3.5629 1.13700 0.59170 5.5462 2.1145e+02 0 1.2190e-06 3.5629 7.222137e-01 2.761320e-01 1.475171e-03 -0.1147 
8.7186e+05 3.8124 3.6322 0.59813 0.59309 12.0055 2.1503e+02 0 3.5075e-05 3.6322 7.169638e-01 2.796370e-01 3.205691e-03 999.0000 
 1.3500 6 # agb_1.35_Z0.00050000_Mdot51_eta1.00_Mc0.00_dMc0.00_Tbd6.40_L0.00_dL0.00_C0.00_Nr3.00_rates0_KOPv_KMOLv.dat 
0.0000e+00 3.4933 3.6195 1.35000 0.56358 0.3513 3.6627e+01 1 1.4689e-08 3.6195 7.281000e-01 2.714620e-01 3.416887e-04 -0.0846 
1.3695e+05 3.6080 3.6095 1.34808 0.56725 0.3513 4.8659e+01 1 2.0370e-08 3.6095 7.281000e-01 2.714620e-01 3.416887e-04 -0.0851 
3.4045e+05 3.6620 3.6047 1.34428 0.57513 0.3513 5.5720e+01 1 2.6977e-08 3.6047 7.281000e-01 2.714620e-01 3.416887e-04 -0.0859 
5.5345e+05 3.7314 3.5934 1.33237 0.58427 1.3917 6.9033e+01 1 8.5507e-08 3.5934 7.263797e-01 2.729740e-01 5.483825e-04 -0.0938 
7.5682e+05 3.7918 3.5659 1.21237 0.59281 5.6026 1.9658e+02 0 1.0046e-06 3.5659 7.223446e-01 2.760710e-01 1.482952e-03 -0.1137 
8.7589e+05 3.8322 3.6279 0.60085 0.59500 12.0706 2.3256e+02 0 3.7411e-05 3.6279 7.171547e-01 2.795310e-01 3.197699e-03 999.0000 
 1.4000 6 # agb_1.40_Z0.00050000_Mdot51_eta1.00_Mc0.00_dMc0.00_Tbd6.40_L0.00_dL0.00_C0.00_Nr3.00_rates0_KOPv_KMOLv.dat 
0.0000e+00 3.5757 3.6143 1.40000 0.57159 0.3430 4.3432e+01 1 2.0989e-08 3.6143 7.276000e-01 2.719320e-01 3.419616e-04 -0.0854 
1.2824e+05 3.6341 3.6091 1.39766 0.57539 0.3430 5.0249e+01 1 2.5003e-08 3.6091 7.276000e-01 2.719320e-01 3.419616e-04 -0.0853 
3.0895e+05 3.7010 3.6020 1.39241 0.58204 0.6191 5.9946e+01 1 4.4361e-08 3.6020 7.267961e-01 2.726780e-01 3.994301e-04 -0.0875 
5.0844e+05 3.7673 3.5873 1.37038 0.58989 2.1909 7.5989e+01 1 1.8365e-07 3.5873 7.239636e-01 2.751660e-01 7.422090e-04 -0.0995 
7.1328e+05 3.8133 3.5540 1.12320 0.59819 6.9506 2.4583e+02 0 2.4491e-06 3.5540 7.189213e-01 2.790420e-01 1.902366e-03 -0.1222 
7.9926e+05 3.8071 3.6280 0.60353 0.59799 13.3978 2.1888e+02 0 4.2756e-05 3.6280 7.132777e-01 2.828360e-01 3.728803e-03 999.0000 
 1.4500 6 # agb_1.45_Z0.00050000_Mdot51_eta1.00_Mc0.00_dMc0.00_Tbd6.40_L0.00_dL0.00_C0.00_Nr3.00_rates0_KOPv_KMOLv.dat 
0.0000e+00 3.3696 3.6335 1.45000 0.56566 0.3345 2.5421e+01 1 7.6033e-09 3.6335 7.269000e-01 2.726040e-01 3.422238e-04 -0.0803 
1.3124e+05 3.5777 3.6157 1.44821 0.56888 0.3345 4.2424e+01 1 1.9953e-08 3.6157 7.269000e-01 2.726040e-01 3.422238e-04 -0.0837 
3.2157e+05 3.6449 3.6098 1.44469 0.57562 0.3345 5.0138e+01 1 2.7925e-08 3.6098 7.269000e-01 2.726040e-01 3.422238e-04 -0.0848 
5.3444e+05 3.7162 3.6003 1.43506 0.58433 1.1233 6.1473e+01 1 6.9984e-08 3.6003 7.254944e-01 2.738520e-01 4.997934e-04 -0.0900 
7.3829e+05 3.7823 3.5773 1.36496 0.59260 4.5626 8.4201e+01 1 5.5976e-07 3.5773 7.219866e-01 2.766060e-01 1.250451e-03 -0.1084 
9.0401e+05 3.8408 3.6305 0.60396 0.59833 10.5576 2.3064e+02 0 3.1333e-05 3.6305 7.171376e-01 2.799100e-01 2.784749e-03 999.0000 
 1.5000 6 # agb_1.50_Z0.00050000_Mdot51_eta1.00_Mc0.00_dMc0.00_Tbd6.40_L0.00_dL0.00_C0.00_Nr3.00_rates0_KOPv_KMOLv.dat 
0.0000e+00 3.3817 3.6340 1.50000 0.56558 0.3286 2.5457e+01 1 7.7446e-09 3.6340 7.270000e-01 2.724800e-01 3.423925e-04 -0.0800 
1.3093e+05 3.5776 3.6173 1.49813 0.56880 0.3286 4.1194e+01 1 2.0797e-08 3.6173 7.270000e-01 2.724800e-01 3.423925e-04 -0.0832 
3.2168e+05 3.6408 3.6110 1.49388 0.57468 0.5504 4.8493e+01 1 3.3574e-08 3.6110 7.263461e-01 2.730880e-01 3.887324e-04 -0.0855 
5.3792e+05 3.7165 3.5986 1.47951 0.58231 1.7131 6.1299e+01 1 1.0568e-07 3.5986 7.240670e-01 2.751120e-01 6.423110e-04 -0.0937 
7.5367e+05 3.7811 3.5741 1.36887 0.58990 5.5778 8.5904e+01 1 8.8105e-07 3.5741 7.196671e-01 2.785790e-01 1.571079e-03 -0.1105 
9.0618e+05 3.8325 3.6269 0.59919 0.59323 11.7837 2.3541e+02 0 4.1591e-05 3.6269 7.141703e-01 2.823400e-01 3.289283e-03 999.0000 
 1.5500 7 # agb_1.55_Z0.00050000_Mdot51_eta1.00_Mc0.00_dMc0.00_Tbd6.40_L0.00_dL0.00_C0.00_Nr3.00_rates0_KOPv_KMOLv.dat 
0.0000e+00 3.4046 3.6335 1.55000 0.56254 0.3236 2.6197e+01 1 8.2985e-09 3.6335 7.272000e-01 2.723590e-01 3.425159e-04 -0.0801 
1.3493e+05 3.5876 3.6179 1.54858 0.56591 0.3236 4.1064e+01 1 1.5596e-08 3.6179 7.272000e-01 2.723590e-01 3.425159e-04 -0.0828 
3.3236e+05 3.6531 3.6123 1.54577 0.57307 0.3236 4.8300e+01 1 2.1478e-08 3.6123 7.272000e-01 2.723590e-01 3.425159e-04 -0.0840 
5.5429e+05 3.7119 3.6038 1.53780 0.58219 1.1368 5.7361e+01 1 5.3211e-08 3.6038 7.258036e-01 2.735930e-01 5.033658e-04 -0.0889 
7.5598e+05 3.7819 3.5823 1.48218 0.58979 4.6145 7.7802e+01 1 4.4055e-07 3.5823 7.224135e-01 2.762310e-01 1.252889e-03 -0.1063 
9.5524e+05 3.8237 3.5318 0.76058 0.59770 10.5709 4.3564e+02 0 1.2474e-05 3.5318 7.177506e-01 2.793820e-01 2.753691e-03 -0.1315 
1.0011e+06 3.6140 3.6299 0.60462 0.59845 10.5709 1.3953e+02 0 6.5917e-06 3.6299 7.177506e-01 2.793820e-01 2.753691e-03 999.0000 
 1.6000 7 # agb_1.60_Z0.00050000_Mdot51_eta1.00_Mc0.00_dMc0.00_Tbd6.40_L0.00_dL0.00_C0.00_Nr3.00_rates0_KOPv_KMOLv.dat 
0.0000e+00 3.2366 3.6476 1.60000 0.52925 0.3214 1.7091e+01 1 3.8282e-09 3.6476 7.275000e-01 2.720450e-01 3.426788e-04 -0.0765 
1.9246e+05 3.4208 3.6328 1.59904 0.53237 0.3214 2.6697e+01 1 7.2611e-09 3.6328 7.275000e-01 2.720450e-01 3.426788e-04 -0.0774 
4.6209e+05 3.4984 3.6265 1.59720 0.53872 0.3214 3.2253e+01 1 1.0351e-08 3.6265 7.275000e-01 2.720450e-01 3.426788e-04 -0.0784 
7.7005e+05 3.5694 3.6186 1.59256 0.54732 0.9020 3.8955e+01 1 2.2387e-08 3.6186 7.263502e-01 2.730760e-01 4.605757e-04 -0.0823 
1.0556e+06 3.6563 3.6009 1.56662 0.55506 3.6154 5.2452e+01 1 1.4388e-07 3.6009 7.233524e-01 2.754750e-01 1.057588e-03 -0.0942 
1.3363e+06 3.7140 3.5726 1.35908 0.56299 9.0183 7.7095e+01 1 1.3646e-06 3.5726 7.189102e-01 2.784990e-01 2.468192e-03 -0.1102 
1.5085e+06 3.7586 3.6240 0.57082 0.56546 14.9409 2.1402e+02 0 3.9084e-05 3.6240 7.141760e-01 2.813580e-01 4.319746e-03 999.0000 
 1.6500 7 # agb_1.65_Z0.00050000_Mdot51_eta1.00_Mc0.00_dMc0.00_Tbd6.40_L0.00_dL0.00_C0.00_Nr3.00_rates0_KOPv_KMOLv.dat 
0.0000e+00 3.2602 3.6475 1.65000 0.53531 0.3190 1.7582e+01 1 4.1210e-09 3.6475 7.280000e-01 2.715420e-01 3.418654e-04 -0.0761 
1.7740e+05 3.4592 3.6312 1.64901 0.53842 0.3190 2.8523e+01 1 8.4528e-09 3.6312 7.280000e-01 2.715420e-01 3.418654e-04 -0.0772 
4.3074e+05 3.5304 3.6253 1.64709 0.54485 0.3190 3.3962e+01 1 1.1722e-08 3.6253 7.280000e-01 2.715420e-01 3.418654e-04 -0.0789 
7.1947e+05 3.6004 3.6175 1.64228 0.55344 0.9211 4.0926e+01 1 2.5410e-08 3.6175 7.268523e-01 2.725690e-01 4.619345e-04 -0.0827 
9.8636e+05 3.6840 3.5997 1.61599 0.56100 3.7060 5.4771e+01 1 1.6181e-07 3.5997 7.238936e-01 2.749250e-01 1.062534e-03 -0.0954 
1.2534e+06 3.7346 3.5727 1.41071 0.56890 9.1641 7.8502e+01 1 1.4191e-06 3.5727 7.195274e-01 2.778950e-01 2.451511e-03 -0.1103 
1.4238e+06 3.7800 3.6205 0.57779 0.57170 15.2140 2.2904e+02 0 4.1020e-05 3.6205 7.147705e-01 2.807910e-01 4.288769e-03 999.0000 
 1.7000 8 # agb_1.70_Z0.00050000_Mdot51_eta1.00_Mc0.00_dMc0.00_Tbd6.40_L0.00_dL0.00_C0.00_Nr3.00_rates0_KOPv_KMOLv.dat 
0.0000e+00 3.5834 3.6228 1.70000 0.57021 0.3155 3.7483e+01 1 1.7100e-08 3.6228 7.276000e-01 2.718220e-01 3.418017e-04 -0.0836 
1.2329e+05 3.6344 3.6185 1.69765 0.57368 0.3155 4.2509e+01 1 2.8379e-08 3.6185 7.276000e-01 2.718220e-01 3.418017e-04 -0.0836 
3.1042e+05 3.6747 3.6142 1.69242 0.58019 0.5354 4.7310e+01 1 3.9994e-08 3.6142 7.269760e-01 2.724010e-01 3.862827e-04 -0.0822 
5.1102e+05 3.7412 3.6029 1.67792 0.58738 1.7422 5.8283e+01 1 1.1143e-07 3.6029 7.248211e-01 2.743040e-01 6.373486e-04 -0.0822 
7.1443e+05 3.7966 3.5822 1.59058 0.59421 5.5814 7.7117e+01 1 7.0146e-07 3.5822 7.208551e-01 2.773970e-01 1.506670e-03 -0.0841 
8.9393e+05 3.8465 3.5231 0.84388 0.59958 11.6756 4.5103e+02 0 1.2190e-05 3.5231 7.158421e-01 2.808200e-01 3.081662e-03 -0.0841 
9.1255e+05 3.8354 3.5959 0.61751 0.60135 11.6756 3.0414e+02 0 3.6308e-05 3.5959 7.158421e-01 2.808200e-01 3.081662e-03 -0.0920 
9.1301e+05 3.9446 3.6310 0.60686 0.60136 11.6756 2.8819e+02 0 5.9841e-05 3.6310 7.158421e-01 2.808200e-01 3.081662e-03 999.0000 
 1.7500 7 # agb_1.75_Z0.00050000_Mdot51_eta1.00_Mc0.00_dMc0.00_Tbd6.40_L0.00_dL0.00_C0.00_Nr3.00_rates0_KOPv_KMOLv.dat 
0.0000e+00 3.4283 3.6372 1.75000 0.56961 0.3142 2.5034e+01 1 8.1846e-09 3.6372 7.278000e-01 2.717070e-01 3.417556e-04 -0.0809 
1.2302e+05 3.6063 3.6223 1.74849 0.57283 0.3142 3.8695e+01 1 1.7989e-08 3.6223 7.278000e-01 2.717070e-01 3.417556e-04 -0.0814 
3.0451e+05 3.6642 3.6167 1.74513 0.57870 0.5160 4.4848e+01 1 2.7606e-08 3.6167 7.272285e-01 2.722380e-01 3.823766e-04 -0.0831 
5.1220e+05 3.7299 3.6065 1.73482 0.58607 1.5869 5.4669e+01 1 7.5858e-08 3.6065 7.252449e-01 2.739980e-01 6.044136e-04 -0.0902 
7.1645e+05 3.7898 3.5873 1.67312 0.59256 5.1499 7.1512e+01 1 4.8753e-07 3.5873 7.214433e-01 2.769970e-01 1.403540e-03 -0.1057 
9.1902e+05 3.8292 3.5424 1.15367 0.59931 11.1023 2.7567e+02 0 6.7764e-06 3.5424 7.165181e-01 2.803930e-01 2.918564e-03 -0.1252 
9.9658e+05 3.7881 3.6267 0.60546 0.59933 16.1902 2.1155e+02 0 4.1783e-05 3.6267 7.124436e-01 2.829240e-01 4.434952e-03 999.0000 
 1.8000 7 # agb_1.80_Z0.00050000_Mdot51_eta1.00_Mc0.00_dMc0.00_Tbd6.40_L0.00_dL0.00_C0.00_Nr3.00_rates0_KOPv_KMOLv.dat 
0.0000e+00 3.4529 3.6367 1.80000 0.57764 0.3114 2.5907e+01 1 8.8920e-09 3.6367 7.278000e-01 2.716920e-01 3.418314e-04 -0.0806 
1.1657e+05 3.6206 3.6226 1.79830 0.58096 0.3114 3.9066e+01 1 1.9679e-08 3.6226 7.278000e-01 2.716920e-01 3.418314e-04 -0.0815 
2.8546e+05 3.6754 3.6180 1.79469 0.58684 0.5088 4.4702e+01 1 2.9376e-08 3.6180 7.272498e-01 2.722030e-01 3.812305e-04 -0.0835 
4.6752e+05 3.7545 3.6059 1.78482 0.59341 1.5349 5.6596e+01 1 8.3176e-08 3.6059 7.253629e-01 2.738780e-01 5.914802e-04 -0.0900 
6.6006e+05 3.8092 3.5879 1.72709 0.59993 4.9424 7.2600e+01 1 4.8084e-07 3.5879 7.217345e-01 2.767540e-01 1.340310e-03 -0.1054 
8.4843e+05 3.8471 3.5500 1.30167 0.60630 10.7355 2.4058e+02 0 5.0003e-06 3.5500 7.169837e-01 2.800620e-01 2.770387e-03 -0.1245 
9.4144e+05 3.8583 3.6257 0.61217 0.60700 16.6037 2.4732e+02 0 4.9091e-05 3.6257 7.123183e-01 2.829780e-01 4.490647e-03 999.0000 
 1.8500 7 # agb_1.85_Z0.00050000_Mdot51_eta1.00_Mc0.00_dMc0.00_Tbd6.40_L0.00_dL0.00_C0.00_Nr3.00_rates0_KOPv_KMOLv.dat 
0.0000e+00 3.5040 3.6341 1.85000 0.59030 0.3092 2.8586e+01 1 1.0889e-08 3.6341 7.281000e-01 2.714780e-01 3.417224e-04 -0.0808 
1.0242e+05 3.6824 3.6189 1.84860 0.59372 0.3092 4.4302e+01 1 1.8323e-08 3.6189 7.281000e-01 2.714780e-01 3.417224e-04 -0.0834 
2.5219e+05 3.7318 3.6139 1.84553 0.59979 0.5153 5.0367e+01 1 2.7797e-08 3.6139 7.275398e-01 2.719970e-01 3.823447e-04 -0.0852 
4.1458e+05 3.7994 3.6030 1.83625 0.60642 1.6043 6.1902e+01 1 8.3753e-08 3.6030 7.256202e-01 2.736960e-01 6.015236e-04 -0.0926 
5.8314e+05 3.8453 3.5857 1.77925 0.61248 5.0953 7.7600e+01 1 5.1404e-07 3.5857 7.220373e-01 2.765280e-01 1.348856e-03 -0.1063 
7.4703e+05 3.8816 3.5504 1.38478 0.61807 10.8551 2.4486e+02 0 4.9774e-06 3.5504 7.174271e-01 2.797450e-01 2.728721e-03 -0.1266 
8.3958e+05 3.9033 3.6261 0.62463 0.61911 17.0590 2.6763e+02 0 5.4450e-05 3.6261 7.125755e-01 2.827790e-01 4.515526e-03 999.0000 
 1.9000 7 # agb_1.90_Z0.00050000_Mdot51_eta1.00_Mc0.00_dMc0.00_Tbd6.40_L0.00_dL0.00_C0.00_Nr3.00_rates0_KOPv_KMOLv.dat 
0.0000e+00 3.5040 3.6357 1.90000 0.60626 0.3092 2.7873e+01 1 1.0641e-08 3.6357 7.281000e-01 2.714780e-01 3.417224e-04 -0.0793 
8.7101e+04 3.7216 3.6171 1.89856 0.60949 0.3092 4.7588e+01 1 2.1528e-08 3.6171 7.281000e-01 2.714780e-01 3.417224e-04 -0.0848 
2.1713e+05 3.7667 3.6119 1.89507 0.61461 0.6380 5.3716e+01 1 3.5237e-08 3.6119 7.272073e-01 2.723050e-01 4.074017e-04 -0.0858 
3.6269e+05 3.8344 3.6002 1.88344 0.62027 1.8604 6.6492e+01 1 1.1535e-07 3.6002 7.248923e-01 2.743630e-01 6.620967e-04 -0.0962 
5.1760e+05 3.8792 3.5822 1.81043 0.62545 5.5252 8.3990e+01 1 7.1121e-07 3.5822 7.208570e-01 2.775950e-01 1.460229e-03 -0.1075 
6.6798e+05 3.9141 3.5342 1.20360 0.63029 11.5744 3.4532e+02 0 1.1066e-05 3.5342 7.158499e-01 2.810940e-01 2.952143e-03 -0.1347 
7.2329e+05 3.8663 3.6281 0.63516 0.62938 17.2661 2.3836e+02 0 5.0003e-05 3.6281 7.112682e-01 2.839570e-01 4.639917e-03 999.0000 
 1.9500 7 # agb_1.95_Z0.00050000_Mdot51_eta1.00_Mc0.00_dMc0.00_Tbd6.40_L0.00_dL0.00_C0.00_Nr3.00_rates0_KOPv_KMOLv.dat 
0.0000e+00 3.6203 3.6270 1.95000 0.61307 0.3044 3.6255e+01 1 1.7539e-08 3.6270 7.295000e-01 2.699540e-01 3.417766e-04 -0.0842 
8.2556e+04 3.7322 3.6175 1.94768 0.61630 0.3044 4.7753e+01 1 3.4914e-08 3.6175 7.295000e-01 2.699540e-01 3.417766e-04 -0.0847 
1.9830e+05 3.7896 3.6110 1.94286 0.62089 0.6187 5.5678e+01 1 5.6885e-08 3.6110 7.286579e-01 2.707340e-01 4.040208e-04 -0.0862 
3.4075e+05 3.8387 3.6015 1.92824 0.62682 1.7524 6.5568e+01 1 1.4191e-07 3.6015 7.265056e-01 2.726520e-01 6.373260e-04 -0.0957 
4.7957e+05 3.8929 3.5835 1.86035 0.63123 5.1058 8.4156e+01 1 7.3282e-07 3.5835 7.227570e-01 2.756800e-01 1.354039e-03 -0.1065 
6.2340e+05 3.9248 3.5451 1.38674 0.63607 10.8253 2.8249e+02 0 7.2111e-06 3.5451 7.180284e-01 2.790250e-01 2.723922e-03 -0.1314 
6.9977e+05 3.9422 3.6267 0.64235 0.63656 17.0143 2.8299e+02 0 5.9566e-05 3.6267 7.130981e-01 2.821400e-01 4.509554e-03 999.0000 
 2.0000 7 # agb_2.00_Z0.00050000_Mdot51_eta1.00_Mc0.00_dMc0.00_Tbd6.40_L0.00_dL0.00_C0.00_Nr3.00_rates0_KOPv_KMOLv.dat 
0.0000e+00 3.7485 3.6175 2.00000 0.62697 0.3025 4.8541e+01 1 3.1261e-08 3.6175 7.305000e-01 2.690440e-01 3.417932e-04 -0.0853 
6.9661e+04 3.8122 3.6116 1.99811 0.63017 0.3025 5.6961e+01 1 3.6058e-08 3.6116 7.305000e-01 2.690440e-01 3.417932e-04 -0.0856 
1.7141e+05 3.8521 3.6070 1.99396 0.63481 0.6287 6.3457e+01 1 5.6754e-08 3.6070 7.296440e-01 2.698350e-01 4.058560e-04 -0.0877 
2.9121e+05 3.8954 3.5975 1.98148 0.64002 1.8015 7.3866e+01 1 1.5241e-07 3.5975 7.274805e-01 2.717600e-01 6.433232e-04 -0.0971 
4.1659e+05 3.9329 3.5813 1.91869 0.64443 5.1310 9.0590e+01 1 7.6736e-07 3.5813 7.238355e-01 2.747080e-01 1.335940e-03 -0.1080 
5.4312e+05 3.9588 3.5476 1.50734 0.64879 10.7293 2.7650e+02 0 6.5163e-06 3.5476 7.193131e-01 2.779070e-01 2.646334e-03 -0.1329 
6.2289e+05 3.9848 3.6325 0.65519 0.64993 17.0913 2.9051e+02 0 6.5766e-05 3.6325 7.143167e-01 2.810720e-01 4.447370e-03 999.0000 
 2.0500 7 # agb_2.05_Z0.00050000_Mdot51_eta1.00_Mc0.00_dMc0.00_Tbd6.40_L0.00_dL0.00_C0.00_Nr3.00_rates0_KOPv_KMOLv.dat 
0.0000e+00 3.7469 3.6189 2.05000 0.63845 0.3013 4.7282e+01 1 3.0130e-08 3.6189 7.315000e-01 2.679340e-01 3.417474e-04 -0.0854 
6.2258e+04 3.8181 3.6124 2.04741 0.64139 0.3013 5.6527e+01 1 5.3088e-08 3.6124 7.315000e-01 2.679340e-01 3.417474e-04 -0.0858 
1.5101e+05 3.8592 3.6078 2.04221 0.64545 0.5947 6.3138e+01 1 7.8886e-08 3.6078 7.307427e-01 2.686340e-01 3.990028e-04 -0.0894 
2.6148e+05 3.9004 3.5994 2.02822 0.65070 1.5670 7.2636e+01 1 1.7179e-07 3.5994 7.288783e-01 2.703020e-01 5.945703e-04 -0.0967 
3.7071e+05 3.9468 3.5838 1.97507 0.65458 4.3378 8.9860e+01 1 7.0146e-07 3.5838 7.256302e-01 2.729790e-01 1.161845e-03 -0.1064 
4.8443e+05 3.9752 3.5573 1.68620 0.65851 9.3455 1.2459e+02 1 4.3351e-06 3.5573 7.214653e-01 2.760050e-01 2.291570e-03 -0.1287 
5.7655e+05 4.0081 3.6359 0.66623 0.66113 15.5702 2.9234e+02 0 6.9343e-05 3.6359 7.166537e-01 2.791210e-01 3.962555e-03 999.0000 
 2.1000 7 # agb_2.10_Z0.00050000_Mdot51_eta1.00_Mc0.00_dMc0.00_Tbd6.40_L0.00_dL0.00_C0.00_Nr3.00_rates0_KOPv_KMOLv.dat 
0.0000e+00 3.8099 3.6146 2.10000 0.65225 0.2998 5.4109e+01 1 3.9628e-08 3.6146 7.326000e-01 2.669260e-01 3.418311e-04 -0.0868 
5.2831e+04 3.8829 3.6082 2.09795 0.65511 0.2998 6.4845e+01 1 5.1642e-08 3.6082 7.326000e-01 2.669260e-01 3.418311e-04 -0.0897 
1.3052e+05 3.9111 3.6044 2.09370 0.65909 0.5940 7.0261e+01 1 7.4473e-08 3.6044 7.318546e-01 2.676140e-01 3.988837e-04 -0.0898 
2.2747e+05 3.9421 3.5971 2.08191 0.66412 1.5481 7.8674e+01 1 1.6293e-07 3.5971 7.300428e-01 2.692350e-01 5.884688e-04 -0.0969 
3.2391e+05 3.9787 3.5830 2.03662 0.66775 4.1721 9.4360e+01 1 6.5163e-07 3.5830 7.269506e-01 2.717980e-01 1.114259e-03 -0.1088 
4.2198e+05 4.0069 3.5598 1.80693 0.67102 8.9133 1.2514e+02 1 3.7325e-06 3.5598 7.230330e-01 2.746610e-01 2.159091e-03 -0.1277 
5.1817e+05 4.0310 3.6310 0.68121 0.67494 14.9456 3.1520e+02 0 5.2845e-05 3.6310 7.184438e-01 2.776570e-01 3.730553e-03 999.0000 
 2.1500 8 # agb_2.15_Z0.00050000_Mdot51_eta1.00_Mc0.00_dMc0.00_Tbd6.40_L0.00_dL0.00_C0.00_Nr3.00_rates0_KOPv_KMOLv.dat 
0.0000e+00 3.8068 3.6164 2.15000 0.66325 0.2988 5.2461e+01 1 3.7931e-08 3.6164 7.338000e-01 2.656180e-01 3.418242e-04 -0.0856 
4.7075e+04 3.8878 3.6090 2.14729 0.66584 0.2988 6.4270e+01 1 7.4473e-08 3.6090 7.338000e-01 2.656180e-01 3.418242e-04 -0.0899 
1.1806e+05 3.9121 3.6057 2.14168 0.66960 0.5631 6.8928e+01 1 9.9770e-08 3.6057 7.331408e-01 2.662260e-01 3.928925e-04 -0.0899 
2.0037e+05 3.9537 3.5982 2.12946 0.67379 1.3646 7.8826e+01 1 1.9634e-07 3.5982 7.315700e-01 2.676370e-01 5.517153e-04 -0.0939 
2.8656e+05 3.9940 3.5849 2.09074 0.67716 3.5167 9.4405e+01 1 6.3096e-07 3.5849 7.288365e-01 2.699400e-01 9.793935e-04 -0.1058 
3.7740e+05 4.0208 3.5653 1.91797 0.68045 7.6462 1.1961e+02 1 2.8973e-06 3.5653 7.252596e-01 2.726260e-01 1.863908e-03 -0.1223 
4.6706e+05 4.0426 3.5112 0.93329 0.68400 13.2338 7.1005e+02 0 1.5031e-05 3.5112 7.210197e-01 2.754630e-01 3.249705e-03 -0.1682 
4.8107e+05 3.8151 3.6356 0.68904 0.68385 14.4875 1.8485e+02 0 3.2137e-05 3.6356 7.200943e-01 2.760320e-01 3.598761e-03 999.0000 
 2.2000 8 # agb_2.20_Z0.00050000_Mdot51_eta1.00_Mc0.00_dMc0.00_Tbd6.40_L0.00_dL0.00_C0.00_Nr3.00_rates0_KOPv_KMOLv.dat 
0.0000e+00 3.8176 3.6165 2.20000 0.67569 0.2970 5.2853e+01 1 3.8726e-08 3.6165 7.349000e-01 2.646100e-01 3.418535e-04 -0.0877 
4.3231e+04 3.9188 3.6075 2.19780 0.67835 0.2970 6.7955e+01 1 6.1660e-08 3.6075 7.349000e-01 2.646100e-01 3.418535e-04 -0.0897 
1.0335e+05 3.9519 3.6039 2.19362 0.68178 0.5515 7.4219e+01 1 8.7700e-08 3.6039 7.342743e-01 2.651870e-01 3.909439e-04 -0.0909 
1.7589e+05 3.9887 3.5968 2.18402 0.68576 1.2985 8.3811e+01 1 1.7378e-07 3.5968 7.328057e-01 2.665070e-01 5.380695e-04 -0.0911 
2.5248e+05 4.0220 3.5847 2.15349 0.68891 3.2675 9.8010e+01 1 5.4702e-07 3.5847 7.302383e-01 2.686860e-01 9.243731e-04 -0.1059 
3.3189e+05 4.0476 3.5675 2.02466 0.69167 7.0650 1.2022e+02 1 2.3933e-06 3.5675 7.269025e-01 2.712160e-01 1.723119e-03 -0.1194 
4.1289e+05 4.0658 3.5167 1.23717 0.69473 12.2974 5.5258e+02 0 1.5849e-05 3.5167 7.229502e-01 2.738940e-01 2.983258e-03 -0.1570 
4.4809e+05 4.0539 3.6354 0.70101 0.69491 17.5109 3.1081e+02 0 5.9156e-05 3.6354 7.188956e-01 2.764170e-01 4.487045e-03 999.0000 
 2.2500 8 # agb_2.25_Z0.00050000_Mdot51_eta1.00_Mc0.00_dMc0.00_Tbd6.40_L0.00_dL0.00_C0.00_Nr3.00_rates0_KOPv_KMOLv.dat 
0.0000e+00 3.8215 3.6174 2.25000 0.68657 0.2958 5.2276e+01 1 3.8548e-08 3.6174 7.358000e-01 2.637030e-01 3.419554e-04 -0.0884 
3.7200e+04 3.9491 3.6064 2.24790 0.68896 0.2958 7.1606e+01 1 7.1450e-08 3.6064 7.358000e-01 2.637030e-01 3.419554e-04 -0.0857 
8.9812e+04 3.9790 3.6029 2.24391 0.69202 0.5336 7.7687e+01 1 9.8855e-08 3.6029 7.352256e-01 2.642310e-01 3.876280e-04 -0.0849 
1.5741e+05 4.0052 3.5971 2.23464 0.69605 1.2006 8.5195e+01 1 1.7620e-07 3.5971 7.339007e-01 2.654250e-01 5.183736e-04 -0.0953 
2.2609e+05 4.0390 3.5859 2.20870 0.69905 2.8939 9.8926e+01 1 5.0003e-07 3.5859 7.315811e-01 2.674130e-01 8.476233e-04 -0.1049 
2.9652e+05 4.0662 3.5703 2.11046 0.70142 6.2647 1.1932e+02 1 1.9815e-06 3.5703 7.285052e-01 2.697890e-01 1.541859e-03 -0.1176 
3.7014e+05 4.0831 3.5366 1.61281 0.70410 11.0671 3.7889e+02 0 1.3583e-05 3.5366 7.248555e-01 2.723110e-01 2.657438e-03 -0.1466 
4.2774e+05 4.1049 3.6351 0.71226 0.70620 16.6896 3.4402e+02 0 4.5082e-05 3.6351 7.205403e-01 2.750420e-01 4.215404e-03 999.0000 
 2.3000 9 # agb_2.30_Z0.00050000_Mdot51_eta1.00_Mc0.00_dMc0.00_Tbd6.40_L0.00_dL0.00_C0.00_Nr3.00_rates0_KOPv_KMOLv.dat 
0.0000e+00 3.8274 3.6181 2.30000 0.69754 0.2954 5.1995e+01 1 3.8548e-08 3.6181 7.368000e-01 2.626960e-01 3.420232e-04 -0.0891 
3.3672e+04 3.9675 3.6060 2.29786 0.69982 0.2954 7.3426e+01 1 7.7983e-08 3.6060 7.368000e-01 2.626960e-01 3.420232e-04 -0.0849 
8.0379e+04 3.9956 3.6027 2.29398 0.70264 0.5170 7.9263e+01 1 1.0520e-07 3.6027 7.362726e-01 2.631810e-01 3.844373e-04 -0.0895 
1.3742e+05 4.0295 3.5967 2.28591 0.70599 1.1083 8.8295e+01 1 1.8578e-07 3.5967 7.350846e-01 2.642530e-01 4.998374e-04 -0.0929 
2.0203e+05 4.0559 3.5870 2.26326 0.70925 2.5578 9.9976e+01 1 4.6026e-07 3.5870 7.329934e-01 2.660630e-01 7.795368e-04 -0.1041 
2.6421e+05 4.0837 3.5729 2.18904 0.71123 5.5166 1.1872e+02 1 1.6520e-06 3.5729 7.301670e-01 2.682870e-01 1.377432e-03 -0.1155 
3.3147e+05 4.0998 3.5487 1.86439 0.71371 9.8636 3.0976e+02 0 7.9433e-06 3.5487 7.268151e-01 2.706520e-01 2.353682e-03 -0.1369 
3.9721e+05 4.1161 3.5293 0.83080 0.71686 15.1681 7.9030e+02 0 1.7783e-05 3.5293 7.228219e-01 2.732280e-01 3.750131e-03 -0.2489 
4.0215e+05 3.8484 3.6302 0.72315 0.71686 15.1681 2.0001e+02 0 3.7068e-05 3.6302 7.228219e-01 2.732280e-01 3.750131e-03 999.0000 
 2.3500 9 # agb_2.35_Z0.00050000_Mdot51_eta1.00_Mc0.00_dMc0.00_Tbd6.40_L0.00_dL0.00_C0.00_Nr3.00_rates0_KOPv_KMOLv.dat 
0.0000e+00 3.8369 3.6189 2.35000 0.71113 0.2941 5.2013e+01 1 3.9537e-08 3.6189 7.373000e-01 2.621890e-01 3.421214e-04 -0.0855 
2.9573e+04 3.9918 3.6052 2.34783 0.71328 0.2941 7.6421e+01 1 8.7902e-08 3.6052 7.373000e-01 2.621890e-01 3.421214e-04 -0.0902 
6.9763e+04 4.0213 3.6017 2.34400 0.71583 0.4984 8.2782e+01 1 1.1803e-07 3.6017 7.368214e-01 2.626290e-01 3.812352e-04 -0.0890 
1.1928e+05 4.0520 3.5965 2.33643 0.71891 1.0185 9.1158e+01 1 1.9543e-07 3.5965 7.357637e-01 2.635840e-01 4.826189e-04 -0.0946 
1.7306e+05 4.0811 3.5872 2.31838 0.72153 2.2271 1.0328e+02 1 4.4361e-07 3.5872 7.339084e-01 2.652060e-01 7.150008e-04 -0.1009 
2.3127e+05 4.1024 3.5753 2.25886 0.72396 4.7231 1.1876e+02 1 1.3677e-06 3.5753 7.313676e-01 2.672460e-01 1.211512e-03 -0.1135 
2.8854e+05 4.1217 3.5562 2.04543 0.72579 8.5519 1.4887e+02 1 5.4576e-06 3.5562 7.283259e-01 2.694470e-01 2.044533e-03 -0.1319 
3.4697e+05 4.1363 3.5056 1.16971 0.72811 13.3686 7.5145e+02 0 1.8621e-05 3.5056 7.247362e-01 2.718180e-01 3.247605e-03 -0.1864 
3.7165e+05 4.1216 3.6419 0.73436 0.72885 17.3927 3.2715e+02 0 5.5976e-05 3.6419 7.215940e-01 2.737560e-01 4.428448e-03 999.0000 
 2.4000 9 # agb_2.40_Z0.00050000_Mdot51_eta1.00_Mc0.00_dMc0.00_Tbd6.40_L0.00_dL0.00_C0.00_Nr3.00_rates0_KOPv_KMOLv.dat 
0.0000e+00 3.8510 3.6189 2.40000 0.72387 0.2947 5.2789e+01 1 4.1210e-08 3.6189 7.376000e-01 2.618830e-01 3.421060e-04 -0.0852 
2.6130e+04 4.0158 3.6043 2.39781 0.72590 0.2947 7.9491e+01 1 9.8401e-08 3.6043 7.376000e-01 2.618830e-01 3.421060e-04 -0.0888 
6.1017e+04 4.0441 3.6017 2.39410 0.72822 0.4857 8.5393e+01 1 1.2912e-07 3.6017 7.371633e-01 2.622840e-01 3.783804e-04 -0.0884 
1.0415e+05 4.0743 3.5961 2.38698 0.73104 0.9501 9.4177e+01 1 2.0701e-07 3.5961 7.362198e-01 2.631370e-01 4.681021e-04 -0.0944 
1.5155e+05 4.1017 3.5877 2.37123 0.73351 1.9782 1.0567e+02 1 4.2756e-07 3.5877 7.345655e-01 2.645940e-01 6.638505e-04 -0.1005 
2.0059e+05 4.1258 3.5766 2.32735 0.73536 4.1016 1.2089e+02 1 1.2023e-06 3.5766 7.322789e-01 2.664630e-01 1.078062e-03 -0.1122 
2.5270e+05 4.1426 3.5610 2.17616 0.73723 7.4792 1.4464e+02 1 4.1305e-06 3.5610 7.295146e-01 2.685100e-01 1.789330e-03 -0.1281 
3.0512e+05 4.1553 3.5206 1.50226 0.73914 11.8359 5.4753e+02 0 1.9454e-05 3.5206 7.262837e-01 2.706940e-01 2.824216e-03 -0.1609 
3.4492e+05 4.1702 3.6435 0.74685 0.74111 16.8874 3.5401e+02 0 4.7753e-05 3.6435 7.223929e-01 2.731410e-01 4.242620e-03 999.0000 
 2.6000 11 # agb_2.60_Z0.00050000_Mdot51_eta1.00_Mc0.00_dMc0.00_Tbd6.40_L0.00_dL0.00_C0.00_Nr3.00_rates0_KOPv_KMOLv.dat 
0.0000e+00 3.9761 3.6128 2.60000 0.76506 0.2938 6.6674e+01 1 6.9183e-08 3.6128 7.333000e-01 2.662470e-01 3.426082e-04 -0.0873 
1.6726e+04 4.1178 3.5998 2.59835 0.76671 0.2938 9.5022e+01 1 1.1803e-07 3.5998 7.333000e-01 2.662470e-01 3.426082e-04 -0.0901 
3.8903e+04 4.1358 3.5982 2.59568 0.76847 0.4493 9.9431e+01 1 1.4521e-07 3.5982 7.329706e-01 2.665470e-01 3.717159e-04 -0.0936 
6.6443e+04 4.1564 3.5946 2.59100 0.77058 0.7829 1.0609e+02 1 2.0749e-07 3.5946 7.323055e-01 2.671490e-01 4.349369e-04 -0.0907 
9.7530e+04 4.1755 3.5890 2.58219 0.77257 1.4142 1.1468e+02 1 3.4914e-07 3.5890 7.311699e-01 2.681660e-01 5.526848e-04 -0.0992 
1.3018e+05 4.1942 3.5811 2.56272 0.77410 2.6577 1.2628e+02 1 7.4817e-07 3.5811 7.295802e-01 2.695210e-01 7.853965e-04 -0.1067 
1.6374e+05 4.2103 3.5711 2.51281 0.77525 4.7569 1.4132e+02 1 1.9320e-06 3.5711 7.276359e-01 2.710510e-01 1.195774e-03 -0.1187 
1.9926e+05 4.2209 3.5580 2.36902 0.77641 7.6942 1.6338e+02 1 5.5081e-06 3.5580 7.253755e-01 2.726880e-01 1.814112e-03 -0.1298 
2.3499e+05 4.2296 3.5431 1.96379 0.77751 11.2781 4.1508e+02 0 1.8072e-05 3.5431 7.227934e-01 2.744210e-01 2.652141e-03 -0.1510 
2.7107e+05 4.2356 3.4977 1.17372 0.77944 15.4708 1.0029e+03 0 2.3442e-05 3.4977 7.196781e-01 2.763880e-01 3.781090e-03 -0.2303 
2.9004e+05 4.2424 3.6450 0.78702 0.78155 17.8803 3.9162e+02 0 4.2364e-05 3.6450 7.177648e-01 2.775410e-01 4.523850e-03 999.0000 
 2.8000 12 # agb_2.80_Z0.00050000_Mdot51_eta1.00_Mc0.00_dMc0.00_Tbd6.40_L0.00_dL0.00_C0.00_Nr3.00_rates0_KOPv_KMOLv.dat 
0.0000e+00 4.0484 3.6113 2.80000 0.79039 0.2962 7.4050e+01 1 9.1411e-08 3.6113 7.215000e-01 2.780300e-01 3.424023e-04 -0.0868 
1.2648e+04 4.1713 3.6002 2.79840 0.79183 0.2962 1.0067e+02 1 1.5136e-07 3.6002 7.215000e-01 2.780300e-01 3.424023e-04 -0.0932 
2.9208e+04 4.1876 3.5987 2.79590 0.79329 0.4288 1.0488e+02 1 1.8113e-07 3.5987 7.212397e-01 2.782660e-01 3.667675e-04 -0.0927 
4.9834e+04 4.2035 3.5957 2.79181 0.79504 0.6960 1.1048e+02 1 2.3933e-07 3.5957 7.207321e-01 2.787230e-01 4.163326e-04 -0.0859 
7.3462e+04 4.2189 3.5917 2.78493 0.79675 1.1578 1.1718e+02 1 3.5156e-07 3.5917 7.198814e-01 2.794890e-01 5.007654e-04 -0.0974 
9.8551e+04 4.2358 3.5854 2.77205 0.79811 2.0173 1.2686e+02 1 6.2661e-07 3.5854 7.186797e-01 2.805330e-01 6.569902e-04 -0.1031 
1.2449e+05 4.2499 3.5777 2.74451 0.79912 3.4978 1.3836e+02 1 1.3213e-06 3.5777 7.171938e-01 2.817400e-01 9.337361e-04 -0.1127 
1.5097e+05 4.2632 3.5686 2.68109 0.79989 5.6332 1.5339e+02 1 3.0832e-06 3.5686 7.154835e-01 2.830270e-01 1.353995e-03 -0.1218 
1.7899e+05 4.2719 3.5637 2.53665 0.80074 8.3642 1.6616e+02 1 6.7608e-06 3.5637 7.135443e-01 2.843810e-01 1.933226e-03 -0.1245 
2.0729e+05 4.2786 3.5330 2.08584 0.80157 11.5548 4.7998e+02 0 2.6546e-05 3.5330 7.113523e-01 2.858150e-01 2.681148e-03 -0.1616 
2.3583e+05 4.2795 3.5085 1.38628 0.80295 15.3387 8.6516e+02 0 2.5882e-05 3.5085 7.086404e-01 2.874980e-01 3.693167e-03 -0.2143 
2.5944e+05 4.2898 3.6465 0.81143 0.80606 18.4895 4.1787e+02 0 4.0179e-05 3.6465 7.061727e-01 2.889670e-01 4.669523e-03 999.0000 
 3.0000 13 # agb_3.00_Z0.00050000_Mdot51_eta1.00_Mc0.00_dMc0.00_Tbd6.40_L0.00_dL0.00_C0.00_Nr3.00_rates0_KOPv_KMOLv.dat 
0.0000e+00 4.0736 3.6137 3.00000 0.80232 0.3033 7.3575e+01 1 9.6605e-08 3.6137 7.075000e-01 2.920160e-01 3.418640e-04 -0.0883 
1.0958e+04 4.1953 3.6027 2.99848 0.80366 0.3033 9.9664e+01 1 1.6634e-07 3.6027 7.075000e-01 2.920160e-01 3.418640e-04 -0.0915 
2.5220e+04 4.2117 3.6013 2.99614 0.80500 0.4229 1.0385e+02 1 1.9588e-07 3.6013 7.072806e-01 2.922140e-01 3.632572e-04 -0.0914 
4.2976e+04 4.2268 3.5983 2.99244 0.80660 0.6580 1.0917e+02 1 2.5061e-07 3.5983 7.068590e-01 2.925930e-01 4.056178e-04 -0.0898 
6.3412e+04 4.2425 3.5949 2.98652 0.80818 1.0497 1.1525e+02 1 3.4834e-07 3.5949 7.061573e-01 2.932250e-01 4.751635e-04 -0.0953 
8.5360e+04 4.2568 3.5897 2.97635 0.80947 1.7606 1.2313e+02 1 5.5976e-07 3.5897 7.051595e-01 2.940970e-01 6.002151e-04 -0.1016 
1.0802e+05 4.2715 3.5833 2.95668 0.81043 2.9859 1.3310e+02 1 1.0666e-06 3.5833 7.039230e-01 2.951110e-01 8.204188e-04 -0.1048 
1.3236e+05 4.2820 3.5757 2.91270 0.81147 4.7817 1.4448e+02 1 2.2182e-06 3.5757 7.024979e-01 2.961970e-01 1.157111e-03 -0.1184 
1.5602e+05 4.2936 3.5725 2.82767 0.81205 7.0992 1.5343e+02 1 4.4361e-06 3.5725 7.009036e-01 2.973250e-01 1.619438e-03 -0.1197 
1.8021e+05 4.3029 3.5535 2.62127 0.81254 9.8515 1.8633e+02 1 1.1561e-05 3.5535 6.991202e-01 2.985050e-01 2.216139e-03 -0.1390 
2.0542e+05 4.3064 3.5360 2.10533 0.81322 12.9863 4.9303e+02 0 2.9309e-05 3.5360 6.970717e-01 2.997860e-01 2.972526e-03 -0.1589 
2.3100e+05 4.3054 3.4958 1.43016 0.81461 16.6206 9.9815e+02 0 2.7479e-05 3.4958 6.945235e-01 3.013100e-01 3.978470e-03 -0.2118 
2.5444e+05 4.3130 3.6453 0.82456 0.81826 19.5738 4.3831e+02 0 3.8019e-05 3.6453 6.922230e-01 3.026380e-01 4.927468e-03 999.0000 
 3.2000 15 # agb_3.20_Z0.00050000_Mdot51_eta1.00_Mc0.00_dMc0.00_Tbd6.40_L0.00_dL0.00_C0.00_Nr3.00_rates0_KOPv_KMOLv.dat 
0.0000e+00 4.1028 3.6154 3.20000 0.81517 0.3109 7.4155e+01 1 1.0471e-07 3.6154 6.946000e-01 3.049040e-01 3.412507e-04 -0.0895 
9.3764e+03 4.2210 3.6047 3.19855 0.81641 0.3109 9.9594e+01 1 1.8450e-07 3.6047 6.946000e-01 3.049040e-01 3.412507e-04 -0.0903 
2.1531e+04 4.2361 3.6033 3.19639 0.81762 0.4194 1.0349e+02 1 2.1330e-07 3.6033 6.944149e-01 3.050710e-01 3.600864e-04 -0.0872 
3.6591e+04 4.2515 3.6006 3.19305 0.81906 0.6268 1.0867e+02 1 2.6607e-07 3.6006 6.940661e-01 3.053830e-01 3.962995e-04 -0.0937 
5.4094e+04 4.2653 3.5978 3.18792 0.82050 0.9599 1.1382e+02 1 3.4995e-07 3.5978 6.934891e-01 3.059020e-01 4.536610e-04 -0.0962 
7.2974e+04 4.2801 3.5935 3.17972 0.82171 1.5393 1.2090e+02 1 5.2119e-07 3.5935 6.926670e-01 3.066250e-01 5.522273e-04 -0.0990 
9.3561e+04 4.2921 3.5882 3.16431 0.82289 2.5424 1.2875e+02 1 8.8716e-07 3.5882 6.916375e-01 3.074800e-01 7.255573e-04 -0.1021 
1.1365e+05 4.3059 3.5813 3.13540 0.82359 4.0357 1.3956e+02 1 1.7179e-06 3.5813 6.904473e-01 3.084010e-01 9.925783e-04 -0.1161 
1.3409e+05 4.3191 3.5787 3.08139 0.82412 5.9936 1.4704e+02 1 3.2137e-06 3.5787 6.891224e-01 3.093540e-01 1.361707e-03 -0.1175 
1.5517e+05 4.3328 3.5637 2.96097 0.82462 8.3311 1.7165e+02 1 7.3961e-06 3.5637 6.876643e-01 3.103310e-01 1.837682e-03 -0.1311 
1.7675e+05 4.3372 3.5570 2.72531 0.82507 10.9830 1.8966e+02 1 1.4622e-05 3.5570 6.860317e-01 3.113620e-01 2.432260e-03 -0.1364 
1.9893e+05 4.3399 3.5243 2.16085 0.82565 13.9632 5.7632e+02 0 2.9785e-05 3.5243 6.841575e-01 3.124930e-01 3.163985e-03 -0.1805 
2.2151e+05 4.3292 3.5038 1.52124 0.82684 17.4158 9.2729e+02 0 2.9040e-05 3.5038 6.817933e-01 3.138660e-01 4.136474e-03 -0.2030 
2.4281e+05 4.3254 3.5439 0.94582 0.83000 20.3681 9.8551e+02 0 2.8774e-05 3.5439 6.795179e-01 3.151490e-01 5.105135e-03 -0.1137 
2.4748e+05 4.2743 3.6479 0.83632 0.83056 20.3681 3.8794e+02 0 4.6666e-05 3.6479 6.795179e-01 3.151490e-01 5.105135e-03 999.0000 
 3.4000 16 # agb_3.40_Z0.00050000_Mdot51_eta1.00_Mc0.00_dMc0.00_Tbd6.40_L0.00_dL0.00_C0.00_Nr3.00_rates0_KOPv_KMOLv.dat 
0.0000e+00 4.1301 3.6171 3.40000 0.82829 0.3174 7.4686e+01 1 1.1272e-07 3.6171 6.841000e-01 3.153950e-01 3.407666e-04 -0.0877 
7.9772e+03 4.2465 3.6064 3.39865 0.82943 0.3174 9.9994e+01 1 2.0324e-07 3.6064 6.841000e-01 3.153950e-01 3.407666e-04 -0.0878 
1.8778e+04 4.2577 3.6053 3.39652 0.83062 0.4148 1.0285e+02 1 2.2856e-07 3.6053 6.839449e-01 3.155330e-01 3.572502e-04 -0.0910 
3.1602e+04 4.2725 3.6028 3.39347 0.83194 0.5967 1.0773e+02 1 2.7733e-07 3.6028 6.836575e-01 3.157890e-01 3.881573e-04 -0.0942 
4.6520e+04 4.2864 3.6004 3.38894 0.83330 0.8781 1.1256e+02 1 3.5156e-07 3.6004 6.831877e-01 3.162120e-01 4.354077e-04 -0.0934 
6.2744e+04 4.2995 3.5969 3.38214 0.83446 1.3419 1.1834e+02 1 4.8529e-07 3.5969 6.825157e-01 3.168060e-01 5.121586e-04 -0.0964 
7.9584e+04 4.3148 3.5922 3.37103 0.83535 2.1387 1.2619e+02 1 7.6736e-07 3.5922 6.816690e-01 3.175190e-01 6.453549e-04 -0.0992 
9.6777e+04 4.3317 3.5859 3.35108 0.83600 3.3405 1.3671e+02 1 1.3836e-06 3.5859 6.806841e-01 3.182950e-01 8.526282e-04 -0.1116 
1.1422e+05 4.3509 3.5830 3.31525 0.83646 4.8487 1.4545e+02 1 2.5235e-06 3.5830 6.795823e-01 3.190980e-01 1.149026e-03 -0.1129 
1.3268e+05 4.3712 3.5687 3.23410 0.83702 5.8654 1.6977e+02 1 5.7810e-06 3.5687 6.783489e-01 3.199190e-01 1.557972e-03 -0.1270 
1.5093e+05 4.3769 3.5646 3.08910 0.83732 6.5823 1.8093e+02 1 1.0544e-05 3.5646 6.769811e-01 3.207690e-01 2.070380e-03 -0.1313 
1.7014e+05 4.3870 3.5560 2.79376 0.83779 6.6736 2.0658e+02 1 2.1878e-05 3.5560 6.754336e-01 3.216700e-01 2.709840e-03 -0.1371 
1.8945e+05 4.3800 3.5403 2.23614 0.83823 8.7097 5.2973e+02 0 3.2659e-05 3.5403 6.736792e-01 3.226800e-01 3.442697e-03 -0.1560 
2.0937e+05 4.3555 3.4786 1.64813 0.83935 12.3265 1.1460e+03 0 3.0832e-05 3.4786 6.715460e-01 3.238950e-01 4.343865e-03 -0.2146 
2.2817e+05 4.3597 3.4932 1.10297 0.84202 15.6469 1.4569e+03 0 3.1189e-05 3.4932 6.693418e-01 3.251170e-01 5.302267e-03 -0.1426 
2.3728e+05 4.3650 3.6401 0.85055 0.84384 17.1294 5.0140e+02 0 3.2434e-05 3.6401 6.682590e-01 3.257060e-01 5.781475e-03 999.0000 
 3.6000 17 # agb_3.60_Z0.00050000_Mdot51_eta1.00_Mc0.00_dMc0.00_Tbd6.40_L0.00_dL0.00_C0.00_Nr3.00_rates0_KOPv_KMOLv.dat 
0.0000e+00 4.1575 3.6185 3.60000 0.84205 0.3197 7.5503e+01 1 1.2162e-07 3.6185 6.752000e-01 3.242870e-01 3.403855e-04 -0.0871 
7.0909e+03 4.2691 3.6084 3.59865 0.84316 0.3197 9.9685e+01 1 2.1979e-07 3.6084 6.752000e-01 3.242870e-01 3.403855e-04 -0.0917 
1.5821e+04 4.2845 3.6070 3.59676 0.84418 0.4074 1.0362e+02 1 2.4946e-07 3.6070 6.750698e-01 3.244020e-01 3.548282e-04 -0.0909 
2.6563e+04 4.2966 3.6049 3.59402 0.84537 0.5673 1.0766e+02 1 2.9309e-07 3.6049 6.748330e-01 3.246130e-01 3.812495e-04 -0.0874 
3.9152e+04 4.3111 3.6027 3.59004 0.84664 0.8058 1.1244e+02 1 3.6141e-07 3.6027 6.744521e-01 3.249540e-01 4.202741e-04 -0.0895 
5.2825e+04 4.3245 3.5994 3.58434 0.84774 1.1775 1.1812e+02 1 4.7424e-07 3.5994 6.739056e-01 3.254400e-01 4.801489e-04 -0.1013 
6.7060e+04 4.3417 3.5952 3.57558 0.84860 1.8049 1.2590e+02 1 7.0632e-07 3.5952 6.732128e-01 3.260300e-01 5.829106e-04 -0.0964 
8.1790e+04 4.3656 3.5887 3.56021 0.84929 2.5558 1.3815e+02 1 1.2359e-06 3.5887 6.723993e-01 3.266740e-01 7.506171e-04 -0.1097 
9.6910e+04 4.3893 3.5857 3.53226 0.84987 2.2479 1.4816e+02 1 2.2909e-06 3.5857 6.714514e-01 3.273530e-01 1.018072e-03 -0.1109 
1.1227e+05 4.4119 3.5866 3.47953 0.85031 0.9047 1.5458e+02 1 3.9811e-06 3.5866 6.703752e-01 3.280590e-01 1.385278e-03 -0.1126 
1.2771e+05 4.4343 3.5854 3.37920 0.85063 0.3284 1.6485e+02 1 7.1614e-06 3.5854 6.691935e-01 3.288100e-01 1.812635e-03 -0.1252 
1.4358e+05 4.4508 3.5803 3.19966 0.85092 0.3429 1.8135e+02 1 1.2972e-05 3.5803 6.678754e-01 3.296230e-01 2.311631e-03 -0.1290 
1.5988e+05 4.4593 3.5721 2.84357 0.85121 0.4332 2.0779e+02 1 2.5235e-05 3.5721 6.663833e-01 3.305070e-01 2.911837e-03 -0.1436 
1.7689e+05 4.4455 3.5201 2.29507 0.85168 1.1723 7.1777e+02 0 3.7931e-05 3.5201 6.646771e-01 3.314600e-01 3.653782e-03 -0.1718 
1.9428e+05 4.3759 3.5123 1.75825 0.85262 5.3195 8.3743e+02 0 3.2359e-05 3.5123 6.627265e-01 3.325540e-01 4.493754e-03 -0.1813 
2.1062e+05 4.3665 3.4806 1.26357 0.85458 9.1875 1.4650e+03 0 3.1623e-05 3.4806 6.606724e-01 3.336790e-01 5.400737e-03 -0.1604 
2.2431e+05 4.3735 3.6415 0.86408 0.85767 11.7359 4.9766e+02 0 3.3574e-05 3.6415 6.591535e-01 3.344970e-01 6.081545e-03 999.0000 
 3.8000 19 # agb_3.80_Z0.00050000_Mdot51_eta1.00_Mc0.00_dMc0.00_Tbd6.40_L0.00_dL0.00_C0.00_Nr3.00_rates0_KOPv_KMOLv.dat 
0.0000e+00 4.1864 3.6196 3.80000 0.85793 0.3222 7.6773e+01 1 1.3243e-07 3.6196 6.672000e-01 3.322790e-01 3.399603e-04 -0.0864 
5.8603e+03 4.2963 3.6096 3.79877 0.85892 0.3222 1.0105e+02 1 2.4266e-07 3.6096 6.672000e-01 3.322790e-01 3.399603e-04 -0.0916 
1.3059e+04 4.3110 3.6083 3.79707 0.85982 0.3996 1.0482e+02 1 2.7290e-07 3.6083 6.670938e-01 3.323730e-01 3.523845e-04 -0.0908 
2.1760e+04 4.3242 3.6063 3.79471 0.86084 0.5376 1.0902e+02 1 3.1696e-07 3.6063 6.669050e-01 3.325400e-01 3.745916e-04 -0.0898 
3.1990e+04 4.3388 3.6049 3.79140 0.86195 0.7368 1.1313e+02 1 3.7757e-07 3.6049 6.666059e-01 3.328070e-01 4.065147e-04 -0.0892 
4.3223e+04 4.3575 3.6009 3.78673 0.86297 1.0113 1.2068e+02 1 4.9091e-07 3.6009 6.661798e-01 3.331870e-01 4.517749e-04 -0.0991 
5.4958e+04 4.3829 3.5963 3.77974 0.86379 1.1757 1.3088e+02 1 7.2444e-07 3.5963 6.656268e-01 3.336560e-01 5.351761e-04 -0.0956 
6.7268e+04 4.4070 3.5966 3.76811 0.86449 0.4843 1.3663e+02 1 1.1220e-06 3.5966 6.649418e-01 3.341920e-01 6.832336e-04 -0.1067 
7.9739e+04 4.4342 3.5947 3.74862 0.86503 0.1293 1.4601e+02 1 1.8793e-06 3.5947 6.641481e-01 3.347890e-01 8.779163e-04 -0.1061 
9.2391e+04 4.4608 3.5915 3.71502 0.86545 0.1713 1.5767e+02 1 3.2359e-06 3.5915 6.632523e-01 3.354390e-01 1.122344e-03 -0.1054 
1.0521e+05 4.4868 3.5883 3.65585 0.86577 0.2334 1.7072e+02 1 5.6234e-06 3.5883 6.622548e-01 3.361300e-01 1.425543e-03 -0.1104 
1.1833e+05 4.5077 3.5828 3.55123 0.86606 0.3082 1.8746e+02 1 9.7724e-06 3.5828 6.611539e-01 3.368640e-01 1.787836e-03 -0.1205 
1.3164e+05 4.5184 3.5785 3.37326 0.86629 0.3915 2.0252e+02 1 1.6293e-05 3.5785 6.599447e-01 3.376410e-01 2.215070e-03 -0.1277 
1.4544e+05 4.5229 3.5720 3.05021 0.86656 0.4842 2.2547e+02 1 2.8642e-05 3.5720 6.585871e-01 3.384830e-01 2.723104e-03 -0.1408 
1.5969e+05 4.5102 3.5609 2.52615 0.86686 0.5920 5.2850e+02 0 4.4055e-05 3.5609 6.570289e-01 3.393990e-01 3.355298e-03 -0.1601 
1.7459e+05 4.4647 3.5059 2.00048 0.86756 3.4327 9.6277e+02 0 3.9719e-05 3.5059 6.553018e-01 3.403440e-01 4.124526e-03 -0.1729 
1.8909e+05 4.3912 3.4863 1.52330 0.86876 8.0483 1.2441e+03 0 3.3497e-05 3.4863 6.533738e-01 3.413970e-01 4.981042e-03 -0.1787 
2.0227e+05 4.3949 3.5069 1.11435 0.87119 11.6690 1.3817e+03 0 3.3806e-05 3.5069 6.516166e-01 3.423390e-01 5.774423e-03 -0.0680 
2.1009e+05 4.4011 3.6392 0.87987 0.87312 13.4382 5.3183e+02 0 3.4277e-05 3.6392 6.506582e-01 3.428460e-01 6.211413e-03 999.0000 
 4.0000 21 # agb_4.00_Z0.00050000_Mdot51_eta1.00_Mc0.00_dMc0.00_Tbd6.40_L0.00_dL0.00_C0.00_Nr3.00_rates0_KOPv_KMOLv.dat 
0.0000e+00 4.2192 3.6201 4.00000 0.87705 0.3225 7.9145e+01 1 1.4757e-07 3.6201 6.602000e-01 3.392730e-01 3.397897e-04 -0.0870 
4.7077e+03 4.3283 3.6103 3.99887 0.87792 0.3225 1.0387e+02 1 2.7479e-07 3.6103 6.602000e-01 3.392730e-01 3.397897e-04 -0.0899 
1.0380e+04 4.3432 3.6089 3.99736 0.87868 0.3901 1.0783e+02 1 3.0690e-07 3.6089 6.601150e-01 3.393470e-01 3.504135e-04 -0.0890 
1.7186e+04 4.3606 3.6074 3.99527 0.87954 0.5065 1.1262e+02 1 3.5645e-07 3.6074 6.599689e-01 3.394740e-01 3.690405e-04 -0.0889 
2.5130e+04 4.3855 3.6035 3.99223 0.88047 0.6247 1.2134e+02 1 4.4978e-07 3.6035 6.597432e-01 3.396720e-01 3.967374e-04 -0.0932 
3.3980e+04 4.4097 3.6011 3.98796 0.88137 0.3330 1.2912e+02 1 5.8345e-07 3.6011 6.594083e-01 3.399620e-01 4.410062e-04 -0.0981 
4.3348e+04 4.4312 3.6000 3.98192 0.88213 0.0674 1.3553e+02 1 7.7625e-07 3.6000 6.589565e-01 3.403490e-01 5.056602e-04 -0.0961 
5.3183e+04 4.4554 3.5981 3.97293 0.88279 0.0851 1.4376e+02 1 1.0990e-06 3.5981 6.583955e-01 3.408190e-01 5.953533e-04 -0.0848 
6.3157e+04 4.4902 3.5945 3.95855 0.88329 0.1232 1.5759e+02 1 1.7579e-06 3.5945 6.577303e-01 3.413570e-01 7.220880e-04 -0.0708 
7.3245e+04 4.5197 3.5913 3.93528 0.88367 0.1755 1.7079e+02 1 2.8510e-06 3.5913 6.569786e-01 3.419390e-01 8.891539e-04 -0.0517 
8.3528e+04 4.5439 3.5881 3.89716 0.88400 0.2433 1.8373e+02 1 4.6026e-06 3.5881 6.561482e-01 3.425590e-01 1.097624e-03 -0.2764 
9.3983e+04 4.5652 3.5837 3.83441 0.88429 0.3275 1.9892e+02 1 7.4989e-06 3.5837 6.552396e-01 3.432140e-01 1.348002e-03 -0.4199 
1.0465e+05 4.5766 3.5813 3.73500 0.88456 0.4229 2.0948e+02 1 1.1535e-05 3.5813 6.542563e-01 3.438990e-01 1.642297e-03 -0.2525 
1.1545e+05 4.5860 3.5778 3.57619 0.88477 0.5296 2.2364e+02 1 1.8030e-05 3.5778 6.531890e-01 3.446190e-01 1.984325e-03 -0.1239 
1.2656e+05 4.5877 3.5719 3.31566 0.88497 0.6454 2.4332e+02 1 2.8840e-05 3.5719 6.520131e-01 3.453880e-01 2.385249e-03 -0.1321 
1.3809e+05 4.5756 3.5628 2.86851 0.88519 0.7685 5.3600e+02 0 4.9888e-05 3.5628 6.506902e-01 3.462180e-01 2.870760e-03 -0.1492 
1.5015e+05 4.5397 3.5554 2.38066 0.88553 0.9565 6.2510e+02 0 4.7206e-05 3.5554 6.491799e-01 3.470870e-01 3.501699e-03 -0.1618 
1.6253e+05 4.4874 3.5024 1.91390 0.88625 5.8413 1.0870e+03 0 4.1783e-05 3.5024 6.475637e-01 3.479690e-01 4.223075e-03 -0.1650 
1.7441e+05 4.4146 3.4853 1.51663 0.88746 11.0908 1.3272e+03 0 3.5318e-05 3.4853 6.458061e-01 3.489170e-01 5.014084e-03 -0.1569 
1.8501e+05 4.4180 3.5029 1.16758 0.88954 14.9328 1.4460e+03 0 3.5645e-05 3.5029 6.442519e-01 3.497430e-01 5.722791e-03 -0.0489 
1.9327e+05 4.4242 3.6491 0.89709 0.89185 17.1693 5.0337e+02 0 3.6898e-05 3.6491 6.432080e-01 3.502910e-01 6.202788e-03 999.0000 
 4.2000 24 # agb_4.20_Z0.00050000_Mdot51_eta1.00_Mc0.00_dMc0.00_Tbd6.40_L0.00_dL0.00_C0.00_Nr3.00_rates0_KOPv_KMOLv.dat 
0.0000e+00 4.2716 3.6187 4.20000 0.89770 0.3248 8.5883e+01 1 1.8113e-07 3.6187 6.539000e-01 3.455670e-01 3.394863e-04 -0.0895 
3.7153e+03 4.3669 3.6101 4.19895 0.89845 0.3246 1.0887e+02 1 3.2211e-07 3.6101 6.539004e-01 3.455670e-01 3.395019e-04 -0.0878 
8.1230e+03 4.3935 3.6077 4.19750 0.89910 0.3748 1.1639e+02 1 3.8019e-07 3.6077 6.538354e-01 3.456220e-01 3.490147e-04 -0.0900 
1.3345e+04 4.4228 3.6049 4.19542 0.89981 0.3072 1.2534e+02 1 4.6989e-07 3.6049 6.537223e-01 3.457150e-01 3.687021e-04 -0.0929 
1.9403e+04 4.4479 3.6029 4.19244 0.90057 0.0583 1.3322e+02 1 5.8479e-07 3.6029 6.535333e-01 3.458750e-01 3.978688e-04 -0.0940 
2.6229e+04 4.4620 3.6017 4.18849 0.90134 0.0553 1.3799e+02 1 6.8549e-07 3.6017 6.532557e-01 3.461230e-01 4.264021e-04 -0.0969 
3.3492e+04 4.4911 3.5991 4.18307 0.90200 0.0745 1.4844e+02 1 8.9536e-07 3.5991 6.528791e-01 3.464600e-01 4.660956e-04 -0.0966 
4.1147e+04 4.5251 3.5954 4.17508 0.90258 0.1061 1.6249e+02 1 1.2647e-06 3.5954 6.524050e-01 3.468740e-01 5.246783e-04 -0.0726 
4.9043e+04 4.5542 3.5926 4.16333 0.90306 0.1524 1.7510e+02 1 1.8197e-06 3.5926 6.518469e-01 3.473480e-01 6.070888e-04 -0.0596 
5.7018e+04 4.5802 3.5906 4.14607 0.90345 0.2168 1.8681e+02 1 2.6607e-06 3.5906 6.512188e-01 3.478650e-01 7.163394e-04 -0.0580 
6.5063e+04 4.6014 3.5886 4.12052 0.90376 0.3005 1.9772e+02 1 3.9264e-06 3.5886 6.505314e-01 3.484130e-01 8.539582e-04 -0.0862 
7.3241e+04 4.6187 3.5852 4.08210 0.90404 0.4045 2.1015e+02 1 5.8479e-06 3.5852 6.497893e-01 3.489860e-01 1.020435e-03 1.1541 
8.1577e+04 4.6307 3.5833 4.02490 0.90431 0.5257 2.1936e+02 1 8.4528e-06 3.5833 6.489957e-01 3.495810e-01 1.216295e-03 -1.0311 
8.9967e+04 4.6412 3.5799 3.93989 0.90452 0.6625 2.3189e+02 1 1.2417e-05 3.5799 6.481509e-01 3.501960e-01 1.442655e-03 -0.1166 
9.8575e+04 4.6462 3.5759 3.81122 0.90474 0.8095 2.4495e+02 1 1.8113e-05 3.5759 6.472460e-01 3.508370e-01 1.702341e-03 -0.1186 
1.0731e+05 4.6441 3.5727 3.61799 0.90491 0.9569 2.5665e+02 1 2.5942e-05 3.5727 6.462773e-01 3.515020e-01 2.001566e-03 -0.1229 
1.1636e+05 4.6391 3.5419 3.25559 0.90509 1.1523 6.6465e+02 0 5.9293e-05 3.5419 6.452161e-01 3.522070e-01 2.352074e-03 -0.1360 
1.2589e+05 4.5794 3.5398 2.85742 0.90532 1.2268 6.6621e+02 0 5.1642e-05 3.5398 6.440571e-01 3.529170e-01 2.794096e-03 -0.1440 
1.3582e+05 4.5452 3.5339 2.44405 0.90561 1.4195 7.4925e+02 0 4.7753e-05 3.5339 6.427173e-01 3.536830e-01 3.359711e-03 -0.1530 
1.4583e+05 4.4989 3.5094 2.04954 0.90608 6.4498 9.8489e+02 0 4.2954e-05 3.5094 6.412961e-01 3.544500e-01 4.002558e-03 -0.1604 
1.5558e+05 4.4445 3.4925 1.69706 0.90693 12.7336 1.2028e+03 0 3.7844e-05 3.4925 6.397811e-01 3.552660e-01 4.685767e-03 -0.1586 
1.6458e+05 4.4467 3.4957 1.37890 0.90844 17.4412 1.4158e+03 0 3.8107e-05 3.4957 6.383283e-01 3.560380e-01 5.349675e-03 -0.0887 
1.7283e+05 4.4496 3.5115 1.08496 0.91059 20.7363 1.5350e+03 0 3.8371e-05 3.5115 6.370733e-01 3.566970e-01 5.928317e-03 0.0814 
1.7771e+05 4.4539 3.6479 0.91801 0.91203 22.3512 5.3268e+02 0 3.8726e-05 3.6479 6.363618e-01 3.570670e-01 6.258350e-03 999.0000 
 4.4000 28 # agb_4.40_Z0.00050000_Mdot51_eta1.00_Mc0.00_dMc0.00_Tbd6.40_L0.00_dL0.00_C0.00_Nr3.00_rates0_KOPv_KMOLv.dat 
0.0000e+00 4.3024 3.6190 4.40000 0.91756 0.3246 8.8527e+01 1 1.9999e-07 3.6190 6.489000e-01 3.505620e-01 3.393684e-04 -0.0874 
2.9558e+03 4.4199 3.6083 4.39895 0.91821 0.3087 1.1870e+02 1 4.0551e-07 3.6083 6.489034e-01 3.505580e-01 3.398988e-04 -0.0923 
6.3816e+03 4.4546 3.6049 4.39749 0.91875 0.1911 1.2971e+02 1 5.0350e-07 3.6049 6.488499e-01 3.505990e-01 3.514906e-04 -0.0919 
1.0393e+04 4.4768 3.6035 4.39547 0.91932 0.0502 1.3649e+02 1 5.9156e-07 3.6035 6.487482e-01 3.506840e-01 3.689279e-04 -0.0975 
1.5048e+04 4.4974 3.6017 4.39271 0.91995 0.0530 1.4363e+02 1 6.9823e-07 3.6017 6.485844e-01 3.508280e-01 3.878702e-04 -0.0972 
2.0271e+04 4.5263 3.5992 4.38890 0.92057 0.0702 1.5429e+02 1 8.6896e-07 3.5992 6.483467e-01 3.510440e-01 4.095351e-04 -0.0921 
2.5927e+04 4.5567 3.5965 4.38371 0.92114 0.0967 1.6653e+02 1 1.1041e-06 3.5965 6.480296e-01 3.513330e-01 4.361045e-04 -0.0872 
3.1882e+04 4.5869 3.5941 4.37662 0.92164 0.1368 1.7929e+02 1 1.4454e-06 3.5941 6.476347e-01 3.516890e-01 4.741535e-04 -0.0708 
3.8097e+04 4.6088 3.5923 4.36704 0.92209 0.1930 1.8934e+02 1 1.8836e-06 3.5923 6.471733e-01 3.520960e-01 5.272419e-04 -0.0667 
4.4369e+04 4.6305 3.5906 4.35417 0.92245 0.2696 1.9974e+02 1 2.5177e-06 3.5906 6.466584e-01 3.525390e-01 5.974216e-04 -0.0624 
5.0786e+04 4.6513 3.5874 4.33595 0.92279 0.3735 2.1288e+02 1 3.5075e-06 3.5874 6.460915e-01 3.530160e-01 6.860759e-04 -0.0512 
5.7225e+04 4.6637 3.5861 4.31139 0.92306 0.4983 2.2043e+02 1 4.6989e-06 3.5861 6.454884e-01 3.535090e-01 7.942949e-04 2.6209 
6.3781e+04 4.6765 3.5835 4.27677 0.92333 0.6491 2.3097e+02 1 6.5013e-06 3.5835 6.448468e-01 3.540200e-01 9.222065e-04 -0.5277 
7.0381e+04 4.6851 3.5811 4.22872 0.92356 0.8177 2.4016e+02 1 8.8716e-06 3.5811 6.441733e-01 3.545430e-01 1.070319e-03 -0.1105 
7.7026e+04 4.6906 3.5792 4.16163 0.92375 0.9969 2.4804e+02 1 1.1967e-05 3.5792 6.434691e-01 3.550750e-01 1.239321e-03 -0.1122 
8.3842e+04 4.6953 3.5625 4.05639 0.92396 1.2067 2.8649e+02 1 2.0184e-05 3.5625 6.427254e-01 3.556250e-01 1.430356e-03 -0.1145 
9.0741e+04 4.6741 3.5627 3.93151 0.92413 1.3422 2.7955e+02 1 2.3659e-05 3.5627 6.419652e-01 3.561640e-01 1.647779e-03 -0.1162 
9.7864e+04 4.6723 3.5600 3.75888 0.92432 1.5021 2.9072e+02 1 3.2211e-05 3.5600 6.411464e-01 3.567320e-01 1.894987e-03 -0.1180 
1.0517e+05 4.6661 3.5564 3.51843 0.92448 1.6499 3.0533e+02 1 4.4875e-05 3.5564 6.402564e-01 3.573320e-01 2.179888e-03 -0.1203 
1.1269e+05 4.6524 3.5383 3.15283 0.92461 1.8426 7.2746e+02 0 6.1094e-05 3.5383 6.392833e-01 3.579630e-01 2.516741e-03 -0.1391 
1.2067e+05 4.6043 3.5356 2.78071 0.92483 1.8914 7.4972e+02 0 5.4702e-05 3.5356 6.381957e-01 3.586210e-01 2.939185e-03 -0.1463 
1.2884e+05 4.5677 3.5312 2.41444 0.92507 2.1619 8.1605e+02 0 5.0350e-05 3.5312 6.369646e-01 3.593150e-01 3.467685e-03 -0.1467 
1.3707e+05 4.5232 3.5277 2.06320 0.92551 5.0030 8.7765e+02 0 4.5394e-05 3.5277 6.356465e-01 3.600130e-01 4.076377e-03 -0.1414 
1.4502e+05 4.4775 3.4983 1.74824 0.92628 12.1471 1.1972e+03 0 4.0832e-05 3.4983 6.343184e-01 3.607240e-01 4.680540e-03 -0.1417 
1.5244e+05 4.4792 3.5002 1.46455 0.92756 17.4253 1.3856e+03 0 4.1020e-05 3.5002 6.330137e-01 3.614120e-01 5.280695e-03 -0.0843 
1.5923e+05 4.4817 3.4975 1.20359 0.92930 21.1851 1.7027e+03 0 4.1305e-05 3.4975 6.318235e-01 3.620340e-01 5.832492e-03 0.0497 
1.6566e+05 4.4845 3.6024 0.95508 0.93150 23.6621 8.2626e+02 0 4.1495e-05 3.6024 6.308689e-01 3.625290e-01 6.277484e-03 0.2977 
1.6626e+05 4.2898 3.6418 0.93723 0.93151 23.6621 3.8256e+02 0 5.0234e-05 3.6418 6.308689e-01 3.625290e-01 6.277484e-03 999.0000 
 4.6000 33 # agb_4.60_Z0.00050000_Mdot51_eta1.00_Mc0.00_dMc0.00_Tbd6.40_L0.00_dL0.00_C0.00_Nr3.00_rates0_KOPv_KMOLv.dat 
0.0000e+00 4.3350 3.6190 4.60000 0.94376 0.3249 9.1826e+01 1 2.2336e-07 3.6190 6.450000e-01 3.545570e-01 3.392725e-04 -0.0881 
2.1910e+03 4.5197 3.6021 4.59916 0.94428 0.1634 1.4573e+02 1 4.5082e-07 3.6021 6.450023e-01 3.545510e-01 3.428589e-04 -0.0882 
4.6872e+03 4.5500 3.6002 4.59801 0.94471 0.0502 1.5628e+02 1 5.4075e-07 3.6002 6.449451e-01 3.545990e-01 3.518225e-04 -0.0872 
7.5590e+03 4.5633 3.5989 4.59653 0.94515 0.0560 1.6167e+02 1 6.0674e-07 3.5989 6.448438e-01 3.546890e-01 3.624250e-04 -0.0873 
1.0850e+04 4.5950 3.5959 4.59443 0.94562 0.0753 1.7516e+02 1 7.5858e-07 3.5959 6.446922e-01 3.548260e-01 3.764477e-04 -0.0919 
1.4526e+04 4.6240 3.5931 4.59154 0.94608 0.1039 1.8857e+02 1 9.4406e-07 3.5931 6.444851e-01 3.550170e-01 3.928196e-04 -0.0946 
1.8575e+04 4.6482 3.5909 4.58768 0.94655 0.1446 2.0040e+02 1 1.1535e-06 3.5909 6.442194e-01 3.552630e-01 4.109421e-04 -0.0937 
2.2863e+04 4.6701 3.5910 4.58277 0.94697 0.2019 2.0866e+02 1 1.3900e-06 3.5910 6.438977e-01 3.555610e-01 4.341870e-04 -0.0737 
2.7373e+04 4.6918 3.5893 4.57631 0.94737 0.2851 2.1990e+02 1 1.7418e-06 3.5893 6.435207e-01 3.559050e-01 4.653849e-04 -0.0816 
3.1965e+04 4.7065 3.5868 4.56813 0.94770 0.3937 2.3025e+02 1 2.1827e-06 3.5868 6.431042e-01 3.562790e-01 5.061363e-04 -0.0709 
3.6652e+04 4.7180 3.5860 4.55774 0.94801 0.5320 2.3678e+02 1 2.7164e-06 3.5860 6.426543e-01 3.566760e-01 5.572577e-04 -0.0690 
4.1397e+04 4.7283 3.5843 4.54435 0.94828 0.7033 2.4484e+02 1 3.4594e-06 3.5843 6.421773e-01 3.570890e-01 6.194620e-04 -0.0916 
4.6201e+04 4.7358 3.5828 4.52697 0.94854 0.9042 2.5134e+02 1 4.3954e-06 3.5828 6.416774e-01 3.575140e-01 6.931216e-04 -0.0967 
5.1001e+04 4.7421 3.5742 4.50315 0.94875 1.1680 2.7154e+02 1 6.2373e-06 3.5742 6.411288e-01 3.579750e-01 7.784133e-04 -0.1212 
5.5878e+04 4.7372 3.5743 4.47417 0.94897 1.3835 2.6979e+02 1 7.4473e-06 3.5743 6.406024e-01 3.584020e-01 8.758556e-04 -0.1005 
6.0810e+04 4.7419 3.5734 4.43695 0.94918 1.6213 2.7515e+02 1 9.4842e-06 3.5734 6.400560e-01 3.588360e-01 9.854776e-04 -0.1021 
6.5746e+04 4.7461 3.5677 4.38654 0.94936 1.8751 2.9084e+02 1 1.2942e-05 3.5677 6.394931e-01 3.592740e-01 1.107475e-03 -0.1090 
7.0762e+04 4.7413 3.5672 4.32444 0.94954 2.0625 2.9129e+02 1 1.5704e-05 3.5672 6.389152e-01 3.597150e-01 1.242787e-03 -0.1091 
7.5847e+04 4.7423 3.5660 4.24521 0.94972 2.2506 2.9727e+02 1 1.9907e-05 3.5660 6.383129e-01 3.601650e-01 1.392261e-03 -0.1089 
8.1029e+04 4.7418 3.5646 4.14360 0.94988 2.4137 3.0383e+02 1 2.5177e-05 3.5646 6.376815e-01 3.606280e-01 1.557372e-03 -0.1098 
8.6286e+04 4.7388 3.5629 4.01442 0.95002 2.5455 3.1091e+02 1 3.1915e-05 3.5629 6.370186e-01 3.611040e-01 1.740429e-03 -0.1105 
9.1686e+04 4.7340 3.5608 3.84641 0.95017 2.6533 3.1982e+02 1 4.0926e-05 3.5608 6.363121e-01 3.616020e-01 1.945100e-03 -0.1126 
9.7284e+04 4.7246 3.5453 3.58328 0.95032 2.8740 7.1596e+02 0 6.4714e-05 3.5453 6.355571e-01 3.621210e-01 2.176956e-03 -0.1282 
1.0309e+05 4.6876 3.5435 3.27798 0.95047 2.7889 7.2565e+02 0 6.6374e-05 3.5435 6.347477e-01 3.626510e-01 2.451760e-03 -0.1337 
1.0906e+05 4.6628 3.5399 2.95972 0.95059 2.8117 7.7739e+02 0 6.2661e-05 3.5399 6.338412e-01 3.632180e-01 2.785385e-03 -0.1364 
1.1531e+05 4.6316 3.5366 2.63886 0.95074 2.8693 8.2777e+02 0 5.8210e-05 3.5366 6.328214e-01 3.638230e-01 3.193089e-03 -0.1345 
1.2165e+05 4.5948 3.5338 2.32822 0.95098 3.2631 8.7516e+02 0 5.3580e-05 3.5338 6.317047e-01 3.644440e-01 3.680089e-03 -0.1328 
1.2794e+05 4.5524 3.5322 2.03651 0.95139 6.0795 9.1122e+02 0 4.8529e-05 3.5322 6.305561e-01 3.650480e-01 4.214106e-03 -0.1271 
1.3400e+05 4.5106 3.5320 1.78079 0.95207 13.0019 9.3834e+02 0 4.4157e-05 3.5320 6.294362e-01 3.656420e-01 4.728021e-03 -0.1149 
1.3962e+05 4.4935 3.4892 1.55605 0.95298 18.0462 1.4936e+03 0 4.2364e-05 3.4892 6.283405e-01 3.662160e-01 5.235062e-03 -0.0714 
1.4492e+05 4.4952 3.4987 1.34355 0.95425 21.6128 1.5717e+03 0 4.2560e-05 3.4987 6.273426e-01 3.667360e-01 5.699556e-03 -0.2696 
1.4994e+05 4.4972 3.5249 1.14127 0.95581 24.2480 1.4467e+03 0 4.2756e-05 3.5249 6.264328e-01 3.672060e-01 6.124978e-03 0.1190 
1.5436e+05 4.5006 3.6536 0.96366 0.95745 26.0761 5.3767e+02 0 4.3053e-05 3.6536 6.256840e-01 3.675900e-01 6.476247e-03 999.0000 
 4.8000 39 # agb_4.80_Z0.00050000_Mdot51_eta1.00_Mc0.00_dMc0.00_Tbd6.40_L0.00_dL0.00_C0.00_Nr3.00_rates0_KOPv_KMOLv.dat 
0.0000e+00 4.4017 3.6159 4.80000 0.96824 0.3278 1.0389e+02 1 2.9444e-07 3.6159 6.400000e-01 3.594530e-01 3.391828e-04 -0.0920 
1.6581e+03 4.5928 3.5982 4.79871 0.96867 0.1288 1.6777e+02 1 9.1622e-07 3.5982 6.399989e-01 3.594500e-01 3.433779e-04 -0.0952 
3.4959e+03 4.6047 3.5979 4.79715 0.96899 0.0550 1.7185e+02 1 9.9083e-07 3.5979 6.399484e-01 3.594930e-01 3.502896e-04 -0.0800 
5.5968e+03 4.6147 3.5969 4.79522 0.96933 0.0615 1.7639e+02 1 1.0740e-06 3.5969 6.398634e-01 3.595690e-01 3.589423e-04 -0.0948 
7.9605e+03 4.6427 3.5943 4.79263 0.96966 0.0803 1.8926e+02 1 1.2972e-06 3.5943 6.397426e-01 3.596780e-01 3.705421e-04 -0.0941 
1.0609e+04 4.6681 3.5920 4.78917 0.97001 0.1069 2.0183e+02 1 1.5560e-06 3.5920 6.395827e-01 3.598240e-01 3.841922e-04 -0.0928 
1.3525e+04 4.6903 3.5899 4.78468 0.97036 0.1438 2.1348e+02 1 1.8450e-06 3.5899 6.393810e-01 3.600100e-01 3.989835e-04 -0.0914 
1.6638e+04 4.7097 3.5897 4.77916 0.97069 0.1929 2.2167e+02 1 2.1281e-06 3.5897 6.391392e-01 3.602350e-01 4.148953e-04 -0.0893 
1.9920e+04 4.7287 3.5879 4.77235 0.97100 0.2611 2.3269e+02 1 2.5119e-06 3.5879 6.388578e-01 3.604950e-01 4.344798e-04 -0.0884 
2.3341e+04 4.7428 3.5866 4.76407 0.97129 0.3514 2.4128e+02 1 2.9376e-06 3.5866 6.385419e-01 3.607850e-01 4.592189e-04 -0.0763 
2.6823e+04 4.7537 3.5860 4.75432 0.97155 0.4656 2.4752e+02 1 3.4041e-06 3.5860 6.381995e-01 3.610960e-01 4.898192e-04 -0.0751 
3.0400e+04 4.7633 3.5843 4.74252 0.97180 0.6112 2.5545e+02 1 4.0087e-06 3.5843 6.378318e-01 3.614250e-01 5.266951e-04 -0.0758 
3.3991e+04 4.7705 3.5829 4.72858 0.97202 0.7834 2.6169e+02 1 4.7206e-06 3.5829 6.374476e-01 3.617640e-01 5.702816e-04 -0.0851 
3.7616e+04 4.7767 3.5823 4.71183 0.97223 0.9844 2.6634e+02 1 5.5463e-06 3.5823 6.370480e-01 3.621120e-01 6.208636e-04 -0.0934 
4.1299e+04 4.7837 3.5757 4.69043 0.97244 1.2311 2.8385e+02 1 7.1779e-06 3.5757 6.366325e-01 3.624680e-01 6.786463e-04 -0.0967 
4.4978e+04 4.7791 3.5759 4.66639 0.97263 1.4469 2.8191e+02 1 8.0724e-06 3.5759 6.362130e-01 3.628200e-01 7.441242e-04 -0.0963 
4.8684e+04 4.7837 3.5751 4.63758 0.97280 1.6975 2.8685e+02 1 9.6383e-06 3.5751 6.357807e-01 3.631780e-01 8.171534e-04 -0.0974 
5.2422e+04 4.7870 3.5708 4.60130 0.97297 1.9728 2.9893e+02 1 1.2106e-05 3.5708 6.353366e-01 3.635390e-01 8.980198e-04 -0.1046 
5.6215e+04 4.7844 3.5705 4.55864 0.97315 2.1928 2.9960e+02 1 1.3996e-05 3.5705 6.348822e-01 3.639020e-01 9.871717e-04 -0.1044 
6.0029e+04 4.7862 3.5697 4.50755 0.97331 2.4199 3.0417e+02 1 1.6711e-05 3.5697 6.344145e-01 3.642700e-01 1.084921e-03 -0.1046 
6.3890e+04 4.7870 3.5688 4.44592 0.97346 2.6269 3.0875e+02 1 1.9999e-05 3.5688 6.339309e-01 3.646450e-01 1.191716e-03 -0.1054 
6.7808e+04 4.7869 3.5678 4.37137 0.97361 2.8090 3.1375e+02 1 2.3933e-05 3.5678 6.334295e-01 3.650270e-01 1.308299e-03 -0.1053 
7.1793e+04 4.7856 3.5603 4.27300 0.97376 3.0539 3.3432e+02 1 3.1333e-05 3.5603 6.329094e-01 3.654180e-01 1.435465e-03 -0.1086 
7.5825e+04 4.7729 3.5600 4.16068 0.97389 3.0931 3.3194e+02 1 3.5481e-05 3.5600 6.323761e-01 3.658080e-01 1.575743e-03 -0.1098 
7.9995e+04 4.7677 3.5584 4.02102 0.97403 3.1751 3.3843e+02 1 4.2855e-05 3.5584 6.318101e-01 3.662160e-01 1.730912e-03 -0.1101 
8.4240e+04 4.7604 3.5565 3.84918 0.97415 3.2390 3.4625e+02 1 5.2481e-05 3.5565 6.312109e-01 3.666390e-01 1.903950e-03 -0.1106 
8.8626e+04 4.7496 3.5542 3.63164 0.97427 3.2793 3.5576e+02 1 6.5464e-05 3.5542 6.305662e-01 3.670840e-01 2.099734e-03 -0.1130 
9.3139e+04 4.7342 3.5513 3.36293 0.97438 3.3134 7.3428e+02 0 7.3790e-05 3.5513 6.298649e-01 3.675560e-01 2.325805e-03 -0.1154 
9.7808e+04 4.7118 3.5486 3.08321 0.97447 3.3139 7.7354e+02 0 7.0146e-05 3.5486 6.290907e-01 3.680570e-01 2.593973e-03 -0.1174 
1.0265e+05 4.6852 3.5460 2.80266 0.97458 3.3146 8.1247e+02 0 6.5917e-05 3.5460 6.282314e-01 3.685900e-01 2.914549e-03 -0.1163 
1.0761e+05 4.6549 3.5437 2.52711 0.97473 3.3904 8.5075e+02 0 6.1518e-05 3.5437 6.272890e-01 3.691460e-01 3.293942e-03 -0.1134 
1.1258e+05 4.6205 3.5421 2.26458 0.97495 3.7907 8.8214e+02 0 5.6754e-05 3.5421 6.262887e-01 3.697030e-01 3.729076e-03 -0.1092 
1.1747e+05 4.5822 3.5413 2.01835 0.97536 5.6257 9.0454e+02 0 5.2000e-05 3.5413 6.252881e-01 3.702310e-01 4.192398e-03 -0.1055 
1.2213e+05 4.5441 3.5416 1.80607 0.97595 11.8687 9.1569e+02 0 4.7643e-05 3.5416 6.243450e-01 3.707290e-01 4.626701e-03 -0.1021 
1.2652e+05 4.5214 3.4935 1.61809 0.97669 16.5386 1.4770e+03 0 4.5186e-05 3.4935 6.234205e-01 3.712130e-01 5.055663e-03 -0.0645 
1.3071e+05 4.5227 3.4996 1.43809 0.97770 19.9878 1.5596e+03 0 4.5394e-05 3.4996 6.225553e-01 3.716630e-01 5.459313e-03 -0.0529 
1.3471e+05 4.5242 3.5141 1.26553 0.97891 22.6652 1.5430e+03 0 4.5499e-05 3.5141 6.217316e-01 3.720880e-01 5.845300e-03 0.0782 
1.3861e+05 4.5257 3.5496 1.09711 0.98034 24.7608 1.2819e+03 0 4.5709e-05 3.5496 6.209607e-01 3.724840e-01 6.207886e-03 0.2337 
1.4118e+05 4.5285 3.6482 0.98802 0.98132 26.3321 5.8750e+02 0 4.5920e-05 3.6482 6.202873e-01 3.728270e-01 6.525484e-03 999.0000 
 5.0000 50 # agb_5.00_Z0.00050000_Mdot51_eta1.00_Mc0.00_dMc0.00_Tbd6.40_L0.00_dL0.00_C0.00_Nr3.00_rates0_KOPv_KMOLv.dat 
0.0000e+00 4.4212 3.6167 5.00000 0.99697 0.3276 1.0479e+02 1 3.0974e-07 3.6167 6.378000e-01 3.617490e-01 3.392682e-04 -0.0930 
1.1842e+03 4.6153 3.5988 4.99930 0.99729 0.1666 1.7045e+02 1 6.8549e-07 3.5988 6.377993e-01 3.617460e-01 3.427150e-04 -0.0945 
2.4992e+03 4.6389 3.5973 4.99839 0.99753 0.0695 1.7997e+02 1 7.8886e-07 3.5973 6.377649e-01 3.617740e-01 3.493220e-04 -0.0938 
3.9413e+03 4.6586 3.5955 4.99727 0.99777 0.0633 1.8910e+02 1 9.0157e-07 3.5955 6.377033e-01 3.618280e-01 3.566535e-04 -0.0939 
5.5570e+03 4.6817 3.5934 4.99580 0.99801 0.0780 2.0040e+02 1 1.0593e-06 3.5934 6.376158e-01 3.619060e-01 3.661430e-04 -0.0930 
7.3286e+03 4.7131 3.5905 4.99383 0.99824 0.1011 2.1678e+02 1 1.3092e-06 3.5905 6.375010e-01 3.620090e-01 3.773371e-04 -0.0914 
9.2770e+03 4.7374 3.5883 4.99124 0.99849 0.1316 2.3034e+02 1 1.5668e-06 3.5883 6.373577e-01 3.621390e-01 3.895402e-04 -0.0904 
1.1386e+04 4.7572 3.5865 4.98798 0.99873 0.1718 2.4206e+02 1 1.8323e-06 3.5865 6.371856e-01 3.622980e-01 4.022682e-04 -0.0892 
1.3610e+04 4.7749 3.5869 4.98408 0.99897 0.2231 2.4954e+02 1 2.0893e-06 3.5869 6.369869e-01 3.624820e-01 4.155347e-04 -0.0873 
1.5940e+04 4.7926 3.5853 4.97934 0.99920 0.2931 2.6088e+02 1 2.4322e-06 3.5853 6.367613e-01 3.626930e-01 4.299130e-04 -0.0858 
1.8343e+04 4.8040 3.5847 4.97382 0.99942 0.3815 2.6763e+02 1 2.7542e-06 3.5847 6.365141e-01 3.629220e-01 4.469971e-04 -0.0836 
2.0834e+04 4.8137 3.5832 4.96730 0.99964 0.4956 2.7571e+02 1 3.1405e-06 3.5832 6.362457e-01 3.631690e-01 4.671070e-04 -0.0639 
2.3352e+04 4.8206 3.5825 4.95987 0.99984 0.6316 2.8091e+02 1 3.5481e-06 3.5825 6.359636e-01 3.634260e-01 4.905216e-04 -0.0802 
2.5903e+04 4.8267 3.5814 4.95132 1.00003 0.7956 2.8652e+02 1 4.0365e-06 3.5814 6.356688e-01 3.636930e-01 5.173539e-04 -0.0510 
2.8480e+04 4.8320 3.5809 4.94144 1.00021 0.9891 2.9061e+02 1 4.5709e-06 3.5809 6.353636e-01 3.639660e-01 5.477973e-04 -0.0880 
3.1075e+04 4.8366 3.5766 4.92975 1.00039 1.2260 3.0286e+02 1 5.4828e-06 3.5766 6.350495e-01 3.642450e-01 5.819306e-04 -0.0912 
3.3702e+04 4.8342 3.5767 4.91673 1.00057 1.4433 3.0177e+02 1 6.0117e-06 3.5767 6.347304e-01 3.645240e-01 6.200870e-04 -0.0918 
3.6326e+04 4.8378 3.5762 4.90191 1.00074 1.7031 3.0538e+02 1 6.8549e-06 3.5762 6.344051e-01 3.648060e-01 6.621187e-04 -0.0917 
3.8965e+04 4.8407 3.5734 4.88432 1.00090 2.0029 3.1386e+02 1 8.1283e-06 3.5734 6.340735e-01 3.650900e-01 7.081763e-04 -0.0998 
4.1629e+04 4.8390 3.5734 4.86448 1.00106 2.2546 3.1365e+02 1 9.0782e-06 3.5734 6.337376e-01 3.653740e-01 7.585208e-04 -0.0997 
4.4296e+04 4.8411 3.5729 4.84176 1.00122 2.5331 3.1677e+02 1 1.0375e-05 3.5729 6.333958e-01 3.656600e-01 8.131144e-04 -0.0978 
4.6980e+04 4.8429 3.5724 4.81558 1.00137 2.8083 3.1980e+02 1 1.1912e-05 3.5724 6.330472e-01 3.659480e-01 8.720911e-04 -0.0979 
4.9683e+04 4.8439 3.5689 4.78410 1.00151 3.1298 3.2985e+02 1 1.4256e-05 3.5689 6.326920e-01 3.662380e-01 9.354603e-04 -0.1008 
5.2394e+04 4.8397 3.5689 4.74904 1.00165 3.3140 3.2858e+02 1 1.5849e-05 3.5689 6.323345e-01 3.665250e-01 1.003736e-03 -0.1004 
5.5145e+04 4.8397 3.5683 4.70839 1.00179 3.5185 3.3133e+02 1 1.8155e-05 3.5683 6.319678e-01 3.668170e-01 1.076866e-03 -0.1005 
5.7921e+04 4.8398 3.5677 4.66137 1.00193 3.7080 3.3449e+02 1 2.0797e-05 3.5677 6.315921e-01 3.671130e-01 1.155115e-03 -0.0992 
6.0731e+04 4.8389 3.5672 4.60697 1.00207 3.8653 3.3742e+02 1 2.3823e-05 3.5672 6.312067e-01 3.674130e-01 1.238855e-03 -0.1001 
6.3576e+04 4.8376 3.5665 4.54387 1.00220 3.9983 3.4069e+02 1 2.7353e-05 3.5665 6.308102e-01 3.677170e-01 1.328496e-03 -0.1005 
6.6436e+04 4.8355 3.5658 4.47147 1.00231 4.1097 3.4396e+02 1 3.1405e-05 3.5658 6.304033e-01 3.680260e-01 1.424615e-03 -0.1010 
6.9372e+04 4.8325 3.5650 4.38618 1.00244 4.1831 3.4740e+02 1 3.6058e-05 3.5650 6.299799e-01 3.683440e-01 1.527975e-03 -0.1016 
7.2363e+04 4.8285 3.5641 4.28634 1.00256 4.2345 3.5129e+02 1 4.1591e-05 3.5641 6.295398e-01 3.686700e-01 1.639491e-03 -0.1013 
7.5389e+04 4.8235 3.5630 4.17013 1.00266 4.2756 3.5583e+02 1 4.8195e-05 3.5630 6.290821e-01 3.690040e-01 1.760444e-03 -0.1007 
7.8487e+04 4.8169 3.5618 4.03245 1.00277 4.2952 3.6074e+02 1 5.6105e-05 3.5618 6.286011e-01 3.693510e-01 1.892610e-03 -0.1024 
8.1671e+04 4.8078 3.5604 3.86779 1.00286 4.2911 3.6627e+02 1 6.5917e-05 3.5604 6.280917e-01 3.697110e-01 2.038434e-03 -0.1030 
8.4953e+04 4.7963 3.5430 3.63696 1.00296 5.0608 8.4588e+02 0 8.5114e-05 3.5430 6.275542e-01 3.700850e-01 2.198602e-03 -0.1162 
8.8357e+04 4.7542 3.5433 3.41184 1.00306 4.4584 8.1372e+02 0 7.7268e-05 3.5433 6.269931e-01 3.704540e-01 2.387766e-03 -0.1248 
9.1859e+04 4.7344 3.5413 3.18504 1.00314 4.3446 8.4291e+02 0 7.3790e-05 3.5413 6.263814e-01 3.708440e-01 2.605263e-03 -0.1221 
9.5430e+04 4.7127 3.5395 2.96136 1.00320 4.3354 8.7179e+02 0 7.0307e-05 3.5395 6.257178e-01 3.712520e-01 2.856291e-03 -0.1201 
9.9117e+04 4.6889 3.5378 2.73815 1.00330 4.3847 9.0039e+02 0 6.6527e-05 3.5378 6.249982e-01 3.716780e-01 3.144486e-03 -0.1200 
1.0282e+05 4.6627 3.5364 2.52280 1.00341 4.6067 9.2607e+02 0 6.2661e-05 3.5364 6.242328e-01 3.721110e-01 3.470319e-03 -0.1160 
1.0652e+05 4.6345 3.5353 2.31590 1.00359 5.2210 9.4778e+02 0 5.8614e-05 3.5353 6.234364e-01 3.725420e-01 3.828320e-03 -0.1138 
1.1016e+05 4.6053 3.5348 2.12540 1.00388 6.8992 9.6375e+02 0 5.4828e-05 3.5348 6.226416e-01 3.729570e-01 4.200804e-03 -0.1035 
1.1367e+05 4.5766 3.5348 1.95448 1.00427 11.1387 9.7434e+02 0 5.1286e-05 3.5348 6.218778e-01 3.733530e-01 4.559521e-03 -0.0962 
1.1706e+05 4.5541 3.4957 1.79693 1.00479 15.1746 1.4181e+03 0 4.8753e-05 3.4957 6.211302e-01 3.737420e-01 4.909302e-03 -0.0749 
1.2030e+05 4.5549 3.4974 1.64589 1.00545 18.3443 1.5136e+03 0 4.8865e-05 3.4974 6.204041e-01 3.741160e-01 5.250548e-03 -0.0397 
1.2342e+05 4.5559 3.5023 1.50023 1.00625 20.9228 1.5779e+03 0 4.8978e-05 3.5023 6.196893e-01 3.744830e-01 5.587804e-03 0.0344 
1.2643e+05 4.5569 3.4939 1.35940 1.00718 23.0454 1.8643e+03 0 4.9091e-05 3.4939 6.189891e-01 3.748400e-01 5.919212e-03 0.1044 
1.2934e+05 4.5581 3.5149 1.22266 1.00824 24.8165 1.7037e+03 0 4.9204e-05 3.5149 6.183038e-01 3.751880e-01 6.244394e-03 0.2244 
1.3218e+05 4.5594 3.5590 1.08917 1.00942 26.3247 1.2794e+03 0 4.9317e-05 3.5590 6.176266e-01 3.755310e-01 6.566117e-03 0.4224 
1.3379e+05 4.5612 3.6560 1.01598 1.01004 27.7073 5.7472e+02 0 4.9545e-05 3.6560 6.169097e-01 3.758930e-01 6.906931e-03 999.0000 
