# age(yr) logL logTe m_act mcore c/o period ip Mdot(Msun/yr) logTe X Y CNO dlogTe/dlogL 
 0.5150 3 # agb_0.515_Z0.00400000_Mdot2_eta0.40_Mc0.00_dMc0.00_Tbd6.40_L0.00_dL0.00_C0.00_Nr3.00_rates0_KOPv_KMOLv.dat 
0.0000e+00 2.8853 3.6058 0.51500 0.49374 0.5176 2.1750e+01 1 1.6672e-08 3.6058 7.308000e-01 2.652540e-01 2.635666e-03 -0.0896 
2.2611e+05 3.0176 3.6042 0.50636 0.49493 0.5176 2.8281e+01 1 6.3680e-08 3.6042 7.308000e-01 2.652540e-01 2.635666e-03 -0.0877 
4.4252e+05 3.0592 3.6361 0.49811 0.49608 0.5176 2.4368e+01 1 8.6497e-08 3.6361 7.308000e-01 2.652540e-01 2.635666e-03 999.0000 
 0.5200 5 # agb_0.520_Z0.00400000_Mdot2_eta0.40_Mc0.00_dMc0.00_Tbd6.40_L0.00_dL0.00_C0.00_Nr3.00_rates0_KOPv_KMOLv.dat 
0.0000e+00 2.8580 3.6050 0.52000 0.49360 0.5120 2.0718e+01 1 1.2474e-08 3.6050 7.307000e-01 2.653580e-01 2.637391e-03 -0.0902 
2.3147e+05 2.9571 3.6009 0.51386 0.49473 0.5120 2.5741e+01 1 3.4356e-08 3.6009 7.307000e-01 2.653580e-01 2.637391e-03 -0.0902 
3.8965e+05 3.0040 3.5995 0.51134 0.49525 0.5120 2.8410e+01 1 5.5335e-08 3.5995 7.307000e-01 2.653580e-01 2.637391e-03 -0.0891 
4.8459e+05 2.9959 3.6103 0.50523 0.49618 0.5120 2.6026e+01 1 5.0582e-08 3.6103 7.307000e-01 2.653580e-01 2.637391e-03 -0.0891 
6.5135e+05 3.0208 3.6181 0.50216 0.49679 0.5120 2.5808e+01 1 6.3241e-08 3.6181 7.307000e-01 2.653580e-01 2.637391e-03 999.0000 
 0.5250 3 # agb_0.525_Z0.00400000_Mdot2_eta0.40_Mc0.00_dMc0.00_Tbd6.40_L0.00_dL0.00_C0.00_Nr3.00_rates0_KOPv_KMOLv.dat 
0.0000e+00 2.9385 3.5961 0.52500 0.49515 0.4698 2.5487e+01 1 2.7479e-08 3.5961 7.306000e-01 2.654460e-01 2.646668e-03 -0.0914 
2.2660e+05 3.0443 3.5968 0.51202 0.49650 0.4698 6.1058e+01 0 8.2414e-08 3.5968 7.306000e-01 2.654460e-01 2.646668e-03 -0.0901 
4.1547e+05 3.0997 3.6128 0.50271 0.49750 0.4698 6.0871e+01 0 1.3836e-07 3.6128 7.306000e-01 2.654460e-01 2.646668e-03 999.0000 
 0.5400 5 # agb_0.540_Z0.00400000_Mdot2_eta0.40_Mc0.00_dMc0.00_Tbd6.40_L0.00_dL0.00_C0.00_Nr3.00_rates0_KOPv_KMOLv.dat 
0.0000e+00 2.9147 3.5936 0.54000 0.49654 0.4245 2.4493e+01 1 2.0230e-08 3.5936 7.304000e-01 2.657050e-01 2.656140e-03 -0.0920 
2.2462e+05 3.0073 3.5885 0.53101 0.49780 0.4245 3.0377e+01 1 5.3456e-08 3.5885 7.304000e-01 2.657050e-01 2.656140e-03 -0.0920 
3.8680e+05 3.0614 3.5861 0.52641 0.49848 0.4245 6.8042e+01 0 9.3756e-08 3.5861 7.304000e-01 2.657050e-01 2.656140e-03 -0.0925 
4.7547e+05 3.0406 3.5956 0.51702 0.49950 0.4245 6.0665e+01 0 7.7446e-08 3.5956 7.304000e-01 2.657050e-01 2.656140e-03 -0.0925 
6.8358e+05 3.0997 3.6125 0.50621 0.50076 0.4245 6.0633e+01 0 1.3552e-07 3.6125 7.304000e-01 2.657050e-01 2.656140e-03 999.0000 
 0.5500 5 # agb_0.550_Z0.00400000_Mdot2_eta0.40_Mc0.00_dMc0.00_Tbd6.40_L0.00_dL0.00_C0.00_Nr3.00_rates0_KOPv_KMOLv.dat 
0.0000e+00 2.9264 3.5908 0.55000 0.49811 0.4155 2.5313e+01 1 2.1677e-08 3.5908 7.303000e-01 2.657140e-01 2.657963e-03 -0.0929 
2.1615e+05 3.0372 3.5829 0.54114 0.49934 0.4155 6.4732e+01 0 6.9024e-08 3.5829 7.303000e-01 2.657140e-01 2.657963e-03 -0.0929 
3.8510e+05 3.0676 3.5822 0.53579 0.50012 0.4155 7.0329e+01 0 9.5940e-08 3.5822 7.303000e-01 2.657140e-01 2.657963e-03 -0.0931 
4.6466e+05 3.0583 3.5878 0.52729 0.50105 0.4155 6.6433e+01 0 8.9743e-08 3.5878 7.303000e-01 2.657140e-01 2.657963e-03 -0.0931 
7.2299e+05 3.1098 3.6125 0.50840 0.50306 0.4155 6.1803e+01 0 1.4757e-07 3.6125 7.303000e-01 2.657140e-01 2.657963e-03 999.0000 
 0.5600 5 # agb_0.560_Z0.00400000_Mdot2_eta0.40_Mc0.00_dMc0.00_Tbd6.40_L0.00_dL0.00_C0.00_Nr3.00_rates0_KOPv_KMOLv.dat 
0.0000e+00 2.9743 3.5850 0.56000 0.50022 0.4102 2.8557e+01 1 3.3420e-08 3.5850 7.302000e-01 2.658310e-01 2.658232e-03 -0.0942 
1.1163e+05 3.0506 3.5779 0.55800 0.50055 0.4102 6.7820e+01 0 7.3114e-08 3.5779 7.302000e-01 2.658310e-01 2.658232e-03 -0.0942 
2.1625e+05 3.0627 3.5798 0.54640 0.50164 0.4102 6.9810e+01 0 8.7096e-08 3.5798 7.302000e-01 2.658310e-01 2.658232e-03 -0.0944 
4.6044e+05 3.0947 3.5881 0.52500 0.50356 0.4102 7.2214e+01 0 1.2912e-07 3.5881 7.302000e-01 2.658310e-01 2.658232e-03 -0.0944 
6.5066e+05 3.1475 3.6093 0.51036 0.50484 0.4102 6.8944e+01 0 2.1281e-07 3.6093 7.302000e-01 2.658310e-01 2.658232e-03 999.0000 
 0.5700 3 # agb_0.570_Z0.00400000_Mdot2_eta0.40_Mc0.00_dMc0.00_Tbd6.40_L0.00_dL0.00_C0.00_Nr3.00_rates0_KOPv_KMOLv.dat 
0.0000e+00 3.1115 3.5708 0.57000 0.50431 0.4055 8.1241e+01 0 1.2735e-07 3.5708 7.301000e-01 2.659440e-01 2.659473e-03 -0.0991 
2.0785e+05 3.2039 3.5946 0.51569 0.50626 0.4055 8.8359e+01 0 3.8107e-07 3.5946 7.301000e-01 2.659440e-01 2.659473e-03 -0.0971 
3.0246e+05 3.1278 3.6118 0.51190 0.50660 0.4055 6.4360e+01 0 1.7258e-07 3.6118 7.301000e-01 2.659440e-01 2.659473e-03 999.0000 
 0.6600 5 # agb_0.66_Z0.00400000_Mdot2_eta0.40_Mc0.00_dMc0.00_Tbd6.40_L0.00_dL0.00_C0.00_Nr3.00_rates0_KOPv_KMOLv.dat 
0.0000e+00 3.1377 3.5647 0.66000 0.51372 0.4511 7.9742e+01 0 1.0740e-07 3.5647 7.305000e-01 2.655940e-01 2.649711e-03 -0.1039 
1.3329e+05 3.2413 3.5530 0.64505 0.51471 0.4511 1.1390e+02 0 3.3113e-07 3.5530 7.305000e-01 2.655940e-01 2.649711e-03 -0.1039 
1.8954e+05 3.2111 3.5575 0.62473 0.51562 0.4511 1.0523e+02 0 2.6730e-07 3.5575 7.305000e-01 2.655940e-01 2.649711e-03 -0.1027 
4.1110e+05 3.2530 3.5709 0.54749 0.51844 0.4511 1.1544e+02 0 5.6754e-07 3.5709 7.305000e-01 2.655940e-01 2.649711e-03 -0.1027 
5.3435e+05 3.2575 3.6045 0.52479 0.51937 0.4511 8.9735e+01 0 5.7943e-07 3.6045 7.305000e-01 2.655940e-01 2.649711e-03 999.0000 
 0.6800 3 # agb_0.68_Z0.00400000_Mdot2_eta0.40_Mc0.00_dMc0.00_Tbd6.40_L0.00_dL0.00_C0.00_Nr3.00_rates0_KOPv_KMOLv.dat 
0.0000e+00 3.2331 3.5542 0.68000 0.51746 0.4479 1.0550e+02 0 2.5823e-07 3.5542 7.303000e-01 2.658050e-01 2.650447e-03 -0.1095 
1.8287e+05 3.3111 3.5523 0.58329 0.51982 0.4479 1.4653e+02 0 8.9125e-07 3.5523 7.303000e-01 2.658050e-01 2.650447e-03 -0.1080 
3.1115e+05 3.3564 3.5991 0.52670 0.52117 0.4479 1.1710e+02 0 1.5276e-06 3.5991 7.303000e-01 2.658050e-01 2.650447e-03 999.0000 
 0.7000 3 # agb_0.70_Z0.00400000_Mdot2_eta0.40_Mc0.00_dMc0.00_Tbd6.40_L0.00_dL0.00_C0.00_Nr3.00_rates0_KOPv_KMOLv.dat 
0.0000e+00 3.2424 3.5537 0.70000 0.51817 0.4608 1.0539e+02 0 2.5882e-07 3.5537 7.305000e-01 2.655540e-01 2.647756e-03 -0.1099 
1.8173e+05 3.3150 3.5480 0.60904 0.52055 0.4608 1.4777e+02 0 8.2604e-07 3.5480 7.305000e-01 2.655540e-01 2.647756e-03 -0.1080 
3.2434e+05 3.3757 3.5983 0.52779 0.52228 0.4608 1.2281e+02 0 1.8365e-06 3.5983 7.305000e-01 2.655540e-01 2.647756e-03 999.0000 
 0.7200 3 # agb_0.72_Z0.00400000_Mdot2_eta0.40_Mc0.00_dMc0.00_Tbd6.40_L0.00_dL0.00_C0.00_Nr3.00_rates0_KOPv_KMOLv.dat 
0.0000e+00 3.2143 3.5574 0.72000 0.51793 0.4637 9.3370e+01 0 1.7742e-07 3.5574 7.305000e-01 2.655720e-01 2.646445e-03 -0.1080 
1.8222e+05 3.2837 3.5488 0.66280 0.52015 0.4637 1.2686e+02 0 4.6774e-07 3.5488 7.305000e-01 2.655720e-01 2.646445e-03 -0.1074 
3.8388e+05 3.3627 3.6010 0.52829 0.52322 0.4637 1.1641e+02 0 1.5959e-06 3.6010 7.305000e-01 2.655720e-01 2.646445e-03 999.0000 
 0.7500 4 # agb_0.75_Z0.00400000_Mdot2_eta0.40_Mc0.00_dMc0.00_Tbd6.40_L0.00_dL0.00_C0.00_Nr3.00_rates0_KOPv_KMOLv.dat 
0.0000e+00 3.1878 3.5615 0.75000 0.51922 0.4714 4.3208e+01 1 1.1885e-07 3.5615 7.306000e-01 2.655110e-01 2.645274e-03 -0.1051 
1.7975e+05 3.2520 3.5534 0.71565 0.52126 0.4714 1.0583e+02 0 2.6546e-07 3.5534 7.306000e-01 2.655110e-01 2.645274e-03 -0.1051 
3.9020e+05 3.3007 3.5485 0.63938 0.52432 0.4714 1.3645e+02 0 6.1660e-07 3.5485 7.306000e-01 2.655110e-01 2.645274e-03 -0.1076 
5.7263e+05 3.3627 3.6006 0.53230 0.52703 0.4714 1.1602e+02 0 1.5596e-06 3.6006 7.306000e-01 2.655110e-01 2.645274e-03 999.0000 
 0.7600 4 # agb_0.76_Z0.00400000_Mdot2_eta0.40_Mc0.00_dMc0.00_Tbd6.40_L0.00_dL0.00_C0.00_Nr3.00_rates0_KOPv_KMOLv.dat 
0.0000e+00 3.1872 3.5620 0.76000 0.51966 0.4729 4.2729e+01 1 1.1324e-07 3.5620 7.306000e-01 2.655180e-01 2.644992e-03 -0.1052 
1.7682e+05 3.2668 3.5520 0.72669 0.52167 0.4729 1.0922e+02 0 2.9376e-07 3.5520 7.306000e-01 2.655180e-01 2.644992e-03 -0.1057 
3.8935e+05 3.2969 3.5484 0.65458 0.52477 0.4729 1.3251e+02 0 5.5335e-07 3.5484 7.306000e-01 2.655180e-01 2.644992e-03 -0.1080 
5.8367e+05 3.3653 3.5997 0.53331 0.52783 0.4729 1.1741e+02 0 1.5959e-06 3.5997 7.306000e-01 2.655180e-01 2.644992e-03 999.0000 
 0.7800 3 # agb_0.78_Z0.00400000_Mdot2_eta0.40_Mc0.00_dMc0.00_Tbd6.40_L0.00_dL0.00_C0.00_Nr3.00_rates0_KOPv_KMOLv.dat 
0.0000e+00 3.3149 3.5483 0.78000 0.52365 0.4737 1.1793e+02 0 3.8194e-07 3.5483 7.306000e-01 2.655280e-01 2.645109e-03 -0.1133 
1.7202e+05 3.3848 3.5382 0.64827 0.52635 0.4737 1.7826e+02 0 1.3964e-06 3.5382 7.306000e-01 2.655280e-01 2.645109e-03 -0.1117 
3.0028e+05 3.4387 3.5971 0.53327 0.52816 0.4737 1.4161e+02 0 3.2885e-06 3.5971 7.306000e-01 2.655280e-01 2.645109e-03 999.0000 
 0.8000 3 # agb_0.80_Z0.00400000_Mdot2_eta0.40_Mc0.00_dMc0.00_Tbd6.40_L0.00_dL0.00_C0.00_Nr3.00_rates0_KOPv_KMOLv.dat 
0.0000e+00 3.2887 3.5524 0.80000 0.52365 0.4729 1.0484e+02 0 2.6915e-07 3.5524 7.305000e-01 2.655310e-01 2.644539e-03 -0.1109 
1.7179e+05 3.3545 3.5415 0.72034 0.52616 0.4729 1.4714e+02 0 7.4131e-07 3.5415 7.305000e-01 2.655310e-01 2.644539e-03 -0.1092 
3.4991e+05 3.4320 3.5966 0.53460 0.52929 0.4729 1.3985e+02 0 3.0620e-06 3.5966 7.305000e-01 2.655310e-01 2.644539e-03 999.0000 
 0.8500 4 # agb_0.85_Z0.00400000_Mdot2_eta0.40_Mc0.00_dMc0.00_Tbd6.40_L0.00_dL0.00_C0.00_Nr3.00_rates0_KOPv_KMOLv.dat 
0.0000e+00 3.2510 3.5593 0.85000 0.52482 0.4823 4.6253e+01 1 1.5031e-07 3.5593 7.305000e-01 2.655730e-01 2.643305e-03 -0.1061 
1.6969e+05 3.3113 3.5506 0.81131 0.52706 0.4823 1.1061e+02 0 3.2359e-07 3.5506 7.305000e-01 2.655730e-01 2.643305e-03 -0.1057 
3.7206e+05 3.3572 3.5420 0.72196 0.53054 0.4823 1.4708e+02 0 7.5336e-07 3.5420 7.305000e-01 2.655730e-01 2.643305e-03 -0.1103 
5.6260e+05 3.4237 3.5986 0.53921 0.53417 0.4823 1.3373e+02 0 2.7290e-06 3.5986 7.305000e-01 2.655730e-01 2.643305e-03 999.0000 
 0.9000 5 # agb_0.90_Z0.00400000_Mdot2_eta0.40_Mc0.00_dMc0.00_Tbd6.40_L0.00_dL0.00_C0.00_Nr3.00_rates0_KOPv_KMOLv.dat 
0.0000e+00 3.2374 3.5636 0.90000 0.52679 0.4689 4.2466e+01 1 1.0814e-07 3.5636 7.262000e-01 2.698580e-01 2.668551e-03 -0.1040 
1.6369e+05 3.3169 3.5533 0.87209 0.52892 0.4689 5.3837e+01 1 2.6977e-07 3.5533 7.262000e-01 2.698580e-01 2.668551e-03 -0.1037 
3.6278e+05 3.3496 3.5467 0.81406 0.53228 0.4689 1.2441e+02 0 4.7206e-07 3.5467 7.262000e-01 2.698580e-01 2.668551e-03 -0.1078 
5.9076e+05 3.3902 3.5398 0.65928 0.53709 0.4689 1.7518e+02 0 1.3868e-06 3.5398 7.262000e-01 2.698580e-01 2.668551e-03 -0.1128 
7.2207e+05 3.4157 3.5982 0.54443 0.53908 0.4689 1.3071e+02 0 2.4547e-06 3.5982 7.262000e-01 2.698580e-01 2.668551e-03 999.0000 
 0.9500 5 # agb_0.95_Z0.00400000_Mdot2_eta0.40_Mc0.00_dMc0.00_Tbd6.40_L0.00_dL0.00_C0.00_Nr3.00_rates0_KOPv_KMOLv.dat 
0.0000e+00 3.2358 3.5665 0.95000 0.52681 0.4595 4.0309e+01 1 8.8920e-08 3.5665 7.211000e-01 2.749490e-01 2.699367e-03 -0.1025 
1.6281e+05 3.3096 3.5573 0.92944 0.52889 0.4595 4.9922e+01 1 2.0230e-07 3.5573 7.211000e-01 2.749490e-01 2.699367e-03 -0.1017 
3.6274e+05 3.3384 3.5521 0.88714 0.53222 0.4595 5.5988e+01 1 3.1623e-07 3.5521 7.211000e-01 2.749490e-01 2.699367e-03 -0.1053 
5.8855e+05 3.3848 3.5420 0.79155 0.53693 0.4595 1.4396e+02 0 7.3961e-07 3.5420 7.211000e-01 2.749490e-01 2.699367e-03 -0.1103 
8.0086e+05 3.4472 3.5987 0.54688 0.54181 0.4595 1.3911e+02 0 3.2734e-06 3.5987 7.211000e-01 2.749490e-01 2.699367e-03 999.0000 
 1.0000 3 # agb_1.00_Z0.00400000_Mdot2_eta0.40_Mc0.00_dMc0.00_Tbd6.40_L0.00_dL0.00_C0.00_Nr3.00_rates0_KOPv_KMOLv.dat 
0.0000e+00 3.4226 3.5482 1.00000 0.53387 0.4450 6.3237e+01 1 5.0234e-07 3.5482 7.195000e-01 2.765340e-01 2.705701e-03 -0.1134 
1.5494e+05 3.4791 3.5340 0.87398 0.53704 0.4450 1.7465e+02 0 1.4060e-06 3.5340 7.195000e-01 2.765340e-01 2.705701e-03 -0.1101 
3.0809e+05 3.5525 3.5954 0.54597 0.54075 0.4450 1.8157e+02 0 9.2683e-06 3.5954 7.195000e-01 2.765340e-01 2.705701e-03 999.0000 
 1.0500 6 # agb_1.05_Z0.00400000_Mdot2_eta0.40_Mc0.00_dMc0.00_Tbd6.40_L0.00_dL0.00_C0.00_Nr3.00_rates0_KOPv_KMOLv.dat 
0.0000e+00 3.2371 3.5717 1.05000 0.53049 0.4368 3.6962e+01 1 6.4417e-08 3.5717 7.189000e-01 2.770450e-01 2.708694e-03 -0.0999 
1.5957e+05 3.2912 3.5652 1.03590 0.53255 0.4368 4.3099e+01 1 1.1668e-07 3.5652 7.189000e-01 2.770450e-01 2.708694e-03 -0.0989 
3.4464e+05 3.3493 3.5576 1.00995 0.53560 0.4368 5.1349e+01 1 2.2961e-07 3.5576 7.189000e-01 2.770450e-01 2.708694e-03 -0.1011 
5.6329e+05 3.3860 3.5508 0.95520 0.54016 0.4368 5.9392e+01 1 4.0087e-07 3.5508 7.189000e-01 2.770450e-01 2.708694e-03 -0.1069 
7.9759e+05 3.4257 3.5396 0.82773 0.54599 0.4368 1.5480e+02 0 9.6605e-07 3.5396 7.189000e-01 2.770450e-01 2.708694e-03 -0.1124 
9.7872e+05 3.4867 3.5970 0.55589 0.55049 0.4368 1.5200e+02 0 4.6026e-06 3.5970 7.189000e-01 2.770450e-01 2.708694e-03 999.0000 
 1.1000 4 # agb_1.10_Z0.00400000_Mdot2_eta0.40_Mc0.00_dMc0.00_Tbd6.40_L0.00_dL0.00_C0.00_Nr3.00_rates0_KOPv_KMOLv.dat 
0.0000e+00 3.3802 3.5589 1.10000 0.53545 0.4207 5.1543e+01 1 2.3605e-07 3.5589 7.168000e-01 2.791500e-01 2.717483e-03 -0.1069 
1.5100e+05 3.4413 3.5492 1.05027 0.53824 0.4207 6.3345e+01 1 5.1404e-07 3.5492 7.168000e-01 2.791500e-01 2.717483e-03 -0.1048 
3.3935e+05 3.4842 3.5369 0.92592 0.54291 0.4207 1.6338e+02 0 1.2190e-06 3.5369 7.168000e-01 2.791500e-01 2.717483e-03 -0.1104 
5.2329e+05 3.5470 3.5972 0.55318 0.54815 0.4207 1.7430e+02 0 8.3560e-06 3.5972 7.168000e-01 2.791500e-01 2.717483e-03 999.0000 
 1.1500 6 # agb_1.15_Z0.00400000_Mdot2_eta0.40_Mc0.00_dMc0.00_Tbd6.40_L0.00_dL0.00_C0.00_Nr3.00_rates0_KOPv_KMOLv.dat 
0.0000e+00 3.3151 3.5685 1.15000 0.53507 0.4099 4.1665e+01 1 1.0471e-07 3.5685 7.162000e-01 2.796770e-01 2.719880e-03 -0.1013 
1.5217e+05 3.3663 3.5620 1.12929 0.53745 0.4099 4.8444e+01 1 1.8750e-07 3.5620 7.162000e-01 2.796770e-01 2.719880e-03 -0.0999 
3.3519e+05 3.4147 3.5547 1.08811 0.54120 0.4099 5.6923e+01 1 3.4754e-07 3.5547 7.162000e-01 2.796770e-01 2.719880e-03 -0.1031 
5.4688e+05 3.4595 3.5445 0.99746 0.54666 0.4099 1.3507e+02 0 7.3451e-07 3.5445 7.162000e-01 2.796770e-01 2.719880e-03 -0.1084 
7.7144e+05 3.5000 3.5282 0.72283 0.55348 0.4099 2.2851e+02 0 3.1842e-06 3.5282 7.162000e-01 2.796770e-01 2.719880e-03 -0.1171 
8.6941e+05 3.4941 3.5970 0.56075 0.55526 0.4099 1.5330e+02 0 4.8084e-06 3.5970 7.162000e-01 2.796770e-01 2.719880e-03 999.0000 
 1.2000 5 # agb_1.20_Z0.00400000_Mdot2_eta0.40_Mc0.00_dMc0.00_Tbd6.40_L0.00_dL0.00_C0.00_Nr3.00_rates0_KOPv_KMOLv.dat 
0.0000e+00 3.3487 3.5674 1.20000 0.53718 0.4009 4.3735e+01 1 1.2764e-07 3.5674 7.162000e-01 2.798100e-01 2.721829e-03 -0.1021 
1.4607e+05 3.4184 3.5586 1.17524 0.53967 0.4009 5.3558e+01 1 2.7861e-07 3.5586 7.162000e-01 2.798100e-01 2.721829e-03 -0.1010 
3.3046e+05 3.4526 3.5519 1.12050 0.54388 0.4009 6.1335e+01 1 4.6345e-07 3.5519 7.162000e-01 2.798100e-01 2.721829e-03 -0.1039 
5.4045e+05 3.4959 3.5400 0.99543 0.54990 0.4009 1.5289e+02 0 1.0740e-06 3.5400 7.162000e-01 2.798100e-01 2.721829e-03 -0.1091 
7.4082e+05 3.5584 3.5965 0.56168 0.55637 0.4009 1.7761e+02 0 8.9331e-06 3.5965 7.162000e-01 2.798100e-01 2.721829e-03 999.0000 
 1.2500 5 # agb_1.25_Z0.00400000_Mdot2_eta0.40_Mc0.00_dMc0.00_Tbd6.40_L0.00_dL0.00_C0.00_Nr3.00_rates0_KOPv_KMOLv.dat 
0.0000e+00 3.3680 3.5675 1.25000 0.53791 0.3934 4.4333e+01 1 1.3552e-07 3.5675 7.168000e-01 2.791560e-01 2.723171e-03 -0.1019 
1.4585e+05 3.4297 3.5597 1.22473 0.54050 0.3934 5.3099e+01 1 2.7164e-07 3.5597 7.168000e-01 2.791560e-01 2.723171e-03 -0.0999 
3.2789e+05 3.4714 3.5522 1.16977 0.54484 0.3934 6.1990e+01 1 4.8641e-07 3.5522 7.168000e-01 2.791560e-01 2.723171e-03 -0.1028 
5.3709e+05 3.5143 3.5403 1.04393 0.55110 0.3934 1.5213e+02 0 1.1066e-06 3.5403 7.168000e-01 2.791560e-01 2.723171e-03 -0.1082 
7.4464e+05 3.5697 3.5969 0.56340 0.55821 0.3934 1.8083e+02 0 9.8401e-06 3.5969 7.168000e-01 2.791560e-01 2.723171e-03 999.0000 
 1.3000 7 # agb_1.30_Z0.00400000_Mdot2_eta0.40_Mc0.00_dMc0.00_Tbd6.40_L0.00_dL0.00_C0.00_Nr3.00_rates0_KOPv_KMOLv.dat 
0.0000e+00 3.2956 3.5771 1.30000 0.53807 0.3884 3.5468e+01 1 5.7016e-08 3.5771 7.178000e-01 2.781180e-01 2.723987e-03 -0.0969 
1.4553e+05 3.3513 3.5710 1.28963 0.54022 0.3884 4.1244e+01 1 1.0304e-07 3.5710 7.178000e-01 2.781180e-01 2.723987e-03 -0.0961 
3.2291e+05 3.3919 3.5660 1.26907 0.54366 0.3884 4.6472e+01 1 1.6406e-07 3.5660 7.178000e-01 2.781180e-01 2.723987e-03 -0.0988 
5.2557e+05 3.4359 3.5595 1.22946 0.54859 0.3884 5.3673e+01 1 2.8576e-07 3.5595 7.178000e-01 2.781180e-01 2.723987e-03 -0.1014 
7.3933e+05 3.4845 3.5501 1.15275 0.55474 0.3884 6.4945e+01 1 5.8210e-07 3.5501 7.178000e-01 2.781180e-01 2.723987e-03 -0.1063 
9.5368e+05 3.5284 3.5349 0.97060 0.56162 0.4112 1.7588e+02 0 1.6293e-06 3.5349 7.175324e-01 2.783500e-01 2.758642e-03 -0.1140 
1.1024e+06 3.5838 3.5978 0.57147 0.56635 0.4112 1.8282e+02 0 1.0765e-05 3.5978 7.175324e-01 2.783500e-01 2.758642e-03 999.0000 
 1.3500 8 # agb_1.35_Z0.00400000_Mdot2_eta0.40_Mc0.00_dMc0.00_Tbd6.40_L0.00_dL0.00_C0.00_Nr3.00_rates0_KOPv_KMOLv.dat 
0.0000e+00 3.2637 3.5823 1.35000 0.54084 0.3825 3.1590e+01 1 3.6392e-08 3.5823 7.188000e-01 2.771880e-01 2.725254e-03 -0.0945 
1.3743e+05 3.3380 3.5747 1.34343 0.54272 0.3825 3.8362e+01 1 7.8524e-08 3.5747 7.188000e-01 2.771880e-01 2.725254e-03 -0.0936 
3.0816e+05 3.3730 3.5706 1.33052 0.54575 0.3825 4.2352e+01 1 1.1561e-07 3.5706 7.188000e-01 2.771880e-01 2.725254e-03 -0.0967 
5.0140e+05 3.4143 3.5654 1.30705 0.55003 0.3825 4.7878e+01 1 1.8664e-07 3.5654 7.188000e-01 2.771880e-01 2.725254e-03 -0.0989 
7.1258e+05 3.4512 3.5596 1.26260 0.55533 0.3980 5.4423e+01 1 3.0479e-07 3.5596 7.185103e-01 2.774520e-01 2.751062e-03 -0.1022 
9.2283e+05 3.4976 3.5501 1.17742 0.56119 0.4437 6.5810e+01 1 6.1944e-07 3.5501 7.179236e-01 2.779650e-01 2.822456e-03 -0.1070 
1.1263e+06 3.5456 3.5332 0.97246 0.56770 0.5232 1.8536e+02 0 1.9275e-06 3.5332 7.172315e-01 2.785350e-01 2.941141e-03 -0.1181 
1.2560e+06 3.5985 3.5973 0.57714 0.57186 0.5232 1.8811e+02 0 1.2050e-05 3.5973 7.172315e-01 2.785350e-01 2.941141e-03 999.0000 
 1.4000 6 # agb_1.40_Z0.00400000_Mdot2_eta0.40_Mc0.00_dMc0.00_Tbd6.40_L0.00_dL0.00_C0.00_Nr3.00_rates0_KOPv_KMOLv.dat 
0.0000e+00 3.4219 3.5683 1.40000 0.54296 0.3733 4.5901e+01 1 1.5996e-07 3.5683 7.190000e-01 2.769520e-01 2.727854e-03 -0.1011 
1.3722e+05 3.4830 3.5606 1.37392 0.54570 0.3733 5.4836e+01 1 3.1769e-07 3.5606 7.190000e-01 2.769520e-01 2.727854e-03 -0.0986 
3.1216e+05 3.5230 3.5533 1.31551 0.55045 0.3733 6.3655e+01 1 5.5335e-07 3.5533 7.190000e-01 2.769520e-01 2.727854e-03 -0.1013 
5.1328e+05 3.5625 3.5421 1.18569 0.55730 0.3733 7.8271e+01 1 1.1776e-06 3.5421 7.190000e-01 2.769520e-01 2.727854e-03 -0.1067 
7.1933e+05 3.6020 3.5177 0.70627 0.56513 0.3963 3.2176e+02 0 9.6161e-06 3.5177 7.186608e-01 2.772540e-01 2.763368e-03 -0.1186 
7.8026e+05 3.4906 3.5979 0.57149 0.56600 0.3963 1.4832e+02 0 4.3652e-06 3.5979 7.186608e-01 2.772540e-01 2.763368e-03 999.0000 
 1.4500 8 # agb_1.45_Z0.00400000_Mdot2_eta0.40_Mc0.00_dMc0.00_Tbd6.40_L0.00_dL0.00_C0.00_Nr3.00_rates0_KOPv_KMOLv.dat 
0.0000e+00 3.2891 3.5836 1.45000 0.54205 0.3663 3.1605e+01 1 3.7068e-08 3.5836 7.191000e-01 2.768240e-01 2.729355e-03 -0.0940 
1.3988e+05 3.3408 3.5784 1.44343 0.54410 0.3663 3.6184e+01 1 6.3533e-08 3.5784 7.191000e-01 2.768240e-01 2.729355e-03 -0.0942 
3.0257e+05 3.3961 3.5724 1.43214 0.54710 0.3663 4.1993e+01 1 1.1402e-07 3.5724 7.191000e-01 2.768240e-01 2.729355e-03 -0.0955 
4.9825e+05 3.4292 3.5683 1.40965 0.55170 0.3663 4.6373e+01 1 1.6827e-07 3.5683 7.191000e-01 2.768240e-01 2.729355e-03 -0.0977 
7.0486e+05 3.4708 3.5623 1.36962 0.55704 0.3854 5.3053e+01 1 2.8249e-07 3.5623 7.187495e-01 2.771420e-01 2.760901e-03 -0.1002 
9.1262e+05 3.5141 3.5540 1.29589 0.56286 0.4446 6.2784e+01 1 5.3088e-07 3.5540 7.180166e-01 2.777810e-01 2.852545e-03 -0.1042 
1.1124e+06 3.5617 3.5407 1.14222 0.56910 0.5601 1.5545e+02 0 1.3213e-06 3.5407 7.170389e-01 2.785830e-01 3.024330e-03 -0.1135 
1.2859e+06 3.6243 3.5952 0.58078 0.57537 0.6840 2.0188e+02 0 1.5311e-05 3.5952 7.162644e-01 2.791740e-01 3.204818e-03 999.0000 
 1.5000 6 # agb_1.50_Z0.00400000_Mdot2_eta0.40_Mc0.00_dMc0.00_Tbd6.40_L0.00_dL0.00_C0.00_Nr3.00_rates0_KOPv_KMOLv.dat 
0.0000e+00 3.4329 3.5712 1.50000 0.54307 0.3580 4.4279e+01 1 1.4191e-07 3.5712 7.187000e-01 2.772980e-01 2.730431e-03 -0.0994 
1.3757e+05 3.4924 3.5640 1.47649 0.54591 0.3580 5.2451e+01 1 2.7416e-07 3.5640 7.187000e-01 2.772980e-01 2.730431e-03 -0.0970 
3.1295e+05 3.5305 3.5575 1.42578 0.55083 0.3580 6.0042e+01 1 4.5499e-07 3.5575 7.187000e-01 2.772980e-01 2.730431e-03 -0.0993 
5.1200e+05 3.5730 3.5480 1.32482 0.55728 0.3754 7.2230e+01 1 8.9950e-07 3.5480 7.183133e-01 2.776550e-01 2.759354e-03 -0.1033 
7.1911e+05 3.6100 3.5300 1.07649 0.56473 0.4337 2.0091e+02 0 2.6607e-06 3.5300 7.174770e-01 2.783990e-01 2.849249e-03 -0.1125 
8.5569e+05 3.6591 3.5957 0.57482 0.56925 0.5180 2.1929e+02 0 2.2080e-05 3.5957 7.167253e-01 2.790250e-01 2.972160e-03 999.0000 
 1.5500 7 # agb_1.55_Z0.00400000_Mdot2_eta0.40_Mc0.00_dMc0.00_Tbd6.40_L0.00_dL0.00_C0.00_Nr3.00_rates0_KOPv_KMOLv.dat 
0.0000e+00 3.3752 3.5788 1.55000 0.53552 0.3600 3.7045e+01 1 7.0795e-08 3.5788 7.167000e-01 2.792750e-01 2.728320e-03 -0.0954 
1.4756e+05 3.4366 3.5722 1.53757 0.53814 0.3600 4.3698e+01 1 1.3552e-07 3.5722 7.167000e-01 2.792750e-01 2.728320e-03 -0.0926 
3.3179e+05 3.4770 3.5672 1.51357 0.54249 0.3600 4.9183e+01 1 2.1528e-07 3.5672 7.167000e-01 2.792750e-01 2.728320e-03 -0.0948 
5.4666e+05 3.5099 3.5619 1.46830 0.54835 0.3764 5.5169e+01 1 3.3343e-07 3.5619 7.163306e-01 2.796170e-01 2.755608e-03 -0.0973 
7.6672e+05 3.5533 3.5535 1.38876 0.55473 0.4337 6.5333e+01 1 6.2661e-07 3.5535 7.154480e-01 2.804080e-01 2.845089e-03 -0.1004 
9.8477e+05 3.5926 3.5407 1.22380 0.56168 0.5649 8.2220e+01 1 1.4388e-06 3.5407 7.141697e-01 2.814880e-01 3.037952e-03 -0.1057 
1.1786e+06 3.6495 3.5974 0.57388 0.56880 0.7428 2.1160e+02 0 2.0091e-05 3.5974 7.129699e-01 2.824270e-01 3.293096e-03 999.0000 
 1.6000 8 # agb_1.60_Z0.00400000_Mdot2_eta0.40_Mc0.00_dMc0.00_Tbd6.40_L0.00_dL0.00_C0.00_Nr3.00_rates0_KOPv_KMOLv.dat 
0.0000e+00 3.3827 3.5797 1.60000 0.52919 0.3595 3.6712e+01 1 6.8707e-08 3.5797 7.163000e-01 2.796500e-01 2.727389e-03 -0.0948 
1.5827e+05 3.4305 3.5745 1.58808 0.53197 0.3595 4.1780e+01 1 1.1429e-07 3.5745 7.163000e-01 2.796500e-01 2.727389e-03 -0.0917 
3.5640e+05 3.4728 3.5695 1.56420 0.53668 0.3595 4.7215e+01 1 1.8493e-07 3.5695 7.163000e-01 2.796500e-01 2.727389e-03 -0.0931 
5.8286e+05 3.5170 3.5631 1.52027 0.54341 0.3595 5.4409e+01 1 3.1842e-07 3.5631 7.163000e-01 2.796500e-01 2.727389e-03 -0.0956 
8.1515e+05 3.5565 3.5555 1.44431 0.55060 0.3981 6.3495e+01 1 5.6754e-07 3.5555 7.157266e-01 2.801630e-01 2.786203e-03 -0.0990 
1.0399e+06 3.5969 3.5439 1.29693 0.55793 0.5183 7.8580e+01 1 1.2331e-06 3.5439 7.146284e-01 2.810840e-01 2.959026e-03 -0.1044 
1.2519e+06 3.6378 3.5137 0.80721 0.56581 0.7171 3.2035e+02 0 9.1622e-06 3.5137 7.133652e-01 2.820610e-01 3.239001e-03 -0.1128 
1.3285e+06 3.5843 3.5961 0.57259 0.56748 0.7171 1.8545e+02 0 1.0814e-05 3.5961 7.133652e-01 2.820610e-01 3.239001e-03 999.0000 
 1.6500 8 # agb_1.65_Z0.00400000_Mdot2_eta0.40_Mc0.00_dMc0.00_Tbd6.40_L0.00_dL0.00_C0.00_Nr3.00_rates0_KOPv_KMOLv.dat 
0.0000e+00 3.3737 3.5822 1.65000 0.52379 0.3588 3.4906e+01 1 5.6624e-08 3.5822 7.155000e-01 2.805240e-01 2.726346e-03 -0.0937 
1.6243e+05 3.4420 3.5752 1.64005 0.52651 0.3588 4.1775e+01 1 1.1535e-07 3.5752 7.155000e-01 2.805240e-01 2.726346e-03 -0.0899 
3.7010e+05 3.4819 3.5705 1.61993 0.53125 0.3588 4.6787e+01 1 1.8030e-07 3.5705 7.155000e-01 2.805240e-01 2.726346e-03 -0.0916 
6.1193e+05 3.5134 3.5659 1.58302 0.53820 0.3588 5.1867e+01 1 2.6792e-07 3.5659 7.155000e-01 2.805240e-01 2.726346e-03 -0.0936 
8.5700e+05 3.5496 3.5596 1.52216 0.54544 0.4005 5.9225e+01 1 4.4259e-07 3.5596 7.148895e-01 2.810690e-01 2.789259e-03 -0.0963 
1.0945e+06 3.5854 3.5509 1.41433 0.55270 0.5324 6.9962e+01 1 8.1658e-07 3.5509 7.137030e-01 2.820630e-01 2.977555e-03 -0.1005 
1.3176e+06 3.6268 3.5347 1.17963 0.56021 0.7727 1.8419e+02 0 2.3067e-06 3.5347 7.121959e-01 2.832260e-01 3.313995e-03 -0.1036 
1.4810e+06 3.6785 3.5915 0.57120 0.56598 0.9998 2.3913e+02 0 2.7733e-05 3.5915 7.110612e-01 2.840380e-01 3.630547e-03 999.0000 
 1.7000 13 # agb_1.70_Z0.00400000_Mdot2_eta0.40_Mc0.00_dMc0.00_Tbd6.40_L0.00_dL0.00_C0.00_Nr3.00_rates0_KOPv_KMOLv.dat 
0.0000e+00 3.1955 3.6005 1.70000 0.52152 0.3598 2.1697e+01 1 8.4723e-09 3.6005 7.155000e-01 2.805250e-01 2.726012e-03 -0.0870 
1.6965e+05 3.2476 3.5957 1.69830 0.52340 0.3598 2.4742e+01 1 1.4388e-08 3.5957 7.155000e-01 2.805250e-01 2.726012e-03 -0.0855 
3.6481e+05 3.3036 3.5904 1.69551 0.52612 0.3598 2.8511e+01 1 2.5410e-08 3.5904 7.155000e-01 2.805250e-01 2.726012e-03 -0.0864 
5.8989e+05 3.3465 3.5864 1.69068 0.52999 0.3598 3.1821e+01 1 3.9628e-08 3.5864 7.155000e-01 2.805250e-01 2.726012e-03 -0.0877 
8.3821e+05 3.3791 3.5832 1.68260 0.53449 0.3793 3.4660e+01 1 5.5847e-08 3.5832 7.151292e-01 2.808630e-01 2.758025e-03 -0.0895 
1.0936e+06 3.4133 3.5796 1.66994 0.53917 0.4387 3.8026e+01 1 8.0910e-08 3.5796 7.143259e-01 2.815710e-01 2.850739e-03 -0.0917 
1.3462e+06 3.4509 3.5748 1.65058 0.54386 0.5671 4.2441e+01 1 1.2359e-07 3.5748 7.131201e-01 2.825810e-01 3.042197e-03 -0.0923 
1.5915e+06 3.4939 3.5692 1.62038 0.54864 0.7895 4.8290e+01 1 2.0324e-07 3.5692 7.115844e-01 2.837840e-01 3.366972e-03 -0.0913 
1.8344e+06 3.5294 3.5570 1.56892 0.55395 1.1152 5.7283e+01 1 3.3497e-07 3.5570 7.097835e-01 2.851020e-01 3.840903e-03 -0.1018 
2.0620e+06 3.5735 3.5380 1.47748 0.55952 1.5278 7.3575e+01 1 6.7453e-07 3.5380 7.078041e-01 2.864650e-01 4.444525e-03 -0.1174 
2.2786e+06 3.6146 3.5146 1.28378 0.56587 1.9863 1.9871e+02 0 1.7298e-06 3.5146 7.057687e-01 2.878080e-01 5.121852e-03 -0.1334 
2.4797e+06 3.6599 3.5720 0.58143 0.57357 2.3785 2.6879e+02 0 2.3988e-05 3.5720 7.040927e-01 2.888830e-01 5.706977e-03 -0.1516 
2.4800e+06 3.9276 3.5957 0.57875 0.57357 2.3785 3.9711e+02 0 1.9770e-05 3.5957 7.040927e-01 2.888830e-01 5.706977e-03 999.0000 
 1.7500 21 # agb_1.75_Z0.00400000_Mdot2_eta0.40_Mc0.00_dMc0.00_Tbd6.40_L0.00_dL0.00_C0.00_Nr3.00_rates0_KOPv_KMOLv.dat 
0.0000e+00 3.0032 3.6176 1.75000 0.48985 0.3606 1.3265e+01 1 1.1143e-09 3.6176 7.151000e-01 2.809000e-01 2.725032e-03 -0.0836 
2.3029e+05 3.0440 3.6142 1.74937 0.49116 0.3606 1.4661e+01 1 1.6827e-09 3.6142 7.151000e-01 2.809000e-01 2.725032e-03 -0.0822 
4.8689e+05 3.0897 3.6103 1.74901 0.49290 0.3606 1.6396e+01 1 2.6607e-09 3.6103 7.151000e-01 2.809000e-01 2.725032e-03 -0.0829 
7.7764e+05 3.1139 3.6084 1.74847 0.49527 0.3606 1.7393e+01 1 3.3963e-09 3.6084 7.151000e-01 2.809000e-01 2.725032e-03 -0.0836 
1.0972e+06 3.1368 3.6064 1.74767 0.49835 0.3606 1.8398e+01 1 4.2855e-09 3.6064 7.151000e-01 2.809000e-01 2.725032e-03 -0.0840 
1.4242e+06 3.1749 3.6031 1.74660 0.50187 0.3606 2.0213e+01 1 6.2951e-09 3.6031 7.151000e-01 2.809000e-01 2.725032e-03 -0.0834 
1.7742e+06 3.1895 3.6020 1.74494 0.50626 0.3606 2.0942e+01 1 7.3114e-09 3.6020 7.151000e-01 2.809000e-01 2.725032e-03 -0.0835 
2.1028e+06 3.2319 3.5981 1.74275 0.51072 0.3606 2.3306e+01 1 1.1272e-08 3.5981 7.151000e-01 2.809000e-01 2.725032e-03 -0.0837 
2.4227e+06 3.2677 3.5949 1.73969 0.51477 0.4152 2.5495e+01 1 1.6255e-08 3.5949 7.146767e-01 2.812410e-01 2.805257e-03 -0.0843 
2.7453e+06 3.2949 3.5924 1.73519 0.51889 0.5451 2.7329e+01 1 2.1577e-08 3.5924 7.139010e-01 2.818260e-01 2.993048e-03 -0.0849 
3.0579e+06 3.3259 3.5878 1.72896 0.52284 0.7632 2.9965e+01 1 3.0061e-08 3.5878 7.128275e-01 2.825800e-01 3.307779e-03 -0.0865 
3.3621e+06 3.3604 3.5805 1.72018 0.52677 1.0717 3.3777e+01 1 4.4157e-08 3.5805 7.114975e-01 2.834540e-01 3.756936e-03 -0.0924 
3.6579e+06 3.3961 3.5696 1.70758 0.53079 1.4616 3.9197e+01 1 6.6988e-08 3.5696 7.099484e-01 2.844180e-01 4.333372e-03 -0.1027 
3.9439e+06 3.4334 3.5598 1.68937 0.53499 1.9151 4.5342e+01 1 1.0399e-07 3.5598 7.082197e-01 2.854520e-01 5.016265e-03 -0.1079 
4.2264e+06 3.4622 3.5510 1.66184 0.53973 2.4117 5.1412e+01 1 1.5031e-07 3.5510 7.063466e-01 2.865480e-01 5.778848e-03 -0.1157 
4.4852e+06 3.5032 3.5440 1.62425 0.54430 2.9302 5.9001e+01 1 2.4774e-07 3.5440 7.043706e-01 2.876940e-01 6.590131e-03 -0.1184 
4.7410e+06 3.5355 3.5293 1.56231 0.54975 3.4517 7.1084e+01 1 4.0926e-07 3.5293 7.023346e-01 2.888760e-01 7.420720e-03 -0.1281 
4.9804e+06 3.5712 3.5183 1.45976 0.55582 3.9327 8.5156e+01 1 7.4989e-07 3.5183 7.003967e-01 2.900100e-01 8.198482e-03 -0.1341 
5.2022e+06 3.6088 3.4930 1.25374 0.56277 4.3341 2.4322e+02 0 1.9454e-06 3.4930 6.987311e-01 2.909920e-01 8.855430e-03 -0.1463 
5.4070e+06 3.6506 3.5225 0.59162 0.57141 4.5149 4.0314e+02 0 1.0069e-05 3.5225 6.979673e-01 2.914440e-01 9.153524e-03 -0.1674 
5.4083e+06 3.7306 3.5795 0.57657 0.57141 4.5149 2.9658e+02 0 3.5318e-05 3.5795 6.979673e-01 2.914440e-01 9.153524e-03 999.0000 
 1.8000 16 # agb_1.80_Z0.00400000_Mdot2_eta0.40_Mc0.00_dMc0.00_Tbd6.40_L0.00_dL0.00_C0.00_Nr3.00_rates0_KOPv_KMOLv.dat 
0.0000e+00 3.1428 3.6075 1.80000 0.49671 0.3593 1.8186e+01 1 4.1305e-09 3.6075 7.142000e-01 2.816790e-01 2.725201e-03 -0.0845 
2.1349e+05 3.1999 3.6026 1.79909 0.49851 0.3593 2.0931e+01 1 7.3451e-09 3.6026 7.142000e-01 2.816790e-01 2.725201e-03 -0.0837 
4.6469e+05 3.2356 3.5993 1.79766 0.50117 0.3593 2.2901e+01 1 1.0544e-08 3.5993 7.142000e-01 2.816790e-01 2.725201e-03 -0.0837 
7.5311e+05 3.2684 3.5964 1.79532 0.50498 0.3593 2.4863e+01 1 1.4757e-08 3.5964 7.142000e-01 2.816790e-01 2.725201e-03 -0.0836 
1.0597e+06 3.3073 3.5928 1.79192 0.50969 0.3593 2.7429e+01 1 2.1979e-08 3.5928 7.142000e-01 2.816790e-01 2.725201e-03 -0.0839 
1.3754e+06 3.3417 3.5895 1.78684 0.51527 0.3593 2.9963e+01 1 3.1405e-08 3.5895 7.142000e-01 2.816790e-01 2.725201e-03 -0.0848 
1.6850e+06 3.3739 3.5865 1.77952 0.52050 0.4123 3.2564e+01 1 4.3954e-08 3.5865 7.136769e-01 2.821220e-01 2.802744e-03 -0.0862 
1.9942e+06 3.3958 3.5843 1.76858 0.52573 0.5522 3.4560e+01 1 5.5976e-08 3.5843 7.127010e-01 2.828950e-01 3.001649e-03 -0.0882 
2.2742e+06 3.4454 3.5777 1.75424 0.53012 0.8015 3.9871e+01 1 9.5719e-08 3.5777 7.113517e-01 2.838860e-01 3.353719e-03 -0.0890 
2.5684e+06 3.4709 3.5674 1.72983 0.53544 1.1665 4.5371e+01 1 1.3397e-07 3.5674 7.096795e-01 2.850320e-01 3.872052e-03 -0.0976 
2.8370e+06 3.5134 3.5536 1.69501 0.54027 1.6306 5.4849e+01 1 2.2961e-07 3.5536 7.077444e-01 2.862880e-01 4.539691e-03 -0.1091 
3.1006e+06 3.5485 3.5410 1.63837 0.54570 2.1627 6.5263e+01 1 3.7931e-07 3.5410 7.056141e-01 2.876250e-01 5.317252e-03 -0.1186 
3.3518e+06 3.5842 3.5263 1.54173 0.55169 2.7267 7.9969e+01 1 6.9183e-07 3.5263 7.033647e-01 2.890170e-01 6.155213e-03 -0.1277 
3.5864e+06 3.6208 3.5102 1.35927 0.55830 3.2826 1.9908e+02 0 1.5704e-06 3.5102 7.011092e-01 2.904080e-01 6.993882e-03 -0.1343 
3.8036e+06 3.6610 3.4493 0.74309 0.56634 3.7200 6.4621e+02 0 6.2373e-06 3.4493 6.992935e-01 2.915320e-01 7.662451e-03 -0.1551 
3.8671e+06 3.5386 3.5760 0.57299 0.56746 3.7200 2.0030e+02 0 7.6208e-06 3.5760 6.992935e-01 2.915320e-01 7.662451e-03 999.0000 
 1.8500 16 # agb_1.85_Z0.00400000_Mdot2_eta0.40_Mc0.00_dMc0.00_Tbd6.40_L0.00_dL0.00_C0.00_Nr3.00_rates0_KOPv_KMOLv.dat 
0.0000e+00 3.1379 3.6096 1.85000 0.50333 0.3586 1.7505e+01 1 3.5810e-09 3.6096 7.134000e-01 2.825590e-01 2.722820e-03 -0.0844 
2.0421e+05 3.1705 3.6067 1.84923 0.50514 0.3586 1.8972e+01 1 4.9774e-09 3.6067 7.134000e-01 2.825590e-01 2.722820e-03 -0.0836 
4.3606e+05 3.2265 3.6018 1.84802 0.50768 0.3586 2.1799e+01 1 8.7700e-09 3.6018 7.134000e-01 2.825590e-01 2.722820e-03 -0.0834 
7.0392e+05 3.2608 3.5987 1.84607 0.51130 0.3586 2.3756e+01 1 1.2445e-08 3.5987 7.134000e-01 2.825590e-01 2.722820e-03 -0.0836 
9.8508e+05 3.3089 3.5944 1.84322 0.51569 0.3586 2.6802e+01 1 2.0277e-08 3.5944 7.134000e-01 2.825590e-01 2.722820e-03 -0.0842 
1.2913e+06 3.3309 3.5923 1.83848 0.52054 0.3887 2.8366e+01 1 2.5527e-08 3.5923 7.129624e-01 2.829490e-01 2.769476e-03 -0.0848 
1.5789e+06 3.3733 3.5884 1.83226 0.52466 0.4756 3.1606e+01 1 3.9628e-08 3.5884 7.120885e-01 2.836910e-01 2.897578e-03 -0.0867 
1.8754e+06 3.4042 3.5843 1.82268 0.52905 0.6476 3.4538e+01 1 5.5335e-08 3.5843 7.108380e-01 2.846900e-01 3.144359e-03 -0.0885 
2.1637e+06 3.4403 3.5794 1.80881 0.53336 0.9250 3.8397e+01 1 8.2035e-08 3.5794 7.092640e-01 2.858610e-01 3.539494e-03 -0.0881 
2.4404e+06 3.4804 3.5658 1.78840 0.53760 1.3112 4.5916e+01 1 1.3366e-07 3.5658 7.074112e-01 2.871510e-01 4.092486e-03 -0.1023 
2.7196e+06 3.5105 3.5548 1.75491 0.54258 1.7900 5.3107e+01 1 1.9907e-07 3.5548 7.053318e-01 2.885230e-01 4.785933e-03 -0.1100 
2.9806e+06 3.5464 3.5431 1.70451 0.54758 2.3339 6.2692e+01 1 3.2584e-07 3.5431 7.030770e-01 2.899610e-01 5.584936e-03 -0.1184 
3.2282e+06 3.5848 3.5343 1.62394 0.55303 2.9095 7.3571e+01 1 5.7148e-07 3.5343 7.007117e-01 2.914440e-01 6.443720e-03 -0.1228 
3.4631e+06 3.6211 3.5120 1.47342 0.55924 3.4852 1.8231e+02 0 1.2162e-06 3.5120 6.983121e-01 2.929430e-01 7.315623e-03 -0.1359 
3.6806e+06 3.6622 3.4738 1.05605 0.56671 3.9744 3.7967e+02 0 6.0674e-06 3.4738 6.962243e-01 2.942500e-01 8.066387e-03 -0.1491 
3.8116e+06 3.7043 3.5771 0.57784 0.57221 3.9744 2.8510e+02 0 3.4435e-05 3.5771 6.962243e-01 2.942500e-01 8.066387e-03 999.0000 
 1.9000 11 # agb_1.90_Z0.00400000_Mdot2_eta0.40_Mc0.00_dMc0.00_Tbd6.40_L0.00_dL0.00_C0.00_Nr3.00_rates0_KOPv_KMOLv.dat 
0.0000e+00 3.3514 3.5922 1.90000 0.51647 0.3577 2.8989e+01 1 2.8119e-08 3.5922 7.127000e-01 2.832410e-01 2.722971e-03 -0.0898 
1.7560e+05 3.4125 3.5865 1.89460 0.51923 0.3577 3.3856e+01 1 5.2602e-08 3.5865 7.127000e-01 2.832410e-01 2.722971e-03 -0.0868 
3.9320e+05 3.4597 3.5817 1.88479 0.52378 0.3577 3.8315e+01 1 8.6298e-08 3.5817 7.127000e-01 2.832410e-01 2.722971e-03 -0.0878 
6.4152e+05 3.5019 3.5772 1.86865 0.53021 0.3577 4.2958e+01 1 1.3614e-07 3.5772 7.127000e-01 2.832410e-01 2.722971e-03 -0.0894 
9.1175e+05 3.5226 3.5745 1.84118 0.53736 0.4015 4.5876e+01 1 1.7620e-07 3.5745 7.120613e-01 2.838130e-01 2.787715e-03 -0.0905 
1.1670e+06 3.5556 3.5699 1.80152 0.54370 0.5452 5.0976e+01 1 2.6546e-07 3.5699 7.107692e-01 2.849000e-01 2.987842e-03 -0.0923 
1.4126e+06 3.5920 3.5633 1.73936 0.54983 0.8312 5.8198e+01 1 4.3351e-07 3.5633 7.089720e-01 2.862980e-01 3.378686e-03 -0.0911 
1.6474e+06 3.6301 3.5436 1.63151 0.55602 1.2627 7.4485e+01 1 8.3560e-07 3.5436 7.067913e-01 2.878760e-01 3.968549e-03 -0.1097 
1.8714e+06 3.6680 3.5166 1.40292 0.56282 1.7935 2.0309e+02 0 2.1827e-06 3.5166 7.043883e-01 2.895310e-01 4.700375e-03 -0.1261 
2.0809e+06 3.7074 3.4957 0.62614 0.57110 2.3044 5.5251e+02 0 6.9343e-06 3.4957 7.021751e-01 2.910130e-01 5.412700e-03 -0.1502 
2.0858e+06 3.5739 3.5828 0.57658 0.57110 2.3044 2.0285e+02 0 1.0186e-05 3.5828 7.021751e-01 2.910130e-01 5.412700e-03 999.0000 
 1.9500 13 # agb_1.95_Z0.00400000_Mdot2_eta0.40_Mc0.00_dMc0.00_Tbd6.40_L0.00_dL0.00_C0.00_Nr3.00_rates0_KOPv_KMOLv.dat 
0.0000e+00 3.2723 3.6009 1.95000 0.51637 0.3589 2.3229e+01 1 1.1614e-08 3.6009 7.117000e-01 2.843250e-01 2.721255e-03 -0.0873 
1.7036e+05 3.3418 3.5945 1.94802 0.51851 0.3589 2.7642e+01 1 2.3496e-08 3.5945 7.117000e-01 2.843250e-01 2.721255e-03 -0.0850 
3.8791e+05 3.3717 3.5918 1.94408 0.52218 0.3589 2.9819e+01 1 3.1989e-08 3.5918 7.117000e-01 2.843250e-01 2.721255e-03 -0.0859 
6.3432e+05 3.4104 3.5882 1.93746 0.52737 0.3589 3.2925e+01 1 4.7753e-08 3.5882 7.117000e-01 2.843250e-01 2.721255e-03 -0.0875 
8.9119e+05 3.4508 3.5842 1.92747 0.53266 0.3889 3.6590e+01 1 7.2946e-08 3.5842 7.111987e-01 2.847800e-01 2.767176e-03 -0.0891 
1.1613e+06 3.4736 3.5817 1.91147 0.53815 0.4859 3.9029e+01 1 9.4624e-08 3.5817 7.101384e-01 2.856970e-01 2.906426e-03 -0.0898 
1.4170e+06 3.5142 3.5761 1.88892 0.54299 0.6913 4.4055e+01 1 1.4894e-07 3.5761 7.086004e-01 2.869430e-01 3.191646e-03 -0.0891 
1.6670e+06 3.5544 3.5679 1.85482 0.54777 1.0302 5.0815e+01 1 2.4155e-07 3.5679 7.066685e-01 2.883980e-01 3.658232e-03 -0.0932 
1.9160e+06 3.5877 3.5512 1.79706 0.55306 1.4967 6.2060e+01 1 3.9719e-07 3.5512 7.044170e-01 2.899910e-01 4.303220e-03 -0.1095 
2.1529e+06 3.6243 3.5354 1.69946 0.55860 2.0583 7.6629e+01 1 7.2277e-07 3.5354 7.019220e-01 2.916820e-01 5.087610e-03 -0.1209 
2.3762e+06 3.6629 3.5145 1.51116 0.56475 2.6653 1.0178e+02 1 1.6634e-06 3.5145 6.992949e-01 2.934260e-01 5.946418e-03 -0.1331 
2.5848e+06 3.7018 3.4618 0.89021 0.57218 3.2416 5.3813e+02 0 6.8549e-06 3.4618 6.967923e-01 2.950730e-01 6.772536e-03 -0.1473 
2.6682e+06 3.6784 3.5833 0.57989 0.57482 3.2416 2.5383e+02 0 2.7416e-05 3.5833 6.967923e-01 2.950730e-01 6.772536e-03 999.0000 
 2.0000 15 # agb_2.00_Z0.00400000_Mdot2_eta0.40_Mc0.00_dMc0.00_Tbd6.40_L0.00_dL0.00_C0.00_Nr3.00_rates0_KOPv_KMOLv.dat 
0.0000e+00 3.2011 3.6087 2.00000 0.52131 0.3592 1.9008e+01 1 5.2000e-09 3.6087 7.109000e-01 2.850100e-01 2.719833e-03 -0.0860 
1.6917e+05 3.2388 3.6054 1.99906 0.52319 0.3592 2.0867e+01 1 7.6208e-09 3.6054 7.109000e-01 2.850100e-01 2.719833e-03 -0.0827 
3.6210e+05 3.2994 3.5999 1.99751 0.52586 0.3592 2.4275e+01 1 1.4060e-08 3.5999 7.109000e-01 2.850100e-01 2.719833e-03 -0.0848 
5.8503e+05 3.3428 3.5961 1.99485 0.52969 0.3592 2.7058e+01 1 2.1878e-08 3.5961 7.109000e-01 2.850100e-01 2.719833e-03 -0.0863 
8.3155e+05 3.3733 3.5933 1.99046 0.53394 0.3800 2.9223e+01 1 2.9992e-08 3.5933 7.105220e-01 2.853550e-01 2.752600e-03 -0.0883 
1.0868e+06 3.4062 3.5903 1.98374 0.53817 0.4436 3.1785e+01 1 4.2170e-08 3.5903 7.096992e-01 2.860810e-01 2.847465e-03 -0.0889 
1.3439e+06 3.4402 3.5861 1.97375 0.54223 0.5807 3.4969e+01 1 6.0674e-08 3.5861 7.084524e-01 2.871270e-01 3.043104e-03 -0.0885 
1.5981e+06 3.4775 3.5814 1.95911 0.54616 0.8199 3.8901e+01 1 9.0991e-08 3.5814 7.068391e-01 2.883980e-01 3.377643e-03 -0.0878 
1.8467e+06 3.5186 3.5701 1.93709 0.55006 1.1746 4.5833e+01 1 1.4791e-07 3.5701 7.049141e-01 2.898190e-01 3.871531e-03 -0.1000 
2.0994e+06 3.5483 3.5583 1.90064 0.55465 1.6376 5.3248e+01 1 2.2080e-07 3.5583 7.027205e-01 2.913500e-01 4.519651e-03 -0.1087 
2.3327e+06 3.5914 3.5454 1.84603 0.55899 2.1832 6.4277e+01 1 3.8905e-07 3.5454 7.003094e-01 2.929710e-01 5.291222e-03 -0.1179 
2.5616e+06 3.6275 3.5318 1.75226 0.56412 2.7785 7.7936e+01 1 6.9024e-07 3.5318 6.977352e-01 2.946680e-01 6.143720e-03 -0.1279 
2.7756e+06 3.6667 3.5175 1.58328 0.56979 3.3887 9.7883e+01 1 1.4723e-06 3.5175 6.950750e-01 2.964120e-01 7.028944e-03 -0.1337 
2.9760e+06 3.7060 3.4624 1.05384 0.57680 3.9462 4.6440e+02 0 8.2985e-06 3.4624 6.925924e-01 2.980390e-01 7.848181e-03 -0.1520 
3.0860e+06 3.7424 3.5816 0.58704 0.58178 3.9462 2.9403e+02 0 3.7584e-05 3.5816 6.925924e-01 2.980390e-01 7.848181e-03 999.0000 
 2.0500 11 # agb_2.05_Z0.00400000_Mdot2_eta0.40_Mc0.00_dMc0.00_Tbd6.40_L0.00_dL0.00_C0.00_Nr3.00_rates0_KOPv_KMOLv.dat 
0.0000e+00 3.3633 3.5959 2.05000 0.53596 0.3567 2.7732e+01 1 2.4547e-08 3.5959 7.104000e-01 2.854950e-01 2.720353e-03 -0.0896 
1.4333e+05 3.4190 3.5908 2.04629 0.53839 0.3567 3.1909e+01 1 4.3251e-08 3.5908 7.104000e-01 2.854950e-01 2.720353e-03 -0.0891 
3.2494e+05 3.4550 3.5872 2.03875 0.54252 0.3567 3.5052e+01 1 6.3096e-08 3.5872 7.104000e-01 2.854950e-01 2.720353e-03 -0.0890 
5.2255e+05 3.5087 3.5819 2.02718 0.54714 0.3753 4.0329e+01 1 1.1041e-07 3.5819 7.100084e-01 2.858570e-01 2.749436e-03 -0.0891 
7.4595e+05 3.5386 3.5785 2.00731 0.55240 0.4399 4.3877e+01 1 1.5453e-07 3.5785 7.090474e-01 2.867200e-01 2.845170e-03 -0.0900 
9.7061e+05 3.5709 3.5739 1.97720 0.55735 0.5962 4.8545e+01 1 2.2594e-07 3.5739 7.075148e-01 2.880280e-01 3.063783e-03 -0.0910 
1.1937e+06 3.6048 3.5685 1.92975 0.56230 0.8836 5.4389e+01 1 3.4674e-07 3.5685 7.055279e-01 2.896140e-01 3.455139e-03 -0.0906 
1.4085e+06 3.6428 3.5505 1.85153 0.56721 1.3112 6.7934e+01 1 6.1802e-07 3.5505 7.031779e-01 2.913710e-01 4.034487e-03 -0.1088 
1.6168e+06 3.6798 3.5312 1.70752 0.57263 1.8502 8.7256e+01 1 1.2417e-06 3.5312 7.005581e-01 2.932380e-01 4.768799e-03 -0.1230 
1.8138e+06 3.7174 3.4997 1.36624 0.57887 2.4453 2.7010e+02 0 4.1305e-06 3.4997 6.978093e-01 2.951440e-01 5.587325e-03 -0.1396 
1.9765e+06 3.7691 3.5894 0.59081 0.58574 2.9413 2.8930e+02 0 3.9994e-05 3.5894 6.955556e-01 2.966830e-01 6.277103e-03 999.0000 
 2.1000 10 # agb_2.10_Z0.00400000_Mdot2_eta0.40_Mc0.00_dMc0.00_Tbd6.40_L0.00_dL0.00_C0.00_Nr3.00_rates0_KOPv_KMOLv.dat 
0.0000e+00 3.4377 3.5906 2.10000 0.54085 0.3576 3.2634e+01 1 4.7863e-08 3.5906 7.098000e-01 2.861830e-01 2.719534e-03 -0.0905 
1.3503e+05 3.4972 3.5848 2.09345 0.54357 0.3576 3.8018e+01 1 8.8308e-08 3.5848 7.098000e-01 2.861830e-01 2.719534e-03 -0.0887 
3.1107e+05 3.5320 3.5812 2.07983 0.54844 0.3576 4.1757e+01 1 1.2823e-07 3.5812 7.098000e-01 2.861830e-01 2.719534e-03 -0.0888 
5.1185e+05 3.5669 3.5772 2.05685 0.55430 0.3805 4.6098e+01 1 1.8967e-07 3.5772 7.093349e-01 2.866120e-01 2.754670e-03 -0.0901 
7.1830e+05 3.6052 3.5725 2.02226 0.55986 0.4660 5.1625e+01 1 2.9580e-07 3.5725 7.081946e-01 2.876270e-01 2.876792e-03 -0.0922 
9.2825e+05 3.6386 3.5667 1.96672 0.56528 0.6710 5.8058e+01 1 4.5709e-07 3.5667 7.064387e-01 2.890970e-01 3.154665e-03 -0.0926 
1.1351e+06 3.6710 3.5576 1.87530 0.57070 1.0295 6.7503e+01 1 7.5683e-07 3.5576 7.042091e-01 2.908370e-01 3.632338e-03 -0.0960 
1.3347e+06 3.7053 3.5325 1.70224 0.57637 1.5277 9.0746e+01 1 1.5959e-06 3.5325 7.016279e-01 2.927380e-01 4.296386e-03 -0.1222 
1.5233e+06 3.7426 3.4891 1.21319 0.58283 2.1065 3.4959e+02 0 7.9983e-06 3.4891 6.988706e-01 2.946960e-01 5.073647e-03 -0.1404 
1.6476e+06 3.7865 3.5919 0.59318 0.58811 2.4748 2.9319e+02 0 4.1591e-05 3.5919 6.971797e-01 2.958710e-01 5.572318e-03 999.0000 
 2.1500 9 # agb_2.15_Z0.00400000_Mdot2_eta0.40_Mc0.00_dMc0.00_Tbd6.40_L0.00_dL0.00_C0.00_Nr3.00_rates0_KOPv_KMOLv.dat 
0.0000e+00 3.4995 3.5863 2.15000 0.55079 0.3576 3.7249e+01 1 8.2604e-08 3.5863 7.094000e-01 2.865700e-01 2.718500e-03 -0.0921 
1.2221e+05 3.5626 3.5800 2.13932 0.55374 0.3576 4.3925e+01 1 1.5885e-07 3.5800 7.094000e-01 2.865700e-01 2.718500e-03 -0.0892 
2.8624e+05 3.5819 3.5775 2.11757 0.55845 0.3703 4.6565e+01 1 1.9999e-07 3.5775 7.090988e-01 2.868520e-01 2.738203e-03 -0.0905 
4.7237e+05 3.6215 3.5727 2.08159 0.56401 0.4153 5.2331e+01 1 3.1623e-07 3.5727 7.082315e-01 2.876500e-01 2.806397e-03 -0.0926 
6.6899e+05 3.6564 3.5676 2.02445 0.56939 0.5447 5.8730e+01 1 4.9431e-07 3.5676 7.066066e-01 2.890880e-01 2.988025e-03 -0.0951 
8.6757e+05 3.6865 3.5608 1.93138 0.57464 0.8206 6.6821e+01 1 7.8886e-07 3.5608 7.043646e-01 2.909500e-01 3.356838e-03 -0.0946 
1.0594e+06 3.7215 3.5387 1.76106 0.57998 1.2563 8.7768e+01 1 1.6331e-06 3.5387 7.017173e-01 2.930070e-01 3.932188e-03 -0.1126 
1.2438e+06 3.7563 3.4977 1.29715 0.58620 1.8090 3.1439e+02 0 7.1285e-06 3.4977 6.988407e-01 2.951310e-01 4.663992e-03 -0.1365 
1.3755e+06 3.8025 3.5910 0.59731 0.59184 2.2509 3.0447e+02 0 3.6475e-05 3.5910 6.967055e-01 2.966560e-01 5.253580e-03 999.0000 
 2.2000 9 # agb_2.20_Z0.00400000_Mdot2_eta0.40_Mc0.00_dMc0.00_Tbd6.40_L0.00_dL0.00_C0.00_Nr3.00_rates0_KOPv_KMOLv.dat 
0.0000e+00 3.5292 3.5850 2.20000 0.56076 0.3571 3.9244e+01 1 1.0304e-07 3.5850 7.090000e-01 2.870590e-01 2.718219e-03 -0.0924 
1.1195e+05 3.5835 3.5795 2.18773 0.56371 0.3571 4.5281e+01 1 1.8197e-07 3.5795 7.090000e-01 2.870590e-01 2.718219e-03 -0.0901 
2.5853e+05 3.6137 3.5759 2.16306 0.56824 0.3698 4.9402e+01 1 2.5645e-07 3.5759 7.087020e-01 2.873370e-01 2.737836e-03 -0.0917 
4.2629e+05 3.6519 3.5711 2.12255 0.57355 0.4152 5.5420e+01 1 4.0272e-07 3.5711 7.078427e-01 2.881270e-01 2.806001e-03 -0.0937 
6.0620e+05 3.6851 3.5658 2.05586 0.57883 0.5435 6.2233e+01 1 6.2806e-07 3.5658 7.062411e-01 2.895450e-01 2.984571e-03 -0.0966 
7.8859e+05 3.7134 3.5587 1.94498 0.58396 0.8164 7.1021e+01 1 1.0116e-06 3.5587 7.040133e-01 2.914000e-01 3.346418e-03 -0.0952 
9.6470e+05 3.7479 3.5346 1.73188 0.58918 1.2463 9.5725e+01 1 2.2646e-06 3.5346 7.013730e-01 2.934610e-01 3.908808e-03 -0.1151 
1.1335e+06 3.7829 3.4741 1.01327 0.59542 1.7869 5.1444e+02 0 8.2604e-06 3.4741 6.985182e-01 2.955860e-01 4.617877e-03 -0.1438 
1.2086e+06 3.7844 3.5899 0.60427 0.59873 1.8298 2.9200e+02 0 4.1400e-05 3.5899 6.983099e-01 2.957360e-01 4.674243e-03 999.0000 
 2.2500 8 # agb_2.25_Z0.00400000_Mdot2_eta0.40_Mc0.00_dMc0.00_Tbd6.40_L0.00_dL0.00_C0.00_Nr3.00_rates0_KOPv_KMOLv.dat 
0.0000e+00 3.5923 3.5805 2.25000 0.57412 0.3573 4.5018e+01 1 1.8072e-07 3.5805 7.088000e-01 2.872480e-01 2.717098e-03 -0.0944 
9.9619e+04 3.6396 3.5754 2.23003 0.57725 0.3573 5.1202e+01 1 3.0061e-07 3.5754 7.088000e-01 2.872480e-01 2.717098e-03 -0.0926 
2.2608e+05 3.6787 3.5705 2.19311 0.58180 0.3707 5.7479e+01 1 4.7206e-07 3.5705 7.084901e-01 2.875380e-01 2.737571e-03 -0.0942 
3.7759e+05 3.7079 3.5656 2.12534 0.58752 0.4199 6.3897e+01 1 7.0632e-07 3.5656 7.075945e-01 2.883590e-01 2.810156e-03 -0.0968 
5.3532e+05 3.7387 3.5584 2.01478 0.59285 0.5610 7.3193e+01 1 1.1614e-06 3.5584 7.059168e-01 2.898380e-01 3.002668e-03 -0.0982 
6.9332e+05 3.7701 3.5484 1.81330 0.59805 0.8526 8.8059e+01 1 2.2856e-06 3.5484 7.036195e-01 2.917440e-01 3.382952e-03 -0.0995 
8.4673e+05 3.8021 3.4958 1.16636 0.60383 1.2937 3.8988e+02 0 1.5524e-05 3.4958 7.009456e-01 2.938310e-01 3.952284e-03 -0.1317 
9.3451e+05 3.8334 3.5951 0.61324 0.60785 1.5683 3.0699e+02 0 3.7670e-05 3.5951 6.995068e-01 2.949040e-01 4.307065e-03 999.0000 
 2.3000 8 # agb_2.30_Z0.00400000_Mdot2_eta0.40_Mc0.00_dMc0.00_Tbd6.40_L0.00_dL0.00_C0.00_Nr3.00_rates0_KOPv_KMOLv.dat 
0.0000e+00 3.6318 3.5782 2.30000 0.58557 0.3577 4.8656e+01 1 2.5003e-07 3.5782 7.087000e-01 2.872380e-01 2.716567e-03 -0.0950 
8.8059e+04 3.6790 3.5730 2.27651 0.58859 0.3577 5.5421e+01 1 4.1687e-07 3.5730 7.087000e-01 2.872380e-01 2.716567e-03 -0.0939 
2.0336e+05 3.7111 3.5684 2.23226 0.59258 0.3804 6.1385e+01 1 6.1802e-07 3.5684 7.081830e-01 2.877210e-01 2.750969e-03 -0.0950 
3.4299e+05 3.7399 3.5631 2.15232 0.59761 0.4430 6.8546e+01 1 9.3541e-07 3.5631 7.070418e-01 2.887690e-01 2.842906e-03 -0.0974 
4.9319e+05 3.7657 3.5555 2.01185 0.60257 0.6050 7.8602e+01 1 1.5346e-06 3.5555 7.050858e-01 2.904980e-01 3.062144e-03 -0.1000 
6.4100e+05 3.7979 3.5433 1.73915 0.60737 0.9225 9.8253e+01 1 3.4834e-06 3.5433 7.025273e-01 2.926330e-01 3.472907e-03 -0.1009 
7.8366e+05 3.8305 3.4752 0.87378 0.61325 1.3781 6.4735e+02 0 9.2045e-06 3.4752 6.996913e-01 2.948670e-01 4.056856e-03 -0.1439 
8.1521e+05 3.6732 3.5947 0.61907 0.61388 1.3781 2.1361e+02 0 2.0230e-05 3.5947 6.996913e-01 2.948670e-01 4.056856e-03 999.0000 
 2.3500 8 # agb_2.35_Z0.00400000_Mdot2_eta0.40_Mc0.00_dMc0.00_Tbd6.40_L0.00_dL0.00_C0.00_Nr3.00_rates0_KOPv_KMOLv.dat 
0.0000e+00 3.6484 3.5781 2.35000 0.59645 0.3575 4.9666e+01 1 2.7479e-07 3.5781 7.088000e-01 2.872290e-01 2.715859e-03 -0.0957 
7.8566e+04 3.7024 3.5720 2.32533 0.59930 0.3575 5.7627e+01 1 4.9204e-07 3.5720 7.088000e-01 2.872290e-01 2.715859e-03 -0.0948 
1.8259e+05 3.7272 3.5682 2.27898 0.60304 0.3795 6.2646e+01 1 6.7764e-07 3.5682 7.083063e-01 2.876890e-01 2.749038e-03 -0.0962 
3.0876e+05 3.7544 3.5629 2.19463 0.60781 0.4383 6.9782e+01 1 1.0162e-06 3.5629 7.072366e-01 2.886720e-01 2.834963e-03 -0.0987 
4.4319e+05 3.7849 3.5548 2.04753 0.61236 0.5870 8.1141e+01 1 1.7539e-06 3.5548 7.053896e-01 2.903110e-01 3.035845e-03 -0.1031 
5.7814e+05 3.8159 3.5417 1.75346 0.61686 0.8817 1.0227e+02 1 4.0644e-06 3.5417 7.029247e-01 2.923840e-01 3.415240e-03 -0.1038 
7.0885e+05 3.8494 3.4775 0.86428 0.62244 1.3125 6.6805e+02 0 9.6161e-06 3.4775 7.001550e-01 2.945870e-01 3.963574e-03 -0.1476 
7.3373e+05 3.6692 3.5960 0.62800 0.62284 1.3125 2.0664e+02 0 1.8493e-05 3.5960 7.001550e-01 2.945870e-01 3.963574e-03 999.0000 
 2.4000 7 # agb_2.40_Z0.00400000_Mdot2_eta0.40_Mc0.00_dMc0.00_Tbd6.40_L0.00_dL0.00_C0.00_Nr3.00_rates0_KOPv_KMOLv.dat 
0.0000e+00 3.6974 3.5746 2.40000 0.60749 0.3566 5.5127e+01 1 4.1976e-07 3.5746 7.091000e-01 2.869210e-01 2.716428e-03 -0.0978 
7.2295e+04 3.7357 3.5698 2.36556 0.61046 0.3566 6.1717e+01 1 6.5013e-07 3.5698 7.091000e-01 2.869210e-01 2.716428e-03 -0.0960 
1.6315e+05 3.7745 3.5640 2.30507 0.61405 0.3789 7.0034e+01 1 1.0520e-06 3.5640 7.086047e-01 2.873820e-01 2.749893e-03 -0.0987 
2.7727e+05 3.7978 3.5582 2.18857 0.61883 0.4388 7.8321e+01 1 1.5922e-06 3.5582 7.075251e-01 2.883730e-01 2.836708e-03 -0.1025 
3.9876e+05 3.8255 3.5476 1.97143 0.62342 0.5903 9.3925e+01 1 3.0200e-06 3.5476 7.056572e-01 2.900310e-01 3.039596e-03 -0.1080 
5.1995e+05 3.8549 3.5215 1.38679 0.62810 0.8879 2.9841e+02 0 1.3490e-05 3.5215 7.031692e-01 2.921260e-01 3.419745e-03 -0.1116 
6.0909e+05 3.8969 3.6039 0.63762 0.63259 1.2390 3.1578e+02 0 3.8459e-05 3.6039 7.009038e-01 2.939330e-01 3.864010e-03 999.0000 
 2.6000 6 # agb_2.60_Z0.00400000_Mdot2_eta0.40_Mc0.00_dMc0.00_Tbd6.40_L0.00_dL0.00_C0.00_Nr3.00_rates0_KOPv_KMOLv.dat 
0.0000e+00 3.8294 3.5667 2.60000 0.66086 0.3560 7.1388e+01 1 1.2190e-06 3.5667 7.100000e-01 2.859730e-01 2.716116e-03 -0.1032 
4.1654e+04 3.8777 3.5599 2.53699 0.66324 0.3560 8.3007e+01 1 2.1627e-06 3.5599 7.100000e-01 2.859730e-01 2.716116e-03 -0.1043 
9.6317e+04 3.8933 3.5551 2.42006 0.66610 0.3756 9.0639e+01 1 2.9785e-06 3.5551 7.095965e-01 2.863480e-01 2.744817e-03 -0.1085 
1.6200e+05 3.9172 3.5453 2.19352 0.66963 0.4232 1.0694e+02 1 5.3211e-06 3.5453 7.087517e-01 2.871230e-01 2.812627e-03 -0.1153 
2.3502e+05 3.9430 3.5159 1.53852 0.67345 0.5326 3.4785e+02 0 2.3496e-05 3.5159 7.072546e-01 2.884700e-01 2.957995e-03 -0.1333 
3.0447e+05 3.9795 3.6091 0.68334 0.67825 0.7306 3.4063e+02 0 3.4914e-05 3.6091 7.053140e-01 2.901520e-01 3.207360e-03 999.0000 
 2.8000 6 # agb_2.80_Z0.00400000_Mdot2_eta0.40_Mc0.00_dMc0.00_Tbd6.40_L0.00_dL0.00_C0.00_Nr3.00_rates0_KOPv_KMOLv.dat 
0.0000e+00 3.9560 3.5587 2.80000 0.71737 0.3567 9.1951e+01 1 3.4198e-06 3.5587 7.111000e-01 2.848500e-01 2.715520e-03 -0.1083 
2.4257e+04 3.9987 3.5510 2.68741 0.71928 0.3567 1.0735e+02 1 6.0674e-06 3.5510 7.111000e-01 2.848500e-01 2.715520e-03 -0.1157 
5.4304e+04 4.0145 3.5436 2.48629 0.72124 0.3733 1.2138e+02 1 9.3111e-06 3.5436 7.107897e-01 2.851360e-01 2.739171e-03 -0.1227 
9.0816e+04 4.0337 3.5257 2.01472 0.72372 0.4100 3.0610e+02 0 2.3388e-05 3.5257 7.101625e-01 2.857110e-01 2.790505e-03 -0.1385 
1.3296e+05 4.0551 3.4936 1.29936 0.72692 0.4862 6.3444e+02 0 1.5453e-05 3.4936 7.090130e-01 2.867560e-01 2.891475e-03 -0.2246 
1.6859e+05 4.0852 3.6123 0.73614 0.73051 0.5943 3.9201e+02 0 2.9376e-05 3.6123 7.077369e-01 2.878910e-01 3.026853e-03 999.0000 
 3.0000 7 # agb_3.00_Z0.00400000_Mdot2_eta0.40_Mc0.00_dMc0.00_Tbd6.40_L0.00_dL0.00_C0.00_Nr3.00_rates0_KOPv_KMOLv.dat 
0.0000e+00 4.0461 3.5543 3.00000 0.76097 0.3572 1.0805e+02 1 6.7298e-06 3.5543 7.077000e-01 2.883310e-01 2.713629e-03 -0.1100 
1.5733e+04 4.0869 3.5461 2.85358 0.76251 0.3572 1.2683e+02 1 1.2106e-05 3.5461 7.077000e-01 2.883310e-01 2.713629e-03 -0.1201 
3.4715e+04 4.0991 3.5377 2.59750 0.76395 0.3715 1.4476e+02 1 1.8967e-05 3.5377 7.074579e-01 2.885530e-01 2.733421e-03 -0.1292 
5.7875e+04 4.1140 3.5167 2.01232 0.76576 0.4012 3.9724e+02 0 3.0339e-05 3.5167 7.069815e-01 2.889880e-01 2.774011e-03 -0.1584 
8.4896e+04 4.1308 3.4936 1.46086 0.76818 0.4586 6.7622e+02 0 1.8408e-05 3.4936 7.060903e-01 2.898010e-01 2.849507e-03 -0.2000 
1.1307e+05 4.1363 3.5034 0.95074 0.77139 0.5477 9.2342e+02 0 1.8621e-05 3.5034 7.048860e-01 2.908890e-01 2.960985e-03 -0.1528 
1.2324e+05 4.1284 3.6200 0.77757 0.77248 0.5477 3.8374e+02 0 3.4356e-05 3.6200 7.048860e-01 2.908890e-01 2.960985e-03 999.0000 
 3.2000 7 # agb_3.20_Z0.00400000_Mdot2_eta0.40_Mc0.00_dMc0.00_Tbd6.40_L0.00_dL0.00_C0.00_Nr3.00_rates0_KOPv_KMOLv.dat 
0.0000e+00 4.0901 3.5550 3.20000 0.78095 0.3567 1.1277e+02 1 8.4140e-06 3.5550 6.980000e-01 2.980150e-01 2.712908e-03 -0.1109 
1.2819e+04 4.1291 3.5472 3.05454 0.78236 0.3567 1.3129e+02 1 1.4655e-05 3.5472 6.980000e-01 2.980150e-01 2.712908e-03 -0.1226 
2.8163e+04 4.1441 3.5390 2.80023 0.78364 0.3697 1.4983e+02 1 2.3067e-05 3.5390 6.977944e-01 2.982020e-01 2.730523e-03 -0.1316 
4.6881e+04 4.1556 3.5211 2.24862 0.78520 0.3960 3.7912e+02 0 3.7757e-05 3.5211 6.973917e-01 2.985690e-01 2.765870e-03 -0.1570 
6.8964e+04 4.1689 3.5008 1.73092 0.78718 0.4457 5.9267e+02 0 2.0091e-05 3.5008 6.966286e-01 2.992650e-01 2.830141e-03 -0.2016 
9.2561e+04 4.1846 3.4868 1.23904 0.78975 0.5282 9.3971e+02 0 2.0845e-05 3.4868 6.954557e-01 3.003320e-01 2.931812e-03 -0.1724 
1.1435e+05 4.1942 3.6207 0.79852 0.79299 0.6284 4.3123e+02 0 2.9992e-05 3.6207 6.943747e-01 3.012870e-01 3.052500e-03 999.0000 
 3.4000 8 # agb_3.40_Z0.00400000_Mdot2_eta0.40_Mc0.00_dMc0.00_Tbd6.40_L0.00_dL0.00_C0.00_Nr3.00_rates0_KOPv_KMOLv.dat 
0.0000e+00 4.1172 3.5573 3.40000 0.79404 0.3592 1.1300e+02 1 8.9536e-06 3.5573 6.870000e-01 3.090010e-01 2.710491e-03 -0.1101 
1.0994e+04 4.1573 3.5500 3.27056 0.79534 0.3592 1.3088e+02 1 1.5417e-05 3.5500 6.870000e-01 3.090010e-01 2.710491e-03 -0.1189 
2.4417e+04 4.1690 3.5437 3.05131 0.79653 0.3711 1.4508e+02 1 2.2029e-05 3.5437 6.868223e-01 3.091630e-01 2.726314e-03 -0.1303 
4.0601e+04 4.1803 3.5308 2.61365 0.79793 0.3945 1.7609e+02 1 4.2073e-05 3.5308 6.864829e-01 3.094710e-01 2.757017e-03 -0.1458 
5.9702e+04 4.1919 3.5115 2.04995 0.79955 0.4367 4.8696e+02 0 2.3067e-05 3.5115 6.858534e-01 3.100450e-01 2.810505e-03 -0.2083 
8.1001e+04 4.2058 3.4922 1.55081 0.80162 0.5092 7.6730e+02 0 2.1878e-05 3.4922 6.847982e-01 3.110090e-01 2.898032e-03 -0.1877 
1.0215e+05 4.2103 3.4941 1.10097 0.80425 0.6319 1.0370e+03 0 2.2080e-05 3.4941 6.834570e-01 3.121980e-01 3.043459e-03 -0.1344 
1.1578e+05 4.2205 3.6229 0.81190 0.80638 0.7261 4.4149e+02 0 3.0200e-05 3.6229 6.826686e-01 3.128710e-01 3.154505e-03 999.0000 
 3.6000 9 # agb_3.60_Z0.00400000_Mdot2_eta0.40_Mc0.00_dMc0.00_Tbd6.40_L0.00_dL0.00_C0.00_Nr3.00_rates0_KOPv_KMOLv.dat 
0.0000e+00 4.1426 3.5593 3.60000 0.80725 0.3604 1.1329e+02 1 9.5060e-06 3.5593 6.781000e-01 3.178900e-01 2.708415e-03 -0.1096 
9.7258e+03 4.1775 3.5531 3.48061 0.80850 0.3604 1.2861e+02 1 1.5205e-05 3.5531 6.781000e-01 3.178900e-01 2.708415e-03 -0.1186 
2.1177e+04 4.1914 3.5475 3.29362 0.80957 0.3713 1.4131e+02 1 2.1184e-05 3.5475 6.779462e-01 3.180300e-01 2.722616e-03 -0.1253 
3.5050e+04 4.2019 3.5386 2.96019 0.81080 0.3921 1.6238e+02 1 3.4041e-05 3.5386 6.776593e-01 3.182890e-01 2.749328e-03 -0.1368 
5.1559e+04 4.2131 3.5203 2.35931 0.81219 0.4273 4.1602e+02 0 3.4041e-05 3.5203 6.771497e-01 3.187530e-01 2.793194e-03 -0.1683 
7.0270e+04 4.2246 3.5022 1.86903 0.81384 0.4879 6.1861e+02 0 2.2803e-05 3.5022 6.762566e-01 3.195710e-01 2.865367e-03 -0.1832 
8.9631e+04 4.2380 3.4887 1.41869 0.81589 0.6025 9.2165e+02 0 2.3550e-05 3.4887 6.749770e-01 3.207110e-01 2.998982e-03 -0.1742 
1.0803e+05 4.2427 3.5084 0.99633 0.81862 0.7605 1.0735e+03 0 2.3823e-05 3.5084 6.736322e-01 3.218650e-01 3.182558e-03 -0.0789 
1.1572e+05 4.2444 3.6271 0.82510 0.81990 0.7605 4.4221e+02 0 3.1842e-05 3.6271 6.736322e-01 3.218650e-01 3.182558e-03 999.0000 
 3.8000 10 # agb_3.80_Z0.00400000_Mdot2_eta0.40_Mc0.00_dMc0.00_Tbd6.40_L0.00_dL0.00_C0.00_Nr3.00_rates0_KOPv_KMOLv.dat 
0.0000e+00 4.1685 3.5609 3.80000 0.82133 0.3601 1.1421e+02 1 1.0233e-05 3.5609 6.704000e-01 3.255810e-01 2.707107e-03 -0.1084 
8.3129e+03 4.2071 3.5546 3.68778 0.82249 0.3601 1.3032e+02 1 1.6827e-05 3.5546 6.704000e-01 3.255810e-01 2.707107e-03 -0.1152 
1.8134e+04 4.2168 3.5503 3.52046 0.82345 0.3700 1.4024e+02 1 2.1777e-05 3.5503 6.702675e-01 3.257010e-01 2.719832e-03 -0.1204 
2.9911e+04 4.2268 3.5432 3.24281 0.82454 0.3884 1.5681e+02 1 3.1915e-05 3.5432 6.700271e-01 3.259170e-01 2.743001e-03 -0.1306 
4.4009e+04 4.2364 3.5278 2.68065 0.82576 0.4180 1.9697e+02 1 5.0582e-05 3.5278 6.696125e-01 3.262940e-01 2.779466e-03 -0.1550 
6.0172e+04 4.2474 3.5112 2.17829 0.82712 0.4672 5.2337e+02 0 2.4044e-05 3.5112 6.688867e-01 3.269590e-01 2.837420e-03 -0.2013 
7.7374e+04 4.2583 3.4955 1.73062 0.82867 0.5632 7.5890e+02 0 2.4660e-05 3.4955 6.677747e-01 3.279550e-01 2.948341e-03 -0.1816 
9.4282e+04 4.2716 3.4881 1.31611 0.83071 0.7189 1.0684e+03 0 2.5468e-05 3.4881 6.663982e-01 3.291460e-01 3.127288e-03 -0.1467 
1.1003e+05 4.2763 3.5314 0.92473 0.83351 0.8947 1.0078e+03 0 2.5704e-05 3.5314 6.651466e-01 3.301870e-01 3.329617e-03 0.0940 
1.1369e+05 4.2426 3.6260 0.83922 0.83390 0.8947 4.3799e+02 0 3.2359e-05 3.6260 6.651466e-01 3.301870e-01 3.329617e-03 999.0000 
 4.0000 11 # agb_4.00_Z0.00400000_Mdot2_eta0.40_Mc0.00_dMc0.00_Tbd6.40_L0.00_dL0.00_C0.00_Nr3.00_rates0_KOPv_KMOLv.dat 
0.0000e+00 4.1942 3.5623 4.00000 0.83601 0.3616 1.1545e+02 1 1.1143e-05 3.5623 6.636000e-01 3.323740e-01 2.705671e-03 -0.1063 
7.1156e+03 4.2285 3.5569 3.89986 0.83706 0.3616 1.2958e+02 1 1.7219e-05 3.5569 6.636000e-01 3.323740e-01 2.705671e-03 -0.1138 
1.5403e+04 4.2411 3.5528 3.75280 0.83792 0.3705 1.3929e+02 1 2.2284e-05 3.5528 6.634886e-01 3.324740e-01 2.716856e-03 -0.1173 
2.5345e+04 4.2491 3.5474 3.52240 0.83888 0.3866 1.5195e+02 1 3.0061e-05 3.5474 6.632901e-01 3.326520e-01 2.736829e-03 -0.1251 
3.7144e+04 4.2585 3.5369 3.10197 0.83992 0.4113 1.7811e+02 1 5.1286e-05 3.5369 6.629590e-01 3.329520e-01 2.766977e-03 -0.1452 
5.0748e+04 4.2688 3.5208 2.53680 0.84102 0.4490 4.3930e+02 0 3.4119e-05 3.5208 6.624076e-01 3.334570e-01 2.811197e-03 -0.2020 
6.5777e+04 4.2768 3.5059 2.09416 0.84221 0.5224 6.0726e+02 0 2.5763e-05 3.5059 6.615165e-01 3.342600e-01 2.895399e-03 -0.1865 
8.1078e+04 4.2878 3.4933 1.69284 0.84360 0.6523 8.4323e+02 0 2.6424e-05 3.4933 6.602998e-01 3.353220e-01 3.043318e-03 -0.1758 
9.5796e+04 4.2909 3.4897 1.31264 0.84544 0.8364 1.1020e+03 0 2.6607e-05 3.4897 6.589193e-01 3.364850e-01 3.253102e-03 -0.1313 
1.0945e+05 4.2949 3.5242 0.95592 0.84800 1.0240 1.0874e+03 0 2.6853e-05 3.5242 6.577284e-01 3.374530e-01 3.467884e-03 0.0452 
1.1350e+05 4.2825 3.6261 0.85433 0.84862 1.0240 4.7065e+02 0 3.0409e-05 3.6261 6.577284e-01 3.374530e-01 3.467884e-03 999.0000 
 4.2000 12 # agb_4.20_Z0.00400000_Mdot2_eta0.40_Mc0.00_dMc0.00_Tbd6.40_L0.00_dL0.00_C0.00_Nr3.00_rates0_KOPv_KMOLv.dat 
0.0000e+00 4.2245 3.5631 4.20000 0.85396 0.3620 1.1831e+02 1 1.2794e-05 3.5631 6.570000e-01 3.389680e-01 2.704757e-03 -0.1058 
5.9086e+03 4.2591 3.5577 4.10403 0.85491 0.3620 1.3273e+02 1 1.9679e-05 3.5577 6.570000e-01 3.389680e-01 2.704757e-03 -0.1175 
1.2718e+04 4.2694 3.5542 3.97033 0.85566 0.3700 1.4108e+02 1 2.4491e-05 3.5542 6.569068e-01 3.390510e-01 2.714612e-03 -0.1220 
2.0806e+04 4.2769 3.5498 3.77299 0.85648 0.3839 1.5168e+02 1 3.1477e-05 3.5498 6.567453e-01 3.391950e-01 2.731741e-03 -0.1283 
3.0309e+04 4.2869 3.5421 3.45076 0.85736 0.4047 1.7108e+02 1 4.7315e-05 3.5421 6.564836e-01 3.394300e-01 2.756718e-03 -0.1425 
4.1336e+04 4.2949 3.5285 2.91330 0.85826 0.4339 2.0900e+02 1 5.0350e-05 3.5285 6.560662e-01 3.398120e-01 2.790877e-03 -0.1717 
5.3760e+04 4.3018 3.5154 2.47558 0.85920 0.4867 5.0718e+02 0 2.7479e-05 3.5154 6.553935e-01 3.404220e-01 2.851054e-03 -0.1926 
6.6863e+04 4.3099 3.5023 2.07110 0.86016 0.5825 6.8202e+02 0 2.7797e-05 3.5023 6.544280e-01 3.412740e-01 2.959307e-03 -0.1776 
7.9917e+04 4.3194 3.4916 1.71317 0.86136 0.7331 9.0864e+02 0 2.8379e-05 3.4916 6.532132e-01 3.423120e-01 3.129181e-03 -0.1583 
9.2374e+04 4.3219 3.4939 1.37536 0.86296 0.9301 1.0911e+03 0 2.8576e-05 3.4939 6.518861e-01 3.434080e-01 3.352303e-03 -0.1127 
1.0393e+05 4.3254 3.5006 1.05920 0.86516 1.1322 1.3106e+03 0 2.8774e-05 3.5006 6.506947e-01 3.443610e-01 3.582716e-03 0.0452 
1.1091e+05 4.3319 3.6300 0.87236 0.86673 1.2263 4.9818e+02 0 3.0479e-05 3.6300 6.501916e-01 3.447520e-01 3.690714e-03 999.0000 
 4.4000 14 # agb_4.40_Z0.00400000_Mdot2_eta0.40_Mc0.00_dMc0.00_Tbd6.40_L0.00_dL0.00_C0.00_Nr3.00_rates0_KOPv_KMOLv.dat 
0.0000e+00 4.2558 3.5635 4.40000 0.87386 0.3637 1.2205e+02 1 1.4962e-05 3.5635 6.512000e-01 3.447620e-01 2.704190e-03 -0.1077 
4.7771e+03 4.2884 3.5584 4.31081 0.87469 0.3637 1.3587e+02 1 2.2336e-05 3.5584 6.512000e-01 3.447620e-01 2.704190e-03 -0.1174 
1.0235e+04 4.2977 3.5554 4.18996 0.87533 0.3707 1.4335e+02 1 2.7102e-05 3.5554 6.511239e-01 3.448300e-01 2.712752e-03 -0.1200 
1.6642e+04 4.3062 3.5515 4.01649 0.87601 0.3827 1.5306e+02 1 3.4119e-05 3.5515 6.509954e-01 3.449430e-01 2.727303e-03 -0.1256 
2.4169e+04 4.3143 3.5456 3.75038 0.87674 0.4001 1.6794e+02 1 4.6881e-05 3.5456 6.507924e-01 3.451250e-01 2.747984e-03 -0.1355 
3.2873e+04 4.3217 3.5350 3.28948 0.87748 0.4231 1.9671e+02 1 7.3790e-05 3.5350 6.504799e-01 3.454090e-01 2.774820e-03 -0.1592 
4.2767e+04 4.3290 3.5231 2.83616 0.87823 0.4597 2.3463e+02 1 3.8107e-05 3.5231 6.499912e-01 3.458550e-01 2.816353e-03 -0.1982 
5.3501e+04 4.3342 3.5122 2.46770 0.87896 0.5257 5.6290e+02 0 2.9376e-05 3.5122 6.492681e-01 3.465000e-01 2.890421e-03 -0.1829 
6.4545e+04 4.3413 3.5016 2.12709 0.87970 0.6329 7.1815e+02 0 2.9854e-05 3.5016 6.483153e-01 3.473280e-01 3.010445e-03 -0.1752 
7.5504e+04 4.3494 3.4927 1.80823 0.88066 0.7868 9.1671e+02 0 3.0409e-05 3.4927 6.471796e-01 3.482840e-01 3.182824e-03 -0.1528 
8.5981e+04 4.3570 3.4966 1.49956 0.88198 0.9805 1.0661e+03 0 3.0974e-05 3.4966 6.459488e-01 3.492890e-01 3.400990e-03 -0.1091 
9.5758e+04 4.3598 3.4846 1.20949 0.88374 1.1904 1.4492e+03 0 3.1189e-05 3.4846 6.447582e-01 3.502330e-01 3.639218e-03 -0.0341 
1.0488e+05 4.3631 3.5489 0.93647 0.88601 1.3676 1.0340e+03 0 3.1405e-05 3.5489 6.438346e-01 3.509460e-01 3.841868e-03 0.2097 
1.0663e+05 4.3246 3.6286 0.89197 0.88620 1.3676 4.8647e+02 0 3.1405e-05 3.6286 6.438346e-01 3.509460e-01 3.841868e-03 999.0000 
 4.6000 15 # agb_4.60_Z0.00400000_Mdot2_eta0.40_Mc0.00_dMc0.00_Tbd6.40_L0.00_dL0.00_C0.00_Nr3.00_rates0_KOPv_KMOLv.dat 
0.0000e+00 4.2865 3.5636 4.60000 0.89434 0.3636 1.2609e+02 1 1.7498e-05 3.5636 6.470000e-01 3.490580e-01 2.703449e-03 -0.1078 
3.8532e+03 4.3201 3.5586 4.51425 0.89506 0.3636 1.4045e+02 1 2.6303e-05 3.5586 6.470000e-01 3.490580e-01 2.703449e-03 -0.1154 
8.2070e+03 4.3281 3.5559 4.40160 0.89561 0.3698 1.4718e+02 1 3.1117e-05 3.5559 6.469377e-01 3.491130e-01 2.710926e-03 -0.1203 
1.3267e+04 4.3357 3.5525 4.24524 0.89617 0.3803 1.5586e+02 1 3.8019e-05 3.5525 6.468351e-01 3.492020e-01 2.723401e-03 -0.1250 
1.9164e+04 4.3441 3.5477 4.01435 0.89677 0.3950 1.6873e+02 1 5.0234e-05 3.5477 6.466770e-01 3.493420e-01 2.740753e-03 -0.1342 
2.5980e+04 4.3520 3.5395 3.64036 0.89738 0.4138 1.9103e+02 1 7.6208e-05 3.5395 6.464399e-01 3.495570e-01 2.762499e-03 -0.1514 
3.3683e+04 4.3574 3.5293 3.19927 0.89797 0.4398 2.2210e+02 1 5.1404e-05 3.5293 6.460823e-01 3.498830e-01 2.792015e-03 -0.1888 
4.2290e+04 4.3622 3.5197 2.84094 0.89856 0.4846 4.9338e+02 0 3.3266e-05 3.5197 6.455543e-01 3.503590e-01 2.842127e-03 -0.1846 
5.1338e+04 4.3679 3.5102 2.51603 0.89908 0.5578 6.0707e+02 0 3.1769e-05 3.5102 6.448380e-01 3.509900e-01 2.923593e-03 -0.1704 
6.0612e+04 4.3731 3.5018 2.21841 0.89965 0.6674 7.4173e+02 0 3.2137e-05 3.5018 6.439423e-01 3.517580e-01 3.045533e-03 -0.1677 
6.9800e+04 4.3783 3.4943 1.93248 0.90037 0.8160 9.0823e+02 0 3.2509e-05 3.4943 6.429044e-01 3.526240e-01 3.211252e-03 -0.1590 
7.8585e+04 4.3838 3.4986 1.65592 0.90134 0.9982 1.0167e+03 0 3.2961e-05 3.4986 6.417831e-01 3.535330e-01 3.415640e-03 -0.0997 
8.6908e+04 4.3858 3.4766 1.39254 0.90266 1.2006 1.4530e+03 0 3.3113e-05 3.4766 6.406553e-01 3.544240e-01 3.644326e-03 -0.0681 
9.4715e+04 4.3882 3.4887 1.14390 0.90438 1.3992 1.5643e+03 0 3.3266e-05 3.4887 6.396280e-01 3.552160e-01 3.870632e-03 0.0715 
1.0194e+05 4.3916 3.6330 0.91221 0.90643 1.5513 5.3224e+02 0 3.3497e-05 3.6330 6.388844e-01 3.557780e-01 4.045388e-03 999.0000 
 4.8000 18 # agb_4.80_Z0.00400000_Mdot2_eta0.40_Mc0.00_dMc0.00_Tbd6.40_L0.00_dL0.00_C0.00_Nr3.00_rates0_KOPv_KMOLv.dat 
0.0000e+00 4.3184 3.5635 4.80000 0.91672 0.3663 1.3090e+02 1 2.0941e-05 3.5635 6.424000e-01 3.535540e-01 2.702179e-03 -0.1061 
3.0261e+03 4.3489 3.5591 4.72173 0.91734 0.3663 1.4419e+02 1 3.0200e-05 3.5591 6.424000e-01 3.535540e-01 2.702179e-03 -0.1139 
6.4214e+03 4.3560 3.5568 4.62142 0.91778 0.3717 1.5018e+02 1 3.4914e-05 3.5568 6.423502e-01 3.535970e-01 2.708635e-03 -0.1200 
1.0318e+04 4.3642 3.5538 4.48583 0.91824 0.3807 1.5814e+02 1 4.1976e-05 3.5538 6.422705e-01 3.536660e-01 2.719242e-03 -0.1209 
1.4822e+04 4.3719 3.5499 4.29444 0.91871 0.3932 1.6875e+02 1 5.2723e-05 3.5499 6.421508e-01 3.537710e-01 2.733761e-03 -0.1289 
2.0003e+04 4.3784 3.5443 4.01029 0.91919 0.4085 1.8429e+02 1 7.1285e-05 3.5443 6.419770e-01 3.539260e-01 2.751437e-03 -0.1416 
2.5887e+04 4.3835 3.5356 3.59894 0.91967 0.4270 2.0950e+02 1 7.2277e-05 3.5356 6.417273e-01 3.541540e-01 2.772298e-03 -0.1658 
3.2475e+04 4.3894 3.5271 3.24260 0.92014 0.4559 2.3774e+02 1 4.5814e-05 3.5271 6.413655e-01 3.544820e-01 2.804576e-03 -0.1859 
3.9550e+04 4.3930 3.5195 2.94660 0.92054 0.5021 5.1245e+02 0 3.3651e-05 3.5195 6.408668e-01 3.549270e-01 2.855811e-03 -0.1779 
4.7004e+04 4.3966 3.5120 2.67256 0.92091 0.5712 6.0319e+02 0 3.3963e-05 3.5120 6.402308e-01 3.554830e-01 2.932257e-03 -0.1690 
5.4608e+04 4.4010 3.5047 2.41295 0.92131 0.6680 7.1306e+02 0 3.4277e-05 3.5047 6.394664e-01 3.561360e-01 3.039323e-03 -0.1680 
6.2160e+04 4.4051 3.4990 2.16163 0.92178 0.7948 8.3544e+02 0 3.4594e-05 3.4990 6.385910e-01 3.568660e-01 3.179974e-03 -0.1594 
6.9522e+04 4.4091 3.4975 1.91447 0.92240 0.9502 9.5383e+02 0 3.4914e-05 3.4975 6.376337e-01 3.576430e-01 3.353172e-03 -0.1293 
7.6595e+04 4.4139 3.4786 1.67463 0.92326 1.1282 1.2870e+03 0 3.5318e-05 3.4786 6.366323e-01 3.584380e-01 3.552955e-03 -0.1159 
8.3294e+04 4.4154 3.4716 1.44652 0.92438 1.3192 1.5678e+03 0 3.5400e-05 3.4716 6.356326e-01 3.592130e-01 3.768978e-03 -0.0504 
8.9585e+04 4.4175 3.4800 1.23130 0.92579 1.5082 1.6904e+03 0 3.5563e-05 3.4800 6.346959e-01 3.599260e-01 3.984588e-03 0.0663 
9.5597e+04 4.4197 3.5237 1.02442 0.92751 1.6766 1.3565e+03 0 3.5810e-05 3.5237 6.338957e-01 3.605250e-01 4.178308e-03 0.2825 
9.8334e+04 4.4217 3.6344 0.93417 0.92825 1.7375 5.5043e+02 0 3.5975e-05 3.6344 6.336165e-01 3.607310e-01 4.248766e-03 999.0000 
 5.0000 21 # agb_5.00_Z0.00400000_Mdot2_eta0.40_Mc0.00_dMc0.00_Tbd6.40_L0.00_dL0.00_C0.00_Nr3.00_rates0_KOPv_KMOLv.dat 
0.0000e+00 4.3730 3.5609 5.00000 0.94395 0.3682 1.4443e+02 1 3.1623e-05 3.5609 6.391000e-01 3.569510e-01 2.701051e-03 -0.1085 
2.2668e+03 4.4050 3.5561 4.91044 0.94448 0.3682 1.6003e+02 1 4.6559e-05 3.5561 6.391000e-01 3.569510e-01 2.701079e-03 -0.1173 
4.8144e+03 4.4155 3.5532 4.79029 0.94486 0.3727 1.6872e+02 1 5.6364e-05 3.5532 6.390594e-01 3.569850e-01 2.707081e-03 -0.1198 
7.6995e+03 4.4256 3.5496 4.62468 0.94524 0.3790 1.7971e+02 1 7.0632e-05 3.5496 6.389945e-01 3.570400e-01 2.717202e-03 -0.1290 
1.1026e+04 4.4335 3.5448 4.38514 0.94562 0.3846 1.9410e+02 1 9.1833e-05 3.5448 6.388972e-01 3.571220e-01 2.731600e-03 -0.1376 
1.4883e+04 4.4420 3.5382 4.06963 0.94602 0.3833 2.1482e+02 1 8.3560e-05 3.5382 6.387548e-01 3.572450e-01 2.750636e-03 -0.1609 
1.9210e+04 4.4454 3.5323 3.78435 0.94640 0.3774 2.3429e+02 1 6.0117e-05 3.5323 6.385496e-01 3.574270e-01 2.773088e-03 -0.1689 
2.4051e+04 4.4470 3.5269 3.52377 0.94676 0.3760 2.5359e+02 1 4.6452e-05 3.5269 6.382667e-01 3.576790e-01 2.802374e-03 -0.1628 
2.9363e+04 4.4451 3.5219 3.28134 0.94710 0.3930 2.7175e+02 1 3.7931e-05 3.5219 6.378957e-01 3.580090e-01 2.841382e-03 -0.1624 
3.4895e+04 4.4449 3.5164 3.04786 0.94735 0.4330 5.7408e+02 0 3.7931e-05 3.5164 6.374322e-01 3.584180e-01 2.893991e-03 -0.1588 
4.0696e+04 4.4451 3.5109 2.82225 0.94760 0.4958 6.4658e+02 0 3.7931e-05 3.5109 6.368739e-01 3.589020e-01 2.964875e-03 -0.1677 
4.6622e+04 4.4453 3.5055 2.60115 0.94785 0.5808 7.3055e+02 0 3.7931e-05 3.5055 6.362255e-01 3.594530e-01 3.057972e-03 -0.1680 
5.2555e+04 4.4457 3.5003 2.38374 0.94814 0.6879 8.2797e+02 0 3.8019e-05 3.5003 6.354974e-01 3.600590e-01 3.175435e-03 -0.1380 
5.8393e+04 4.4455 3.4967 2.16972 0.94850 0.8166 9.3043e+02 0 3.7931e-05 3.4967 6.347041e-01 3.607050e-01 3.317201e-03 -0.1483 
6.4076e+04 4.4469 3.4976 1.96072 0.94900 0.9643 1.0146e+03 0 3.8107e-05 3.4976 6.338652e-01 3.613750e-01 3.480916e-03 -0.1125 
6.9528e+04 4.4503 3.4779 1.75883 0.94966 1.1269 1.3436e+03 0 3.8371e-05 3.4779 6.330004e-01 3.620510e-01 3.662490e-03 -0.0973 
7.4767e+04 4.4514 3.4703 1.56423 0.95053 1.2993 1.6020e+03 0 3.8459e-05 3.4703 6.321316e-01 3.627180e-01 3.856431e-03 -0.0443 
7.9740e+04 4.4528 3.4720 1.37886 0.95160 1.4736 1.7728e+03 0 3.8637e-05 3.4720 6.312889e-01 3.633550e-01 4.054141e-03 0.0438 
8.4466e+04 4.4545 3.4865 1.20203 0.95286 1.6428 1.7693e+03 0 3.8726e-05 3.4865 6.304973e-01 3.639450e-01 4.247675e-03 0.1602 
8.9036e+04 4.4562 3.5365 1.03025 0.95434 1.7966 1.3056e+03 0 3.8905e-05 3.5365 6.297961e-01 3.644620e-01 4.424970e-03 0.4213 
9.0990e+04 4.4574 3.6419 0.95997 0.95489 1.8763 5.4403e+02 0 3.8994e-05 3.6419 6.294406e-01 3.647210e-01 4.517462e-03 999.0000 
 5.2000 25 # agb_5.20_Z0.00400000_Mdot2_eta0.40_Mc0.00_dMc0.00_Tbd6.40_L0.00_dL0.00_C0.00_Nr3.00_rates0_KOPv_KMOLv.dat 
0.0000e+00 4.4147 3.5595 5.20000 0.97142 0.3690 1.5431e+02 1 4.2170e-05 3.5595 6.358000e-01 3.601480e-01 2.701457e-03 -0.1081 
1.7023e+03 4.4648 3.5523 5.09186 0.97185 0.3626 1.8022e+02 1 7.5509e-05 3.5523 6.357982e-01 3.601470e-01 2.703449e-03 -0.1229 
3.5867e+03 4.4797 3.5485 4.94116 0.97215 0.3462 1.9337e+02 1 9.7499e-05 3.5485 6.357623e-01 3.601730e-01 2.713319e-03 -0.1309 
5.7178e+03 4.4883 3.5443 4.73189 0.97244 0.3150 2.0705e+02 1 1.2331e-04 3.5443 6.357052e-01 3.602140e-01 2.728963e-03 -0.1340 
8.1687e+03 4.4933 3.5402 4.50832 0.97274 0.2687 2.2070e+02 1 9.2897e-05 3.5402 6.356211e-01 3.602770e-01 2.749915e-03 -0.1464 
1.0968e+04 4.4970 3.5361 4.29327 0.97303 0.2105 2.3484e+02 1 7.3282e-05 3.5361 6.355029e-01 3.603700e-01 2.774786e-03 -0.1491 
1.4124e+04 4.4995 3.5330 4.08593 0.97332 0.1500 2.4750e+02 1 6.1094e-05 3.5330 6.353438e-01 3.605020e-01 2.801216e-03 -0.1507 
1.7594e+04 4.5011 3.5291 3.88534 0.97359 0.1014 2.6207e+02 1 5.1168e-05 3.5291 6.351372e-01 3.606810e-01 2.828291e-03 -0.1469 
2.1381e+04 4.5001 3.5253 3.69122 0.97384 0.0753 2.7605e+02 1 4.3752e-05 3.5253 6.348773e-01 3.609090e-01 2.858527e-03 -0.1479 
2.5432e+04 4.4988 3.5214 3.49518 0.97406 0.0678 2.9147e+02 1 4.2954e-05 3.5214 6.345595e-01 3.611890e-01 2.895135e-03 -0.1566 
2.9706e+04 4.4943 3.5179 3.29965 0.97425 0.0762 5.8851e+02 0 4.2462e-05 3.5179 6.341817e-01 3.615180e-01 2.941263e-03 -0.1580 
3.4166e+04 4.4927 3.5140 3.10686 0.97442 0.0980 6.4144e+02 0 4.2364e-05 3.5140 6.337433e-01 3.618960e-01 2.999862e-03 -0.1416 
3.8697e+04 4.4874 3.5102 2.91913 0.97457 0.1461 6.9357e+02 0 4.1783e-05 3.5102 6.332474e-01 3.623170e-01 3.071308e-03 -0.1550 
4.3269e+04 4.4838 3.5061 2.73471 0.97472 0.2213 7.5701e+02 0 4.1495e-05 3.5061 6.326984e-01 3.627780e-01 3.156475e-03 -0.1727 
4.7890e+04 4.4799 3.5021 2.55055 0.97490 0.3161 8.2769e+02 0 4.1115e-05 3.5021 6.320982e-01 3.632730e-01 3.257709e-03 -0.1743 
5.2417e+04 4.4780 3.4971 2.37081 0.97511 0.4261 9.2030e+02 0 4.0926e-05 3.4971 6.314553e-01 3.637940e-01 3.375404e-03 -0.1626 
5.6905e+04 4.4769 3.4936 2.19284 0.97542 0.5500 1.0165e+03 0 4.0832e-05 3.4936 6.307781e-01 3.643330e-01 3.508616e-03 -0.1437 
6.1273e+04 4.4773 3.4911 2.01947 0.97582 0.6857 1.1204e+03 0 4.0832e-05 3.4911 6.300758e-01 3.648820e-01 3.655630e-03 -0.1250 
6.5494e+04 4.4787 3.4896 1.85140 0.97633 0.8311 1.2322e+03 0 4.1020e-05 3.4896 6.293578e-01 3.654360e-01 3.814109e-03 -0.0933 
6.9559e+04 4.4796 3.4962 1.68926 0.97698 0.9831 1.2633e+03 0 4.1020e-05 3.4962 6.286346e-01 3.659860e-01 3.981079e-03 -0.0488 
7.3454e+04 4.4806 3.4792 1.53353 0.97775 1.1381 1.6087e+03 0 4.1115e-05 3.4792 6.279190e-01 3.665230e-01 4.152740e-03 -0.0457 
7.7192e+04 4.4817 3.4788 1.38368 0.97867 1.2932 1.7743e+03 0 4.1305e-05 3.4788 6.272206e-01 3.670410e-01 4.325736e-03 0.0766 
8.0815e+04 4.4829 3.4895 1.23797 0.97972 1.4455 1.7881e+03 0 4.1400e-05 3.4895 6.265473e-01 3.675350e-01 4.497041e-03 0.1454 
8.4316e+04 4.4843 3.5209 1.09675 0.98090 1.5922 1.5109e+03 0 4.1495e-05 3.5209 6.259088e-01 3.680000e-01 4.663272e-03 0.4114 
8.7045e+04 4.4876 3.6434 0.98709 0.98189 1.7249 5.5994e+02 0 4.1879e-05 3.6434 6.253383e-01 3.684120e-01 4.814774e-03 999.0000 
 5.4000 31 # agb_5.40_Z0.00400000_Mdot2_eta0.40_Mc0.00_dMc0.00_Tbd6.40_L0.00_dL0.00_C0.00_Nr3.00_rates0_KOPv_KMOLv.dat 
0.0000e+00 4.4309 3.5607 5.40000 0.99507 0.3699 1.5456e+02 1 4.3652e-05 3.5607 6.327000e-01 3.633450e-01 2.701284e-03 -0.1094 
1.3222e+03 4.4820 3.5538 5.31063 0.99542 0.3633 1.8006e+02 1 7.7804e-05 3.5538 6.326980e-01 3.633450e-01 2.703288e-03 -0.1261 
2.7681e+03 4.4962 3.5505 5.19088 0.99566 0.3483 1.9150e+02 1 9.7275e-05 3.5505 6.326700e-01 3.633640e-01 2.711927e-03 -0.1280 
4.3805e+03 4.5048 3.5473 5.03222 0.99588 0.3217 2.0232e+02 1 1.1803e-04 3.5473 6.326270e-01 3.633940e-01 2.725306e-03 -0.1344 
6.2129e+03 4.5171 3.5431 4.84035 0.99610 0.2764 2.1777e+02 1 1.0965e-04 3.5431 6.325647e-01 3.634370e-01 2.744106e-03 -0.1435 
8.2768e+03 4.5219 3.5397 4.65406 0.99632 0.2191 2.2978e+02 1 8.8308e-05 3.5397 6.324797e-01 3.634990e-01 2.766418e-03 -0.1440 
1.0590e+04 4.5241 3.5374 4.47198 0.99653 0.1587 2.3935e+02 1 7.5683e-05 3.5374 6.323688e-01 3.635860e-01 2.790054e-03 -0.1489 
1.3121e+04 4.5273 3.5340 4.29505 0.99672 0.1059 2.5199e+02 1 6.3973e-05 3.5340 6.322286e-01 3.637030e-01 2.812982e-03 -0.1466 
1.5911e+04 4.5285 3.5307 4.12155 0.99692 0.0710 2.6422e+02 1 5.5208e-05 3.5307 6.320550e-01 3.638530e-01 2.835190e-03 -0.1499 
1.8890e+04 4.5290 3.5275 3.95514 0.99709 0.0559 2.7646e+02 1 4.8306e-05 3.5275 6.318449e-01 3.640380e-01 2.858823e-03 -0.1537 
2.2084e+04 4.5301 3.5242 3.78893 0.99725 0.0518 2.9023e+02 1 4.6132e-05 3.5242 6.315947e-01 3.642600e-01 2.886601e-03 -0.1564 
2.5402e+04 4.5315 3.5206 3.62199 0.99737 0.0535 3.0551e+02 1 4.6238e-05 3.5206 6.313030e-01 3.645150e-01 2.920851e-03 -0.1541 
2.8893e+04 4.5288 3.5179 3.45538 0.99750 0.0590 6.1003e+02 0 4.6026e-05 3.5179 6.309697e-01 3.648040e-01 2.963437e-03 -0.1400 
3.2442e+04 4.5277 3.5146 3.29164 0.99759 0.0685 6.5480e+02 0 4.5920e-05 3.5146 6.305961e-01 3.651230e-01 3.015809e-03 -0.1499 
3.6068e+04 4.5241 3.5114 3.12899 0.99767 0.0860 6.9949e+02 0 4.5499e-05 3.5114 6.301836e-01 3.654700e-01 3.078958e-03 -0.1571 
3.9773e+04 4.5197 3.5082 2.96634 0.99777 0.1177 7.4792e+02 0 4.5082e-05 3.5082 6.297350e-01 3.658420e-01 3.153114e-03 -0.1669 
4.3468e+04 4.5129 3.5054 2.80712 0.99787 0.1777 7.9392e+02 0 4.4361e-05 3.5054 6.292541e-01 3.662360e-01 3.236860e-03 -0.1698 
4.7150e+04 4.5076 3.5024 2.65003 0.99798 0.2636 8.4831e+02 0 4.3752e-05 3.5024 6.287427e-01 3.666500e-01 3.330175e-03 -0.1663 
5.0836e+04 4.5037 3.4994 2.49391 0.99814 0.3639 9.1213e+02 0 4.3451e-05 3.4994 6.282009e-01 3.670830e-01 3.434981e-03 -0.1605 
5.4433e+04 4.5010 3.4955 2.34241 0.99832 0.4746 9.9349e+02 0 4.3152e-05 3.4955 6.276339e-01 3.675300e-01 3.551000e-03 -0.1509 
5.7991e+04 4.5000 3.4930 2.19280 0.99859 0.5941 1.0762e+03 0 4.3053e-05 3.4930 6.270480e-01 3.679850e-01 3.677020e-03 -0.1348 
6.1460e+04 4.5001 3.4914 2.04690 0.99893 0.7212 1.1616e+03 0 4.3053e-05 3.4914 6.264470e-01 3.684450e-01 3.812019e-03 -0.1194 
6.4824e+04 4.5023 3.4903 1.90479 0.99935 0.8547 1.2579e+03 0 4.3251e-05 3.4903 6.258355e-01 3.689080e-01 3.954644e-03 -0.0937 
6.8084e+04 4.5029 3.4972 1.76688 0.99987 0.9931 1.2669e+03 0 4.3351e-05 3.4972 6.252173e-01 3.693710e-01 4.103619e-03 -0.0505 
7.1234e+04 4.5036 3.4783 1.63341 1.00047 1.1341 1.6123e+03 0 4.3451e-05 3.4783 6.246004e-01 3.698290e-01 4.256541e-03 -0.0340 
7.4278e+04 4.5044 3.4752 1.50420 1.00118 1.2761 1.7888e+03 0 4.3451e-05 3.4752 6.239895e-01 3.702780e-01 4.411659e-03 0.0501 
7.7224e+04 4.5054 3.4781 1.37889 1.00198 1.4178 1.8880e+03 0 4.3551e-05 3.4781 6.233878e-01 3.707160e-01 4.567653e-03 0.1277 
8.0084e+04 4.5064 3.4927 1.25696 1.00287 1.5585 1.8061e+03 0 4.3652e-05 3.4927 6.227965e-01 3.711430e-01 4.723718e-03 0.2573 
8.2884e+04 4.5074 3.5157 1.13721 1.00387 1.6982 1.6120e+03 0 4.3752e-05 3.5157 6.222140e-01 3.715620e-01 4.879842e-03 0.4742 
8.5606e+04 4.5086 3.6052 1.02051 1.00494 1.8389 8.0144e+02 0 4.3954e-05 3.6052 6.216309e-01 3.719780e-01 5.038232e-03 0.9290 
8.5878e+04 4.4361 3.6385 1.01035 1.00493 2.0380 5.1085e+02 0 3.7154e-05 3.6385 6.208081e-01 3.725620e-01 5.264329e-03 999.0000 
