# age(yr) logL logTe m_act mcore c/o period ip Mdot(Msun/yr) logTe X Y CNO dlogTe/dlogL 
 0.8500 3 # agb_0.85_Z0.00400000_Mdot51_eta1.00_Mc0.00_dMc0.00_Tbd6.40_L0.00_dL0.00_C0.00_Nr3.00_rates0_KOPv_KMOLv.dat 
0.0000e+00 3.3306 3.5500 0.85000 0.52482 0.4823 1.1141e+02 0 7.3282e-07 3.5500 7.305000e-01 2.655730e-01 2.643305e-03 -0.1061 
1.6974e+05 3.4395 3.5387 0.59718 0.52786 0.4823 2.1586e+02 0 3.4356e-06 3.5387 7.305000e-01 2.655730e-01 2.643305e-03 -0.1150 
2.4253e+05 3.3397 3.5993 0.53431 0.52840 0.4823 1.1111e+02 0 3.5563e-06 3.5993 7.305000e-01 2.655730e-01 2.643305e-03 999.0000 
 0.9000 3 # agb_0.90_Z0.00400000_Mdot51_eta1.00_Mc0.00_dMc0.00_Tbd6.40_L0.00_dL0.00_C0.00_Nr3.00_rates0_KOPv_KMOLv.dat 
0.0000e+00 3.3105 3.5553 0.90000 0.52679 0.4689 5.1591e+01 1 5.8345e-07 3.5553 7.262000e-01 2.698580e-01 2.668551e-03 -0.1040 
1.6621e+05 3.4389 3.5311 0.70477 0.52979 0.4689 1.9869e+02 0 2.2233e-06 3.5311 7.262000e-01 2.698580e-01 2.668551e-03 -0.1127 
2.7679e+05 3.4876 3.5942 0.53700 0.53145 0.4689 1.6115e+02 0 9.1201e-06 3.5942 7.262000e-01 2.698580e-01 2.668551e-03 999.0000 
 0.9500 3 # agb_0.95_Z0.00400000_Mdot51_eta1.00_Mc0.00_dMc0.00_Tbd6.40_L0.00_dL0.00_C0.00_Nr3.00_rates0_KOPv_KMOLv.dat 
0.0000e+00 3.3063 3.5586 0.95000 0.52681 0.4595 4.8615e+01 1 5.1523e-07 3.5586 7.211000e-01 2.749490e-01 2.699367e-03 -0.1025 
1.6584e+05 3.4424 3.5334 0.78359 0.52985 0.4595 1.7847e+02 0 1.7539e-06 3.5334 7.211000e-01 2.749490e-01 2.699367e-03 -0.1106 
3.0099e+05 3.5208 3.5953 0.53761 0.53241 0.4595 1.7157e+02 0 1.1482e-05 3.5953 7.211000e-01 2.749490e-01 2.699367e-03 999.0000 
 1.0000 3 # agb_1.00_Z0.00400000_Mdot51_eta1.00_Mc0.00_dMc0.00_Tbd6.40_L0.00_dL0.00_C0.00_Nr3.00_rates0_KOPv_KMOLv.dat 
0.0000e+00 3.5116 3.5368 1.00000 0.53387 0.4450 1.6221e+02 0 1.5776e-06 3.5368 7.195000e-01 2.765340e-01 2.705701e-03 -0.1134 
1.5500e+05 3.5354 3.5203 0.69823 0.53749 0.4450 2.7386e+02 0 4.4978e-06 3.5203 7.195000e-01 2.765340e-01 2.705701e-03 -0.1157 
2.4216e+05 3.5175 3.5921 0.54488 0.53883 0.4450 1.7310e+02 0 1.0691e-05 3.5921 7.195000e-01 2.765340e-01 2.705701e-03 999.0000 
 1.0500 3 # agb_1.05_Z0.00400000_Mdot51_eta1.00_Mc0.00_dMc0.00_Tbd6.40_L0.00_dL0.00_C0.00_Nr3.00_rates0_KOPv_KMOLv.dat 
0.0000e+00 3.3005 3.5648 1.05000 0.53049 0.4368 4.3673e+01 1 4.1879e-07 3.5648 7.189000e-01 2.770450e-01 2.708694e-03 -0.0999 
1.5906e+05 3.4527 3.5395 0.91626 0.53348 0.4368 1.5018e+02 0 1.3646e-06 3.5395 7.189000e-01 2.770450e-01 2.708694e-03 -0.1083 
3.2861e+05 3.5462 3.5921 0.54351 0.53763 0.4368 1.8507e+02 0 1.3521e-05 3.5921 7.189000e-01 2.770450e-01 2.708694e-03 999.0000 
 1.1000 3 # agb_1.10_Z0.00400000_Mdot51_eta1.00_Mc0.00_dMc0.00_Tbd6.40_L0.00_dL0.00_C0.00_Nr3.00_rates0_KOPv_KMOLv.dat 
0.0000e+00 3.4582 3.5497 1.10000 0.53545 0.4207 6.3586e+01 1 9.3325e-07 3.5497 7.168000e-01 2.791500e-01 2.717483e-03 -0.1069 
1.5206e+05 3.5209 3.5308 0.91179 0.53890 0.4207 1.8984e+02 0 2.1380e-06 3.5308 7.168000e-01 2.791500e-01 2.717483e-03 -0.1107 
2.8849e+05 3.5985 3.5943 0.54780 0.54240 0.4207 2.0256e+02 0 1.9364e-05 3.5943 7.168000e-01 2.791500e-01 2.717483e-03 999.0000 
 1.1500 3 # agb_1.15_Z0.00400000_Mdot51_eta1.00_Mc0.00_dMc0.00_Tbd6.40_L0.00_dL0.00_C0.00_Nr3.00_rates0_KOPv_KMOLv.dat 
0.0000e+00 3.3825 3.5611 1.15000 0.53507 0.4099 4.9773e+01 1 5.6105e-07 3.5611 7.162000e-01 2.796770e-01 2.719880e-03 -0.1013 
1.5149e+05 3.4946 3.5402 1.01240 0.53825 0.4099 1.4978e+02 0 1.4689e-06 3.5402 7.162000e-01 2.796770e-01 2.719880e-03 -0.1074 
3.2800e+05 3.5844 3.5916 0.54935 0.54332 0.4099 2.0053e+02 0 1.7579e-05 3.5916 7.162000e-01 2.796770e-01 2.719880e-03 999.0000 
 1.2000 3 # agb_1.20_Z0.00400000_Mdot51_eta1.00_Mc0.00_dMc0.00_Tbd6.40_L0.00_dL0.00_C0.00_Nr3.00_rates0_KOPv_KMOLv.dat 
0.0000e+00 3.4177 3.5597 1.20000 0.53718 0.4009 5.2467e+01 1 6.3096e-07 3.5597 7.162000e-01 2.798100e-01 2.721829e-03 -0.1021 
1.4847e+05 3.5181 3.5405 1.06669 0.54050 0.4009 1.5020e+02 0 1.4256e-06 3.5405 7.162000e-01 2.798100e-01 2.721829e-03 -0.1062 
3.3590e+05 3.5873 3.5934 0.55213 0.54645 0.4009 1.9763e+02 0 1.6943e-05 3.5934 7.162000e-01 2.798100e-01 2.721829e-03 999.0000 
 1.2500 4 # agb_1.25_Z0.00400000_Mdot51_eta1.00_Mc0.00_dMc0.00_Tbd6.40_L0.00_dL0.00_C0.00_Nr3.00_rates0_KOPv_KMOLv.dat 
0.0000e+00 3.4378 3.5598 1.25000 0.53791 0.3934 5.3270e+01 1 6.5615e-07 3.5598 7.168000e-01 2.791560e-01 2.723171e-03 -0.1016 
1.4690e+05 3.5251 3.5428 1.12304 0.54123 0.3934 7.4791e+01 1 1.3677e-06 3.5428 7.168000e-01 2.791560e-01 2.723171e-03 -0.1048 
3.3586e+05 3.5846 3.5167 0.69833 0.54735 0.3934 3.1565e+02 0 6.6681e-06 3.5167 7.168000e-01 2.791560e-01 2.723171e-03 -0.1174 
4.1056e+05 3.4829 3.5953 0.55420 0.54842 0.3934 1.5346e+02 0 8.5901e-06 3.5953 7.168000e-01 2.791560e-01 2.723171e-03 999.0000 
 1.3000 4 # agb_1.30_Z0.00400000_Mdot51_eta1.00_Mc0.00_dMc0.00_Tbd6.40_L0.00_dL0.00_C0.00_Nr3.00_rates0_KOPv_KMOLv.dat 
0.0000e+00 3.3536 3.5711 1.30000 0.53807 0.3884 4.1210e+01 1 3.9446e-07 3.5711 7.178000e-01 2.781180e-01 2.723987e-03 -0.0969 
1.4613e+05 3.5016 3.5497 1.19864 0.54118 0.3884 6.5873e+01 1 1.0593e-06 3.5497 7.178000e-01 2.781180e-01 2.723987e-03 -0.1027 
3.3288e+05 3.5604 3.5278 0.94599 0.54683 0.3884 2.0596e+02 0 2.5942e-06 3.5278 7.178000e-01 2.781180e-01 2.723987e-03 -0.1106 
4.6783e+05 3.6229 3.5924 0.55667 0.55077 0.3884 2.1437e+02 0 2.1878e-05 3.5924 7.178000e-01 2.781180e-01 2.723987e-03 999.0000 
 1.3500 4 # agb_1.35_Z0.00400000_Mdot51_eta1.00_Mc0.00_dMc0.00_Tbd6.40_L0.00_dL0.00_C0.00_Nr3.00_rates0_KOPv_KMOLv.dat 
0.0000e+00 3.3138 3.5773 1.35000 0.54084 0.3825 3.5909e+01 1 3.0549e-07 3.5773 7.188000e-01 2.771880e-01 2.725254e-03 -0.0945 
1.4284e+05 3.4942 3.5539 1.26177 0.54388 0.3825 6.1402e+01 1 8.9125e-07 3.5539 7.188000e-01 2.771880e-01 2.725254e-03 -0.1016 
3.2262e+05 3.5631 3.5344 1.05946 0.54935 0.3825 1.7643e+02 0 1.9454e-06 3.5344 7.188000e-01 2.771880e-01 2.725254e-03 -0.1087 
4.8409e+05 3.6426 3.5919 0.56103 0.55498 0.3825 2.2340e+02 0 2.3714e-05 3.5919 7.188000e-01 2.771880e-01 2.725254e-03 999.0000 
 1.4000 4 # agb_1.40_Z0.00400000_Mdot51_eta1.00_Mc0.00_dMc0.00_Tbd6.40_L0.00_dL0.00_C0.00_Nr3.00_rates0_KOPv_KMOLv.dat 
0.0000e+00 3.4918 3.5607 1.40000 0.54296 0.3733 5.5146e+01 1 7.2778e-07 3.5607 7.190000e-01 2.769520e-01 2.727854e-03 -0.1011 
1.3927e+05 3.5574 3.5475 1.28522 0.54639 0.3733 7.1588e+01 1 1.2618e-06 3.5475 7.190000e-01 2.769520e-01 2.727854e-03 -0.1026 
3.1942e+05 3.6120 3.5241 0.99734 0.55267 0.3733 2.2784e+02 0 3.1769e-06 3.5241 7.190000e-01 2.769520e-01 2.727854e-03 -0.1129 
4.4999e+05 3.6619 3.5930 0.56292 0.55700 0.3733 2.3041e+02 0 2.7353e-05 3.5930 7.190000e-01 2.769520e-01 2.727854e-03 999.0000 
 1.4500 4 # agb_1.45_Z0.00400000_Mdot51_eta1.00_Mc0.00_dMc0.00_Tbd6.40_L0.00_dL0.00_C0.00_Nr3.00_rates0_KOPv_KMOLv.dat 
0.0000e+00 3.3397 3.5787 1.45000 0.54205 0.3663 3.5952e+01 1 3.1550e-07 3.5787 7.191000e-01 2.768240e-01 2.729355e-03 -0.0940 
1.3987e+05 3.5091 3.5572 1.36787 0.54509 0.3663 5.9092e+01 1 8.6298e-07 3.5572 7.191000e-01 2.768240e-01 2.729355e-03 -0.0996 
3.1733e+05 3.5738 3.5407 1.19238 0.55058 0.3663 8.0540e+01 1 1.6482e-06 3.5407 7.191000e-01 2.768240e-01 2.729355e-03 -0.1055 
5.1338e+05 3.6506 3.5954 0.56388 0.55842 0.3663 2.1956e+02 0 2.5942e-05 3.5954 7.191000e-01 2.768240e-01 2.729355e-03 999.0000 
 1.5000 4 # agb_1.50_Z0.00400000_Mdot51_eta1.00_Mc0.00_dMc0.00_Tbd6.40_L0.00_dL0.00_C0.00_Nr3.00_rates0_KOPv_KMOLv.dat 
0.0000e+00 3.5022 3.5638 1.50000 0.54307 0.3580 5.3066e+01 1 6.8865e-07 3.5638 7.187000e-01 2.772980e-01 2.730431e-03 -0.0994 
1.3961e+05 3.5610 3.5524 1.39688 0.54657 0.3580 6.6607e+01 1 1.0789e-06 3.5524 7.187000e-01 2.772980e-01 2.730431e-03 -0.1005 
3.1839e+05 3.6180 3.5339 1.17480 0.55289 0.3580 1.8267e+02 0 2.1827e-06 3.5339 7.187000e-01 2.772980e-01 2.730431e-03 -0.1075 
4.9490e+05 3.6832 3.5968 0.56530 0.56020 0.3580 2.3251e+02 0 3.1550e-05 3.5968 7.187000e-01 2.772980e-01 2.730431e-03 999.0000 
 1.5500 5 # agb_1.55_Z0.00400000_Mdot51_eta1.00_Mc0.00_dMc0.00_Tbd6.40_L0.00_dL0.00_C0.00_Nr3.00_rates0_KOPv_KMOLv.dat 
0.0000e+00 3.4411 3.5721 1.55000 0.53552 0.3600 4.3901e+01 1 4.7753e-07 3.5721 7.167000e-01 2.792750e-01 2.728320e-03 -0.0954 
1.4952e+05 3.5205 3.5603 1.46848 0.53886 0.3600 5.6887e+01 1 7.9616e-07 3.5603 7.167000e-01 2.792750e-01 2.728320e-03 -0.0974 
3.4029e+05 3.5818 3.5454 1.30444 0.54491 0.3600 7.5383e+01 1 1.4028e-06 3.5454 7.167000e-01 2.792750e-01 2.728320e-03 -0.1014 
5.6006e+05 3.6332 3.5145 0.87508 0.55385 0.3600 2.9291e+02 0 5.1761e-06 3.5145 7.167000e-01 2.792750e-01 2.728320e-03 -0.1148 
6.6433e+05 3.6264 3.5963 0.56187 0.55662 0.3600 2.0696e+02 0 2.1928e-05 3.5963 7.167000e-01 2.792750e-01 2.728320e-03 999.0000 
 1.6000 5 # agb_1.60_Z0.00400000_Mdot51_eta1.00_Mc0.00_dMc0.00_Tbd6.40_L0.00_dL0.00_C0.00_Nr3.00_rates0_KOPv_KMOLv.dat 
0.0000e+00 3.4537 3.5725 1.60000 0.52919 0.3595 4.4074e+01 1 4.8529e-07 3.5725 7.163000e-01 2.796500e-01 2.727389e-03 -0.0948 
1.5737e+05 3.5148 3.5632 1.52490 0.53252 0.3595 5.4077e+01 1 7.3282e-07 3.5632 7.163000e-01 2.796500e-01 2.727389e-03 -0.0946 
3.6060e+05 3.5691 3.5504 1.37860 0.53862 0.3595 6.9065e+01 1 1.1830e-06 3.5504 7.163000e-01 2.796500e-01 2.727389e-03 -0.0982 
5.9469e+05 3.6158 3.5272 1.06264 0.54763 0.3595 2.1119e+02 0 2.7925e-06 3.5272 7.163000e-01 2.796500e-01 2.727389e-03 -0.1074 
7.5355e+05 3.6634 3.5919 0.55933 0.55326 0.3595 2.3471e+02 0 2.7990e-05 3.5919 7.163000e-01 2.796500e-01 2.727389e-03 999.0000 
 1.6500 5 # agb_1.65_Z0.00400000_Mdot51_eta1.00_Mc0.00_dMc0.00_Tbd6.40_L0.00_dL0.00_C0.00_Nr3.00_rates0_KOPv_KMOLv.dat 
0.0000e+00 3.4469 3.5749 1.65000 0.52379 0.3588 4.2096e+01 1 4.4978e-07 3.5749 7.155000e-01 2.805240e-01 2.726346e-03 -0.0937 
1.6423e+05 3.5052 3.5665 1.58479 0.52706 0.3588 5.0841e+01 1 6.3387e-07 3.5665 7.155000e-01 2.805240e-01 2.726346e-03 -0.0924 
3.8034e+05 3.5494 3.5563 1.45868 0.53323 0.3588 6.1985e+01 1 9.2257e-07 3.5563 7.155000e-01 2.805240e-01 2.726346e-03 -0.0960 
6.2560e+05 3.5994 3.5387 1.22153 0.54219 0.3588 1.6207e+02 0 1.7498e-06 3.5387 7.155000e-01 2.805240e-01 2.726346e-03 -0.1025 
8.4847e+05 3.6602 3.5944 0.55637 0.55080 0.3983 2.2891e+02 0 2.7990e-05 3.5944 7.150015e-01 2.809630e-01 2.783154e-03 999.0000 
 1.7000 6 # agb_1.70_Z0.00400000_Mdot51_eta1.00_Mc0.00_dMc0.00_Tbd6.40_L0.00_dL0.00_C0.00_Nr3.00_rates0_KOPv_KMOLv.dat 
0.0000e+00 3.2443 3.5960 1.70000 0.52152 0.3598 2.4526e+01 1 1.6749e-07 3.5960 7.155000e-01 2.805250e-01 2.726012e-03 -0.0870 
1.6815e+05 3.4208 3.5778 1.65680 0.52426 0.3598 3.9206e+01 1 3.8905e-07 3.5778 7.155000e-01 2.805250e-01 2.726012e-03 -0.0898 
3.7833e+05 3.4887 3.5682 1.57977 0.52911 0.3598 4.8817e+01 1 5.8479e-07 3.5682 7.155000e-01 2.805250e-01 2.726012e-03 -0.0923 
6.2573e+05 3.5483 3.5556 1.43743 0.53682 0.3598 6.2639e+01 1 9.4189e-07 3.5556 7.155000e-01 2.805250e-01 2.726012e-03 -0.0961 
8.7829e+05 3.6008 3.5356 1.16743 0.54563 0.4000 1.7405e+02 0 2.0137e-06 3.5356 7.148920e-01 2.810700e-01 2.786007e-03 -0.1039 
1.0691e+06 3.6654 3.5950 0.55790 0.55241 0.4872 2.2983e+02 0 3.0549e-05 3.5950 7.141559e-01 2.816810e-01 2.908235e-03 999.0000 
 1.7500 9 # agb_1.75_Z0.00400000_Mdot51_eta1.00_Mc0.00_dMc0.00_Tbd6.40_L0.00_dL0.00_C0.00_Nr3.00_rates0_KOPv_KMOLv.dat 
0.0000e+00 3.0537 3.6134 1.75000 0.48985 0.3606 1.5011e+01 1 7.0958e-08 3.6134 7.151000e-01 2.809000e-01 2.725032e-03 -0.0836 
2.2729e+05 3.2125 3.5990 1.72771 0.49168 0.3606 2.2453e+01 1 1.4191e-07 3.5990 7.151000e-01 2.809000e-01 2.725032e-03 -0.0838 
5.0299e+05 3.2480 3.5948 1.69709 0.49467 0.3606 2.4924e+01 1 1.6904e-07 3.5948 7.151000e-01 2.809000e-01 2.725032e-03 -0.0842 
8.0695e+05 3.3217 3.5866 1.65345 0.49888 0.3606 3.0710e+01 1 2.4434e-07 3.5866 7.151000e-01 2.809000e-01 2.725032e-03 -0.0845 
1.1510e+06 3.3699 3.5797 1.58329 0.50516 0.3606 3.6065e+01 1 3.2434e-07 3.5797 7.151000e-01 2.809000e-01 2.725032e-03 -0.0859 
1.4908e+06 3.4319 3.5696 1.48190 0.51276 0.3606 4.4972e+01 1 4.8306e-07 3.5696 7.151000e-01 2.809000e-01 2.725032e-03 -0.0886 
1.8134e+06 3.4911 3.5564 1.32448 0.52059 0.4284 5.8470e+01 1 8.3176e-07 3.5564 7.144942e-01 2.814060e-01 2.822065e-03 -0.0933 
2.1173e+06 3.5449 3.5329 1.01543 0.52912 0.5931 1.7841e+02 0 2.1429e-06 3.5329 7.135130e-01 2.821540e-01 3.051073e-03 -0.1002 
2.3106e+06 3.5980 3.5932 0.53966 0.53441 0.6382 2.0701e+02 0 2.3714e-05 3.5932 7.133086e-01 2.822950e-01 3.112780e-03 999.0000 
 1.8000 8 # agb_1.80_Z0.00400000_Mdot51_eta1.00_Mc0.00_dMc0.00_Tbd6.40_L0.00_dL0.00_C0.00_Nr3.00_rates0_KOPv_KMOLv.dat 
0.0000e+00 3.2052 3.6021 1.80000 0.49671 0.3593 2.1212e+01 1 1.3274e-07 3.6021 7.142000e-01 2.816790e-01 2.725201e-03 -0.0845 
2.1799e+05 3.2938 3.5930 1.76774 0.49915 0.3593 2.6903e+01 1 2.1086e-07 3.5930 7.142000e-01 2.816790e-01 2.725201e-03 -0.0842 
4.7918e+05 3.3554 3.5857 1.71826 0.50312 0.3593 3.2223e+01 1 2.8907e-07 3.5857 7.142000e-01 2.816790e-01 2.725201e-03 -0.0848 
7.8166e+05 3.4173 3.5772 1.63965 0.50923 0.3593 3.9357e+01 1 4.1210e-07 3.5772 7.142000e-01 2.816790e-01 2.725201e-03 -0.0868 
1.0994e+06 3.4778 3.5666 1.52020 0.51721 0.3593 4.9371e+01 1 6.2230e-07 3.5666 7.142000e-01 2.816790e-01 2.725201e-03 -0.0905 
1.4092e+06 3.5283 3.5523 1.32768 0.52562 0.4214 6.4427e+01 1 1.0765e-06 3.5523 7.135396e-01 2.822480e-01 2.813919e-03 -0.0952 
1.6977e+06 3.5785 3.5225 0.91408 0.53453 0.5811 2.3198e+02 0 3.6224e-06 3.5225 7.124883e-01 2.830750e-01 3.033596e-03 -0.1039 
1.8438e+06 3.5928 3.5899 0.54410 0.53810 0.5811 2.0929e+02 0 2.2131e-05 3.5899 7.124883e-01 2.830750e-01 3.033596e-03 999.0000 
 1.8500 8 # agb_1.85_Z0.00400000_Mdot51_eta1.00_Mc0.00_dMc0.00_Tbd6.40_L0.00_dL0.00_C0.00_Nr3.00_rates0_KOPv_KMOLv.dat 
0.0000e+00 3.1922 3.6049 1.85000 0.50333 0.3586 2.0005e+01 1 1.2303e-07 3.6049 7.134000e-01 2.825590e-01 2.722820e-03 -0.0844 
1.9837e+05 3.3396 3.5905 1.81975 0.50572 0.3586 2.9350e+01 1 2.4434e-07 3.5905 7.134000e-01 2.825590e-01 2.722820e-03 -0.0842 
4.4330e+05 3.3990 3.5835 1.77030 0.50982 0.3586 3.4937e+01 1 3.3266e-07 3.5835 7.134000e-01 2.825590e-01 2.722820e-03 -0.0855 
7.3387e+05 3.4487 3.5760 1.68704 0.51642 0.3586 4.1432e+01 1 4.4875e-07 3.5760 7.134000e-01 2.825590e-01 2.722820e-03 -0.0882 
1.0325e+06 3.5101 3.5651 1.56079 0.52486 0.3586 5.2265e+01 1 6.8707e-07 3.5651 7.134000e-01 2.825590e-01 2.722820e-03 -0.0914 
1.3188e+06 3.5637 3.5500 1.35851 0.53341 0.4315 6.9078e+01 1 1.2303e-06 3.5500 7.126794e-01 2.831740e-01 2.824935e-03 -0.0977 
1.5870e+06 3.6114 3.5179 0.89604 0.54248 0.6174 2.6500e+02 0 4.6666e-06 3.5179 7.115247e-01 2.840720e-01 3.076824e-03 -0.1059 
1.7106e+06 3.6071 3.5915 0.55128 0.54555 0.6174 2.1051e+02 0 2.3714e-05 3.5915 7.115247e-01 2.840720e-01 3.076824e-03 999.0000 
 1.9000 7 # agb_1.90_Z0.00400000_Mdot51_eta1.00_Mc0.00_dMc0.00_Tbd6.40_L0.00_dL0.00_C0.00_Nr3.00_rates0_KOPv_KMOLv.dat 
0.0000e+00 3.4234 3.5855 1.90000 0.51647 0.3577 3.4724e+01 1 3.3884e-07 3.5855 7.127000e-01 2.832410e-01 2.722971e-03 -0.0898 
1.7659e+05 3.4729 3.5792 1.84760 0.51970 0.3577 4.0393e+01 1 4.5394e-07 3.5792 7.127000e-01 2.832410e-01 2.722971e-03 -0.0884 
4.0492e+05 3.5177 3.5717 1.75612 0.52563 0.3577 4.7542e+01 1 6.0674e-07 3.5717 7.127000e-01 2.832410e-01 2.722971e-03 -0.0906 
6.6330e+05 3.5737 3.5603 1.60912 0.53424 0.3577 5.9877e+01 1 9.2897e-07 3.5603 7.127000e-01 2.832410e-01 2.722971e-03 -0.0938 
9.2293e+05 3.6125 3.5452 1.37085 0.54319 0.4176 7.7886e+01 1 1.6106e-06 3.5452 7.119338e-01 2.839190e-01 2.807394e-03 -0.0992 
1.1658e+06 3.6540 3.5084 0.71956 0.55241 0.5891 3.8625e+02 0 1.1298e-05 3.5084 7.106884e-01 2.849280e-01 3.038102e-03 -0.1112 
1.2307e+06 3.4656 3.5946 0.55916 0.55323 0.5891 1.4740e+02 0 8.7902e-06 3.5946 7.106884e-01 2.849280e-01 3.038102e-03 999.0000 
 1.9500 7 # agb_1.95_Z0.00400000_Mdot51_eta1.00_Mc0.00_dMc0.00_Tbd6.40_L0.00_dL0.00_C0.00_Nr3.00_rates0_KOPv_KMOLv.dat 
0.0000e+00 3.3324 3.5955 1.95000 0.51637 0.3589 2.6975e+01 1 2.1827e-07 3.5955 7.117000e-01 2.843250e-01 2.721255e-03 -0.0873 
1.7479e+05 3.4417 3.5842 1.90927 0.51928 0.3589 3.6182e+01 1 3.6392e-07 3.5842 7.117000e-01 2.843250e-01 2.721255e-03 -0.0873 
4.0145e+05 3.4876 3.5775 1.83652 0.52470 0.3589 4.2133e+01 1 4.7534e-07 3.5775 7.117000e-01 2.843250e-01 2.721255e-03 -0.0896 
6.5829e+05 3.5495 3.5672 1.71986 0.53275 0.3589 5.2611e+01 1 7.1121e-07 3.5672 7.117000e-01 2.843250e-01 2.721255e-03 -0.0922 
9.1706e+05 3.6001 3.5546 1.54046 0.54113 0.4135 6.6968e+01 1 1.1561e-06 3.5546 7.109496e-01 2.849950e-01 2.798658e-03 -0.0962 
1.1649e+06 3.6440 3.5328 1.20671 0.54971 0.5953 1.9071e+02 0 2.6792e-06 3.5328 7.095357e-01 2.861570e-01 3.043457e-03 -0.1032 
1.3419e+06 3.6959 3.5899 0.56179 0.55595 0.8200 2.5597e+02 0 3.3806e-05 3.5899 7.083391e-01 2.870500e-01 3.340856e-03 999.0000 
 2.0000 7 # agb_2.00_Z0.00400000_Mdot51_eta1.00_Mc0.00_dMc0.00_Tbd6.40_L0.00_dL0.00_C0.00_Nr3.00_rates0_KOPv_KMOLv.dat 
0.0000e+00 3.2461 3.6047 2.00000 0.52131 0.3592 2.1245e+01 1 1.4723e-07 3.6047 7.109000e-01 2.850100e-01 2.719833e-03 -0.0860 
1.6391e+05 3.4253 3.5875 1.96437 0.52393 0.3592 3.3752e+01 1 3.4435e-07 3.5875 7.109000e-01 2.850100e-01 2.719833e-03 -0.0871 
3.7361e+05 3.4883 3.5796 1.90056 0.52873 0.3592 4.0824e+01 1 4.8195e-07 3.5796 7.109000e-01 2.850100e-01 2.719833e-03 -0.0897 
6.1899e+05 3.5411 3.5709 1.79303 0.53534 0.3791 4.9376e+01 1 6.8549e-07 3.5709 7.104404e-01 2.854370e-01 2.751678e-03 -0.0914 
8.7573e+05 3.5896 3.5593 1.61768 0.54273 0.4608 6.1906e+01 1 1.0914e-06 3.5593 7.092478e-01 2.865070e-01 2.869986e-03 -0.0952 
1.1232e+06 3.6391 3.5387 1.29570 0.55047 0.6778 8.8299e+01 1 2.4322e-06 3.5387 7.074110e-01 2.880390e-01 3.165804e-03 -0.1003 
1.3180e+06 3.6993 3.5885 0.56296 0.55728 0.9787 2.6073e+02 0 3.4041e-05 3.5885 7.056932e-01 2.893460e-01 3.567778e-03 999.0000 
 2.0500 7 # agb_2.05_Z0.00400000_Mdot51_eta1.00_Mc0.00_dMc0.00_Tbd6.40_L0.00_dL0.00_C0.00_Nr3.00_rates0_KOPv_KMOLv.dat 
0.0000e+00 3.4191 3.5908 2.05000 0.53596 0.3567 3.1876e+01 1 3.0903e-07 3.5908 7.104000e-01 2.854950e-01 2.720353e-03 -0.0896 
1.4543e+05 3.5230 3.5793 1.99565 0.53919 0.3567 4.2527e+01 1 5.4200e-07 3.5793 7.104000e-01 2.854950e-01 2.720353e-03 -0.0896 
3.3193e+05 3.5817 3.5705 1.89979 0.54507 0.3567 5.1803e+01 1 7.7268e-07 3.5705 7.104000e-01 2.854950e-01 2.720353e-03 -0.0915 
5.4550e+05 3.6326 3.5597 1.74286 0.55258 0.3830 6.4303e+01 1 1.1695e-06 3.5597 7.098355e-01 2.860180e-01 2.760680e-03 -0.0954 
7.6415e+05 3.6721 3.5439 1.47564 0.56044 0.4974 8.4490e+01 1 2.1281e-06 3.5439 7.084478e-01 2.872420e-01 2.918647e-03 -0.1038 
9.7386e+05 3.7102 3.5098 0.69778 0.56901 0.7536 4.4475e+02 0 9.1833e-06 3.5098 7.066170e-01 2.887240e-01 3.258270e-03 -0.1163 
1.0024e+06 3.3477 3.6014 0.57524 0.56909 0.7536 1.0386e+02 0 4.4566e-06 3.6014 7.066170e-01 2.887240e-01 3.258270e-03 999.0000 
 2.1000 7 # agb_2.10_Z0.00400000_Mdot51_eta1.00_Mc0.00_dMc0.00_Tbd6.40_L0.00_dL0.00_C0.00_Nr3.00_rates0_KOPv_KMOLv.dat 
0.0000e+00 3.4998 3.5847 2.10000 0.54085 0.3576 3.8182e+01 1 4.3853e-07 3.5847 7.098000e-01 2.861830e-01 2.719534e-03 -0.0905 
1.3514e+05 3.5758 3.5757 2.04383 0.54413 0.3576 4.7533e+01 1 6.5615e-07 3.5757 7.098000e-01 2.861830e-01 2.719534e-03 -0.0901 
3.1662e+05 3.6215 3.5678 1.93867 0.55048 0.3576 5.6232e+01 1 8.8512e-07 3.5678 7.098000e-01 2.861830e-01 2.719534e-03 -0.0924 
5.2180e+05 3.6627 3.5577 1.77239 0.55829 0.3870 6.8362e+01 1 1.2912e-06 3.5577 7.091915e-01 2.867450e-01 2.763723e-03 -0.0972 
7.3017e+05 3.6964 3.5417 1.48965 0.56622 0.5163 8.9308e+01 1 2.3496e-06 3.5417 7.077230e-01 2.880320e-01 2.939309e-03 -0.1056 
9.2778e+05 3.7329 3.5106 0.69415 0.57468 0.7970 4.6669e+02 0 8.7297e-06 3.5106 7.058164e-01 2.895610e-01 3.307010e-03 -0.1172 
9.4852e+05 3.3460 3.6053 0.57997 0.57469 0.7970 9.9202e+01 0 4.4157e-06 3.6053 7.058164e-01 2.895610e-01 3.307010e-03 999.0000 
 2.1500 6 # agb_2.15_Z0.00400000_Mdot51_eta1.00_Mc0.00_dMc0.00_Tbd6.40_L0.00_dL0.00_C0.00_Nr3.00_rates0_KOPv_KMOLv.dat 
0.0000e+00 3.5627 3.5802 2.15000 0.55079 0.3576 4.3752e+01 1 5.7544e-07 3.5802 7.094000e-01 2.865700e-01 2.718500e-03 -0.0921 
1.2604e+05 3.6076 3.5738 2.08297 0.55436 0.3576 5.0571e+01 1 7.5336e-07 3.5738 7.094000e-01 2.865700e-01 2.718500e-03 -0.0916 
2.9005e+05 3.6514 3.5659 1.96757 0.56004 0.3713 5.9798e+01 1 1.0280e-06 3.5659 7.090498e-01 2.868990e-01 2.740154e-03 -0.0942 
4.7910e+05 3.6946 3.5546 1.77981 0.56705 0.4255 7.3961e+01 1 1.5776e-06 3.5546 7.079790e-01 2.878860e-01 2.820842e-03 -0.1000 
6.7538e+05 3.7254 3.5361 1.43922 0.57440 0.6028 9.9891e+01 1 3.1189e-06 3.5361 7.060194e-01 2.895970e-01 3.060146e-03 -0.1066 
8.4915e+05 3.7741 3.5933 0.58753 0.58189 0.9271 2.8402e+02 0 4.0458e-05 3.5933 7.038388e-01 2.913430e-01 3.483149e-03 999.0000 
 2.2000 6 # agb_2.20_Z0.00400000_Mdot51_eta1.00_Mc0.00_dMc0.00_Tbd6.40_L0.00_dL0.00_C0.00_Nr3.00_rates0_KOPv_KMOLv.dat 
0.0000e+00 3.5893 3.5792 2.20000 0.56076 0.3571 4.5734e+01 1 6.3680e-07 3.5792 7.090000e-01 2.870590e-01 2.718219e-03 -0.0924 
1.1094e+05 3.6563 3.5707 2.13508 0.56418 0.3571 5.5874e+01 1 8.9536e-07 3.5707 7.090000e-01 2.870590e-01 2.718219e-03 -0.0923 
2.6130e+05 3.6885 3.5638 2.01751 0.56984 0.3710 6.4144e+01 1 1.1561e-06 3.5638 7.086475e-01 2.873890e-01 2.740066e-03 -0.0970 
4.3566e+05 3.7235 3.5531 1.82348 0.57688 0.4266 7.7871e+01 1 1.7179e-06 3.5531 7.075702e-01 2.883820e-01 2.821898e-03 -0.1004 
6.1297e+05 3.7560 3.5346 1.48246 0.58386 0.6083 1.0515e+02 1 3.4198e-06 3.5346 7.055885e-01 2.901110e-01 3.064667e-03 -0.1085 
7.7856e+05 3.7964 3.5912 0.59779 0.59161 0.9473 2.9933e+02 0 3.9174e-05 3.5912 7.033160e-01 2.919330e-01 3.502848e-03 999.0000 
 2.2500 6 # agb_2.25_Z0.00400000_Mdot51_eta1.00_Mc0.00_dMc0.00_Tbd6.40_L0.00_dL0.00_C0.00_Nr3.00_rates0_KOPv_KMOLv.dat 
0.0000e+00 3.6523 3.5746 2.25000 0.57412 0.3573 5.2460e+01 1 8.4140e-07 3.5746 7.088000e-01 2.872480e-01 2.717098e-03 -0.0944 
9.8327e+04 3.6981 3.5679 2.17697 0.57759 0.3573 6.0952e+01 1 1.0839e-06 3.5679 7.088000e-01 2.872480e-01 2.717098e-03 -0.0944 
2.2915e+05 3.7348 3.5599 2.04751 0.58315 0.3714 7.1320e+01 1 1.4555e-06 3.5599 7.084475e-01 2.875790e-01 2.738996e-03 -0.0980 
3.8172e+05 3.7670 3.5486 1.83301 0.58996 0.4285 8.6910e+01 1 2.1928e-06 3.5486 7.073682e-01 2.885720e-01 2.821878e-03 -0.1040 
5.3863e+05 3.7943 3.5279 1.43598 0.59680 0.6125 2.3842e+02 0 4.6881e-06 3.5279 7.053958e-01 2.902910e-01 3.064837e-03 -0.1137 
6.7278e+05 3.8372 3.5992 0.60876 0.60344 0.9372 3.0039e+02 0 4.2267e-05 3.5992 7.032315e-01 2.920290e-01 3.480001e-03 999.0000 
 2.3000 6 # agb_2.30_Z0.00400000_Mdot51_eta1.00_Mc0.00_dMc0.00_Tbd6.40_L0.00_dL0.00_C0.00_Nr3.00_rates0_KOPv_KMOLv.dat 
0.0000e+00 3.6900 3.5724 2.30000 0.58557 0.3577 5.6507e+01 1 9.8628e-07 3.5724 7.087000e-01 2.872380e-01 2.716567e-03 -0.0950 
8.8374e+04 3.7277 3.5662 2.21918 0.58899 0.3577 6.4528e+01 1 1.2882e-06 3.5662 7.087000e-01 2.872380e-01 2.716567e-03 -0.0962 
2.0710e+05 3.7600 3.5583 2.07670 0.59385 0.3814 7.5019e+01 1 1.7219e-06 3.5583 7.081126e-01 2.877890e-01 2.753212e-03 -0.0997 
3.4881e+05 3.7912 3.5459 1.83085 0.60001 0.4526 9.2713e+01 1 2.6915e-06 3.5459 7.067464e-01 2.890480e-01 2.855808e-03 -0.1064 
4.9516e+05 3.8201 3.5195 1.32577 0.60633 0.6619 2.9247e+02 0 7.1779e-06 3.5195 7.044560e-01 2.910540e-01 3.130021e-03 -0.1190 
5.9881e+05 3.8591 3.5998 0.61668 0.61127 0.9714 3.1022e+02 0 3.8107e-05 3.5998 7.023586e-01 2.927470e-01 3.522531e-03 999.0000 
 2.3500 6 # agb_2.35_Z0.00400000_Mdot51_eta1.00_Mc0.00_dMc0.00_Tbd6.40_L0.00_dL0.00_C0.00_Nr3.00_rates0_KOPv_KMOLv.dat 
0.0000e+00 3.7023 3.5726 2.35000 0.59645 0.3575 5.7057e+01 1 1.0209e-06 3.5726 7.088000e-01 2.872290e-01 2.715859e-03 -0.0957 
7.9845e+04 3.7557 3.5648 2.26869 0.59981 0.3575 6.7856e+01 1 1.3900e-06 3.5648 7.088000e-01 2.872290e-01 2.715859e-03 -0.0973 
1.8548e+05 3.7905 3.5567 2.12954 0.60442 0.3810 7.9204e+01 1 1.8750e-06 3.5567 7.082247e-01 2.877680e-01 2.751897e-03 -0.1013 
3.1330e+05 3.8208 3.5448 1.88667 0.61033 0.4502 9.7186e+01 1 2.8973e-06 3.5448 7.068964e-01 2.889930e-01 2.850921e-03 -0.1096 
4.4598e+05 3.8479 3.5202 1.40173 0.61629 0.6542 2.9428e+02 0 7.2111e-06 3.5202 7.046331e-01 2.909800e-01 3.116045e-03 -0.1216 
5.4960e+05 3.8877 3.6012 0.62710 0.62166 0.9872 3.2158e+02 0 3.4995e-05 3.6012 7.023335e-01 2.928470e-01 3.535104e-03 999.0000 
 2.4000 6 # agb_2.40_Z0.00400000_Mdot51_eta1.00_Mc0.00_dMc0.00_Tbd6.40_L0.00_dL0.00_C0.00_Nr3.00_rates0_KOPv_KMOLv.dat 
0.0000e+00 3.7517 3.5689 2.40000 0.60749 0.3566 6.3483e+01 1 1.2735e-06 3.5689 7.091000e-01 2.869210e-01 2.716428e-03 -0.0978 
7.1142e+04 3.7953 3.5618 2.31392 0.61078 0.3566 7.3781e+01 1 1.6672e-06 3.5618 7.091000e-01 2.869210e-01 2.716428e-03 -0.1001 
1.6722e+05 3.8200 3.5547 2.16397 0.61534 0.3798 8.4155e+01 1 2.1577e-06 3.5547 7.085343e-01 2.874510e-01 2.751969e-03 -0.1046 
2.8107e+05 3.8500 3.5425 1.91202 0.62090 0.4475 1.0356e+02 1 3.3574e-06 3.5425 7.072347e-01 2.886490e-01 2.848288e-03 -0.1130 
4.0065e+05 3.8762 3.5162 1.39248 0.62659 0.6442 3.2668e+02 0 8.8920e-06 3.5162 7.050234e-01 2.905950e-01 3.102784e-03 -0.1267 
4.9245e+05 3.9123 3.6000 0.63754 0.63162 0.9620 3.3851e+02 0 3.0549e-05 3.6000 7.027892e-01 2.924180e-01 3.501077e-03 999.0000 
 2.6000 6 # agb_2.60_Z0.00400000_Mdot51_eta1.00_Mc0.00_dMc0.00_Tbd6.40_L0.00_dL0.00_C0.00_Nr3.00_rates0_KOPv_KMOLv.dat 
0.0000e+00 3.8744 3.5619 2.60000 0.66086 0.3560 8.0310e+01 1 2.1380e-06 3.5619 7.100000e-01 2.859730e-01 2.716116e-03 -0.1032 
4.2634e+04 3.9261 3.5534 2.49810 0.66366 0.3560 9.5931e+01 1 3.0479e-06 3.5534 7.100000e-01 2.859730e-01 2.716116e-03 -0.1079 
9.7424e+04 3.9539 3.5452 2.33159 0.66706 0.3762 1.1101e+02 1 4.0926e-06 3.5452 7.095346e-01 2.864080e-01 2.746252e-03 -0.1142 
1.6424e+05 3.9761 3.5328 2.04624 0.67129 0.4287 1.3528e+02 1 6.3241e-06 3.5328 7.085028e-01 2.873630e-01 2.819771e-03 -0.1246 
2.3734e+05 3.9949 3.5032 1.41292 0.67577 0.5682 4.7217e+02 0 1.5596e-05 3.5032 7.066874e-01 2.889910e-01 2.997819e-03 -0.1427 
2.9712e+05 4.0213 3.6039 0.68644 0.68026 0.8138 3.9026e+02 0 2.5645e-05 3.6039 7.046774e-01 2.906880e-01 3.299890e-03 999.0000 
 2.8000 7 # agb_2.80_Z0.00400000_Mdot51_eta1.00_Mc0.00_dMc0.00_Tbd6.40_L0.00_dL0.00_C0.00_Nr3.00_rates0_KOPv_KMOLv.dat 
0.0000e+00 3.9938 3.5544 2.80000 0.71737 0.3567 1.0167e+02 1 3.6058e-06 3.5544 7.111000e-01 2.848500e-01 2.715520e-03 -0.1083 
2.3605e+04 4.0635 3.5436 2.69499 0.71949 0.3567 1.2748e+02 1 5.8076e-06 3.5436 7.111000e-01 2.848500e-01 2.715520e-03 -0.1166 
5.4721e+04 4.0765 3.5371 2.52252 0.72192 0.3734 1.4159e+02 1 7.2611e-06 3.5371 7.107437e-01 2.851820e-01 2.739681e-03 -0.1219 
9.2315e+04 4.0914 3.5261 2.23858 0.72488 0.4109 1.6757e+02 1 1.0641e-05 3.5261 7.100026e-01 2.858680e-01 2.791376e-03 -0.1309 
1.3456e+05 4.1054 3.5031 1.68429 0.72803 0.4953 5.1626e+02 0 1.7338e-05 3.5031 7.086800e-01 2.870770e-01 2.898535e-03 -0.1533 
1.7841e+05 4.1172 3.4931 0.96910 0.73209 0.6762 9.5329e+02 0 1.7824e-05 3.4931 7.068317e-01 2.886950e-01 3.119003e-03 -0.1859 
1.9410e+05 4.0959 3.6127 0.73924 0.73363 0.6762 3.9843e+02 0 2.8907e-05 3.6127 7.068317e-01 2.886950e-01 3.119003e-03 999.0000 
 3.0000 8 # agb_3.00_Z0.00400000_Mdot51_eta1.00_Mc0.00_dMc0.00_Tbd6.40_L0.00_dL0.00_C0.00_Nr3.00_rates0_KOPv_KMOLv.dat 
0.0000e+00 4.0790 3.5507 3.00000 0.76097 0.3572 1.1791e+02 1 5.1168e-06 3.5507 7.077000e-01 2.883310e-01 2.713629e-03 -0.1100 
1.5182e+04 4.1551 3.5390 2.90208 0.76268 0.3572 1.5011e+02 1 8.3176e-06 3.5390 7.077000e-01 2.883310e-01 2.713629e-03 -0.1198 
3.4657e+04 4.1649 3.5338 2.75217 0.76443 0.3714 1.6308e+02 1 9.9541e-06 3.5338 7.074239e-01 2.885870e-01 2.733404e-03 -0.1267 
5.8663e+04 4.1740 3.5259 2.51533 0.76658 0.3997 1.8396e+02 1 1.3092e-05 3.5259 7.068827e-01 2.890870e-01 2.771744e-03 -0.1354 
8.5952e+04 4.1844 3.5114 2.10737 0.76883 0.4543 4.6761e+02 0 2.2751e-05 3.5114 7.059327e-01 2.899640e-01 2.840837e-03 -0.1477 
1.1542e+05 4.1929 3.4901 1.54718 0.77131 0.5723 7.6132e+02 0 2.1232e-05 3.4901 7.044670e-01 2.912790e-01 2.983261e-03 -0.1777 
1.4461e+05 4.1990 3.5047 0.94899 0.77476 0.7840 1.0514e+03 0 2.1528e-05 3.5047 7.027253e-01 2.927570e-01 3.237577e-03 -0.1417 
1.5379e+05 4.1778 3.6177 0.78149 0.77581 0.7840 4.3535e+02 0 2.8249e-05 3.6177 7.027253e-01 2.927570e-01 3.237577e-03 999.0000 
 3.2000 9 # agb_3.20_Z0.00400000_Mdot51_eta1.00_Mc0.00_dMc0.00_Tbd6.40_L0.00_dL0.00_C0.00_Nr3.00_rates0_KOPv_KMOLv.dat 
0.0000e+00 4.1212 3.5514 3.20000 0.78095 0.3567 1.2258e+02 1 5.8076e-06 3.5514 6.980000e-01 2.980150e-01 2.712908e-03 -0.1109 
1.2268e+04 4.1977 3.5403 3.11023 0.78250 0.3567 1.5521e+02 1 9.3756e-06 3.5403 6.980000e-01 2.980150e-01 2.712908e-03 -0.1218 
2.8330e+04 4.2042 3.5361 2.97197 0.78409 0.3695 1.6578e+02 1 1.0765e-05 3.5361 6.977662e-01 2.982300e-01 2.730349e-03 -0.1243 
4.7130e+04 4.2158 3.5295 2.77547 0.78584 0.3939 1.8401e+02 1 1.3614e-05 3.5295 6.973180e-01 2.986440e-01 2.762826e-03 -0.1337 
6.9712e+04 4.2212 3.5194 2.45614 0.78781 0.4381 4.1164e+02 0 1.9409e-05 3.5194 6.965420e-01 2.993610e-01 2.817833e-03 -0.1393 
9.3965e+04 4.2288 3.5023 1.97388 0.78966 0.5301 5.9411e+02 0 2.3067e-05 3.5023 6.953386e-01 3.004490e-01 2.927564e-03 -0.1630 
1.1918e+05 4.2343 3.4862 1.41780 0.79197 0.7187 9.3507e+02 0 2.3335e-05 3.4862 6.936966e-01 3.018580e-01 3.150887e-03 -0.1680 
1.4300e+05 4.2405 3.5291 0.88601 0.79540 0.9783 9.8666e+02 0 2.3659e-05 3.5291 6.920371e-01 3.031990e-01 3.458930e-03 -0.0722 
1.4726e+05 4.1572 3.6174 0.80121 0.79566 0.9783 4.0761e+02 0 3.1477e-05 3.6174 6.920371e-01 3.031990e-01 3.458930e-03 999.0000 
 3.4000 9 # agb_3.40_Z0.00400000_Mdot51_eta1.00_Mc0.00_dMc0.00_Tbd6.40_L0.00_dL0.00_C0.00_Nr3.00_rates0_KOPv_KMOLv.dat 
0.0000e+00 4.1467 3.5539 3.40000 0.79404 0.3592 1.2225e+02 1 6.0534e-06 3.5539 6.870000e-01 3.090010e-01 2.710491e-03 -0.1101 
1.1190e+04 4.2170 3.5439 3.31367 0.79558 0.3592 1.5162e+02 1 9.3325e-06 3.5439 6.870000e-01 3.090010e-01 2.710491e-03 -0.1209 
2.4401e+04 4.2330 3.5394 3.19718 0.79694 0.3709 1.6429e+02 1 1.1041e-05 3.5394 6.867978e-01 3.091870e-01 2.726128e-03 -0.1234 
4.0809e+04 4.2422 3.5342 3.02628 0.79855 0.3928 1.7857e+02 1 1.3213e-05 3.5342 6.864149e-01 3.095400e-01 2.754548e-03 -0.1266 
6.0271e+04 4.2486 3.5265 2.77019 0.80029 0.4305 1.9987e+02 1 1.7179e-05 3.5265 6.857610e-01 3.101450e-01 2.800597e-03 -0.1354 
8.1769e+04 4.2547 3.5137 2.35669 0.80191 0.5070 4.8457e+02 0 2.6915e-05 3.5137 6.847508e-01 3.110600e-01 2.890189e-03 -0.1544 
1.0431e+05 4.2591 3.4968 1.84590 0.80356 0.6685 7.0943e+02 0 2.4717e-05 3.4968 6.833221e-01 3.122930e-01 3.077938e-03 -0.1800 
1.2670e+05 4.2640 3.4912 1.30833 0.80585 0.9412 1.0279e+03 0 2.5003e-05 3.4912 6.815662e-01 3.137210e-01 3.395322e-03 -0.1483 
1.4727e+05 4.2704 3.6243 0.81496 0.80939 1.2332 4.8577e+02 0 2.7797e-05 3.6243 6.800575e-01 3.148770e-01 3.736875e-03 999.0000 
 3.6000 10 # agb_3.60_Z0.00400000_Mdot51_eta1.00_Mc0.00_dMc0.00_Tbd6.40_L0.00_dL0.00_C0.00_Nr3.00_rates0_KOPv_KMOLv.dat 
0.0000e+00 4.1704 3.5562 3.60000 0.80725 0.3604 1.2198e+02 1 6.2951e-06 3.5562 6.781000e-01 3.178900e-01 2.708415e-03 -0.1096 
9.7187e+03 4.2439 3.5461 3.52014 0.80871 0.3604 1.5190e+02 1 9.7499e-06 3.5461 6.781000e-01 3.178900e-01 2.708415e-03 -0.1174 
2.1398e+04 4.2556 3.5426 3.41178 0.81002 0.3712 1.6188e+02 1 1.1117e-05 3.5426 6.779232e-01 3.180530e-01 2.722549e-03 -0.1196 
3.5507e+04 4.2662 3.5379 3.26067 0.81150 0.3908 1.7479e+02 1 1.3092e-05 3.5379 6.775943e-01 3.183550e-01 2.747510e-03 -0.1233 
5.2195e+04 4.2735 3.5318 3.04563 0.81306 0.4233 1.9183e+02 1 1.6106e-05 3.5318 6.770389e-01 3.188690e-01 2.786429e-03 -0.1301 
7.0862e+04 4.2794 3.5229 2.72930 0.81448 0.4872 2.1877e+02 1 2.2284e-05 3.5229 6.761879e-01 3.196420e-01 2.860082e-03 -0.1444 
9.0717e+04 4.2846 3.5089 2.27471 0.81573 0.6195 5.5815e+02 0 2.6182e-05 3.5089 6.749949e-01 3.206770e-01 3.011449e-03 -0.1566 
1.1122e+05 4.2876 3.4951 1.76234 0.81724 0.8580 8.0028e+02 0 2.6424e-05 3.4951 6.734359e-01 3.219530e-01 3.284322e-03 -0.1644 
1.3091e+05 4.2910 3.4718 1.26406 0.81949 1.2002 1.3385e+03 0 2.6607e-05 3.4718 6.716606e-01 3.233230e-01 3.677845e-03 -0.1563 
1.4802e+05 4.2992 3.6298 0.82775 0.82272 1.5139 4.8622e+02 0 2.9648e-05 3.6298 6.702676e-01 3.243420e-01 4.040913e-03 999.0000 
 3.8000 12 # agb_3.80_Z0.00400000_Mdot51_eta1.00_Mc0.00_dMc0.00_Tbd6.40_L0.00_dL0.00_C0.00_Nr3.00_rates0_KOPv_KMOLv.dat 
0.0000e+00 4.1945 3.5580 3.80000 0.82133 0.3601 1.2234e+02 1 6.5766e-06 3.5580 6.704000e-01 3.255810e-01 2.707107e-03 -0.1084 
8.3239e+03 4.2713 3.5480 3.72759 0.82267 0.3601 1.5301e+02 1 1.0304e-05 3.5480 6.704000e-01 3.255810e-01 2.707107e-03 -0.1146 
1.8287e+04 4.2824 3.5448 3.63085 0.82385 0.3699 1.6208e+02 1 1.1561e-05 3.5448 6.702483e-01 3.257200e-01 2.719710e-03 -0.1176 
3.0381e+04 4.2918 3.5408 3.49743 0.82520 0.3873 1.7298e+02 1 1.3243e-05 3.5408 6.699718e-01 3.259730e-01 2.741388e-03 -0.1234 
4.4579e+04 4.2996 3.5359 3.31464 0.82660 0.4145 1.8697e+02 1 1.5668e-05 3.5359 6.695123e-01 3.263980e-01 2.773807e-03 -0.1290 
6.0608e+04 4.3047 3.5293 3.06123 0.82788 0.4653 2.0628e+02 1 1.9724e-05 3.5293 6.688141e-01 3.270350e-01 2.831729e-03 -0.1382 
7.7841e+04 4.3092 3.5193 2.69491 0.82894 0.5677 4.6156e+02 0 2.8314e-05 3.5193 6.678436e-01 3.278840e-01 2.947561e-03 -0.1483 
9.5759e+04 4.3130 3.5049 2.23229 0.82993 0.7538 6.2707e+02 0 2.7990e-05 3.5049 6.665681e-01 3.289420e-01 3.157911e-03 -0.1639 
1.1388e+05 4.3142 3.4882 1.74274 0.83125 1.0493 9.1235e+02 0 2.8054e-05 3.4882 6.649825e-01 3.301820e-01 3.493097e-03 -0.1573 
1.3118e+05 4.3164 3.4631 1.27885 0.83337 1.4312 1.5147e+03 0 2.8184e-05 3.4631 6.632560e-01 3.314600e-01 3.929200e-03 -0.1453 
1.4671e+05 4.3218 3.5770 0.85697 0.83655 1.7696 7.9472e+02 0 2.8576e-05 3.5770 6.618920e-01 3.324230e-01 4.318605e-03 0.1162 
1.4716e+05 4.3417 3.6316 0.84173 0.83656 1.7696 5.1828e+02 0 2.9923e-05 3.6316 6.618920e-01 3.324230e-01 4.318605e-03 999.0000 
 4.0000 13 # agb_4.00_Z0.00400000_Mdot51_eta1.00_Mc0.00_dMc0.00_Tbd6.40_L0.00_dL0.00_C0.00_Nr3.00_rates0_KOPv_KMOLv.dat 
0.0000e+00 4.2185 3.5597 4.00000 0.83601 0.3616 1.2302e+02 1 6.9024e-06 3.5597 6.636000e-01 3.323740e-01 2.705671e-03 -0.1063 
7.1475e+03 4.2975 3.5496 3.93370 0.83725 0.3616 1.5441e+02 1 1.0864e-05 3.5496 6.636000e-01 3.323740e-01 2.705671e-03 -0.1162 
1.5600e+04 4.3078 3.5467 3.84729 0.83831 0.3706 1.6253e+02 1 1.2023e-05 3.5467 6.634706e-01 3.324920e-01 2.716888e-03 -0.1193 
2.5682e+04 4.3184 3.5432 3.73197 0.83948 0.3858 1.7265e+02 1 1.3614e-05 3.5432 6.632398e-01 3.327030e-01 2.735705e-03 -0.1235 
3.7734e+04 4.3257 3.5391 3.57419 0.84076 0.4088 1.8434e+02 1 1.5668e-05 3.5391 6.628627e-01 3.330510e-01 2.762793e-03 -0.1287 
5.1309e+04 4.3312 3.5340 3.36474 0.84191 0.4486 1.9941e+02 1 1.8664e-05 3.5340 6.622952e-01 3.335700e-01 2.807884e-03 -0.1345 
6.6030e+04 4.3364 3.5267 3.07805 0.84286 0.5265 2.2221e+02 1 2.4378e-05 3.5267 6.615103e-01 3.342630e-01 2.895296e-03 -0.1400 
8.1545e+04 4.3390 3.5160 2.67743 0.84364 0.6668 5.1113e+02 0 2.9717e-05 3.5160 6.604874e-01 3.351230e-01 3.052290e-03 -0.1501 
9.7591e+04 4.3406 3.5054 2.22638 0.84447 0.8958 6.6550e+02 0 2.9785e-05 3.5054 6.591944e-01 3.361510e-01 3.308963e-03 -0.1560 
1.1343e+05 4.3409 3.4731 1.77244 0.84560 1.2274 1.0909e+03 0 2.9854e-05 3.4731 6.576424e-01 3.373190e-01 3.682746e-03 -0.1792 
1.2855e+05 4.3438 3.4570 1.33927 0.84751 1.6301 1.6322e+03 0 3.0061e-05 3.4570 6.559879e-01 3.385030e-01 4.140391e-03 -0.1391 
1.4216e+05 4.3485 3.5166 0.94513 0.85032 2.0004 1.3248e+03 0 3.0339e-05 3.5166 6.545948e-01 3.394590e-01 4.564801e-03 0.0745 
1.4583e+05 4.3239 3.6236 0.85728 0.85091 2.0004 5.2663e+02 0 2.8708e-05 3.6236 6.545948e-01 3.394590e-01 4.564801e-03 999.0000 
 4.2000 14 # agb_4.20_Z0.00400000_Mdot51_eta1.00_Mc0.00_dMc0.00_Tbd6.40_L0.00_dL0.00_C0.00_Nr3.00_rates0_KOPv_KMOLv.dat 
0.0000e+00 4.2468 3.5607 4.20000 0.85396 0.3620 1.2550e+02 1 7.4473e-06 3.5607 6.570000e-01 3.389680e-01 2.704757e-03 -0.1058 
5.9174e+03 4.3299 3.5502 4.13955 0.85508 0.3620 1.5895e+02 1 1.1912e-05 3.5502 6.570000e-01 3.389680e-01 2.704757e-03 -0.1164 
1.2814e+04 4.3421 3.5474 4.06233 0.85601 0.3701 1.6748e+02 1 1.3213e-05 3.5474 6.568915e-01 3.390660e-01 2.714688e-03 -0.1182 
2.1070e+04 4.3527 3.5443 3.96011 0.85705 0.3834 1.7696e+02 1 1.4791e-05 3.5443 6.567015e-01 3.392380e-01 2.731030e-03 -0.1220 
3.0750e+04 4.3612 3.5408 3.82660 0.85812 0.4022 1.8770e+02 1 1.6749e-05 3.5408 6.563968e-01 3.395190e-01 2.753828e-03 -0.1255 
4.1881e+04 4.3684 3.5364 3.65035 0.85918 0.4315 2.0113e+02 1 1.9498e-05 3.5364 6.559441e-01 3.399340e-01 2.789115e-03 -0.1300 
5.4007e+04 4.3720 3.5312 3.42453 0.86004 0.4873 2.1723e+02 1 2.3442e-05 3.5312 6.553197e-01 3.404890e-01 2.854445e-03 -0.1354 
6.6857e+04 4.3754 3.5237 3.12713 0.86071 0.5874 2.4199e+02 1 3.0339e-05 3.5237 6.545158e-01 3.411750e-01 2.968052e-03 -0.1418 
8.0263e+04 4.3747 3.5142 2.74789 0.86128 0.7518 5.4957e+02 0 3.2285e-05 3.5142 6.535158e-01 3.419860e-01 3.150728e-03 -0.1535 
9.3970e+04 4.3720 3.5104 2.34417 0.86187 0.9978 6.5189e+02 0 3.2063e-05 3.5104 6.522957e-01 3.429250e-01 3.424439e-03 -0.1337 
1.0759e+05 4.3710 3.4711 1.93271 0.86274 1.3305 1.0995e+03 0 3.1989e-05 3.4711 6.508735e-01 3.439640e-01 3.796877e-03 -0.1793 
1.2055e+05 4.3662 3.4529 1.54926 0.86408 1.7297 1.5605e+03 0 3.1623e-05 3.4529 6.493362e-01 3.450380e-01 4.247510e-03 -0.1623 
1.3250e+05 4.3696 3.4670 1.19297 0.86617 2.1300 1.7546e+03 0 3.1842e-05 3.4670 6.478996e-01 3.460050e-01 4.703630e-03 -0.0518 
1.4309e+05 4.3750 3.6313 0.87440 0.86888 2.4246 5.4095e+02 0 3.2285e-05 3.6313 6.468916e-01 3.466630e-01 5.042416e-03 999.0000 
 4.4000 16 # agb_4.40_Z0.00400000_Mdot51_eta1.00_Mc0.00_dMc0.00_Tbd6.40_L0.00_dL0.00_C0.00_Nr3.00_rates0_KOPv_KMOLv.dat 
0.0000e+00 4.2758 3.5612 4.40000 0.87386 0.3637 1.2872e+02 1 8.0910e-06 3.5612 6.512000e-01 3.447620e-01 2.704190e-03 -0.1077 
4.7889e+03 4.3649 3.5503 4.34518 0.87485 0.3637 1.6520e+02 1 1.3274e-05 3.5503 6.512001e-01 3.447620e-01 2.704246e-03 -0.1173 
1.0295e+04 4.3852 3.5468 4.27379 0.87565 0.3686 1.7733e+02 1 1.5311e-05 3.5468 6.511103e-01 3.448420e-01 2.713954e-03 -0.1175 
1.6888e+04 4.4036 3.5429 4.17564 0.87654 0.3599 1.9101e+02 1 1.7824e-05 3.5429 6.509531e-01 3.449790e-01 2.733323e-03 -0.1192 
2.4571e+04 4.4164 3.5391 4.04564 0.87746 0.3102 2.0435e+02 1 2.0654e-05 3.5391 6.506990e-01 3.452000e-01 2.764969e-03 -0.1233 
3.3332e+04 4.4246 3.5348 3.87595 0.87834 0.2237 2.1884e+02 1 2.4155e-05 3.5348 6.503217e-01 3.455300e-01 2.809993e-03 -0.1262 
4.3058e+04 4.4285 3.5306 3.65518 0.87912 0.1477 2.3410e+02 1 2.9107e-05 3.5306 6.498040e-01 3.459790e-01 2.876132e-03 -0.1329 
5.3556e+04 4.4266 3.5246 3.36475 0.87977 0.1287 2.5438e+02 1 3.6392e-05 3.5246 6.491378e-01 3.465440e-01 2.973178e-03 -0.1434 
6.4538e+04 4.4193 3.5173 3.02024 0.88027 0.2017 5.4222e+02 0 3.5727e-05 3.5173 6.483156e-01 3.472190e-01 3.115354e-03 -0.1533 
7.5780e+04 4.4088 3.5080 2.66168 0.88068 0.3854 6.4496e+02 0 3.4914e-05 3.5080 6.473231e-01 3.480030e-01 3.317799e-03 -0.1633 
8.7273e+04 4.4014 3.4988 2.28789 0.88120 0.6451 7.8898e+02 0 3.4277e-05 3.4988 6.461517e-01 3.488840e-01 3.600240e-03 -0.1632 
9.8522e+04 4.3962 3.4974 1.92433 0.88197 0.9751 9.2279e+02 0 3.3884e-05 3.4974 6.448341e-01 3.498300e-01 3.961585e-03 -0.1298 
1.0924e+05 4.3950 3.4612 1.58382 0.88320 1.3514 1.5160e+03 0 3.3806e-05 3.4612 6.434563e-01 3.507800e-01 4.377195e-03 -0.1336 
1.1905e+05 4.3981 3.4607 1.27002 0.88497 1.7311 1.8699e+03 0 3.4041e-05 3.4607 6.421470e-01 3.516530e-01 4.800599e-03 -0.0447 
1.2819e+05 4.4015 3.5222 0.97531 0.88736 2.0492 1.3788e+03 0 3.4277e-05 3.5222 6.410953e-01 3.523350e-01 5.158622e-03 0.1499 
1.3105e+05 4.3900 3.6330 0.89351 0.88796 2.0492 5.4070e+02 0 3.3420e-05 3.6330 6.410953e-01 3.523350e-01 5.158622e-03 999.0000 
 4.6000 17 # agb_4.60_Z0.00400000_Mdot51_eta1.00_Mc0.00_dMc0.00_Tbd6.40_L0.00_dL0.00_C0.00_Nr3.00_rates0_KOPv_KMOLv.dat 
0.0000e+00 4.3042 3.5616 4.60000 0.89434 0.3636 1.3212e+02 1 8.7700e-06 3.5616 6.470000e-01 3.490580e-01 2.703449e-03 -0.1078 
3.8239e+03 4.4217 3.5477 4.54765 0.89520 0.3514 1.8256e+02 1 1.6069e-05 3.5477 6.469978e-01 3.490560e-01 2.707040e-03 -0.1150 
8.2543e+03 4.4511 3.5429 4.47490 0.89589 0.2872 2.0107e+02 1 1.9634e-05 3.5429 6.469114e-01 3.491200e-01 2.728633e-03 -0.1178 
1.3431e+04 4.4715 3.5397 4.37559 0.89661 0.1615 2.1624e+02 1 2.3442e-05 3.5397 6.467607e-01 3.492360e-01 2.763122e-03 -0.1232 
1.9451e+04 4.4842 3.5357 4.24297 0.89737 0.0616 2.3147e+02 1 2.7290e-05 3.5357 6.465330e-01 3.494290e-01 2.796196e-03 -0.1282 
2.6398e+04 4.4866 3.5322 4.07285 0.89813 0.0395 2.4345e+02 1 3.0620e-05 3.5322 6.462115e-01 3.497240e-01 2.821022e-03 -0.1321 
3.4093e+04 4.4867 3.5282 3.86029 0.89881 0.0401 2.5785e+02 1 3.5156e-05 3.5282 6.457771e-01 3.501190e-01 2.857827e-03 -0.1366 
4.2505e+04 4.4859 3.5226 3.58517 0.89939 0.0438 2.7845e+02 1 4.1687e-05 3.5226 6.452162e-01 3.506130e-01 2.921128e-03 -0.1409 
5.1354e+04 4.4764 3.5170 3.27656 0.89982 0.0534 5.7401e+02 0 4.0738e-05 3.5170 6.445250e-01 3.511960e-01 3.025701e-03 -0.1463 
6.0597e+04 4.4626 3.5112 2.94959 0.90018 0.0952 6.4418e+02 0 3.9446e-05 3.5112 6.437006e-01 3.518570e-01 3.183759e-03 -0.1565 
7.0083e+04 4.4443 3.5047 2.61553 0.90055 0.2736 7.3017e+02 0 3.7844e-05 3.5047 6.427480e-01 3.525940e-01 3.392917e-03 -0.1562 
7.9522e+04 4.4294 3.4971 2.28366 0.90094 0.5415 8.5380e+02 0 3.6559e-05 3.4971 6.416570e-01 3.534050e-01 3.665175e-03 -0.1618 
8.8809e+04 4.4231 3.4926 1.96759 0.90159 0.8676 1.0026e+03 0 3.6058e-05 3.4926 6.404618e-01 3.542570e-01 3.998946e-03 -0.1428 
9.7612e+04 4.4202 3.4671 1.66971 0.90257 1.2314 1.4505e+03 0 3.5810e-05 3.4671 6.392258e-01 3.551060e-01 4.374761e-03 -0.1214 
1.0593e+05 4.4221 3.4594 1.38680 0.90404 1.6026 1.8440e+03 0 3.5975e-05 3.4594 6.380317e-01 3.559010e-01 4.761844e-03 -0.0541 
1.1358e+05 4.4249 3.4810 1.12492 0.90592 1.9457 1.8463e+03 0 3.6224e-05 3.4810 6.369700e-01 3.565900e-01 5.123109e-03 0.0997 
1.1976e+05 4.4305 3.6321 0.91395 0.90779 2.1851 5.8434e+02 0 3.6644e-05 3.6321 6.362505e-01 3.570460e-01 5.377278e-03 999.0000 
 4.8000 19 # agb_4.80_Z0.00400000_Mdot51_eta1.00_Mc0.00_dMc0.00_Tbd6.40_L0.00_dL0.00_C0.00_Nr3.00_rates0_KOPv_KMOLv.dat 
0.0000e+00 4.3337 3.5619 4.80000 0.91672 0.3663 1.3620e+02 1 9.5719e-06 3.5619 6.424000e-01 3.535540e-01 2.702179e-03 -0.1061 
3.0365e+03 4.4839 3.5439 4.74393 0.91746 0.3084 2.0582e+02 1 2.1777e-05 3.5439 6.423887e-01 3.535520e-01 2.714747e-03 -0.1205 
6.4750e+03 4.5146 3.5390 4.66669 0.91802 0.1803 2.2754e+02 1 2.7040e-05 3.5390 6.423031e-01 3.536080e-01 2.743910e-03 -0.1226 
1.0449e+04 4.5305 3.5363 4.56432 0.91859 0.0720 2.4170e+02 1 3.1477e-05 3.5363 6.421700e-01 3.537130e-01 2.772142e-03 -0.1153 
1.5073e+04 4.5399 3.5329 4.43042 0.91920 0.0419 2.5582e+02 1 3.5810e-05 3.5329 6.419766e-01 3.538870e-01 2.790274e-03 -0.1276 
2.0378e+04 4.5431 3.5295 4.26002 0.91980 0.0406 2.6916e+02 1 4.0272e-05 3.5295 6.417075e-01 3.541390e-01 2.805835e-03 -0.1309 
2.6339e+04 4.5454 3.5251 4.04141 0.92038 0.0432 2.8678e+02 1 4.6989e-05 3.5251 6.413481e-01 3.544720e-01 2.829442e-03 -0.1333 
3.2870e+04 4.5413 3.5206 3.78312 0.92088 0.0466 3.0433e+02 1 4.7315e-05 3.5206 6.408879e-01 3.548890e-01 2.869854e-03 -0.1385 
3.9843e+04 4.5322 3.5163 3.50305 0.92128 0.0512 6.1623e+02 0 4.6345e-05 3.5163 6.403215e-01 3.553850e-01 2.936929e-03 -0.1465 
4.7208e+04 4.5178 3.5116 3.20815 0.92162 0.0591 6.7342e+02 0 4.4875e-05 3.5116 6.396471e-01 3.559510e-01 3.041909e-03 -0.1462 
5.4767e+04 4.4996 3.5066 2.91012 0.92188 0.0862 7.3784e+02 0 4.2954e-05 3.5066 6.388694e-01 3.565710e-01 3.194471e-03 -0.1425 
6.2465e+04 4.4775 3.5017 2.61253 0.92217 0.2256 8.0842e+02 0 4.0832e-05 3.5017 6.379988e-01 3.572390e-01 3.390886e-03 -0.1549 
7.0168e+04 4.4579 3.4970 2.32341 0.92252 0.4801 8.9709e+02 0 3.9084e-05 3.4970 6.370326e-01 3.579590e-01 3.630806e-03 -0.1378 
7.7640e+04 4.4499 3.4933 2.05158 0.92300 0.7836 1.0187e+03 0 3.8371e-05 3.4933 6.359890e-01 3.587070e-01 3.918312e-03 -0.1364 
8.4907e+04 4.4454 3.4761 1.78905 0.92379 1.1195 1.3302e+03 0 3.7931e-05 3.4761 6.349147e-01 3.594510e-01 4.239305e-03 -0.1206 
9.1719e+04 4.4470 3.4612 1.54224 0.92487 1.4691 1.7433e+03 0 3.8107e-05 3.4612 6.338547e-01 3.601630e-01 4.576581e-03 -0.0679 
9.8113e+04 4.4490 3.4646 1.30951 0.92629 1.8139 1.9683e+03 0 3.8282e-05 3.4646 6.328500e-01 3.608210e-01 4.912403e-03 0.0350 
1.0413e+05 4.4514 3.5001 1.08918 0.92802 2.1272 1.7014e+03 0 3.8459e-05 3.5001 6.319637e-01 3.613890e-01 5.220473e-03 0.1839 
1.0840e+05 4.4559 3.6370 0.93499 0.92940 2.3388 5.8002e+02 0 3.8905e-05 3.6370 6.313792e-01 3.617570e-01 5.430111e-03 999.0000 
 5.0000 22 # agb_5.00_Z0.00400000_Mdot51_eta1.00_Mc0.00_dMc0.00_Tbd6.40_L0.00_dL0.00_C0.00_Nr3.00_rates0_KOPv_KMOLv.dat 
0.0000e+00 4.3880 3.5592 5.00000 0.94395 0.3682 1.5023e+02 1 1.1803e-05 3.5592 6.391000e-01 3.569510e-01 2.701051e-03 -0.1085 
2.2680e+03 4.5749 3.5366 4.93864 0.94455 0.2481 2.5113e+02 1 3.2509e-05 3.5366 6.390752e-01 3.569520e-01 2.723848e-03 -0.1207 
4.8334e+03 4.5924 3.5342 4.85843 0.94499 0.1159 2.6632e+02 1 3.7931e-05 3.5342 6.389942e-01 3.570050e-01 2.751456e-03 -0.1216 
7.7429e+03 4.6031 3.5312 4.75668 0.94543 0.0545 2.8065e+02 1 4.2855e-05 3.5312 6.388772e-01 3.571030e-01 2.769719e-03 -0.1251 
1.1096e+04 4.6046 3.5289 4.63089 0.94588 0.0436 2.9005e+02 1 4.6345e-05 3.5289 6.387142e-01 3.572530e-01 2.781942e-03 -0.1296 
1.4952e+04 4.6074 3.5258 4.47119 0.94634 0.0445 3.0351e+02 1 5.1642e-05 3.5258 6.384947e-01 3.574600e-01 2.793487e-03 -0.1336 
1.9256e+04 4.6090 3.5225 4.27576 0.94678 0.0474 3.1902e+02 1 5.5335e-05 3.5225 6.382107e-01 3.577270e-01 2.808099e-03 -0.1358 
2.3985e+04 4.6060 3.5190 4.05534 0.94717 0.0511 3.3443e+02 1 5.4954e-05 3.5190 6.378537e-01 3.580580e-01 2.831720e-03 -0.1367 
2.9174e+04 4.5977 3.5153 3.81200 0.94754 0.0555 3.4944e+02 1 5.3951e-05 3.5153 6.374162e-01 3.584540e-01 2.869693e-03 -0.1335 
3.4603e+04 4.5856 3.5117 3.56061 0.94780 0.0608 7.1263e+02 0 5.2360e-05 3.5117 6.369001e-01 3.589080e-01 2.928687e-03 -0.1319 
4.0344e+04 4.5695 3.5081 3.29906 0.94804 0.0680 7.6024e+02 0 5.0466e-05 3.5081 6.363037e-01 3.594140e-01 3.015806e-03 -0.1422 
4.6209e+04 4.5510 3.5045 3.03796 0.94822 0.0818 8.1184e+02 0 4.8417e-05 3.5045 6.356330e-01 3.599580e-01 3.138131e-03 -0.1522 
5.2183e+04 4.5291 3.5010 2.77885 0.94841 0.1250 8.6401e+02 0 4.6026e-05 3.5010 6.348941e-01 3.605300e-01 3.299450e-03 -0.1554 
5.8172e+04 4.5059 3.4978 2.52910 0.94863 0.2902 9.1847e+02 0 4.3652e-05 3.4978 6.341000e-01 3.611270e-01 3.491023e-03 -0.1532 
6.4107e+04 4.4873 3.4959 2.29254 0.94892 0.5471 9.7941e+02 0 4.1783e-05 3.4959 6.332469e-01 3.617520e-01 3.712963e-03 -0.1175 
6.9877e+04 4.4796 3.4941 2.06609 0.94934 0.8385 1.0737e+03 0 4.1020e-05 3.4941 6.323515e-01 3.623870e-01 3.966125e-03 -0.1217 
7.5408e+04 4.4753 3.4754 1.85084 0.94994 1.1522 1.3876e+03 0 4.0644e-05 3.4754 6.314419e-01 3.630130e-01 4.241153e-03 -0.1006 
8.0706e+04 4.4765 3.4623 1.64407 0.95078 1.4775 1.7399e+03 0 4.0738e-05 3.4623 6.305402e-01 3.636180e-01 4.528930e-03 -0.0634 
8.5734e+04 4.4778 3.4608 1.44723 0.95185 1.8053 1.9854e+03 0 4.0926e-05 3.4608 6.296625e-01 3.641940e-01 4.821658e-03 0.1155 
9.0513e+04 4.4795 3.4765 1.25943 0.95313 2.1230 1.9625e+03 0 4.1020e-05 3.4765 6.288338e-01 3.647260e-01 5.108150e-03 0.1060 
9.5085e+04 4.4814 3.5103 1.07895 0.95463 2.4158 1.6740e+03 0 4.1210e-05 3.5103 6.280859e-01 3.651980e-01 5.374618e-03 0.3102 
9.8088e+04 4.4848 3.6326 0.96249 0.95566 2.6328 6.2704e+02 0 4.1591e-05 3.6326 6.275408e-01 3.655370e-01 5.573779e-03 999.0000 
 5.2000 26 # agb_5.20_Z0.00400000_Mdot51_eta1.00_Mc0.00_dMc0.00_Tbd6.40_L0.00_dL0.00_C0.00_Nr3.00_rates0_KOPv_KMOLv.dat 
0.0000e+00 4.4276 3.5581 5.20000 0.97142 0.3690 1.5969e+02 1 1.3583e-05 3.5581 6.358000e-01 3.601480e-01 2.701457e-03 -0.1081 
1.6994e+03 4.6167 3.5353 5.14350 0.97189 0.2547 2.6824e+02 1 3.9537e-05 3.5353 6.357754e-01 3.601500e-01 2.722984e-03 -0.1206 
3.5858e+03 4.6380 3.5324 5.06967 0.97223 0.1356 2.8703e+02 1 4.7098e-05 3.5324 6.357089e-01 3.601920e-01 2.747920e-03 -0.1261 
5.7060e+03 4.6474 3.5298 4.97772 0.97255 0.0689 3.0033e+02 1 5.2481e-05 3.5298 6.356165e-01 3.602650e-01 2.766163e-03 -0.1279 
8.1301e+03 4.6517 3.5275 4.86356 0.97289 0.0489 3.1145e+02 1 5.7412e-05 3.5275 6.354898e-01 3.603790e-01 2.778466e-03 -0.1308 
1.0877e+04 4.6549 3.5249 4.72342 0.97322 0.0468 3.2416e+02 1 6.1518e-05 3.5249 6.353233e-01 3.605340e-01 2.788765e-03 -0.1319 
1.3926e+04 4.6586 3.5219 4.56237 0.97354 0.0490 3.3963e+02 1 6.1944e-05 3.5219 6.351116e-01 3.607330e-01 2.798918e-03 -0.1333 
1.7313e+04 4.6569 3.5190 4.38124 0.97384 0.0523 3.5304e+02 1 6.1802e-05 3.5190 6.348495e-01 3.609800e-01 2.812849e-03 -0.1345 
2.1010e+04 4.6526 3.5162 4.18299 0.97413 0.0565 3.6590e+02 1 6.1094e-05 3.5162 6.345332e-01 3.612730e-01 2.833772e-03 -0.1322 
2.4945e+04 4.6453 3.5133 3.97338 0.97437 0.0614 7.2703e+02 0 6.0117e-05 3.5133 6.341614e-01 3.616110e-01 2.864933e-03 -0.1399 
2.9112e+04 4.6348 3.5104 3.75413 0.97456 0.0671 7.6719e+02 0 5.8749e-05 3.5104 6.337323e-01 3.619920e-01 2.910004e-03 -0.1434 
3.3466e+04 4.6211 3.5077 3.52915 0.97473 0.0741 8.0587e+02 0 5.6885e-05 3.5077 6.332472e-01 3.624110e-01 2.973224e-03 -0.1451 
3.7967e+04 4.6044 3.5051 3.30194 0.97487 0.0833 8.4389e+02 0 5.4702e-05 3.5051 6.327093e-01 3.628600e-01 3.058905e-03 -0.1455 
4.2560e+04 4.5868 3.5023 3.07545 0.97499 0.0984 8.8627e+02 0 5.2602e-05 3.5023 6.321219e-01 3.633310e-01 3.170842e-03 -0.1453 
4.7164e+04 4.5671 3.4998 2.85431 0.97511 0.1311 9.2808e+02 0 5.0234e-05 3.4998 6.314903e-01 3.638180e-01 3.311439e-03 -0.1435 
5.1820e+04 4.5460 3.4975 2.64235 0.97527 0.2207 9.6840e+02 0 4.7863e-05 3.4975 6.308214e-01 3.643160e-01 3.477951e-03 -0.1412 
5.6381e+04 4.5255 3.4976 2.44328 0.97546 0.4285 9.9161e+02 0 4.5604e-05 3.4976 6.301254e-01 3.648240e-01 3.660503e-03 -0.1372 
6.0904e+04 4.5129 3.4957 2.25051 0.97574 0.6776 1.0565e+03 0 4.4361e-05 3.4957 6.293960e-01 3.653430e-01 3.864653e-03 -0.1036 
6.5279e+04 4.5060 3.4980 2.06666 0.97612 0.9474 1.0999e+03 0 4.3652e-05 3.4980 6.286481e-01 3.658620e-01 4.087336e-03 -0.0962 
6.9528e+04 4.5036 3.4725 1.88883 0.97664 1.2305 1.4906e+03 0 4.3451e-05 3.4725 6.278964e-01 3.663710e-01 4.322923e-03 -0.0906 
7.3600e+04 4.5045 3.4626 1.71817 0.97731 1.5225 1.7755e+03 0 4.3451e-05 3.4626 6.271468e-01 3.668680e-01 4.568113e-03 -0.0525 
7.7501e+04 4.5055 3.4598 1.55427 0.97812 1.8189 1.9969e+03 0 4.3551e-05 3.4598 6.264067e-01 3.673490e-01 4.819135e-03 0.0749 
8.1242e+04 4.5067 3.4682 1.39668 0.97909 2.1135 2.0457e+03 0 4.3752e-05 3.4682 6.256866e-01 3.678090e-01 5.070986e-03 0.0816 
8.4841e+04 4.5080 3.4793 1.24459 0.98020 2.4012 2.0611e+03 0 4.3853e-05 3.4793 6.249952e-01 3.682440e-01 5.319264e-03 0.2217 
8.8323e+04 4.5095 3.5169 1.09691 0.98145 2.6767 1.6560e+03 0 4.3954e-05 3.5169 6.243421e-01 3.686480e-01 5.559123e-03 0.4103 
9.0900e+04 4.5127 3.6385 0.98860 0.98242 2.9243 6.1790e+02 0 4.4361e-05 3.6385 6.237618e-01 3.690030e-01 5.776579e-03 999.0000 
 5.4000 31 # agb_5.40_Z0.00400000_Mdot51_eta1.00_Mc0.00_dMc0.00_Tbd6.40_L0.00_dL0.00_C0.00_Nr3.00_rates0_KOPv_KMOLv.dat 
0.0000e+00 4.4394 3.5598 5.40000 0.99507 0.3699 1.5804e+02 1 1.3614e-05 3.5598 6.327000e-01 3.633450e-01 2.701284e-03 -0.1094 
1.3283e+03 4.6096 3.5397 5.36124 0.99545 0.2892 2.5092e+02 1 3.3497e-05 3.5397 6.326825e-01 3.633470e-01 2.717072e-03 -0.1187 
2.7673e+03 4.6439 3.5348 5.30930 0.99571 0.1856 2.7838e+02 1 4.2073e-05 3.5348 6.326322e-01 3.633740e-01 2.739415e-03 -0.1260 
4.3643e+03 4.6640 3.5323 5.24247 0.99596 0.1040 2.9603e+02 1 4.9431e-05 3.5323 6.325633e-01 3.634220e-01 2.759763e-03 -0.1086 
6.1688e+03 4.6769 3.5295 5.15760 0.99620 0.0631 3.1186e+02 1 5.5976e-05 3.5295 6.324704e-01 3.634990e-01 2.774948e-03 -0.1273 
8.1791e+03 4.6849 3.5270 5.05350 0.99644 0.0508 3.2570e+02 1 6.2230e-05 3.5270 6.323493e-01 3.636080e-01 2.786198e-03 -0.1298 
1.0415e+04 4.6916 3.5243 4.92729 0.99668 0.0496 3.4077e+02 1 6.6988e-05 3.5243 6.321962e-01 3.637510e-01 2.795735e-03 -0.1275 
1.2885e+04 4.6947 3.5216 4.78363 0.99692 0.0516 3.5482e+02 1 6.7453e-05 3.5216 6.320090e-01 3.639270e-01 2.804953e-03 -0.1320 
1.5554e+04 4.6962 3.5189 4.62608 0.99713 0.0552 3.6910e+02 1 6.7608e-05 3.5189 6.317856e-01 3.641360e-01 2.817163e-03 -0.1326 
1.8437e+04 4.6940 3.5164 4.45509 0.99733 0.0596 3.8168e+02 1 6.7298e-05 3.5164 6.315233e-01 3.643800e-01 2.834158e-03 -0.1355 
2.1514e+04 4.6891 3.5140 4.27306 0.99752 0.0646 3.9343e+02 1 6.6527e-05 3.5140 6.312213e-01 3.646560e-01 2.857722e-03 -0.1367 
2.4759e+04 4.6824 3.5115 4.08236 0.99768 0.0704 7.8309e+02 0 6.5464e-05 3.5115 6.308787e-01 3.649640e-01 2.889896e-03 -0.1381 
2.8122e+04 4.6718 3.5093 3.88793 0.99779 0.0770 8.1520e+02 0 6.3973e-05 3.5093 6.304978e-01 3.652990e-01 2.933182e-03 -0.1394 
3.1599e+04 4.6600 3.5072 3.69024 0.99789 0.0850 8.4817e+02 0 6.2230e-05 3.5072 6.300787e-01 3.656580e-01 2.989969e-03 -0.1372 
3.5205e+04 4.6467 3.5049 3.48880 0.99799 0.0948 8.8389e+02 0 6.0395e-05 3.5049 6.296214e-01 3.660390e-01 3.062939e-03 -0.1362 
3.8854e+04 4.6304 3.5029 3.29005 0.99806 0.1077 9.1481e+02 0 5.8076e-05 3.5029 6.291297e-01 3.664360e-01 3.154787e-03 -0.1375 
4.2548e+04 4.6134 3.5009 3.09370 0.99813 0.1269 9.4786e+02 0 5.5847e-05 3.5009 6.286059e-01 3.668440e-01 3.267273e-03 -0.1354 
4.6265e+04 4.5959 3.4990 2.90418 0.99822 0.1602 9.8164e+02 0 5.3703e-05 3.4990 6.280525e-01 3.672590e-01 3.401484e-03 -0.1350 
4.9943e+04 4.5773 3.4971 2.72377 0.99831 0.2305 1.0140e+03 0 5.1404e-05 3.4971 6.274752e-01 3.676780e-01 3.555660e-03 -0.1281 
5.3625e+04 4.5586 3.4986 2.54962 0.99846 0.3789 1.0186e+03 0 4.9204e-05 3.4986 6.268802e-01 3.681000e-01 3.723929e-03 -0.1371 
5.7271e+04 4.5445 3.4967 2.38197 0.99867 0.6044 1.0676e+03 0 4.7643e-05 3.4967 6.262686e-01 3.685270e-01 3.902795e-03 -0.1309 
6.0827e+04 4.5342 3.4972 2.22180 0.99892 0.8516 1.1059e+03 0 4.6559e-05 3.4972 6.256368e-01 3.689590e-01 4.096935e-03 -0.1086 
6.4305e+04 4.5297 3.4817 2.06653 0.99928 1.1102 1.3415e+03 0 4.6132e-05 3.4817 6.249994e-01 3.693860e-01 4.301510e-03 -0.1054 
6.7662e+04 4.5303 3.4676 1.91650 0.99973 1.3777 1.6304e+03 0 4.6132e-05 3.4676 6.243589e-01 3.698070e-01 4.514926e-03 -0.0753 
7.0874e+04 4.5311 3.4607 1.77282 1.00027 1.6530 1.8635e+03 0 4.6238e-05 3.4607 6.237153e-01 3.702220e-01 4.736426e-03 -0.0386 
7.4005e+04 4.5319 3.4580 1.63249 1.00093 1.9321 2.0600e+03 0 4.6345e-05 3.4580 6.230751e-01 3.706280e-01 4.963016e-03 -0.0418 
7.7025e+04 4.5328 3.4635 1.49682 1.00169 2.2115 2.1247e+03 0 4.6452e-05 3.4635 6.224435e-01 3.710230e-01 5.191930e-03 0.0600 
7.9945e+04 4.5338 3.4677 1.36537 1.00257 2.4888 2.2276e+03 0 4.6559e-05 3.4677 6.218239e-01 3.714050e-01 5.421165e-03 0.1702 
8.2778e+04 4.5349 3.4875 1.23752 1.00354 2.7627 2.0446e+03 0 4.6666e-05 3.4875 6.212173e-01 3.717750e-01 5.649641e-03 0.2808 
8.5537e+04 4.5361 3.5223 1.11261 1.00462 3.0335 1.6540e+03 0 4.6774e-05 3.5223 6.206211e-01 3.721340e-01 5.877720e-03 0.4493 
8.7779e+04 4.5389 3.6403 1.01157 1.00554 3.3079 6.3179e+02 0 4.7098e-05 3.6403 6.200196e-01 3.724930e-01 6.111058e-03 999.0000 
