# age(yr) logL logTe m_act mcore c/o period ip Mdot(Msun/yr) logTe X Y CNO dlogTe/dlogL 
 0.5100 3 # agb_0.510_Z0.00800000_Mdot2_eta0.40_Mc0.00_dMc0.00_Tbd6.40_L0.00_dL0.00_C0.00_Nr3.00_rates0_KOPv_KMOLv.dat 
0.0000e+00 2.8750 3.5868 0.51000 0.49069 0.5050 2.4652e+01 1 1.6982e-08 3.5868 7.169000e-01 2.752680e-01 5.291134e-03 -0.0926 
1.9984e+05 3.0078 3.5849 0.50244 0.49171 0.5050 6.3627e+01 0 6.4863e-08 3.5849 7.169000e-01 2.752680e-01 5.291134e-03 -0.0926 
3.9607e+05 3.0451 3.6172 0.49476 0.49275 0.5050 2.7359e+01 1 8.3946e-08 3.6172 7.169000e-01 2.752680e-01 5.291134e-03 999.0000 
 0.5150 3 # agb_0.515_Z0.00800000_Mdot2_eta0.40_Mc0.00_dMc0.00_Tbd6.40_L0.00_dL0.00_C0.00_Nr3.00_rates0_KOPv_KMOLv.dat 
0.0000e+00 2.9031 3.5814 0.51500 0.49169 0.5016 2.6865e+01 1 2.2182e-08 3.5814 7.168000e-01 2.753530e-01 5.292834e-03 -0.0942 
2.0307e+05 3.0086 3.5833 0.50472 0.49283 0.5016 6.4415e+01 0 6.4863e-08 3.5833 7.168000e-01 2.753530e-01 5.292834e-03 -0.0936 
3.8142e+05 3.0743 3.6101 0.49625 0.49378 0.5016 5.9597e+01 0 1.1402e-07 3.6101 7.168000e-01 2.753530e-01 5.292834e-03 999.0000 
 0.5200 5 # agb_0.520_Z0.00800000_Mdot2_eta0.40_Mc0.00_dMc0.00_Tbd6.40_L0.00_dL0.00_C0.00_Nr3.00_rates0_KOPv_KMOLv.dat 
0.0000e+00 2.8744 3.5818 0.52000 0.49250 0.4162 2.5304e+01 1 1.6293e-08 3.5818 7.164000e-01 2.757330e-01 5.329922e-03 -0.0948 
2.0191e+05 2.9693 3.5783 0.51289 0.49355 0.4162 6.0798e+01 0 4.3152e-08 3.5783 7.164000e-01 2.757330e-01 5.329922e-03 -0.0948 
3.3677e+05 3.0211 3.5767 0.51006 0.49401 0.4162 6.9578e+01 0 7.3114e-08 3.5767 7.164000e-01 2.757330e-01 5.329922e-03 -0.0956 
4.1480e+05 3.0140 3.5891 0.50347 0.49482 0.4162 6.2044e+01 0 6.7143e-08 3.5891 7.164000e-01 2.757330e-01 5.329922e-03 -0.0956 
5.5023e+05 3.0274 3.5979 0.50057 0.49532 0.4162 5.9417e+01 0 7.4645e-08 3.5979 7.164000e-01 2.757330e-01 5.329922e-03 999.0000 
 0.5250 3 # agb_0.525_Z0.00800000_Mdot2_eta0.40_Mc0.00_dMc0.00_Tbd6.40_L0.00_dL0.00_C0.00_Nr3.00_rates0_KOPv_KMOLv.dat 
0.0000e+00 2.9558 3.5717 0.52500 0.49377 0.4673 6.1272e+01 0 3.6392e-08 3.5717 7.167000e-01 2.754550e-01 5.308926e-03 -0.0979 
1.9930e+05 3.0541 3.5762 0.50919 0.49505 0.4673 7.5339e+01 0 1.0116e-07 3.5762 7.167000e-01 2.754550e-01 5.308926e-03 -0.0985 
3.4736e+05 3.1134 3.5924 0.50081 0.49579 0.4673 7.5594e+01 0 1.7579e-07 3.5924 7.167000e-01 2.754550e-01 5.308926e-03 999.0000 
 0.5300 5 # agb_0.530_Z0.00800000_Mdot2_eta0.40_Mc0.00_dMc0.00_Tbd6.40_L0.00_dL0.00_C0.00_Nr3.00_rates0_KOPv_KMOLv.dat 
0.0000e+00 2.9128 3.5741 0.53000 0.49392 0.4489 2.8434e+01 1 2.3067e-08 3.5741 7.166000e-01 2.754360e-01 5.316671e-03 -0.0987 
1.9909e+05 2.9983 3.5707 0.52099 0.49503 0.4489 6.8465e+01 0 5.6364e-08 3.5707 7.166000e-01 2.754360e-01 5.316671e-03 -0.0987 
3.3063e+05 3.0501 3.5685 0.51744 0.49553 0.4489 7.8908e+01 0 9.6161e-08 3.5685 7.166000e-01 2.754360e-01 5.316671e-03 -0.0987 
4.1192e+05 3.0367 3.5815 0.50821 0.49644 0.4489 6.9248e+01 0 8.3946e-08 3.5815 7.166000e-01 2.754360e-01 5.316671e-03 -0.0987 
5.5977e+05 3.0770 3.5932 0.50264 0.49713 0.4489 6.8942e+01 0 1.2162e-07 3.5932 7.166000e-01 2.754360e-01 5.316671e-03 999.0000 
 0.5400 5 # agb_0.540_Z0.00800000_Mdot2_eta0.40_Mc0.00_dMc0.00_Tbd6.40_L0.00_dL0.00_C0.00_Nr3.00_rates0_KOPv_KMOLv.dat 
0.0000e+00 2.9496 3.5679 0.54000 0.49623 0.4344 6.0983e+01 0 3.1915e-08 3.5679 7.166000e-01 2.755440e-01 5.321940e-03 -0.1014 
8.6529e+04 2.9980 3.5630 0.53898 0.49641 0.4344 7.1086e+01 0 5.2481e-08 3.5630 7.166000e-01 2.755440e-01 5.321940e-03 -0.1014 
1.9331e+05 3.0478 3.5636 0.52737 0.49744 0.4344 8.0606e+01 0 9.0573e-08 3.5636 7.166000e-01 2.755440e-01 5.321940e-03 -0.1015 
4.0315e+05 3.0827 3.5816 0.50879 0.49900 0.4344 7.6607e+01 0 1.3062e-07 3.5816 7.166000e-01 2.755440e-01 5.321940e-03 -0.1015 
5.2420e+05 3.0858 3.5948 0.50456 0.49951 0.4344 6.9061e+01 0 1.3002e-07 3.5948 7.166000e-01 2.755440e-01 5.321940e-03 999.0000 
 0.5500 3 # agb_0.550_Z0.00800000_Mdot2_eta0.40_Mc0.00_dMc0.00_Tbd6.40_L0.00_dL0.00_C0.00_Nr3.00_rates0_KOPv_KMOLv.dat 
0.0000e+00 3.0730 3.5526 0.55000 0.49973 0.4294 9.0591e+01 0 1.0666e-07 3.5526 7.166000e-01 2.755640e-01 5.324242e-03 -0.1077 
1.8811e+05 3.1662 3.5866 0.50715 0.50137 0.4294 8.8543e+01 0 2.8907e-07 3.5866 7.166000e-01 2.755640e-01 5.324242e-03 -0.1077 
2.4560e+05 2.9582 3.6052 0.50648 0.50146 0.4294 2.5187e+01 1 3.5645e-08 3.6052 7.166000e-01 2.755640e-01 5.324242e-03 999.0000 
 0.5700 3 # agb_0.570_Z0.00800000_Mdot2_eta0.40_Mc0.00_dMc0.00_Tbd6.40_L0.00_dL0.00_C0.00_Nr3.00_rates0_KOPv_KMOLv.dat 
0.0000e+00 3.0405 3.5532 0.57000 0.50282 0.4373 8.1103e+01 0 6.9502e-08 3.5532 7.166000e-01 2.755340e-01 5.320343e-03 -0.1098 
1.8284e+05 3.1223 3.5514 0.54473 0.50429 0.4373 1.0305e+02 0 1.7824e-07 3.5514 7.166000e-01 2.755340e-01 5.320343e-03 -0.1109 
3.6433e+05 3.2004 3.5876 0.51107 0.50594 0.4373 9.4030e+01 0 3.9084e-07 3.5876 7.166000e-01 2.755340e-01 5.320343e-03 999.0000 
 0.5800 5 # agb_0.580_Z0.00800000_Mdot2_eta0.40_Mc0.00_dMc0.00_Tbd6.40_L0.00_dL0.00_C0.00_Nr3.00_rates0_KOPv_KMOLv.dat 
0.0000e+00 3.0263 3.5536 0.58000 0.50342 0.4407 7.7079e+01 0 5.7412e-08 3.5536 7.166000e-01 2.754630e-01 5.318933e-03 -0.1098 
1.8037e+05 3.1107 3.5477 0.56082 0.50480 0.4407 1.0114e+02 0 1.4791e-07 3.5477 7.166000e-01 2.754630e-01 5.318933e-03 -0.1098 
3.0175e+05 3.1538 3.5455 0.55235 0.50548 0.4407 1.1511e+02 0 2.3768e-07 3.5455 7.166000e-01 2.754630e-01 5.318933e-03 -0.1114 
3.7982e+05 3.1382 3.5609 0.52962 0.50665 0.4407 1.0064e+02 0 2.1677e-07 3.5609 7.166000e-01 2.754630e-01 5.318933e-03 -0.1114 
5.2092e+05 3.1892 3.5887 0.51277 0.50768 0.4407 9.0540e+01 0 3.4514e-07 3.5887 7.166000e-01 2.754630e-01 5.318933e-03 999.0000 
 0.5900 3 # agb_0.590_Z0.00800000_Mdot2_eta0.40_Mc0.00_dMc0.00_Tbd6.40_L0.00_dL0.00_C0.00_Nr3.00_rates0_KOPv_KMOLv.dat 
0.0000e+00 3.1256 3.5409 0.59000 0.50560 0.4410 1.0614e+02 0 1.5066e-07 3.5409 7.166000e-01 2.754850e-01 5.319156e-03 -0.1155 
1.7751e+05 3.2097 3.5499 0.53516 0.50737 0.4410 1.2908e+02 0 4.4157e-07 3.5499 7.166000e-01 2.754850e-01 5.319156e-03 -0.1173 
2.9343e+05 3.2539 3.5844 0.51343 0.50821 0.4410 1.0862e+02 0 6.5615e-07 3.5844 7.166000e-01 2.754850e-01 5.319156e-03 999.0000 
 0.6000 5 # agb_0.600_Z0.00800000_Mdot2_eta0.40_Mc0.00_dMc0.00_Tbd6.40_L0.00_dL0.00_C0.00_Nr3.00_rates0_KOPv_KMOLv.dat 
0.0000e+00 3.0674 3.5471 0.60000 0.50545 0.4471 8.6839e+01 0 7.9250e-08 3.5471 7.166000e-01 2.755150e-01 5.316763e-03 -0.1139 
1.7670e+05 3.1549 3.5404 0.57319 0.50696 0.4471 1.1689e+02 0 2.1928e-07 3.5404 7.166000e-01 2.755150e-01 5.316763e-03 -0.1139 
2.9809e+05 3.1998 3.5387 0.56024 0.50775 0.4471 1.3382e+02 0 3.6644e-07 3.5387 7.166000e-01 2.755150e-01 5.316763e-03 -0.1146 
3.7350e+05 3.1864 3.5631 0.52602 0.50903 0.4471 1.1060e+02 0 3.4995e-07 3.5631 7.166000e-01 2.755150e-01 5.316763e-03 -0.1146 
4.8248e+05 3.1930 3.5876 0.51504 0.50969 0.4471 9.1868e+01 0 3.5563e-07 3.5876 7.166000e-01 2.755150e-01 5.316763e-03 999.0000 
 0.6200 5 # agb_0.62_Z0.00800000_Mdot2_eta0.40_Mc0.00_dMc0.00_Tbd6.40_L0.00_dL0.00_C0.00_Nr3.00_rates0_KOPv_KMOLv.dat 
0.0000e+00 3.0943 3.5431 0.62000 0.50769 0.4544 9.2832e+01 0 9.4624e-08 3.5431 7.167000e-01 2.754670e-01 5.313269e-03 -0.1164 
1.7258e+05 3.1831 3.5351 0.58859 0.50928 0.4544 1.2740e+02 0 2.7164e-07 3.5351 7.167000e-01 2.754670e-01 5.313269e-03 -0.1164 
2.9135e+05 3.2254 3.5331 0.57312 0.51013 0.4544 1.4601e+02 0 4.4875e-07 3.5331 7.167000e-01 2.754670e-01 5.313269e-03 -0.1176 
3.6676e+05 3.2111 3.5593 0.53009 0.51150 0.4544 1.1999e+02 0 4.4157e-07 3.5593 7.167000e-01 2.754670e-01 5.313269e-03 -0.1176 
4.7110e+05 3.2137 3.5873 0.51738 0.51216 0.4544 9.6098e+01 0 4.2855e-07 3.5873 7.167000e-01 2.754670e-01 5.313269e-03 999.0000 
 0.6500 6 # agb_0.65_Z0.00800000_Mdot2_eta0.40_Mc0.00_dMc0.00_Tbd6.40_L0.00_dL0.00_C0.00_Nr3.00_rates0_KOPv_KMOLv.dat 
0.0000e+00 3.0464 3.5487 0.65000 0.50924 0.4630 7.6033e+01 0 5.0003e-08 3.5487 7.167000e-01 2.754210e-01 5.309364e-03 -0.1143 
1.6919e+05 3.1291 3.5388 0.63546 0.51060 0.4630 1.0196e+02 0 1.2503e-07 3.5388 7.167000e-01 2.754210e-01 5.309364e-03 -0.1143 
3.0657e+05 3.1812 3.5328 0.62397 0.51162 0.4630 1.2281e+02 0 2.2491e-07 3.5328 7.167000e-01 2.754210e-01 5.309364e-03 -0.1171 
3.5852e+05 3.1512 3.5377 0.61161 0.51245 0.4630 1.1195e+02 0 1.7539e-07 3.5377 7.167000e-01 2.754210e-01 5.309364e-03 -0.1171 
5.6294e+05 3.1852 3.5409 0.57123 0.51482 0.4630 1.2489e+02 0 2.9648e-07 3.5409 7.167000e-01 2.754210e-01 5.309364e-03 -0.1182 
7.4600e+05 3.2443 3.5861 0.52222 0.51699 0.4630 1.0312e+02 0 5.6364e-07 3.5861 7.167000e-01 2.754210e-01 5.309364e-03 999.0000 
 0.6600 4 # agb_0.66_Z0.00800000_Mdot2_eta0.40_Mc0.00_dMc0.00_Tbd6.40_L0.00_dL0.00_C0.00_Nr3.00_rates0_KOPv_KMOLv.dat 
0.0000e+00 3.1015 3.5421 0.66000 0.51056 0.4652 8.9967e+01 0 8.3946e-08 3.5421 7.167000e-01 2.754370e-01 5.308440e-03 -0.1177 
1.6941e+05 3.1745 3.5334 0.63392 0.51216 0.4652 1.1869e+02 0 2.0045e-07 3.5334 7.167000e-01 2.754370e-01 5.308440e-03 -0.1193 
3.5576e+05 3.2146 3.5330 0.58867 0.51430 0.4652 1.3922e+02 0 3.7239e-07 3.5330 7.167000e-01 2.754370e-01 5.308440e-03 -0.1209 
5.3566e+05 3.2803 3.5840 0.52183 0.51659 0.4652 1.1395e+02 0 8.0724e-07 3.5840 7.167000e-01 2.754370e-01 5.308440e-03 999.0000 
 0.6800 3 # agb_0.68_Z0.00800000_Mdot2_eta0.40_Mc0.00_dMc0.00_Tbd6.40_L0.00_dL0.00_C0.00_Nr3.00_rates0_KOPv_KMOLv.dat 
0.0000e+00 3.2447 3.5237 0.68000 0.51362 0.4653 1.4212e+02 0 3.3266e-07 3.5237 7.167000e-01 2.754510e-01 5.308186e-03 -0.1269 
1.6432e+05 3.3207 3.5295 0.56046 0.51583 0.4653 1.9039e+02 0 1.2303e-06 3.5295 7.167000e-01 2.754510e-01 5.308186e-03 -0.1275 
2.6201e+05 3.3442 3.5815 0.52179 0.51671 0.4653 1.3438e+02 0 1.5136e-06 3.5815 7.167000e-01 2.754510e-01 5.308186e-03 999.0000 
 0.7000 3 # agb_0.70_Z0.00800000_Mdot2_eta0.40_Mc0.00_dMc0.00_Tbd6.40_L0.00_dL0.00_C0.00_Nr3.00_rates0_KOPv_KMOLv.dat 
0.0000e+00 3.2777 3.5198 0.70000 0.51539 0.4690 1.5430e+02 0 4.2560e-07 3.5198 7.167000e-01 2.753740e-01 5.306630e-03 -0.1292 
1.6177e+05 3.3462 3.5350 0.54980 0.51773 0.4690 1.9520e+02 0 1.6293e-06 3.5350 7.167000e-01 2.753740e-01 5.306630e-03 -0.1296 
2.4487e+05 3.3304 3.5808 0.52383 0.51839 0.4690 1.3076e+02 0 1.3152e-06 3.5808 7.167000e-01 2.753740e-01 5.306630e-03 999.0000 
 0.7200 6 # agb_0.72_Z0.00800000_Mdot2_eta0.40_Mc0.00_dMc0.00_Tbd6.40_L0.00_dL0.00_C0.00_Nr3.00_rates0_KOPv_KMOLv.dat 
0.0000e+00 3.1463 3.5380 0.72000 0.51378 0.4732 9.5391e+01 0 1.0069e-07 3.5380 7.167000e-01 2.753970e-01 5.304987e-03 -0.1211 
1.6274e+05 3.2209 3.5276 0.69240 0.51547 0.4732 1.2811e+02 0 2.4547e-07 3.5276 7.167000e-01 2.753970e-01 5.304987e-03 -0.1211 
2.8441e+05 3.2742 3.5202 0.67434 0.51658 0.4732 1.5779e+02 0 4.6132e-07 3.5202 7.167000e-01 2.753970e-01 5.304987e-03 -0.1210 
3.4658e+05 3.2505 3.5244 0.64079 0.51785 0.4732 1.5100e+02 0 4.2170e-07 3.5244 7.167000e-01 2.753970e-01 5.304987e-03 -0.1210 
5.4875e+05 3.2892 3.5786 0.52762 0.52103 0.4732 1.2073e+02 0 8.7096e-07 3.5786 7.167000e-01 2.753970e-01 5.304987e-03 -0.1235 
5.5031e+05 3.4007 3.5788 0.52612 0.52104 0.4732 1.5506e+02 0 2.5823e-06 3.5788 7.167000e-01 2.753970e-01 5.304987e-03 999.0000 
 0.7500 5 # agb_0.75_Z0.00800000_Mdot2_eta0.40_Mc0.00_dMc0.00_Tbd6.40_L0.00_dL0.00_C0.00_Nr3.00_rates0_KOPv_KMOLv.dat 
0.0000e+00 3.2201 3.5297 0.75000 0.51546 0.4746 1.1679e+02 0 1.8793e-07 3.5297 7.167000e-01 2.754120e-01 5.304064e-03 -0.1253 
1.6139e+05 3.2864 3.5190 0.69677 0.51748 0.4746 1.5921e+02 0 4.7098e-07 3.5190 7.167000e-01 2.754120e-01 5.304064e-03 -0.1253 
2.9216e+05 3.3557 3.5100 0.64739 0.51908 0.4746 2.1507e+02 0 1.2050e-06 3.5100 7.167000e-01 2.754120e-01 5.304064e-03 -0.1248 
3.4411e+05 3.3264 3.5271 0.57128 0.52039 0.4746 1.9350e+02 0 1.2359e-06 3.5271 7.167000e-01 2.754120e-01 5.304064e-03 -0.1248 
4.5017e+05 3.3426 3.5816 0.52670 0.52148 0.4746 1.3265e+02 0 1.4488e-06 3.5816 7.167000e-01 2.754120e-01 5.304064e-03 999.0000 
 0.7600 3 # agb_0.76_Z0.00800000_Mdot2_eta0.40_Mc0.00_dMc0.00_Tbd6.40_L0.00_dL0.00_C0.00_Nr3.00_rates0_KOPv_KMOLv.dat 
0.0000e+00 3.2808 3.5222 0.76000 0.51798 0.4761 1.4131e+02 0 3.3574e-07 3.5222 7.167000e-01 2.754190e-01 5.303154e-03 -0.1283 
1.5763e+05 3.3496 3.5111 0.65410 0.52030 0.4761 2.0827e+02 0 1.0965e-06 3.5111 7.167000e-01 2.754190e-01 5.303154e-03 -0.1291 
2.8599e+05 3.4200 3.5772 0.52749 0.52219 0.4761 1.6380e+02 0 3.1117e-06 3.5772 7.167000e-01 2.754190e-01 5.303154e-03 999.0000 
 0.7800 3 # agb_0.78_Z0.00800000_Mdot2_eta0.40_Mc0.00_dMc0.00_Tbd6.40_L0.00_dL0.00_C0.00_Nr3.00_rates0_KOPv_KMOLv.dat 
0.0000e+00 3.2825 3.5229 0.78000 0.51827 0.4772 1.3762e+02 0 3.1405e-07 3.5229 7.168000e-01 2.753290e-01 5.302475e-03 -0.1278 
1.5652e+05 3.3514 3.5105 0.68921 0.52056 0.4772 2.0046e+02 0 9.5060e-07 3.5105 7.168000e-01 2.753290e-01 5.302475e-03 -0.1274 
3.0221e+05 3.4243 3.5772 0.52825 0.52294 0.4772 1.6526e+02 0 3.2285e-06 3.5772 7.168000e-01 2.753290e-01 5.302475e-03 999.0000 
 0.8000 3 # agb_0.80_Z0.00800000_Mdot2_eta0.40_Mc0.00_dMc0.00_Tbd6.40_L0.00_dL0.00_C0.00_Nr3.00_rates0_KOPv_KMOLv.dat 
0.0000e+00 3.2764 3.5250 0.80000 0.51937 0.4795 1.3029e+02 0 2.7102e-07 3.5250 7.168000e-01 2.753400e-01 5.302200e-03 -0.1269 
1.5543e+05 3.3365 3.5139 0.72837 0.52159 0.4795 1.7910e+02 0 6.8391e-07 3.5139 7.168000e-01 2.753400e-01 5.302200e-03 -0.1273 
3.2766e+05 3.4037 3.5772 0.53025 0.52473 0.4795 1.5725e+02 0 2.6122e-06 3.5772 7.168000e-01 2.753400e-01 5.302200e-03 999.0000 
 0.8500 5 # agb_0.85_Z0.00800000_Mdot2_eta0.40_Mc0.00_dMc0.00_Tbd6.40_L0.00_dL0.00_C0.00_Nr3.00_rates0_KOPv_KMOLv.dat 
0.0000e+00 3.1831 3.5401 0.85000 0.51809 0.4825 4.7023e+01 1 8.5114e-08 3.5401 7.168000e-01 2.753590e-01 5.300733e-03 -0.1191 
1.5516e+05 3.2556 3.5296 0.82964 0.51984 0.4825 1.1556e+02 0 1.9409e-07 3.5296 7.168000e-01 2.753590e-01 5.300733e-03 -0.1181 
3.3113e+05 3.2891 3.5233 0.79378 0.52232 0.4825 1.3702e+02 0 3.1623e-07 3.5233 7.168000e-01 2.753590e-01 5.300733e-03 -0.1222 
5.2736e+05 3.3230 3.5163 0.72161 0.52572 0.4825 1.7152e+02 0 6.1094e-07 3.5163 7.168000e-01 2.753590e-01 5.300733e-03 -0.1267 
7.3618e+05 3.3680 3.5805 0.53524 0.52994 0.4825 1.3978e+02 0 1.7701e-06 3.5805 7.168000e-01 2.753590e-01 5.300733e-03 999.0000 
 0.9000 5 # agb_0.90_Z0.00800000_Mdot2_eta0.40_Mc0.00_dMc0.00_Tbd6.40_L0.00_dL0.00_C0.00_Nr3.00_rates0_KOPv_KMOLv.dat 
0.0000e+00 3.2151 3.5391 0.90000 0.52042 0.4843 4.8785e+01 1 9.7499e-08 3.5391 7.168000e-01 2.753720e-01 5.299759e-03 -0.1195 
1.5160e+05 3.2853 3.5287 0.87778 0.52228 0.4843 1.1827e+02 0 2.1777e-07 3.5287 7.168000e-01 2.753720e-01 5.299759e-03 -0.1192 
3.2405e+05 3.3231 3.5214 0.83747 0.52494 0.4843 1.4331e+02 0 3.7584e-07 3.5214 7.168000e-01 2.753720e-01 5.299759e-03 -0.1222 
5.1787e+05 3.3570 3.5131 0.75273 0.52863 0.4843 1.8326e+02 0 7.5509e-07 3.5131 7.168000e-01 2.753720e-01 5.299759e-03 -0.1270 
7.1462e+05 3.4147 3.5783 0.53823 0.53287 0.4843 1.5749e+02 0 2.7606e-06 3.5783 7.168000e-01 2.753720e-01 5.299759e-03 999.0000 
 0.9500 3 # agb_0.95_Z0.00800000_Mdot2_eta0.40_Mc0.00_dMc0.00_Tbd6.40_L0.00_dL0.00_C0.00_Nr3.00_rates0_KOPv_KMOLv.dat 
0.0000e+00 3.3712 3.5221 0.95000 0.52653 0.4731 1.4163e+02 0 4.0365e-07 3.5221 7.144000e-01 2.776540e-01 5.324990e-03 -0.1278 
1.4464e+05 3.4287 3.5081 0.85346 0.52916 0.4731 2.0086e+02 0 1.0471e-06 3.5081 7.144000e-01 2.776540e-01 5.324990e-03 -0.1275 
3.0120e+05 3.5091 3.5771 0.53796 0.53279 0.4731 1.9661e+02 0 6.9343e-06 3.5771 7.144000e-01 2.776540e-01 5.324990e-03 999.0000 
 1.0000 4 # agb_1.00_Z0.00800000_Mdot2_eta0.40_Mc0.00_dMc0.00_Tbd6.40_L0.00_dL0.00_C0.00_Nr3.00_rates0_KOPv_KMOLv.dat 
0.0000e+00 3.3633 3.5264 1.00000 0.52745 0.4610 1.2777e+02 0 3.1261e-07 3.5264 7.118000e-01 2.802380e-01 5.354749e-03 -0.1256 
1.4250e+05 3.4229 3.5142 0.93268 0.52999 0.4610 1.7331e+02 0 7.3114e-07 3.5142 7.118000e-01 2.802380e-01 5.354749e-03 -0.1240 
3.0986e+05 3.4636 3.4982 0.74815 0.53392 0.4610 2.6719e+02 0 2.3121e-06 3.4982 7.118000e-01 2.802380e-01 5.354749e-03 -0.1307 
4.2842e+05 3.5088 3.5760 0.54179 0.53635 0.4610 1.9713e+02 0 6.7920e-06 3.5760 7.118000e-01 2.802380e-01 5.354749e-03 999.0000 
 1.0500 6 # agb_1.05_Z0.00800000_Mdot2_eta0.40_Mc0.00_dMc0.00_Tbd6.40_L0.00_dL0.00_C0.00_Nr3.00_rates0_KOPv_KMOLv.dat 
0.0000e+00 3.2781 3.5408 1.05000 0.52688 0.4498 4.9954e+01 1 1.1041e-07 3.5408 7.072000e-01 2.847410e-01 5.411766e-03 -0.1186 
1.4112e+05 3.3468 3.5308 1.02861 0.52890 0.4498 6.1634e+01 1 2.3933e-07 3.5308 7.072000e-01 2.847410e-01 5.411766e-03 -0.1164 
3.0544e+05 3.3816 3.5238 0.98856 0.53194 0.4498 1.3764e+02 0 3.9174e-07 3.5238 7.072000e-01 2.847410e-01 5.411766e-03 -0.1196 
4.9106e+05 3.4142 3.5145 0.90625 0.53620 0.4498 1.7396e+02 0 7.3282e-07 3.5145 7.072000e-01 2.847410e-01 5.411766e-03 -0.1255 
6.9017e+05 3.4514 3.5019 0.67808 0.54154 0.4498 2.7465e+02 0 2.7353e-06 3.5019 7.072000e-01 2.847410e-01 5.411766e-03 -0.1339 
7.8972e+05 3.4557 3.5777 0.54869 0.54321 0.4498 1.7047e+02 0 3.8815e-06 3.5777 7.072000e-01 2.847410e-01 5.411766e-03 999.0000 
 1.1000 5 # agb_1.10_Z0.00800000_Mdot2_eta0.40_Mc0.00_dMc0.00_Tbd6.40_L0.00_dL0.00_C0.00_Nr3.00_rates0_KOPv_KMOLv.dat 
0.0000e+00 3.3641 3.5329 1.10000 0.52911 0.4386 6.0524e+01 1 2.2751e-07 3.5329 7.068000e-01 2.851440e-01 5.416398e-03 -0.1225 
1.4052e+05 3.4151 3.5235 1.05597 0.53161 0.4386 1.4022e+02 0 4.4157e-07 3.5235 7.068000e-01 2.851440e-01 5.416398e-03 -0.1204 
3.0334e+05 3.4631 3.5111 0.96204 0.53542 0.4386 1.8955e+02 0 9.9312e-07 3.5111 7.068000e-01 2.851440e-01 5.416398e-03 -0.1254 
4.8972e+05 3.5004 3.4992 0.63795 0.54084 0.4386 3.3169e+02 0 5.3703e-06 3.4992 7.068000e-01 2.851440e-01 5.416398e-03 -0.1346 
5.6857e+05 3.4425 3.5797 0.54706 0.54193 0.4386 1.6299e+02 0 3.4119e-06 3.5797 7.068000e-01 2.851440e-01 5.416398e-03 999.0000 
 1.1500 10 # agb_1.15_Z0.00800000_Mdot2_eta0.40_Mc0.00_dMc0.00_Tbd6.40_L0.00_dL0.00_C0.00_Nr3.00_rates0_KOPv_KMOLv.dat 
0.0000e+00 3.1391 3.5626 1.15000 0.52521 0.4256 3.1531e+01 1 1.9634e-08 3.5626 7.052000e-01 2.867550e-01 5.431880e-03 -0.1047 
1.4234e+05 3.2081 3.5547 1.14605 0.52666 0.4256 3.7960e+01 1 4.0087e-08 3.5547 7.052000e-01 2.867550e-01 5.431880e-03 -0.1060 
2.9910e+05 3.2543 3.5491 1.14005 0.52859 0.4256 4.3184e+01 1 6.5464e-08 3.5491 7.052000e-01 2.867550e-01 5.431880e-03 -0.1086 
4.8010e+05 3.2760 3.5460 1.12961 0.53134 0.4256 4.6166e+01 1 8.4140e-08 3.5460 7.052000e-01 2.867550e-01 5.431880e-03 -0.1106 
6.7246e+05 3.3096 3.5411 1.11283 0.53478 0.4256 5.1265e+01 1 1.2474e-07 3.5411 7.052000e-01 2.867550e-01 5.431880e-03 -0.1130 
8.7246e+05 3.3506 3.5345 1.08519 0.53884 0.4256 5.8759e+01 1 2.0701e-07 3.5345 7.052000e-01 2.867550e-01 5.431880e-03 -0.1167 
1.0801e+06 3.3878 3.5268 1.03517 0.54367 0.4256 1.3034e+02 0 3.5563e-07 3.5268 7.052000e-01 2.867550e-01 5.431880e-03 -0.1221 
1.2864e+06 3.4253 3.5162 0.93638 0.54908 0.4256 1.7065e+02 0 7.3282e-07 3.5162 7.052000e-01 2.867550e-01 5.431880e-03 -0.1295 
1.4849e+06 3.4663 3.5054 0.66221 0.55489 0.4256 2.8130e+02 0 3.3497e-06 3.5054 7.052000e-01 2.867550e-01 5.431880e-03 -0.1405 
1.5510e+06 3.4136 3.5813 0.56100 0.55569 0.4256 1.4726e+02 0 2.3714e-06 3.5813 7.052000e-01 2.867550e-01 5.431880e-03 999.0000 
 1.2000 9 # agb_1.20_Z0.00800000_Mdot2_eta0.40_Mc0.00_dMc0.00_Tbd6.40_L0.00_dL0.00_C0.00_Nr3.00_rates0_KOPv_KMOLv.dat 
0.0000e+00 3.1951 3.5589 1.20000 0.52757 0.4147 3.5109e+01 1 3.0061e-08 3.5589 7.052000e-01 2.867790e-01 5.435962e-03 -0.1072 
1.3872e+05 3.2643 3.5507 1.19437 0.52919 0.4147 4.2430e+01 1 6.1944e-08 3.5507 7.052000e-01 2.867790e-01 5.435962e-03 -0.1087 
3.0028e+05 3.2881 3.5475 1.18461 0.53157 0.4147 4.5575e+01 1 8.1096e-08 3.5475 7.052000e-01 2.867790e-01 5.435962e-03 -0.1091 
4.7111e+05 3.3439 3.5399 1.16942 0.53459 0.4147 5.3709e+01 1 1.4997e-07 3.5399 7.052000e-01 2.867790e-01 5.435962e-03 -0.1119 
6.6506e+05 3.3728 3.5348 1.14163 0.53872 0.4147 5.9485e+01 1 2.1878e-07 3.5348 7.052000e-01 2.867790e-01 5.435962e-03 -0.1158 
8.6579e+05 3.4089 3.5275 1.09292 0.54360 0.4147 1.2941e+02 0 3.6728e-07 3.5275 7.052000e-01 2.867790e-01 5.435962e-03 -0.1207 
1.0676e+06 3.4484 3.5168 0.99882 0.54914 0.4147 1.6862e+02 0 7.4645e-07 3.5168 7.052000e-01 2.867790e-01 5.435962e-03 -0.1282 
1.2649e+06 3.4890 3.4985 0.74603 0.55524 0.4147 2.8269e+02 0 2.9717e-06 3.4985 7.052000e-01 2.867790e-01 5.435962e-03 -0.1391 
1.3555e+06 3.4996 3.5805 0.56206 0.55704 0.4147 1.7947e+02 0 5.4325e-06 3.5805 7.052000e-01 2.867790e-01 5.435962e-03 999.0000 
 1.2500 9 # agb_1.25_Z0.00800000_Mdot2_eta0.40_Mc0.00_dMc0.00_Tbd6.40_L0.00_dL0.00_C0.00_Nr3.00_rates0_KOPv_KMOLv.dat 
0.0000e+00 3.2211 3.5584 1.25000 0.52886 0.4075 3.6208e+01 1 3.4119e-08 3.5584 7.061000e-01 2.858270e-01 5.438614e-03 -0.1077 
1.3393e+05 3.2995 3.5490 1.24417 0.53050 0.4075 4.4873e+01 1 7.7268e-08 3.5490 7.061000e-01 2.858270e-01 5.438614e-03 -0.1073 
2.9417e+05 3.3239 3.5457 1.23367 0.53300 0.4075 4.8295e+01 1 1.0186e-07 3.5457 7.061000e-01 2.858270e-01 5.438614e-03 -0.1089 
4.6623e+05 3.3705 3.5392 1.21659 0.53627 0.4075 5.5556e+01 1 1.7219e-07 3.5392 7.061000e-01 2.858270e-01 5.438614e-03 -0.1118 
6.6045e+05 3.3950 3.5344 1.18537 0.54070 0.4075 6.0958e+01 1 2.4155e-07 3.5344 7.061000e-01 2.858270e-01 5.438614e-03 -0.1151 
8.5760e+05 3.4353 3.5263 1.13181 0.54580 0.4075 1.3442e+02 0 4.2756e-07 3.5263 7.061000e-01 2.858270e-01 5.438614e-03 -0.1199 
1.0571e+06 3.4736 3.5149 1.02485 0.55164 0.4075 1.7720e+02 0 8.8716e-07 3.5149 7.061000e-01 2.858270e-01 5.438614e-03 -0.1280 
1.2503e+06 3.5140 3.4959 0.70632 0.55799 0.4075 3.2138e+02 0 4.5394e-06 3.4959 7.061000e-01 2.858270e-01 5.438614e-03 -0.1389 
1.3221e+06 3.4813 3.5789 0.56462 0.55917 0.4075 1.7405e+02 0 4.5186e-06 3.5789 7.061000e-01 2.858270e-01 5.438614e-03 999.0000 
 1.3000 8 # agb_1.30_Z0.00800000_Mdot2_eta0.40_Mc0.00_dMc0.00_Tbd6.40_L0.00_dL0.00_C0.00_Nr3.00_rates0_KOPv_KMOLv.dat 
0.0000e+00 3.2754 3.5545 1.30000 0.53077 0.4006 4.0330e+01 1 5.2000e-08 3.5545 7.070000e-01 2.849750e-01 5.442517e-03 -0.1100 
1.3640e+05 3.3318 3.5475 1.29075 0.53272 0.4006 4.7262e+01 1 9.4842e-08 3.5475 7.070000e-01 2.849750e-01 5.442517e-03 -0.1080 
2.8917e+05 3.3861 3.5402 1.27547 0.53547 0.4006 5.5371e+01 1 1.7219e-07 3.5402 7.070000e-01 2.849750e-01 5.442517e-03 -0.1106 
4.6432e+05 3.4202 3.5344 1.24839 0.53937 0.4006 6.2163e+01 1 2.6242e-07 3.5344 7.070000e-01 2.849750e-01 5.442517e-03 -0.1136 
6.5633e+05 3.4507 3.5279 1.19872 0.54444 0.4006 7.0396e+01 1 4.1210e-07 3.5279 7.070000e-01 2.849750e-01 5.442517e-03 -0.1176 
8.5320e+05 3.4857 3.5179 1.10415 0.55036 0.4006 1.6585e+02 0 7.8163e-07 3.5179 7.070000e-01 2.849750e-01 5.442517e-03 -0.1236 
1.0454e+06 3.5277 3.4973 0.86698 0.55684 0.4006 2.7213e+02 0 2.7290e-06 3.4973 7.070000e-01 2.849750e-01 5.442517e-03 -0.1350 
1.1546e+06 3.5645 3.5802 0.56479 0.55978 0.4006 2.0718e+02 0 1.0046e-05 3.5802 7.070000e-01 2.849750e-01 5.442517e-03 999.0000 
 1.3500 7 # agb_1.35_Z0.00800000_Mdot2_eta0.40_Mc0.00_dMc0.00_Tbd6.40_L0.00_dL0.00_C0.00_Nr3.00_rates0_KOPv_KMOLv.dat 
0.0000e+00 3.3466 3.5485 1.35000 0.53257 0.3937 4.7112e+01 1 9.4842e-08 3.5485 7.079000e-01 2.840230e-01 5.445050e-03 -0.1126 
1.3002e+05 3.4217 3.5386 1.33501 0.53474 0.3937 5.8420e+01 1 2.1232e-07 3.5386 7.079000e-01 2.840230e-01 5.445050e-03 -0.1092 
2.9119e+05 3.4354 3.5354 1.30521 0.53830 0.3937 6.2055e+01 1 2.6424e-07 3.5354 7.079000e-01 2.840230e-01 5.445050e-03 -0.1135 
4.6705e+05 3.4766 3.5273 1.25294 0.54307 0.3937 7.2474e+01 1 4.6345e-07 3.5273 7.079000e-01 2.840230e-01 5.445050e-03 -0.1178 
6.5646e+05 3.5160 3.5162 1.14960 0.54908 0.3937 1.7360e+02 0 9.3111e-07 3.5162 7.079000e-01 2.840230e-01 5.445050e-03 -0.1242 
8.4769e+05 3.5554 3.4931 0.87596 0.55592 0.3937 2.9775e+02 0 3.5237e-06 3.4931 7.079000e-01 2.840230e-01 5.445050e-03 -0.1342 
9.5377e+05 3.5851 3.5771 0.56438 0.55884 0.3937 2.2319e+02 0 1.2474e-05 3.5771 7.079000e-01 2.840230e-01 5.445050e-03 999.0000 
 1.4000 10 # agb_1.40_Z0.00800000_Mdot2_eta0.40_Mc0.00_dMc0.00_Tbd6.40_L0.00_dL0.00_C0.00_Nr3.00_rates0_KOPv_KMOLv.dat 
0.0000e+00 3.2276 3.5643 1.40000 0.53209 0.3870 3.3126e+01 1 2.4889e-08 3.5643 7.089000e-01 2.830880e-01 5.447918e-03 -0.1035 
1.3393e+05 3.2819 3.5582 1.39568 0.53378 0.3870 3.8302e+01 1 4.3752e-08 3.5582 7.089000e-01 2.830880e-01 5.447918e-03 -0.1035 
2.8143e+05 3.3359 3.5517 1.38896 0.53607 0.3870 4.4474e+01 1 7.7090e-08 3.5517 7.089000e-01 2.830880e-01 5.447918e-03 -0.1045 
4.5397e+05 3.3603 3.5483 1.37680 0.53942 0.3870 4.7870e+01 1 1.0186e-07 3.5483 7.089000e-01 2.830880e-01 5.447918e-03 -0.1075 
6.3306e+05 3.4062 3.5421 1.35803 0.54344 0.3870 5.4880e+01 1 1.7061e-07 3.5421 7.089000e-01 2.830880e-01 5.447918e-03 -0.1112 
8.2575e+05 3.4395 3.5364 1.32559 0.54814 0.3940 6.1591e+01 1 2.6062e-07 3.5364 7.086513e-01 2.833130e-01 5.471175e-03 -0.1159 
1.0219e+06 3.4716 3.5294 1.26887 0.55336 0.4131 7.0281e+01 1 4.1976e-07 3.5294 7.081686e-01 2.837330e-01 5.530244e-03 -0.1197 
1.2106e+06 3.5128 3.5183 1.16570 0.55887 0.4482 1.6719e+02 0 8.5704e-07 3.5183 7.075388e-01 2.842540e-01 5.634081e-03 -0.1260 
1.3923e+06 3.5546 3.4966 0.91315 0.56501 0.4888 2.7744e+02 0 3.0200e-06 3.4966 7.069893e-01 2.846810e-01 5.751247e-03 -0.1382 
1.4941e+06 3.5920 3.5784 0.57346 0.56802 0.4888 2.2084e+02 0 1.2589e-05 3.5784 7.069893e-01 2.846810e-01 5.751247e-03 999.0000 
 1.4500 8 # agb_1.45_Z0.00800000_Mdot2_eta0.40_Mc0.00_dMc0.00_Tbd6.40_L0.00_dL0.00_C0.00_Nr3.00_rates0_KOPv_KMOLv.dat 
0.0000e+00 3.3272 3.5553 1.45000 0.53331 0.3783 4.1696e+01 1 6.0954e-08 3.5553 7.090000e-01 2.829580e-01 5.452344e-03 -0.1089 
1.3362e+05 3.3726 3.5496 1.44004 0.53546 0.3783 4.7404e+01 1 9.9312e-08 3.5496 7.090000e-01 2.829580e-01 5.452344e-03 -0.1048 
2.8341e+05 3.4333 3.5416 1.42321 0.53853 0.3783 5.6497e+01 1 1.9187e-07 3.5416 7.090000e-01 2.829580e-01 5.452344e-03 -0.1084 
4.5662e+05 3.4673 3.5360 1.39318 0.54294 0.3783 6.3327e+01 1 2.9242e-07 3.5360 7.090000e-01 2.829580e-01 5.452344e-03 -0.1118 
6.4583e+05 3.4955 3.5298 1.33957 0.54828 0.3848 7.1226e+01 1 4.4668e-07 3.5298 7.087238e-01 2.832110e-01 5.474397e-03 -0.1165 
8.3640e+05 3.5343 3.5195 1.24286 0.55408 0.4037 1.6380e+02 0 8.5901e-07 3.5195 7.081702e-01 2.837030e-01 5.532873e-03 -0.1220 
1.0247e+06 3.5702 3.5007 1.02116 0.56049 0.4375 2.5052e+02 0 2.4378e-06 3.5007 7.075009e-01 2.842680e-01 5.632215e-03 -0.1314 
1.1601e+06 3.6229 3.5779 0.57089 0.56534 0.4407 2.3866e+02 0 1.7258e-05 3.5779 7.074563e-01 2.843030e-01 5.641149e-03 999.0000 
 1.5000 11 # agb_1.50_Z0.00800000_Mdot2_eta0.40_Mc0.00_dMc0.00_Tbd6.40_L0.00_dL0.00_C0.00_Nr3.00_rates0_KOPv_KMOLv.dat 
0.0000e+00 3.2384 3.5673 1.50000 0.53370 0.3721 3.1916e+01 1 2.2029e-08 3.5673 7.093000e-01 2.826330e-01 5.454456e-03 -0.1021 
1.3165e+05 3.2935 3.5613 1.49620 0.53541 0.3721 3.6933e+01 1 3.8905e-08 3.5613 7.093000e-01 2.826330e-01 5.454456e-03 -0.1024 
2.7721e+05 3.3449 3.5552 1.49035 0.53775 0.3721 4.2499e+01 1 6.6527e-08 3.5552 7.093000e-01 2.826330e-01 5.454456e-03 -0.1019 
4.4765e+05 3.3650 3.5525 1.48000 0.54115 0.3721 4.5136e+01 1 8.3560e-08 3.5525 7.093000e-01 2.826330e-01 5.454456e-03 -0.1049 
6.2637e+05 3.4063 3.5471 1.46379 0.54499 0.3772 5.0934e+01 1 1.3213e-07 3.5471 7.090743e-01 2.828410e-01 5.472038e-03 -0.1086 
8.1716e+05 3.4378 3.5422 1.43709 0.54942 0.3911 5.6461e+01 1 1.9409e-07 3.5422 7.085882e-01 2.832790e-01 5.518123e-03 -0.1132 
1.0069e+06 3.4801 3.5349 1.39457 0.55408 0.4206 6.5325e+01 1 3.3189e-07 3.5349 7.078589e-01 2.839120e-01 5.609307e-03 -0.1175 
1.1964e+06 3.5174 3.5264 1.32079 0.55924 0.4711 7.6537e+01 1 5.8614e-07 3.5264 7.069565e-01 2.846570e-01 5.759080e-03 -0.1208 
1.3790e+06 3.5573 3.5129 1.17744 0.56491 0.5402 1.9191e+02 0 1.3092e-06 3.5129 7.060162e-01 2.853890e-01 5.958705e-03 -0.1288 
1.5521e+06 3.5995 3.4917 0.68220 0.57137 0.6058 4.1661e+02 0 8.2604e-06 3.4917 7.052883e-01 2.859230e-01 6.145812e-03 -0.1410 
1.5925e+06 3.4563 3.5814 0.57683 0.57178 0.6058 1.5789e+02 0 3.2885e-06 3.5814 7.052883e-01 2.859230e-01 6.145812e-03 999.0000 
 1.5500 8 # agb_1.55_Z0.00800000_Mdot2_eta0.40_Mc0.00_dMc0.00_Tbd6.40_L0.00_dL0.00_C0.00_Nr3.00_rates0_KOPv_KMOLv.dat 
0.0000e+00 3.3819 3.5534 1.55000 0.53410 0.3657 4.5176e+01 1 8.4918e-08 3.5534 7.085000e-01 2.834060e-01 5.457709e-03 -0.1092 
1.2918e+05 3.4441 3.5456 1.53746 0.53643 0.3657 5.3832e+01 1 1.6482e-07 3.5456 7.085000e-01 2.834060e-01 5.457709e-03 -0.1058 
2.8294e+05 3.4856 3.5394 1.51396 0.54008 0.3657 6.1242e+01 1 2.6546e-07 3.5394 7.085000e-01 2.834060e-01 5.457709e-03 -0.1088 
4.6045e+05 3.5111 3.5343 1.47122 0.54534 0.3657 6.7571e+01 1 3.8019e-07 3.5343 7.085000e-01 2.834060e-01 5.457709e-03 -0.1128 
6.4720e+05 3.5466 3.5261 1.39769 0.55126 0.3745 7.8649e+01 1 6.5313e-07 3.5261 7.081497e-01 2.837270e-01 5.486544e-03 -0.1182 
8.3606e+05 3.5806 3.5139 1.25819 0.55764 0.4008 1.8880e+02 0 1.3305e-06 3.5139 7.074640e-01 2.843290e-01 5.565352e-03 -0.1248 
1.0188e+06 3.6181 3.4813 0.81916 0.56458 0.4445 4.0424e+02 0 8.3946e-06 3.4813 7.066983e-01 2.849630e-01 5.690546e-03 -0.1361 
1.0920e+06 3.5899 3.5777 0.57184 0.56632 0.4445 2.2167e+02 0 1.2503e-05 3.5777 7.066983e-01 2.849630e-01 5.690546e-03 999.0000 
 1.6000 9 # agb_1.60_Z0.00800000_Mdot2_eta0.40_Mc0.00_dMc0.00_Tbd6.40_L0.00_dL0.00_C0.00_Nr3.00_rates0_KOPv_KMOLv.dat 
0.0000e+00 3.3591 3.5581 1.60000 0.52561 0.3711 4.1191e+01 1 6.0395e-08 3.5581 7.051000e-01 2.867860e-01 5.449720e-03 -0.1064 
1.4267e+05 3.4125 3.5516 1.58968 0.52805 0.3711 4.7790e+01 1 1.0641e-07 3.5516 7.051000e-01 2.867860e-01 5.449720e-03 -0.1012 
3.0859e+05 3.4585 3.5455 1.57184 0.53175 0.3711 5.4689e+01 1 1.7701e-07 3.5455 7.051000e-01 2.867860e-01 5.449720e-03 -0.1032 
4.9665e+05 3.4983 3.5393 1.54142 0.53693 0.3711 6.2133e+01 1 2.8379e-07 3.5393 7.051000e-01 2.867860e-01 5.449720e-03 -0.1066 
6.9956e+05 3.5286 3.5333 1.49072 0.54286 0.3806 6.9830e+01 1 4.3451e-07 3.5333 7.047283e-01 2.871260e-01 5.480299e-03 -0.1115 
9.0545e+05 3.5583 3.5251 1.40399 0.54919 0.4099 8.0736e+01 1 7.2444e-07 3.5251 7.039739e-01 2.877890e-01 5.567128e-03 -0.1170 
1.1037e+06 3.5937 3.5111 1.23952 0.55576 0.4676 2.0200e+02 0 1.5996e-06 3.5111 7.029799e-01 2.886110e-01 5.729759e-03 -0.1236 
1.2926e+06 3.6299 3.4839 0.68428 0.56314 0.5347 4.7685e+02 0 6.5917e-06 3.4839 7.021234e-01 2.892750e-01 5.915093e-03 -0.1370 
1.3428e+06 3.4809 3.5792 0.56926 0.56380 0.5347 1.7209e+02 0 4.3853e-06 3.5792 7.021234e-01 2.892750e-01 5.915093e-03 999.0000 
 1.6500 12 # agb_1.65_Z0.00800000_Mdot2_eta0.40_Mc0.00_dMc0.00_Tbd6.40_L0.00_dL0.00_C0.00_Nr3.00_rates0_KOPv_KMOLv.dat 
0.0000e+00 3.2578 3.5710 1.65000 0.52223 0.3711 3.0658e+01 1 1.9454e-08 3.5710 7.041000e-01 2.878580e-01 5.447939e-03 -0.0992 
1.4377e+05 3.3237 3.5639 1.64683 0.52409 0.3711 3.6450e+01 1 3.8194e-08 3.5639 7.041000e-01 2.878580e-01 5.447939e-03 -0.0962 
3.1530e+05 3.3444 3.5615 1.64120 0.52698 0.3711 3.8612e+01 1 4.7643e-08 3.5615 7.041000e-01 2.878580e-01 5.447939e-03 -0.0974 
5.0128e+05 3.3893 3.5562 1.63241 0.53078 0.3711 4.3694e+01 1 7.6736e-08 3.5562 7.041000e-01 2.878580e-01 5.447939e-03 -0.0988 
7.0669e+05 3.4165 3.5527 1.61832 0.53525 0.3779 4.7327e+01 1 1.0423e-07 3.5527 7.038093e-01 2.881260e-01 5.470735e-03 -0.1011 
9.1075e+05 3.4644 3.5464 1.59843 0.53966 0.3976 5.4454e+01 1 1.7701e-07 3.5464 7.031843e-01 2.886860e-01 5.532689e-03 -0.1044 
1.1313e+06 3.4855 3.5424 1.56430 0.54490 0.4402 5.8893e+01 1 2.3659e-07 3.5424 7.022511e-01 2.894870e-01 5.658115e-03 -0.1085 
1.3397e+06 3.5219 3.5358 1.51328 0.55003 0.5144 6.7221e+01 1 3.8459e-07 3.5358 7.010777e-01 2.904390e-01 5.868685e-03 -0.1133 
1.5415e+06 3.5576 3.5273 1.42869 0.55556 0.6211 7.8659e+01 1 6.7453e-07 3.5273 6.997640e-01 2.914430e-01 6.166189e-03 -0.1160 
1.7327e+06 3.5971 3.5137 1.26879 0.56162 0.7476 1.9483e+02 0 1.5205e-06 3.5137 6.984584e-01 2.923850e-01 6.515814e-03 -0.1226 
1.9129e+06 3.6360 3.4851 0.73424 0.56873 0.8490 4.4871e+02 0 7.6033e-06 3.4851 6.975302e-01 2.930240e-01 6.794453e-03 -0.1309 
1.9664e+06 3.5364 3.5784 0.57465 0.56965 0.8490 1.9460e+02 0 7.3114e-06 3.5784 6.975302e-01 2.930240e-01 6.794453e-03 999.0000 
 1.7000 11 # agb_1.70_Z0.00800000_Mdot2_eta0.40_Mc0.00_dMc0.00_Tbd6.40_L0.00_dL0.00_C0.00_Nr3.00_rates0_KOPv_KMOLv.dat 
0.0000e+00 3.3038 3.5679 1.70000 0.51638 0.3713 3.3589e+01 1 2.8054e-08 3.5679 7.033000e-01 2.886330e-01 5.445255e-03 -0.1003 
1.5029e+05 3.3757 3.5599 1.69551 0.51848 0.3713 4.0668e+01 1 5.8749e-08 3.5599 7.033000e-01 2.886330e-01 5.445255e-03 -0.0956 
3.3422e+05 3.4002 3.5569 1.68687 0.52193 0.3713 4.3605e+01 1 7.6736e-08 3.5569 7.033000e-01 2.886330e-01 5.445255e-03 -0.0970 
5.3820e+05 3.4324 3.5528 1.67312 0.52663 0.3713 4.7857e+01 1 1.0965e-07 3.5528 7.033000e-01 2.886330e-01 5.445255e-03 -0.0989 
7.4963e+05 3.4781 3.5468 1.65356 0.53157 0.3801 5.4704e+01 1 1.8155e-07 3.5468 7.029431e-01 2.889610e-01 5.473743e-03 -0.1012 
9.7913e+05 3.4989 3.5431 1.62088 0.53725 0.4069 5.8990e+01 1 2.4044e-07 3.5431 7.021882e-01 2.896310e-01 5.554444e-03 -0.1055 
1.1996e+06 3.5324 3.5370 1.57336 0.54276 0.4647 6.6595e+01 1 3.7497e-07 3.5370 7.010908e-01 2.905550e-01 5.718606e-03 -0.1093 
1.4152e+06 3.5644 3.5294 1.49672 0.54857 0.5608 7.6550e+01 1 6.1802e-07 3.5294 6.997588e-01 2.916090e-01 5.984303e-03 -0.1143 
1.6207e+06 3.5974 3.5188 1.36249 0.55481 0.6893 1.7472e+02 0 1.1940e-06 3.5188 6.983335e-01 2.926690e-01 6.334978e-03 -0.1175 
1.8138e+06 3.6347 3.4927 1.02187 0.56187 0.8194 3.1061e+02 0 4.7098e-06 3.4927 6.970856e-01 2.935500e-01 6.688350e-03 -0.1284 
1.9368e+06 3.6751 3.5782 0.57180 0.56673 0.8194 2.6709e+02 0 2.8445e-05 3.5782 6.970856e-01 2.935500e-01 6.688350e-03 999.0000 
 1.7500 13 # agb_1.75_Z0.00800000_Mdot2_eta0.40_Mc0.00_dMc0.00_Tbd6.40_L0.00_dL0.00_C0.00_Nr3.00_rates0_KOPv_KMOLv.dat 
0.0000e+00 3.2404 3.5760 1.75000 0.51070 0.3714 2.7785e+01 1 1.3366e-08 3.5760 7.028000e-01 2.891090e-01 5.443318e-03 -0.0958 
1.6074e+05 3.3040 3.5695 1.74769 0.51260 0.3714 3.2740e+01 1 2.5586e-08 3.5695 7.028000e-01 2.891090e-01 5.443318e-03 -0.0912 
3.4460e+05 3.3468 3.5648 1.74401 0.51535 0.3714 3.6690e+01 1 3.9811e-08 3.5648 7.028000e-01 2.891090e-01 5.443318e-03 -0.0927 
5.5289e+05 3.3804 3.5611 1.73806 0.51920 0.3714 4.0171e+01 1 5.6754e-08 3.5611 7.028000e-01 2.891090e-01 5.443318e-03 -0.0947 
7.8234e+05 3.4070 3.5579 1.72851 0.52423 0.3714 4.3292e+01 1 7.5683e-08 3.5579 7.028000e-01 2.891090e-01 5.443318e-03 -0.0960 
1.0116e+06 3.4425 3.5535 1.71531 0.52912 0.3835 4.7897e+01 1 1.1143e-07 3.5535 7.024141e-01 2.894560e-01 5.480812e-03 -0.0986 
1.2455e+06 3.4729 3.5494 1.69550 0.53416 0.4184 5.2471e+01 1 1.5776e-07 3.5494 7.016524e-01 2.901100e-01 5.582271e-03 -0.1012 
1.4818e+06 3.4942 3.5457 1.66513 0.53951 0.4873 5.6579e+01 1 2.0893e-07 3.5457 7.005762e-01 2.909840e-01 5.775406e-03 -0.1053 
1.7041e+06 3.5281 3.5400 1.62159 0.54468 0.5960 6.3652e+01 1 3.2285e-07 3.5400 6.992609e-01 2.919880e-01 6.074190e-03 -0.1074 
1.9193e+06 3.5600 3.5330 1.55329 0.55019 0.7406 7.2597e+01 1 5.1880e-07 3.5330 6.977893e-01 2.930500e-01 6.468848e-03 -0.1125 
2.1219e+06 3.5960 3.5257 1.44229 0.55605 0.9072 8.4952e+01 1 9.5719e-07 3.5257 6.962736e-01 2.940970e-01 6.921532e-03 -0.1090 
2.3134e+06 3.6326 3.4985 1.20034 0.56273 1.0671 2.5385e+02 0 2.7290e-06 3.4985 6.949133e-01 2.950060e-01 7.355794e-03 -0.1238 
2.4792e+06 3.6821 3.5717 0.57552 0.57010 1.1247 2.8582e+02 0 3.0690e-05 3.5717 6.944446e-01 2.953130e-01 7.512155e-03 999.0000 
 1.8000 16 # agb_1.80_Z0.00800000_Mdot2_eta0.40_Mc0.00_dMc0.00_Tbd6.40_L0.00_dL0.00_C0.00_Nr3.00_rates0_KOPv_KMOLv.dat 
0.0000e+00 3.1582 3.5855 1.80000 0.50919 0.3721 2.1967e+01 1 5.2966e-09 3.5855 7.028000e-01 2.891100e-01 5.443078e-03 -0.0918 
1.6636e+05 3.1965 3.5819 1.79907 0.51080 0.3721 2.4205e+01 1 7.8163e-09 3.5819 7.028000e-01 2.891100e-01 5.443078e-03 -0.0872 
3.4763e+05 3.2547 3.5762 1.79767 0.51295 0.3721 2.8075e+01 1 1.4125e-08 3.5762 7.028000e-01 2.891100e-01 5.443078e-03 -0.0893 
5.5041e+05 3.2921 3.5725 1.79548 0.51587 0.3721 3.0912e+01 1 2.0701e-08 3.5725 7.028000e-01 2.891100e-01 5.443078e-03 -0.0902 
7.7405e+05 3.3190 3.5697 1.79212 0.51966 0.3721 3.3173e+01 1 2.7353e-08 3.5697 7.028000e-01 2.891100e-01 5.443078e-03 -0.0921 
1.0112e+06 3.3421 3.5672 1.78706 0.52372 0.3803 3.5313e+01 1 3.4914e-08 3.5672 7.024991e-01 2.893830e-01 5.470161e-03 -0.0934 
1.2544e+06 3.3637 3.5648 1.77974 0.52785 0.4031 3.7475e+01 1 4.4055e-08 3.5648 7.018862e-01 2.899220e-01 5.540257e-03 -0.0951 
1.4866e+06 3.4088 3.5597 1.77021 0.53155 0.4491 4.2360e+01 1 7.0958e-08 3.5597 7.009899e-01 2.906770e-01 5.675128e-03 -0.0967 
1.7267e+06 3.4379 3.5561 1.75604 0.53566 0.5263 4.6052e+01 1 9.7949e-08 3.5561 6.998546e-01 2.915830e-01 5.894580e-03 -0.0992 
1.9604e+06 3.4704 3.5514 1.73613 0.53984 0.6387 5.0872e+01 1 1.4191e-07 3.5514 6.985270e-01 2.925830e-01 6.208841e-03 -0.0994 
2.1883e+06 3.5023 3.5469 1.70736 0.54428 0.7846 5.6207e+01 1 2.0797e-07 3.5469 6.970547e-01 2.936360e-01 6.613519e-03 -0.1032 
2.4063e+06 3.5365 3.5433 1.66593 0.54897 0.9570 6.2209e+01 1 3.1696e-07 3.5433 6.954874e-01 2.947090e-01 7.090238e-03 -0.0965 
2.6177e+06 3.5675 3.5231 1.59728 0.55425 1.1451 7.8024e+01 1 5.3580e-07 3.5231 6.938836e-01 2.957740e-01 7.609798e-03 -0.1171 
2.8152e+06 3.6029 3.5048 1.47987 0.55997 1.3336 1.8597e+02 0 1.0399e-06 3.5048 6.923305e-01 2.967850e-01 8.130938e-03 -0.1300 
3.0009e+06 3.6387 3.4776 1.22442 0.56661 1.4951 3.0484e+02 0 2.9992e-06 3.4776 6.910241e-01 2.976260e-01 8.577610e-03 -0.1460 
3.1658e+06 3.6866 3.5670 0.57991 0.57452 1.5231 2.9901e+02 0 3.0549e-05 3.5670 6.908012e-01 2.977670e-01 8.655072e-03 999.0000 
 1.8500 27 # agb_1.85_Z0.00800000_Mdot2_eta0.40_Mc0.00_dMc0.00_Tbd6.40_L0.00_dL0.00_C0.00_Nr3.00_rates0_KOPv_KMOLv.dat 
0.0000e+00 2.9605 3.6042 1.85000 0.48328 0.3749 1.3160e+01 1 6.6069e-10 3.6042 7.015000e-01 2.904860e-01 5.439822e-03 -0.0839 
2.1439e+05 2.9792 3.6026 1.84967 0.48433 0.3749 1.3779e+01 1 7.9616e-10 3.6026 7.015000e-01 2.904860e-01 5.439822e-03 -0.0818 
4.4331e+05 3.0141 3.5996 1.84926 0.48563 0.3749 1.5009e+01 1 1.1324e-09 3.5996 7.015000e-01 2.904860e-01 5.439822e-03 -0.0818 
6.9009e+05 3.0383 3.5976 1.84903 0.48726 0.3749 1.5933e+01 1 1.4454e-09 3.5976 7.015000e-01 2.904860e-01 5.439822e-03 -0.0821 
9.4269e+05 3.0889 3.5930 1.84874 0.48910 0.3749 1.8066e+01 1 2.4099e-09 3.5930 7.015000e-01 2.904860e-01 5.439822e-03 -0.0820 
1.2266e+06 3.0982 3.5923 1.84833 0.49155 0.3749 1.8486e+01 1 2.6485e-09 3.5923 7.015000e-01 2.904860e-01 5.439822e-03 -0.0827 
1.5100e+06 3.1316 3.5892 1.84784 0.49416 0.3749 2.0102e+01 1 3.7154e-09 3.5892 7.015000e-01 2.904860e-01 5.439822e-03 -0.0829 
1.8174e+06 3.1410 3.5883 1.84711 0.49743 0.3749 2.0578e+01 1 4.0832e-09 3.5883 7.015000e-01 2.904860e-01 5.439822e-03 -0.0836 
2.1140e+06 3.1724 3.5855 1.84624 0.50076 0.3749 2.2263e+01 1 5.6234e-09 3.5855 7.015000e-01 2.904860e-01 5.439822e-03 -0.0846 
2.4241e+06 3.1811 3.5847 1.84496 0.50471 0.3749 2.2753e+01 1 6.1518e-09 3.5847 7.015000e-01 2.904860e-01 5.439822e-03 -0.0856 
2.7136e+06 3.2157 3.5815 1.84340 0.50801 0.3936 2.4841e+01 1 8.7498e-09 3.5815 7.012025e-01 2.907250e-01 5.494921e-03 -0.0866 
2.9963e+06 3.2487 3.5783 1.84138 0.51101 0.4365 2.7013e+01 1 1.2246e-08 3.5783 7.006585e-01 2.911410e-01 5.618347e-03 -0.0877 
3.2885e+06 3.2698 3.5763 1.83854 0.51423 0.5073 2.8511e+01 1 1.5241e-08 3.5763 6.999100e-01 2.916820e-01 5.819465e-03 -0.0889 
3.5768e+06 3.2900 3.5736 1.83482 0.51740 0.6074 3.0212e+01 1 1.8880e-08 3.5736 6.989884e-01 2.923120e-01 6.102034e-03 -0.0892 
3.8582e+06 3.3160 3.5710 1.83000 0.52055 0.7349 3.2333e+01 1 2.4774e-08 3.5710 6.979266e-01 2.930040e-01 6.461568e-03 -0.0902 
4.1340e+06 3.3404 3.5678 1.82381 0.52379 0.8869 3.4671e+01 1 3.2137e-08 3.5678 6.967469e-01 2.937430e-01 6.890483e-03 -0.0886 
4.4018e+06 3.3685 3.5594 1.81570 0.52714 1.0576 3.8915e+01 1 4.4463e-08 3.5594 6.954802e-01 2.945120e-01 7.373735e-03 -0.0963 
4.6617e+06 3.3969 3.5491 1.80490 0.53066 1.2423 4.4326e+01 1 6.2517e-08 3.5491 6.941439e-01 2.953080e-01 7.898777e-03 -0.1066 
4.9128e+06 3.4250 3.5410 1.79054 0.53439 1.4357 4.9732e+01 1 8.7297e-08 3.5410 6.927590e-01 2.961220e-01 8.450858e-03 -0.1148 
5.1543e+06 3.4545 3.5331 1.77133 0.53837 1.6329 5.5920e+01 1 1.2445e-07 3.5331 6.913456e-01 2.969500e-01 9.016169e-03 -0.1183 
5.3829e+06 3.4868 3.5250 1.74596 0.54249 1.8300 6.3427e+01 1 1.8450e-07 3.5250 6.899205e-01 2.977860e-01 9.583241e-03 -0.1244 
5.6061e+06 3.5148 3.5195 1.71018 0.54717 2.0228 7.0219e+01 1 2.6485e-07 3.5195 6.885072e-01 2.986180e-01 1.013955e-02 -0.1273 
5.8219e+06 3.5384 3.5138 1.65860 0.55242 2.2069 7.7658e+01 1 3.7584e-07 3.5138 6.871340e-01 2.994330e-01 1.067234e-02 -0.1295 
6.0206e+06 3.5715 3.4982 1.58167 0.55789 2.3764 9.4747e+01 1 6.4269e-07 3.4982 6.858478e-01 3.002010e-01 1.116372e-02 -0.1387 
6.2090e+06 3.6021 3.4854 1.45467 0.56406 2.5201 2.2421e+02 0 1.1885e-06 3.4854 6.847393e-01 3.008680e-01 1.158101e-02 -0.1458 
6.3842e+06 3.6373 3.4577 1.18174 0.57114 2.6094 3.7456e+02 0 3.6141e-06 3.4577 6.840441e-01 3.012870e-01 1.184032e-02 -0.1580 
6.5372e+06 3.6806 3.5620 0.58387 0.57861 2.6094 3.0650e+02 0 2.6730e-05 3.5620 6.840441e-01 3.012870e-01 1.184032e-02 999.0000 
 1.9000 18 # agb_1.90_Z0.00800000_Mdot2_eta0.40_Mc0.00_dMc0.00_Tbd6.40_L0.00_dL0.00_C0.00_Nr3.00_rates0_KOPv_KMOLv.dat 
0.0000e+00 3.1366 3.5905 1.90000 0.50112 0.3728 1.9812e+01 1 3.5563e-09 3.5905 7.009000e-01 2.910640e-01 5.438364e-03 -0.0895 
1.7685e+05 3.1894 3.5856 1.89936 0.50266 0.3728 2.2614e+01 1 6.0534e-09 3.5856 7.009000e-01 2.910640e-01 5.438364e-03 -0.0852 
3.7341e+05 3.2332 3.5815 1.89840 0.50477 0.3728 2.5265e+01 1 9.4406e-09 3.5815 7.009000e-01 2.910640e-01 5.438364e-03 -0.0864 
5.9136e+05 3.2698 3.5780 1.89691 0.50760 0.3728 2.7726e+01 1 1.3709e-08 3.5780 7.009000e-01 2.910640e-01 5.438364e-03 -0.0870 
8.3209e+05 3.2934 3.5757 1.89466 0.51131 0.3728 2.9460e+01 1 1.7498e-08 3.5757 7.009000e-01 2.910640e-01 5.438364e-03 -0.0885 
1.0880e+06 3.3135 3.5737 1.89129 0.51585 0.3728 3.1042e+01 1 2.1528e-08 3.5737 7.009000e-01 2.910640e-01 5.438364e-03 -0.0904 
1.3379e+06 3.3502 3.5698 1.88690 0.51994 0.3857 3.4196e+01 1 3.1477e-08 3.5698 7.005436e-01 2.913790e-01 5.477672e-03 -0.0920 
1.5981e+06 3.3702 3.5676 1.88034 0.52420 0.4203 3.6115e+01 1 3.9084e-08 3.5676 6.998576e-01 2.919600e-01 5.577725e-03 -0.0932 
1.8428e+06 3.4115 3.5630 1.87211 0.52788 0.4859 4.0361e+01 1 6.0256e-08 3.5630 6.988848e-01 2.927400e-01 5.761498e-03 -0.0946 
2.0949e+06 3.4395 3.5593 1.85999 0.53193 0.5887 4.3799e+01 1 8.2035e-08 3.5593 6.976718e-01 2.936590e-01 6.044203e-03 -0.0949 
2.3406e+06 3.4684 3.5557 1.84344 0.53601 0.7298 4.7647e+01 1 1.1350e-07 3.5557 6.962591e-01 2.946730e-01 6.428770e-03 -0.0979 
2.5832e+06 3.4935 3.5527 1.81978 0.54044 0.9041 5.1327e+01 1 1.5241e-07 3.5527 6.946942e-01 2.957480e-01 6.902466e-03 -0.0945 
2.8117e+06 3.5260 3.5386 1.78652 0.54484 1.1038 6.0942e+01 1 2.3605e-07 3.5386 6.930175e-01 2.968630e-01 7.444432e-03 -0.1091 
3.0308e+06 3.5593 3.5244 1.73657 0.54960 1.3177 7.2949e+01 1 3.7931e-07 3.5244 6.912814e-01 2.979950e-01 8.025799e-03 -0.1218 
3.2405e+06 3.5905 3.5113 1.65869 0.55487 1.5350 8.7027e+01 1 6.2806e-07 3.5113 6.895406e-01 2.991190e-01 8.617289e-03 -0.1303 
3.4382e+06 3.6245 3.4951 1.52466 0.56081 1.7411 2.0732e+02 0 1.2218e-06 3.4951 6.878914e-01 3.001800e-01 9.179082e-03 -0.1388 
3.6221e+06 3.6597 3.4689 1.23361 0.56767 1.9089 3.4300e+02 0 3.7411e-06 3.4689 6.865442e-01 3.010450e-01 9.637369e-03 -0.1497 
3.7813e+06 3.7083 3.5692 0.58088 0.57585 1.9089 3.0714e+02 0 2.8184e-05 3.5692 6.865442e-01 3.010450e-01 9.637369e-03 999.0000 
 1.9500 22 # agb_1.95_Z0.00800000_Mdot2_eta0.40_Mc0.00_dMc0.00_Tbd6.40_L0.00_dL0.00_C0.00_Nr3.00_rates0_KOPv_KMOLv.dat 
0.0000e+00 3.0780 3.5972 1.95000 0.49681 0.3733 1.6713e+01 1 1.8030e-09 3.5972 7.001000e-01 2.918460e-01 5.437326e-03 -0.0872 
1.8855e+05 3.0962 3.5956 1.94967 0.49820 0.3733 1.7487e+01 1 2.1677e-09 3.5956 7.001000e-01 2.918460e-01 5.437326e-03 -0.0836 
3.9059e+05 3.1505 3.5907 1.94921 0.49998 0.3733 2.0029e+01 1 3.7497e-09 3.5907 7.001000e-01 2.918460e-01 5.437326e-03 -0.0838 
6.1320e+05 3.1860 3.5874 1.94853 0.50232 0.3733 2.1894e+01 1 5.3827e-09 3.5874 7.001000e-01 2.918460e-01 5.437326e-03 -0.0848 
8.5677e+05 3.2097 3.5852 1.94753 0.50533 0.3733 2.3245e+01 1 6.8391e-09 3.5852 7.001000e-01 2.918460e-01 5.437326e-03 -0.0857 
1.1044e+06 3.2523 3.5812 1.94623 0.50871 0.3733 2.5876e+01 1 1.0544e-08 3.5812 7.001000e-01 2.918460e-01 5.437326e-03 -0.0872 
1.3731e+06 3.2743 3.5792 1.94420 0.51295 0.3733 2.7365e+01 1 1.3213e-08 3.5792 7.001000e-01 2.918460e-01 5.437326e-03 -0.0880 
1.6316e+06 3.3090 3.5758 1.94160 0.51664 0.3875 2.9902e+01 1 1.8836e-08 3.5758 6.997644e-01 2.921370e-01 5.479831e-03 -0.0894 
1.9009e+06 3.3290 3.5738 1.93777 0.52045 0.4237 3.1517e+01 1 2.3227e-08 3.5738 6.991295e-01 2.926630e-01 5.583985e-03 -0.0903 
2.1664e+06 3.3527 3.5713 1.93262 0.52407 0.4894 3.3573e+01 1 2.9785e-08 3.5713 6.982389e-01 2.933620e-01 5.767860e-03 -0.0914 
2.4288e+06 3.3772 3.5681 1.92573 0.52762 0.5895 3.5999e+01 1 3.8726e-08 3.5681 6.971263e-01 2.941880e-01 6.044214e-03 -0.0914 
2.6854e+06 3.4075 3.5648 1.91650 0.53117 0.7245 3.9084e+01 1 5.3456e-08 3.5648 6.958297e-01 2.951020e-01 6.414225e-03 -0.0926 
2.9360e+06 3.4386 3.5611 1.90409 0.53480 0.8916 4.2654e+01 1 7.4989e-08 3.5611 6.943773e-01 2.960820e-01 6.870902e-03 -0.0905 
3.1796e+06 3.4687 3.5500 1.88703 0.53858 1.0843 4.9121e+01 1 1.0864e-07 3.5500 6.928036e-01 2.971110e-01 7.397419e-03 -0.1030 
3.4080e+06 3.5081 3.5371 1.86427 0.54227 1.2944 5.8386e+01 1 1.7498e-07 3.5371 6.911445e-01 2.981750e-01 7.972340e-03 -0.1147 
3.6372e+06 3.5372 3.5272 1.82990 0.54670 1.5147 6.6815e+01 1 2.5704e-07 3.5272 6.894278e-01 2.992630e-01 8.576184e-03 -0.1205 
3.8591e+06 3.5613 3.5181 1.77883 0.55166 1.7378 7.5728e+01 1 3.6983e-07 3.5181 6.876862e-01 3.003650e-01 9.188974e-03 -0.1276 
4.0628e+06 3.5964 3.5064 1.70457 0.55673 1.9554 8.9887e+01 1 6.2517e-07 3.5064 6.859699e-01 3.014530e-01 9.788097e-03 -0.1331 
4.2579e+06 3.6280 3.4947 1.58059 0.56262 2.1575 2.0285e+02 0 1.1324e-06 3.4947 6.843543e-01 3.024800e-01 1.034550e-02 -0.1403 
4.4390e+06 3.6632 3.4722 1.33063 0.56939 2.3226 3.1347e+02 0 3.0061e-06 3.4722 6.830193e-01 3.033310e-01 1.080154e-02 -0.1495 
4.6064e+06 3.6999 3.4416 0.66759 0.57797 2.3612 8.3147e+02 0 6.8234e-06 3.4416 6.827074e-01 3.035300e-01 1.090811e-02 -0.1770 
4.6339e+06 3.4241 3.5631 0.58368 0.57816 2.3612 1.7126e+02 0 2.5235e-06 3.5631 6.827074e-01 3.035300e-01 1.090811e-02 999.0000 
 2.0000 17 # agb_2.00_Z0.00800000_Mdot2_eta0.40_Mc0.00_dMc0.00_Tbd6.40_L0.00_dL0.00_C0.00_Nr3.00_rates0_KOPv_KMOLv.dat 
0.0000e+00 3.2000 3.5879 2.00000 0.50917 0.3724 2.2092e+01 1 5.6624e-09 3.5879 6.993000e-01 2.926280e-01 5.435848e-03 -0.0908 
1.6257e+05 3.2540 3.5828 1.99907 0.51089 0.3724 2.5319e+01 1 9.7949e-09 3.5828 6.993000e-01 2.926280e-01 5.435848e-03 -0.0873 
3.5339e+05 3.2743 3.5809 1.99744 0.51350 0.3724 2.6655e+01 1 1.2050e-08 3.5809 6.993000e-01 2.926280e-01 5.435848e-03 -0.0886 
5.6038e+05 3.3130 3.5771 1.99500 0.51692 0.3724 2.9424e+01 1 1.7906e-08 3.5771 6.993000e-01 2.926280e-01 5.435848e-03 -0.0898 
7.7636e+05 3.3678 3.5714 1.99156 0.52100 0.3724 3.3947e+01 1 3.1333e-08 3.5714 6.993000e-01 2.926280e-01 5.435848e-03 -0.0908 
1.0171e+06 3.3846 3.5697 1.98604 0.52554 0.3832 3.5513e+01 1 3.7497e-08 3.5697 6.989424e-01 2.929510e-01 5.469234e-03 -0.0915 
1.2482e+06 3.4256 3.5653 1.97890 0.52948 0.4138 3.9606e+01 1 5.7544e-08 3.5653 6.982247e-01 2.935760e-01 5.557946e-03 -0.0933 
1.4915e+06 3.4494 3.5625 1.96819 0.53371 0.4753 4.2328e+01 1 7.4645e-08 3.5625 6.971831e-01 2.944380e-01 5.728813e-03 -0.0958 
1.7309e+06 3.4761 3.5589 1.95348 0.53782 0.5766 4.5819e+01 1 1.0046e-07 3.5589 6.958674e-01 2.954670e-01 6.003145e-03 -0.0959 
1.9650e+06 3.5053 3.5552 1.93320 0.54193 0.7203 4.9925e+01 1 1.3996e-07 3.5552 6.943267e-01 2.966080e-01 6.387578e-03 -0.0991 
2.1920e+06 3.5377 3.5511 1.90482 0.54615 0.9022 5.4983e+01 1 2.0417e-07 3.5511 6.926086e-01 2.978240e-01 6.871498e-03 -0.0958 
2.4128e+06 3.5668 3.5364 1.86241 0.55067 1.1134 6.5340e+01 1 3.1046e-07 3.5364 6.907568e-01 2.990920e-01 7.432447e-03 -0.1104 
2.6224e+06 3.6007 3.5213 1.79793 0.55545 1.3417 7.9057e+01 1 5.1642e-07 3.5213 6.888286e-01 3.003890e-01 8.038774e-03 -0.1219 
2.8212e+06 3.6345 3.5065 1.69488 0.56071 1.5743 9.6638e+01 1 9.2045e-07 3.5065 6.868891e-01 3.016810e-01 8.657206e-03 -0.1315 
3.0102e+06 3.6672 3.4863 1.50045 0.56688 1.7931 2.5016e+02 0 2.0184e-06 3.4863 6.850672e-01 3.028900e-01 9.239640e-03 -0.1429 
3.1849e+06 3.7025 3.4335 0.94668 0.57438 1.9546 6.5659e+02 0 6.8549e-06 3.4335 6.837230e-01 3.037790e-01 9.670282e-03 -0.1590 
3.2732e+06 3.7205 3.5678 0.58332 0.57805 1.9546 3.1846e+02 0 2.4774e-05 3.5678 6.837230e-01 3.037790e-01 9.670282e-03 999.0000 
 2.0500 18 # agb_2.05_Z0.00800000_Mdot2_eta0.40_Mc0.00_dMc0.00_Tbd6.40_L0.00_dL0.00_C0.00_Nr3.00_rates0_KOPv_KMOLv.dat 
0.0000e+00 3.1843 3.5907 2.05000 0.50625 0.3726 2.0764e+01 1 4.4463e-09 3.5907 6.989000e-01 2.930140e-01 5.435123e-03 -0.0897 
1.7059e+05 3.2212 3.5873 2.04920 0.50800 0.3726 2.2778e+01 1 6.4714e-09 3.5873 6.989000e-01 2.930140e-01 5.435123e-03 -0.0866 
3.5889e+05 3.2712 3.5826 2.04801 0.51038 0.3726 2.5842e+01 1 1.0740e-08 3.5826 6.989000e-01 2.930140e-01 5.435123e-03 -0.0873 
5.7014e+05 3.3060 3.5793 2.04618 0.51363 0.3726 2.8233e+01 1 1.5311e-08 3.5793 6.989000e-01 2.930140e-01 5.435123e-03 -0.0881 
8.0298e+05 3.3291 3.5770 2.04336 0.51786 0.3726 2.9973e+01 1 1.9409e-08 3.5770 6.989000e-01 2.930140e-01 5.435123e-03 -0.0894 
1.0373e+06 3.3703 3.5728 2.03958 0.52181 0.3826 3.3362e+01 1 2.9648e-08 3.5728 6.985585e-01 2.933230e-01 5.466576e-03 -0.0903 
1.2881e+06 3.3882 3.5709 2.03385 0.52598 0.4109 3.4998e+01 1 3.5892e-08 3.5709 6.978697e-01 2.939250e-01 5.549382e-03 -0.0916 
1.5272e+06 3.4301 3.5665 2.02661 0.52953 0.4678 3.9110e+01 1 5.5590e-08 3.5665 6.968674e-01 2.947600e-01 5.708502e-03 -0.0928 
1.7768e+06 3.4564 3.5635 2.01595 0.53342 0.5627 4.2054e+01 1 7.3790e-08 3.5635 6.955904e-01 2.957670e-01 5.966866e-03 -0.0952 
2.0221e+06 3.4833 3.5596 2.00151 0.53726 0.6995 4.5607e+01 1 9.9541e-08 3.5596 6.940835e-01 2.968920e-01 6.334082e-03 -0.0949 
2.2607e+06 3.5138 3.5559 1.98185 0.54115 0.8752 4.9804e+01 1 1.4028e-07 3.5559 6.923944e-01 2.980940e-01 6.802644e-03 -0.0977 
2.4949e+06 3.5415 3.5444 1.95332 0.54534 1.0826 5.7431e+01 1 2.0230e-07 3.5444 6.905591e-01 2.993560e-01 7.354592e-03 -0.1057 
2.7161e+06 3.5760 3.5304 1.91268 0.54956 1.3117 6.8524e+01 1 3.2137e-07 3.5304 6.886191e-01 3.006620e-01 7.963794e-03 -0.1190 
2.9324e+06 3.6040 3.5189 1.85013 0.55441 1.5519 7.9819e+01 1 4.9317e-07 3.5189 6.866169e-01 3.019950e-01 8.603194e-03 -0.1265 
3.1350e+06 3.6362 3.5057 1.75429 0.55960 1.7919 9.5788e+01 1 8.4333e-07 3.5057 6.846149e-01 3.033250e-01 9.243027e-03 -0.1334 
3.3270e+06 3.6676 3.4918 1.58718 0.56562 2.0176 2.2670e+02 0 1.6634e-06 3.4918 6.827182e-01 3.045850e-01 9.845668e-03 -0.1397 
3.5050e+06 3.7031 3.4524 1.14309 0.57287 2.1984 4.6883e+02 0 7.7625e-06 3.4524 6.811907e-01 3.055980e-01 1.032934e-02 -0.1530 
3.6295e+06 3.7470 3.5680 0.58481 0.57937 2.1984 3.3643e+02 0 2.1330e-05 3.5680 6.811907e-01 3.055980e-01 1.032934e-02 999.0000 
 2.1000 17 # agb_2.10_Z0.00800000_Mdot2_eta0.40_Mc0.00_dMc0.00_Tbd6.40_L0.00_dL0.00_C0.00_Nr3.00_rates0_KOPv_KMOLv.dat 
0.0000e+00 3.2260 3.5884 2.10000 0.51182 0.3730 2.2512e+01 1 6.2517e-09 3.5884 6.982000e-01 2.937000e-01 5.433401e-03 -0.0905 
1.5777e+05 3.2832 3.5831 2.09899 0.51363 0.3730 2.5996e+01 1 1.1143e-08 3.5831 6.982000e-01 2.937000e-01 5.433401e-03 -0.0879 
3.3730e+05 3.3232 3.5792 2.09743 0.51619 0.3730 2.8792e+01 1 1.6749e-08 3.5792 6.982000e-01 2.937000e-01 5.433401e-03 -0.0884 
5.3864e+05 3.3597 3.5755 2.09495 0.51972 0.3730 3.1639e+01 1 2.4322e-08 3.5755 6.982000e-01 2.937000e-01 5.433401e-03 -0.0893 
7.6097e+05 3.3868 3.5727 2.09104 0.52435 0.3730 3.3956e+01 1 3.2211e-08 3.5727 6.982000e-01 2.937000e-01 5.433401e-03 -0.0903 
9.9519e+05 3.4049 3.5708 2.08518 0.52904 0.3848 3.5652e+01 1 3.9084e-08 3.5708 6.978217e-01 2.940400e-01 5.469500e-03 -0.0911 
1.2202e+06 3.4472 3.5663 2.07753 0.53305 0.4190 3.9881e+01 1 6.0674e-08 3.5663 6.970646e-01 2.946950e-01 5.566719e-03 -0.0934 
1.4559e+06 3.4717 3.5635 2.06621 0.53727 0.4874 4.2698e+01 1 7.9250e-08 3.5635 6.959709e-01 2.955930e-01 5.753087e-03 -0.0955 
1.6891e+06 3.4973 3.5599 2.05068 0.54134 0.5987 4.6114e+01 1 1.0568e-07 3.5599 6.945888e-01 2.966660e-01 6.049831e-03 -0.0962 
1.9171e+06 3.5269 3.5563 2.02933 0.54536 0.7543 5.0269e+01 1 1.4791e-07 3.5563 6.929693e-01 2.978580e-01 6.460383e-03 -0.0991 
2.1392e+06 3.5582 3.5523 1.99960 0.54946 0.9491 5.5209e+01 1 2.1330e-07 3.5523 6.911556e-01 2.991400e-01 6.971717e-03 -0.0938 
2.3542e+06 3.5891 3.5348 1.95536 0.55377 1.1731 6.7203e+01 1 3.3420e-07 3.5348 6.891929e-01 3.004920e-01 7.558821e-03 -0.1138 
2.5589e+06 3.6230 3.5209 1.88970 0.55827 1.4143 8.0533e+01 1 5.4954e-07 3.5209 6.871337e-01 3.018910e-01 8.190848e-03 -0.1224 
2.7569e+06 3.6531 3.5069 1.78310 0.56347 1.6603 9.7087e+01 1 9.3756e-07 3.5069 6.850439e-01 3.033030e-01 8.835735e-03 -0.1317 
2.9425e+06 3.6854 3.4878 1.59178 0.56935 1.8956 2.4374e+02 0 1.9907e-06 3.4878 6.830332e-01 3.046610e-01 9.453746e-03 -0.1425 
3.1148e+06 3.7209 3.4382 1.05584 0.57658 2.0851 5.9501e+02 0 7.1614e-06 3.4382 6.814091e-01 3.057560e-01 9.952022e-03 -0.1577 
3.2173e+06 3.7559 3.5705 0.58683 0.58168 2.0851 3.3462e+02 0 2.2233e-05 3.5705 6.814091e-01 3.057560e-01 9.952022e-03 999.0000 
 2.1500 16 # agb_2.15_Z0.00800000_Mdot2_eta0.40_Mc0.00_dMc0.00_Tbd6.40_L0.00_dL0.00_C0.00_Nr3.00_rates0_KOPv_KMOLv.dat 
0.0000e+00 3.2639 3.5865 2.15000 0.52281 0.3738 2.4167e+01 1 8.4528e-09 3.5865 6.973000e-01 2.946860e-01 5.430798e-03 -0.0913 
1.4243e+05 3.3164 3.5815 2.14872 0.52469 0.3738 2.7608e+01 1 1.4388e-08 3.5815 6.973000e-01 2.946860e-01 5.430798e-03 -0.0886 
3.1032e+05 3.3409 3.5791 2.14646 0.52755 0.3738 2.9413e+01 1 1.8493e-08 3.5791 6.973000e-01 2.946860e-01 5.430798e-03 -0.0892 
4.9285e+05 3.3865 3.5745 2.14297 0.53134 0.3738 3.3091e+01 1 2.9512e-08 3.5745 6.973000e-01 2.946860e-01 5.430798e-03 -0.0902 
6.8435e+05 3.4362 3.5694 2.13796 0.53513 0.3818 3.7680e+01 1 4.9317e-08 3.5694 6.969818e-01 2.949780e-01 5.455996e-03 -0.0916 
8.9696e+05 3.4612 3.5667 2.12999 0.53930 0.4052 4.0301e+01 1 6.4269e-08 3.5667 6.962923e-01 2.955950e-01 5.525338e-03 -0.0941 
1.1150e+06 3.4864 3.5638 2.11863 0.54335 0.4557 4.3235e+01 1 8.4528e-08 3.5638 6.952434e-01 2.964960e-01 5.665752e-03 -0.0965 
1.3336e+06 3.5141 3.5605 2.10273 0.54727 0.5453 4.6758e+01 1 1.1482e-07 3.5605 6.938786e-01 2.976090e-01 5.905444e-03 -0.0986 
1.5493e+06 3.5443 3.5562 2.08057 0.55112 0.6805 5.1268e+01 1 1.6181e-07 3.5562 6.922503e-01 2.988660e-01 6.260202e-03 -0.0982 
1.7599e+06 3.5768 3.5517 2.04960 0.55500 0.8597 5.6677e+01 1 2.3714e-07 3.5517 6.904085e-01 3.002220e-01 6.725741e-03 -0.1008 
1.9654e+06 3.6088 3.5393 2.00354 0.55912 1.0745 6.6566e+01 1 3.6728e-07 3.5393 6.883989e-01 3.016520e-01 7.281404e-03 -0.1078 
2.1628e+06 3.6406 3.5232 1.93348 0.56350 1.3133 8.0860e+01 1 6.0117e-07 3.5232 6.862679e-01 3.031380e-01 7.898182e-03 -0.1211 
2.3530e+06 3.6714 3.5082 1.81838 0.56849 1.5621 9.8513e+01 1 1.0471e-06 3.5082 6.840852e-01 3.046450e-01 8.540943e-03 -0.1321 
2.5317e+06 3.7041 3.4873 1.60454 0.57421 1.8052 2.5338e+02 0 2.3335e-06 3.4873 6.819569e-01 3.061090e-01 9.169385e-03 -0.1437 
2.6973e+06 3.7396 3.4321 1.00312 0.58136 2.0041 6.8584e+02 0 7.4645e-06 3.4321 6.802162e-01 3.073020e-01 9.684615e-03 -0.1606 
2.7839e+06 3.7632 3.5689 0.59102 0.58552 2.0041 3.4297e+02 0 2.0749e-05 3.5689 6.802162e-01 3.073020e-01 9.684615e-03 999.0000 
 2.2000 17 # agb_2.20_Z0.00800000_Mdot2_eta0.40_Mc0.00_dMc0.00_Tbd6.40_L0.00_dL0.00_C0.00_Nr3.00_rates0_KOPv_KMOLv.dat 
0.0000e+00 3.2525 3.5890 2.20000 0.52522 0.3735 2.2972e+01 1 6.9663e-09 3.5890 6.969000e-01 2.949740e-01 5.429655e-03 -0.0905 
1.3957e+05 3.2992 3.5846 2.19896 0.52703 0.3735 2.5846e+01 1 1.1194e-08 3.5846 6.969000e-01 2.949740e-01 5.429655e-03 -0.0887 
2.9517e+05 3.3523 3.5794 2.19733 0.52953 0.3735 2.9600e+01 1 1.9187e-08 3.5794 6.969000e-01 2.949740e-01 5.429655e-03 -0.0888 
4.7857e+05 3.3735 3.5773 2.19442 0.53325 0.3735 3.1271e+01 1 2.3878e-08 3.5773 6.969000e-01 2.949740e-01 5.429655e-03 -0.0892 
6.7300e+05 3.4040 3.5743 2.19007 0.53712 0.3809 3.3841e+01 1 3.2734e-08 3.5743 6.966027e-01 2.952470e-01 5.453161e-03 -0.0913 
8.6947e+05 3.4507 3.5695 2.18413 0.54064 0.4022 3.8242e+01 1 5.2966e-08 3.5695 6.959572e-01 2.958260e-01 5.516910e-03 -0.0936 
1.0827e+06 3.4776 3.5665 2.17507 0.54441 0.4480 4.1139e+01 1 7.0632e-08 3.5665 6.949671e-01 2.966810e-01 5.645290e-03 -0.0955 
1.2979e+06 3.5066 3.5632 2.16237 0.54805 0.5298 4.4569e+01 1 9.6605e-08 3.5632 6.936671e-01 2.977500e-01 5.865336e-03 -0.0973 
1.5116e+06 3.5368 3.5591 2.14476 0.55161 0.6552 4.8748e+01 1 1.3521e-07 3.5591 6.921033e-01 2.989690e-01 6.195028e-03 -0.0972 
1.7203e+06 3.5715 3.5546 2.12036 0.55514 0.8241 5.3986e+01 1 1.9999e-07 3.5546 6.903225e-01 3.002920e-01 6.634144e-03 -0.0993 
1.9337e+06 3.5927 3.5472 2.08307 0.55931 1.0307 5.9781e+01 1 2.6853e-07 3.5472 6.883576e-01 3.017000e-01 7.168201e-03 -0.1016 
2.1302e+06 3.6288 3.5302 2.03048 0.56317 1.2636 7.3296e+01 1 4.4566e-07 3.5302 6.862591e-01 3.031700e-01 7.769099e-03 -0.1185 
2.3243e+06 3.6570 3.5172 1.94677 0.56772 1.5121 8.6769e+01 1 7.0795e-07 3.5172 6.840669e-01 3.046890e-01 8.409850e-03 -0.1276 
2.5058e+06 3.6897 3.5020 1.81294 0.57262 1.7638 1.0676e+02 1 1.3002e-06 3.5020 6.818494e-01 3.062210e-01 9.059324e-03 -0.1376 
2.6779e+06 3.7225 3.4817 1.54720 0.57853 2.0017 2.8709e+02 0 3.2063e-06 3.4817 6.797435e-01 3.076740e-01 9.673822e-03 -0.1466 
2.8364e+06 3.7602 3.4179 0.83478 0.58629 2.1725 9.6160e+02 0 7.8343e-06 3.4179 6.782320e-01 3.087120e-01 1.011620e-02 -0.1712 
2.8883e+06 3.6941 3.5659 0.59336 0.58791 2.1725 3.0067e+02 0 3.0269e-05 3.5659 6.782320e-01 3.087120e-01 1.011620e-02 999.0000 
 2.2500 16 # agb_2.25_Z0.00800000_Mdot2_eta0.40_Mc0.00_dMc0.00_Tbd6.40_L0.00_dL0.00_C0.00_Nr3.00_rates0_KOPv_KMOLv.dat 
0.0000e+00 3.3052 3.5855 2.25000 0.53102 0.3735 2.5660e+01 1 1.0990e-08 3.5855 6.963000e-01 2.956620e-01 5.428705e-03 -0.0921 
1.3033e+05 3.3605 3.5801 2.24847 0.53296 0.3735 2.9550e+01 1 1.9275e-08 3.5801 6.963000e-01 2.956620e-01 5.428705e-03 -0.0892 
2.8541e+05 3.3892 3.5773 2.24572 0.53595 0.3735 3.1816e+01 1 2.5882e-08 3.5773 6.963000e-01 2.956620e-01 5.428705e-03 -0.0900 
4.5570e+05 3.4265 3.5736 2.24154 0.53934 0.3788 3.5034e+01 1 3.7931e-08 3.5736 6.960565e-01 2.958880e-01 5.445762e-03 -0.0915 
6.4540e+05 3.4548 3.5706 2.23504 0.54308 0.3938 3.7773e+01 1 5.1050e-08 3.5706 6.954853e-01 2.964120e-01 5.492401e-03 -0.0934 
8.3905e+05 3.4988 3.5659 2.22624 0.54647 0.4277 4.2456e+01 1 8.0910e-08 3.5659 6.945417e-01 2.972520e-01 5.590765e-03 -0.0954 
1.0483e+06 3.5263 3.5627 2.21286 0.55014 0.4933 4.5855e+01 1 1.0914e-07 3.5627 6.932427e-01 2.983620e-01 5.769641e-03 -0.0973 
1.2582e+06 3.5553 3.5588 2.19416 0.55370 0.6020 4.9959e+01 1 1.5101e-07 3.5588 6.916441e-01 2.996600e-01 6.055709e-03 -0.0975 
1.4726e+06 3.5767 3.5557 2.16644 0.55765 0.7579 5.3490e+01 1 1.9588e-07 3.5557 6.898042e-01 3.010780e-01 6.458548e-03 -0.1000 
1.6734e+06 3.6108 3.5513 2.12992 0.56120 0.9567 5.9296e+01 1 2.9309e-07 3.5513 6.877664e-01 3.025830e-01 6.967814e-03 -0.0943 
1.8704e+06 3.6434 3.5326 2.07356 0.56513 1.1874 7.3204e+01 1 4.7534e-07 3.5326 6.855808e-01 3.041510e-01 7.556853e-03 -0.1159 
2.0609e+06 3.6729 3.5184 1.98628 0.56946 1.4387 8.7597e+01 1 7.7268e-07 3.5184 6.832824e-01 3.057760e-01 8.197698e-03 -0.1259 
2.2425e+06 3.7035 3.5026 1.84156 0.57437 1.6964 1.0815e+02 1 1.4125e-06 3.5026 6.809475e-01 3.074150e-01 8.855177e-03 -0.1368 
2.4128e+06 3.7364 3.4763 1.54376 0.58020 1.9434 3.1125e+02 0 3.7844e-06 3.4763 6.787080e-01 3.089830e-01 9.486095e-03 -0.1482 
2.5698e+06 3.7737 3.4117 0.78261 0.58811 2.1195 1.1101e+03 0 8.0910e-06 3.4117 6.771180e-01 3.100910e-01 9.936867e-03 -0.1787 
2.6066e+06 3.6139 3.5607 0.59436 0.58883 2.1195 2.6310e+02 0 1.5136e-05 3.5607 6.771180e-01 3.100910e-01 9.936867e-03 999.0000 
 2.3000 16 # agb_2.30_Z0.00800000_Mdot2_eta0.40_Mc0.00_dMc0.00_Tbd6.40_L0.00_dL0.00_C0.00_Nr3.00_rates0_KOPv_KMOLv.dat 
0.0000e+00 3.3125 3.5863 2.30000 0.53819 0.3737 2.5571e+01 1 1.0990e-08 3.5863 6.959000e-01 2.960510e-01 5.427152e-03 -0.0924 
1.2443e+05 3.3488 3.5828 2.29847 0.54013 0.3737 2.8047e+01 1 1.5885e-08 3.5828 6.959000e-01 2.960510e-01 5.427152e-03 -0.0901 
2.6144e+05 3.4129 3.5765 2.29602 0.54281 0.3737 3.3042e+01 1 3.0479e-08 3.5765 6.959000e-01 2.960510e-01 5.427152e-03 -0.0913 
4.1792e+05 3.4504 3.5727 2.29204 0.54597 0.3788 3.6427e+01 1 4.4875e-08 3.5727 6.956666e-01 2.962680e-01 5.443604e-03 -0.0925 
5.9295e+05 3.4790 3.5697 2.28583 0.54945 0.3933 3.9282e+01 1 6.0395e-08 3.5697 6.951182e-01 2.967700e-01 5.488509e-03 -0.0947 
7.8164e+05 3.5076 3.5666 2.27655 0.55302 0.4257 4.2420e+01 1 8.1846e-08 3.5666 6.942110e-01 2.975790e-01 5.582434e-03 -0.0962 
9.7736e+05 3.5370 3.5631 2.26315 0.55650 0.4885 4.6061e+01 1 1.1246e-07 3.5631 6.929519e-01 2.986580e-01 5.753077e-03 -0.0978 
1.1745e+06 3.5674 3.5591 2.24428 0.55986 0.5930 5.0394e+01 1 1.5812e-07 3.5591 6.913903e-01 2.999310e-01 6.026801e-03 -0.0982 
1.3784e+06 3.5881 3.5561 2.21588 0.56368 0.7439 5.3829e+01 1 2.0370e-07 3.5561 6.895816e-01 3.013340e-01 6.414370e-03 -0.0998 
1.5695e+06 3.6219 3.5518 2.17838 0.56707 0.9376 5.9636e+01 1 3.0339e-07 3.5518 6.875682e-01 3.028310e-01 6.907266e-03 -0.0961 
1.7573e+06 3.6541 3.5340 2.12073 0.57081 1.1640 7.3042e+01 1 4.8865e-07 3.5340 6.853965e-01 3.044010e-01 7.481113e-03 -0.1156 
1.9390e+06 3.6837 3.5197 2.03177 0.57491 1.4123 8.7502e+01 1 7.9433e-07 3.5197 6.830986e-01 3.060380e-01 8.109546e-03 -0.1270 
2.1125e+06 3.7150 3.5037 1.88419 0.57954 1.6691 1.0830e+02 1 1.4622e-06 3.5037 6.807450e-01 3.077030e-01 8.759507e-03 -0.1350 
2.2754e+06 3.7487 3.4775 1.58328 0.58504 1.9189 3.0937e+02 0 3.9174e-06 3.4775 6.784536e-01 3.093210e-01 9.392293e-03 -0.1480 
2.4265e+06 3.7856 3.4104 0.81962 0.59264 2.1072 1.1066e+03 0 8.3176e-06 3.4104 6.767322e-01 3.105300e-01 9.870291e-03 -0.1803 
2.4691e+06 3.6864 3.5670 0.59904 0.59382 2.1072 2.9033e+02 0 2.8907e-05 3.5670 6.767322e-01 3.105300e-01 9.870291e-03 999.0000 
 2.3500 15 # agb_2.35_Z0.00800000_Mdot2_eta0.40_Mc0.00_dMc0.00_Tbd6.40_L0.00_dL0.00_C0.00_Nr3.00_rates0_KOPv_KMOLv.dat 
0.0000e+00 3.3756 3.5816 2.35000 0.54814 0.3734 2.9371e+01 1 1.9320e-08 3.5816 6.957000e-01 2.962410e-01 5.426637e-03 -0.0941 
1.1334e+05 3.4118 3.5781 2.34747 0.55025 0.3734 3.2225e+01 1 2.7990e-08 3.5781 6.957000e-01 2.962410e-01 5.426637e-03 -0.0935 
2.4085e+05 3.4605 3.5732 2.34356 0.55277 0.3771 3.6538e+01 1 4.6026e-08 3.5732 6.955249e-01 2.964050e-01 5.438113e-03 -0.0943 
3.8805e+05 3.4973 3.5694 2.33733 0.55581 0.3869 4.0265e+01 1 6.7453e-08 3.5694 6.950923e-01 2.968070e-01 5.469079e-03 -0.0955 
5.5515e+05 3.5269 3.5661 2.32760 0.55922 0.4090 4.3616e+01 1 9.2257e-08 3.5661 6.943108e-01 2.975190e-01 5.536138e-03 -0.0969 
7.3502e+05 3.5568 3.5626 2.31302 0.56269 0.4539 4.7428e+01 1 1.2764e-07 3.5626 6.931374e-01 2.985590e-01 5.662940e-03 -0.0980 
9.1986e+05 3.5877 3.5587 2.29195 0.56604 0.5356 5.1890e+01 1 1.8030e-07 3.5587 6.916066e-01 2.998590e-01 5.880196e-03 -0.0999 
1.1091e+06 3.6118 3.5549 2.26106 0.56957 0.6643 5.6150e+01 1 2.4210e-07 3.5549 6.897888e-01 3.013280e-01 6.211021e-03 -0.0999 
1.2906e+06 3.6463 3.5498 2.21845 0.57288 0.8399 6.2663e+01 1 3.6644e-07 3.5498 6.877487e-01 3.029010e-01 6.655794e-03 -0.1023 
1.4684e+06 3.6784 3.5384 2.15525 0.57642 1.0550 7.3318e+01 1 5.7677e-07 3.5384 6.855263e-01 3.045550e-01 7.196797e-03 -0.1079 
1.6427e+06 3.7070 3.5204 2.05365 0.58046 1.2969 9.0332e+01 1 9.5940e-07 3.5204 6.831702e-01 3.062720e-01 7.803868e-03 -0.1236 
1.8085e+06 3.7377 3.5024 1.88039 0.58501 1.5521 1.1404e+02 1 1.8408e-06 3.5024 6.807434e-01 3.080210e-01 8.443986e-03 -0.1357 
1.9644e+06 3.7708 3.4691 1.48282 0.59057 1.8017 3.7155e+02 0 6.1802e-06 3.4691 6.783877e-01 3.097090e-01 9.070796e-03 -0.1510 
2.1082e+06 3.8078 3.4983 0.62809 0.59886 1.9601 6.7357e+02 0 8.7498e-06 3.4983 6.769114e-01 3.107580e-01 9.469434e-03 -0.2035 
2.1104e+06 3.7694 3.5706 0.60433 0.59887 1.9601 3.3547e+02 0 2.2699e-05 3.5706 6.769114e-01 3.107580e-01 9.469434e-03 999.0000 
 2.4000 13 # agb_2.40_Z0.00800000_Mdot2_eta0.40_Mc0.00_dMc0.00_Tbd6.40_L0.00_dL0.00_C0.00_Nr3.00_rates0_KOPv_KMOLv.dat 
0.0000e+00 3.4321 3.5777 2.40000 0.56186 0.3731 3.3157e+01 1 3.1842e-08 3.5777 6.953000e-01 2.966310e-01 5.426794e-03 -0.0963 
9.7944e+04 3.4813 3.5728 2.39620 0.56400 0.3731 3.7648e+01 1 5.2602e-08 3.5728 6.953000e-01 2.966310e-01 5.426794e-03 -0.0954 
2.1213e+05 3.5206 3.5687 2.39027 0.56629 0.3797 4.1755e+01 1 7.9068e-08 3.5687 6.949903e-01 2.969210e-01 5.447076e-03 -0.0960 
3.4647e+05 3.5546 3.5648 2.38071 0.56916 0.3935 4.5809e+01 1 1.1324e-07 3.5648 6.944013e-01 2.974670e-01 5.490043e-03 -0.0971 
4.9941e+05 3.5853 3.5611 2.36569 0.57238 0.4218 4.9943e+01 1 1.5812e-07 3.5611 6.934278e-01 2.983530e-01 5.574289e-03 -0.0989 
6.6346e+05 3.6153 3.5572 2.34311 0.57562 0.4772 5.4542e+01 1 2.2182e-07 3.5572 6.920387e-01 2.995810e-01 5.726492e-03 -0.1017 
8.3186e+05 3.6452 3.5528 2.31000 0.57881 0.5743 5.9947e+01 1 3.1550e-07 3.5528 6.902994e-01 3.010530e-01 5.978177e-03 -0.1026 
1.0053e+06 3.6682 3.5488 2.25901 0.58244 0.7206 6.5100e+01 1 4.3053e-07 3.5488 6.882954e-01 3.026680e-01 6.346873e-03 -0.1066 
1.1696e+06 3.6991 3.5441 2.18740 0.58583 0.9129 7.2492e+01 1 6.5464e-07 3.5441 6.860827e-01 3.043750e-01 6.826142e-03 -0.1010 
1.3277e+06 3.7322 3.5241 2.07379 0.58946 1.1398 9.1646e+01 1 1.1668e-06 3.5241 6.837168e-01 3.061480e-01 7.389003e-03 -0.1206 
1.4810e+06 3.7627 3.5022 1.86766 0.59381 1.3869 1.1995e+02 1 2.3988e-06 3.5022 6.812613e-01 3.079550e-01 8.001486e-03 -0.1353 
1.6255e+06 3.7950 3.4555 1.30651 0.59931 1.6323 4.9651e+02 0 8.8920e-06 3.4555 6.788790e-01 3.096890e-01 8.610214e-03 -0.1556 
1.7330e+06 3.8421 3.5760 0.61110 0.60606 1.7159 3.7248e+02 0 1.9275e-05 3.5760 6.780879e-01 3.102580e-01 8.818170e-03 999.0000 
 2.6000 12 # agb_2.60_Z0.00800000_Mdot2_eta0.40_Mc0.00_dMc0.00_Tbd6.40_L0.00_dL0.00_C0.00_Nr3.00_rates0_KOPv_KMOLv.dat 
0.0000e+00 3.5648 3.5699 2.60000 0.59745 0.3744 4.2970e+01 1 9.2897e-08 3.5699 6.945000e-01 2.973830e-01 5.423927e-03 -0.1024 
6.6816e+04 3.6272 3.5630 2.59206 0.59949 0.3744 5.0737e+01 1 1.7701e-07 3.5630 6.945000e-01 2.973830e-01 5.423927e-03 -0.1017 
1.5216e+05 3.6371 3.5617 2.57840 0.60191 0.3811 5.2324e+01 1 1.9907e-07 3.5617 6.941951e-01 2.976680e-01 5.444088e-03 -0.1042 
2.4832e+05 3.6745 3.5572 2.55749 0.60471 0.3955 5.8142e+01 1 2.9923e-07 3.5572 6.936165e-01 2.982020e-01 5.487595e-03 -0.1057 
3.5786e+05 3.7075 3.5527 2.52450 0.60776 0.4252 6.4276e+01 1 4.3853e-07 3.5527 6.926519e-01 2.990780e-01 5.572085e-03 -0.1089 
4.7877e+05 3.7327 3.5483 2.47176 0.61099 0.4832 7.0226e+01 1 6.0814e-07 3.5483 6.912651e-01 3.003030e-01 5.724356e-03 -0.1092 
6.0008e+05 3.7637 3.5422 2.39329 0.61391 0.5836 7.9011e+01 1 9.3325e-07 3.5422 6.895173e-01 3.017850e-01 5.974209e-03 -0.1098 
7.2341e+05 3.7897 3.5353 2.26878 0.61709 0.7317 8.9613e+01 1 1.4622e-06 3.5353 6.874854e-01 3.034340e-01 6.334808e-03 -0.1169 
8.4210e+05 3.8191 3.5270 2.06776 0.62035 0.9221 1.0537e+02 1 2.6915e-06 3.5270 6.852325e-01 3.052000e-01 6.794647e-03 -0.1146 
9.5732e+05 3.8485 3.4851 1.57210 0.62447 1.1411 3.6358e+02 0 1.0139e-05 3.4851 6.828510e-01 3.070220e-01 7.322492e-03 -0.1412 
1.0652e+06 3.8821 3.4764 0.69768 0.63114 1.3306 8.7961e+02 0 1.0375e-05 3.4764 6.808996e-01 3.084870e-01 7.780083e-03 -0.2372 
1.0706e+06 3.6286 3.5713 0.63637 0.63115 1.3306 2.3247e+02 0 1.3428e-05 3.5713 6.808996e-01 3.084870e-01 7.780083e-03 999.0000 
 2.8000 8 # agb_2.80_Z0.00800000_Mdot2_eta0.40_Mc0.00_dMc0.00_Tbd6.40_L0.00_dL0.00_C0.00_Nr3.00_rates0_KOPv_KMOLv.dat 
0.0000e+00 3.7846 3.5515 2.80000 0.64368 0.3743 7.0794e+01 1 6.7298e-07 3.5515 6.952000e-01 2.966580e-01 5.423344e-03 -0.1113 
4.2943e+04 3.8343 3.5450 2.76621 0.64591 0.3743 8.1867e+01 1 1.1641e-06 3.5450 6.952000e-01 2.966580e-01 5.423344e-03 -0.1144 
9.7186e+04 3.8537 3.5411 2.70761 0.64847 0.3816 8.8188e+01 1 1.5276e-06 3.5411 6.948764e-01 2.969600e-01 5.444981e-03 -0.1158 
1.6176e+05 3.8745 3.5358 2.61057 0.65161 0.3982 9.7040e+01 1 2.1478e-06 3.5358 6.942403e-01 2.975470e-01 5.492488e-03 -0.1180 
2.3521e+05 3.8950 3.5281 2.44355 0.65497 0.4333 1.1023e+02 1 3.3266e-06 3.5281 6.931642e-01 2.985240e-01 5.585826e-03 -0.1222 
3.1240e+05 3.9178 3.5143 2.13014 0.65820 0.5030 1.3645e+02 1 6.7608e-06 3.5143 6.916147e-01 2.998890e-01 5.757309e-03 -0.1346 
3.9047e+05 3.9405 3.4761 1.38901 0.66188 0.6194 5.4119e+02 0 1.1858e-05 3.4761 6.896773e-01 3.015300e-01 6.034217e-03 -0.1559 
4.5393e+05 3.9769 3.5893 0.67239 0.66675 0.7344 4.1014e+02 0 2.0464e-05 3.5893 6.881304e-01 3.027880e-01 6.305865e-03 999.0000 
 3.0000 8 # agb_3.00_Z0.00800000_Mdot2_eta0.40_Mc0.00_dMc0.00_Tbd6.40_L0.00_dL0.00_C0.00_Nr3.00_rates0_KOPv_KMOLv.dat 
0.0000e+00 3.9130 3.5423 3.00000 0.69491 0.3751 9.2513e+01 1 1.9634e-06 3.5423 6.963000e-01 2.956380e-01 5.422110e-03 -0.1171 
2.7149e+04 3.9525 3.5357 2.93032 0.69688 0.3751 1.0562e+02 1 3.1915e-06 3.5357 6.963000e-01 2.956380e-01 5.422110e-03 -0.1235 
5.8875e+04 3.9751 3.5301 2.82249 0.69879 0.3816 1.1692e+02 1 4.5709e-06 3.5301 6.960336e-01 2.958850e-01 5.440831e-03 -0.1258 
9.7549e+04 3.9934 3.5220 2.62816 0.70121 0.3954 1.3301e+02 1 7.0632e-06 3.5220 6.955265e-01 2.963520e-01 5.479372e-03 -0.1306 
1.4166e+05 4.0120 3.5061 2.23175 0.70386 0.4225 3.1665e+02 0 1.5101e-05 3.5061 6.946584e-01 2.971440e-01 5.550745e-03 -0.1452 
1.8951e+05 4.0315 3.4730 1.56227 0.70692 0.4747 6.1323e+02 0 1.4622e-05 3.4730 6.933383e-01 2.983260e-01 5.678431e-03 -0.1935 
2.3743e+05 4.0523 3.4771 0.85416 0.71140 0.5534 1.0657e+03 0 1.5346e-05 3.4771 6.918308e-01 2.996340e-01 5.863900e-03 -0.2226 
2.4838e+05 3.9809 3.5937 0.71733 0.71196 0.5534 3.7530e+02 0 2.6002e-05 3.5937 6.918308e-01 2.996340e-01 5.863900e-03 999.0000 
 3.2000 8 # agb_3.20_Z0.00800000_Mdot2_eta0.40_Mc0.00_dMc0.00_Tbd6.40_L0.00_dL0.00_C0.00_Nr3.00_rates0_KOPv_KMOLv.dat 
0.0000e+00 4.0366 3.5330 3.20000 0.74498 0.3764 1.2012e+02 1 5.5463e-06 3.5330 6.954000e-01 2.965220e-01 5.419353e-03 -0.1222 
1.6485e+04 4.0748 3.5252 3.08177 0.74657 0.3764 1.3906e+02 1 9.3325e-06 3.5252 6.954000e-01 2.965220e-01 5.419353e-03 -0.1295 
3.5912e+04 4.0881 3.5185 2.89198 0.74805 0.3822 1.5463e+02 1 1.3335e-05 3.5185 6.951865e-01 2.967190e-01 5.435381e-03 -0.1383 
5.9145e+04 4.1022 3.5050 2.51786 0.74985 0.3938 1.8791e+02 1 2.5003e-05 3.5050 6.947876e-01 2.970850e-01 5.466793e-03 -0.1471 
8.5923e+04 4.1166 3.4837 2.01074 0.75198 0.4152 5.3672e+02 0 1.7824e-05 3.4837 6.940889e-01 2.977240e-01 5.522474e-03 -0.1913 
1.1517e+05 4.1310 3.4574 1.47578 0.75464 0.4532 9.2615e+02 0 1.8408e-05 3.4574 6.930153e-01 2.986980e-01 5.614715e-03 -0.2090 
1.4419e+05 4.1377 3.4688 0.96159 0.75813 0.5064 1.2487e+03 0 1.8707e-05 3.4688 6.918376e-01 2.997400e-01 5.739501e-03 -0.1736 
1.5592e+05 4.1363 3.6029 0.76509 0.75954 0.5064 4.6143e+02 0 2.2646e-05 3.6029 6.918376e-01 2.997400e-01 5.739501e-03 999.0000 
 3.4000 9 # agb_3.40_Z0.00800000_Mdot2_eta0.40_Mc0.00_dMc0.00_Tbd6.40_L0.00_dL0.00_C0.00_Nr3.00_rates0_KOPv_KMOLv.dat 
0.0000e+00 4.0792 3.5336 3.40000 0.76947 0.3768 1.2538e+02 1 6.9183e-06 3.5336 6.871000e-01 3.049070e-01 5.416900e-03 -0.1215 
1.2943e+04 4.1189 3.5260 3.28087 0.77088 0.3768 1.4510e+02 1 1.1749e-05 3.5260 6.871000e-01 3.049070e-01 5.416900e-03 -0.1332 
2.8116e+04 4.1295 3.5198 3.09541 0.77214 0.3820 1.5948e+02 1 1.6032e-05 3.5198 6.869226e-01 3.050700e-01 5.430951e-03 -0.1336 
4.5866e+04 4.1443 3.5083 2.75897 0.77359 0.3921 1.8909e+02 1 2.7861e-05 3.5083 6.865989e-01 3.053660e-01 5.457572e-03 -0.1497 
6.6658e+04 4.1560 3.4907 2.28298 0.77528 0.4098 4.9130e+02 0 2.0845e-05 3.4907 6.860386e-01 3.058780e-01 5.502778e-03 -0.1852 
8.9843e+04 4.1692 3.4692 1.80826 0.77733 0.4401 7.5658e+02 0 2.0091e-05 3.4692 6.851462e-01 3.066910e-01 5.575673e-03 -0.1997 
1.1354e+05 4.1833 3.4510 1.33720 0.77989 0.4889 1.2045e+03 0 2.0749e-05 3.4510 6.839728e-01 3.077410e-01 5.688471e-03 -0.2047 
1.3621e+05 4.1896 3.4997 0.88083 0.78329 0.5464 1.1511e+03 0 2.1086e-05 3.4997 6.829325e-01 3.086390e-01 5.820448e-03 -0.0649 
1.4118e+05 4.1384 3.6035 0.78924 0.78365 0.5464 4.4834e+02 0 2.4210e-05 3.6035 6.829325e-01 3.086390e-01 5.820448e-03 999.0000 
 3.6000 9 # agb_3.60_Z0.00800000_Mdot2_eta0.40_Mc0.00_dMc0.00_Tbd6.40_L0.00_dL0.00_C0.00_Nr3.00_rates0_KOPv_KMOLv.dat 
0.0000e+00 4.1067 3.5359 3.60000 0.78297 0.3791 1.2596e+02 1 7.4817e-06 3.5359 6.764000e-01 3.155950e-01 5.411329e-03 -0.1210 
1.1346e+04 4.1443 3.5288 3.48683 0.78433 0.3791 1.4439e+02 1 1.2274e-05 3.5288 6.764000e-01 3.155950e-01 5.411329e-03 -0.1295 
2.4428e+04 4.1566 3.5233 3.31793 0.78550 0.3840 1.5779e+02 1 1.6558e-05 3.5233 6.762425e-01 3.157400e-01 5.424270e-03 -0.1316 
3.9800e+04 4.1695 3.5142 3.03394 0.78681 0.3932 1.8071e+02 1 2.5763e-05 3.5142 6.759584e-01 3.159980e-01 5.448237e-03 -0.1465 
5.7916e+04 4.1814 3.4982 2.54988 0.78832 0.4089 4.4026e+02 0 2.7797e-05 3.4982 6.754770e-01 3.164380e-01 5.487378e-03 -0.1715 
7.8280e+04 4.1935 3.4797 2.09623 0.79004 0.4355 6.3659e+02 0 2.1232e-05 3.4797 6.746945e-01 3.171520e-01 5.550002e-03 -0.2025 
9.9643e+04 4.2061 3.4591 1.63436 0.79209 0.4813 9.8432e+02 0 2.1878e-05 3.4591 6.735963e-01 3.181360e-01 5.654061e-03 -0.2033 
1.2051e+05 4.2108 3.4547 1.19211 0.79473 0.5493 1.3750e+03 0 2.2131e-05 3.4547 6.723697e-01 3.191970e-01 5.807544e-03 -0.1720 
1.3859e+05 4.2216 3.6092 0.80350 0.79792 0.6001 5.0490e+02 0 2.3014e-05 3.6092 6.716352e-01 3.198080e-01 5.922314e-03 999.0000 
 3.8000 10 # agb_3.80_Z0.00800000_Mdot2_eta0.40_Mc0.00_dMc0.00_Tbd6.40_L0.00_dL0.00_C0.00_Nr3.00_rates0_KOPv_KMOLv.dat 
0.0000e+00 4.1328 3.5380 3.80000 0.79643 0.3790 1.2652e+02 1 8.0538e-06 3.5380 6.672000e-01 3.247850e-01 5.408518e-03 -0.1205 
9.8586e+03 4.1694 3.5314 3.69573 0.79770 0.3790 1.4406e+02 1 1.2912e-05 3.5314 6.672000e-01 3.247850e-01 5.408518e-03 -0.1273 
2.1184e+04 4.1811 3.5266 3.54460 0.79876 0.3835 1.5568e+02 1 1.6827e-05 3.5266 6.670631e-01 3.249100e-01 5.420221e-03 -0.1308 
3.4473e+04 4.1939 3.5192 3.30097 0.79995 0.3919 1.7452e+02 1 2.4547e-05 3.5192 6.668202e-01 3.251310e-01 5.441421e-03 -0.1417 
5.0164e+04 4.2047 3.5055 2.84474 0.80129 0.4055 2.1228e+02 1 3.8282e-05 3.5055 6.664155e-01 3.254990e-01 5.474960e-03 -0.1611 
6.7851e+04 4.2160 3.4896 2.40182 0.80274 0.4280 5.4203e+02 0 2.2387e-05 3.4896 6.657558e-01 3.261020e-01 5.527072e-03 -0.1980 
8.6906e+04 4.2271 3.4709 1.95492 0.80438 0.4675 7.9018e+02 0 2.2961e-05 3.4709 6.647913e-01 3.269690e-01 5.615807e-03 -0.1965 
1.0601e+05 4.2387 3.4543 1.52303 0.80642 0.5331 1.1781e+03 0 2.3605e-05 3.4543 6.635876e-01 3.280150e-01 5.761525e-03 -0.1981 
1.2420e+05 4.2434 3.4648 1.10646 0.80913 0.6145 1.4448e+03 0 2.3823e-05 3.4648 6.624004e-01 3.290080e-01 5.942927e-03 -0.1123 
1.3682e+05 4.2540 3.6111 0.81731 0.81158 0.6474 5.2588e+02 0 2.4434e-05 3.6111 6.619955e-01 3.293340e-01 6.016274e-03 999.0000 
 4.0000 11 # agb_4.00_Z0.00800000_Mdot2_eta0.40_Mc0.00_dMc0.00_Tbd6.40_L0.00_dL0.00_C0.00_Nr3.00_rates0_KOPv_KMOLv.dat 
0.0000e+00 4.1601 3.5397 4.00000 0.81123 0.3797 1.2799e+02 1 8.8920e-06 3.5397 6.587000e-01 3.332770e-01 5.405695e-03 -0.1195 
8.4152e+03 4.1994 3.5329 3.90048 0.81241 0.3797 1.4641e+02 1 1.4488e-05 3.5329 6.587000e-01 3.332770e-01 5.405695e-03 -0.1265 
1.8085e+04 4.2098 3.5287 3.75932 0.81337 0.3839 1.5681e+02 1 1.8323e-05 3.5287 6.585811e-01 3.333850e-01 5.416295e-03 -0.1322 
2.9439e+04 4.2197 3.5227 3.54202 0.81444 0.3914 1.7202e+02 1 2.4946e-05 3.5227 6.583737e-01 3.335730e-01 5.435066e-03 -0.1404 
4.2740e+04 4.2307 3.5117 3.15645 0.81562 0.4033 2.0170e+02 1 4.1687e-05 3.5117 6.580352e-01 3.338800e-01 5.463782e-03 -0.1523 
5.7861e+04 4.2409 3.4973 2.70068 0.81686 0.4219 4.8123e+02 0 2.6424e-05 3.4973 6.574939e-01 3.343750e-01 5.506309e-03 -0.1901 
7.4457e+04 4.2500 3.4816 2.27805 0.81819 0.4544 6.5842e+02 0 2.4210e-05 3.4816 6.566817e-01 3.351080e-01 5.578520e-03 -0.1913 
9.1561e+04 4.2598 3.4647 1.86244 0.81973 0.5112 9.3849e+02 0 2.4774e-05 3.4647 6.556066e-01 3.360480e-01 5.703185e-03 -0.1989 
1.0818e+05 4.2632 3.4547 1.46225 0.82165 0.5930 1.2859e+03 0 2.4946e-05 3.4547 6.543836e-01 3.370770e-01 5.882782e-03 -0.1821 
1.2379e+05 4.2677 3.4712 1.08177 0.82427 0.6800 1.4694e+03 0 2.5235e-05 3.4712 6.532935e-01 3.379630e-01 6.074442e-03 -0.0643 
1.3405e+05 4.2770 3.6128 0.83228 0.82646 0.6982 5.3639e+02 0 2.5763e-05 3.6128 6.530929e-01 3.381210e-01 6.114639e-03 999.0000 
 4.2000 12 # agb_4.20_Z0.00800000_Mdot2_eta0.40_Mc0.00_dMc0.00_Tbd6.40_L0.00_dL0.00_C0.00_Nr3.00_rates0_KOPv_KMOLv.dat 
0.0000e+00 4.1869 3.5410 4.20000 0.82628 0.3807 1.2987e+02 1 9.8401e-06 3.5410 6.520000e-01 3.399700e-01 5.403380e-03 -0.1183 
7.2044e+03 4.2224 3.5350 4.10896 0.82736 0.3807 1.4643e+02 1 1.5241e-05 3.5350 6.520000e-01 3.399700e-01 5.403380e-03 -0.1256 
1.5399e+04 4.2344 3.5310 3.98158 0.82822 0.3845 1.5660e+02 1 1.9231e-05 3.5310 6.518986e-01 3.400620e-01 5.412838e-03 -0.1328 
2.4993e+04 4.2435 3.5260 3.79273 0.82916 0.3912 1.6932e+02 1 2.5003e-05 3.5260 6.517245e-01 3.402190e-01 5.429317e-03 -0.1387 
3.6244e+04 4.2529 3.5180 3.48179 0.83019 0.4015 1.9082e+02 1 3.7068e-05 3.5180 6.514463e-01 3.404700e-01 5.453760e-03 -0.1483 
4.9007e+04 4.2633 3.5048 3.02044 0.83125 0.4165 2.3028e+02 1 3.5810e-05 3.5048 6.510145e-01 3.408650e-01 5.487996e-03 -0.1757 
6.3229e+04 4.2719 3.4915 2.61759 0.83235 0.4419 5.5883e+02 0 2.5468e-05 3.4915 6.503575e-01 3.414600e-01 5.543844e-03 -0.1947 
7.8185e+04 4.2799 3.4768 2.22020 0.83349 0.4872 7.5241e+02 0 2.5942e-05 3.4768 6.494552e-01 3.422550e-01 5.642241e-03 -0.1898 
9.3287e+04 4.2890 3.4617 1.83313 0.83490 0.5576 1.0440e+03 0 2.6485e-05 3.4617 6.483504e-01 3.431950e-01 5.794936e-03 -0.1949 
1.0771e+05 4.2922 3.4554 1.46046 0.83671 0.6496 1.3642e+03 0 2.6669e-05 3.4554 6.471552e-01 3.441760e-01 5.995091e-03 -0.1603 
1.2123e+05 4.2962 3.4722 1.10747 0.83917 0.7414 1.5198e+03 0 2.6915e-05 3.4722 6.461180e-01 3.450000e-01 6.195776e-03 -0.0431 
1.3117e+05 4.3052 3.6154 0.84731 0.84150 0.7687 5.4921e+02 0 2.7479e-05 3.6154 6.458397e-01 3.452150e-01 6.255648e-03 999.0000 
 4.4000 14 # agb_4.40_Z0.00800000_Mdot2_eta0.40_Mc0.00_dMc0.00_Tbd6.40_L0.00_dL0.00_C0.00_Nr3.00_rates0_KOPv_KMOLv.dat 
0.0000e+00 4.2161 3.5419 4.40000 0.84311 0.3833 1.3287e+02 1 1.1246e-05 3.5419 6.455000e-01 3.464640e-01 5.400314e-03 -0.1180 
6.0286e+03 4.2511 3.5361 4.31365 0.84409 0.3833 1.4936e+02 1 1.7219e-05 3.5361 6.455000e-01 3.464640e-01 5.400314e-03 -0.1277 
1.2922e+04 4.2624 3.5325 4.19277 0.84487 0.3867 1.5888e+02 1 2.1330e-05 3.5325 6.454138e-01 3.465420e-01 5.408767e-03 -0.1336 
2.0895e+04 4.2701 3.5282 4.02096 0.84569 0.3928 1.6986e+02 1 2.6730e-05 3.5282 6.452681e-01 3.466720e-01 5.423254e-03 -0.1381 
3.0154e+04 4.2792 3.5216 3.75433 0.84657 0.4017 1.8766e+02 1 3.7154e-05 3.5216 6.450401e-01 3.468780e-01 5.444140e-03 -0.1458 
4.0694e+04 4.2891 3.5104 3.32466 0.84747 0.4141 2.2075e+02 1 4.5920e-05 3.5104 6.446940e-01 3.471930e-01 5.472162e-03 -0.1619 
5.2553e+04 4.2965 3.4986 2.93044 0.84839 0.4338 5.0030e+02 0 2.7861e-05 3.4986 6.441715e-01 3.476690e-01 5.514889e-03 -0.1881 
6.5339e+04 4.3037 3.4864 2.56022 0.84932 0.4685 6.4058e+02 0 2.7416e-05 3.4864 6.434420e-01 3.483170e-01 5.589412e-03 -0.1856 
7.8435e+04 4.3109 3.4731 2.19985 0.85031 0.5244 8.3974e+02 0 2.7861e-05 3.4731 6.425123e-01 3.491170e-01 5.709095e-03 -0.1929 
9.1370e+04 4.3183 3.4617 1.85288 0.85154 0.6034 1.1033e+03 0 2.8314e-05 3.4617 6.414308e-01 3.500160e-01 5.878789e-03 -0.1832 
1.0374e+05 4.3210 3.4555 1.51874 0.85315 0.7001 1.4032e+03 0 2.8510e-05 3.4555 6.402958e-01 3.509290e-01 6.087123e-03 -0.1484 
1.1533e+05 4.3244 3.4659 1.20278 0.85531 0.7966 1.5893e+03 0 2.8708e-05 3.4659 6.392856e-01 3.517170e-01 6.295858e-03 -0.0479 
1.2614e+05 4.3287 3.5397 0.90530 0.85803 0.8551 1.0724e+03 0 2.9040e-05 3.5397 6.387223e-01 3.521460e-01 6.422984e-03 0.1662 
1.2797e+05 4.2705 3.6155 0.86351 0.85816 0.8551 4.9923e+02 0 2.6303e-05 3.6155 6.387223e-01 3.521460e-01 6.422984e-03 999.0000 
 4.6000 15 # agb_4.60_Z0.00800000_Mdot2_eta0.40_Mc0.00_dMc0.00_Tbd6.40_L0.00_dL0.00_C0.00_Nr3.00_rates0_KOPv_KMOLv.dat 
0.0000e+00 4.2440 3.5426 4.60000 0.86041 0.3826 1.3607e+02 1 1.2794e-05 3.5426 6.402000e-01 3.517590e-01 5.398475e-03 -0.1185 
5.0570e+03 4.2794 3.5369 4.51683 0.86129 0.3826 1.5279e+02 1 1.9588e-05 3.5369 6.402000e-01 3.517590e-01 5.398475e-03 -0.1298 
1.0730e+04 4.2899 3.5336 4.40626 0.86197 0.3857 1.6150e+02 1 2.3768e-05 3.5336 6.401270e-01 3.518240e-01 5.406034e-03 -0.1318 
1.7288e+04 4.2984 3.5298 4.25254 0.86268 0.3911 1.7184e+02 1 2.9309e-05 3.5298 6.400060e-01 3.519320e-01 5.418736e-03 -0.1355 
2.4893e+04 4.3053 3.5247 4.02988 0.86343 0.3989 1.8566e+02 1 3.7844e-05 3.5247 6.398200e-01 3.520990e-01 5.436670e-03 -0.1413 
3.3588e+04 4.3138 3.5160 3.67472 0.86421 0.4091 2.1053e+02 1 5.7016e-05 3.5160 6.395454e-01 3.523480e-01 5.459713e-03 -0.1548 
4.3301e+04 4.3207 3.5059 3.28788 0.86496 0.4239 2.4303e+02 1 3.7239e-05 3.5059 6.391426e-01 3.527160e-01 5.491592e-03 -0.1858 
5.3984e+04 4.3278 3.4958 2.94893 0.86573 0.4492 5.4746e+02 0 2.8973e-05 3.4958 6.385771e-01 3.532220e-01 5.545665e-03 -0.1896 
6.5153e+04 4.3338 3.4845 2.60292 0.86645 0.4904 6.8618e+02 0 2.9376e-05 3.4845 6.378403e-01 3.538640e-01 5.633125e-03 -0.1809 
7.6475e+04 4.3401 3.4731 2.27578 0.86725 0.5514 8.6975e+02 0 2.9785e-05 3.4731 6.369436e-01 3.546200e-01 5.762932e-03 -0.1908 
8.7636e+04 4.3453 3.4634 1.95599 0.86825 0.6330 1.0997e+03 0 3.0130e-05 3.4634 6.359242e-01 3.554530e-01 5.937096e-03 -0.1784 
9.8367e+04 4.3473 3.4567 1.64679 0.86958 0.7302 1.3693e+03 0 3.0269e-05 3.4567 6.348562e-01 3.563000e-01 6.145327e-03 -0.1511 
1.0844e+05 4.3501 3.4598 1.35459 0.87134 0.8306 1.5979e+03 0 3.0479e-05 3.4598 6.338545e-01 3.570720e-01 6.361297e-03 -0.0761 
1.1786e+05 4.3535 3.4880 1.07901 0.87358 0.9130 1.5353e+03 0 3.0690e-05 3.4880 6.330890e-01 3.576490e-01 6.539445e-03 0.0603 
1.2469e+05 4.3606 3.6224 0.88096 0.87553 0.9130 5.6349e+02 0 3.1189e-05 3.6224 6.330890e-01 3.576490e-01 6.539445e-03 999.0000 
 4.8000 17 # agb_4.80_Z0.00800000_Mdot2_eta0.40_Mc0.00_dMc0.00_Tbd6.40_L0.00_dL0.00_C0.00_Nr3.00_rates0_KOPv_KMOLv.dat 
0.0000e+00 4.2743 3.5428 4.80000 0.87989 0.3834 1.4049e+02 1 1.5031e-05 3.5428 6.352000e-01 3.567550e-01 5.397073e-03 -0.1176 
4.1111e+03 4.3081 3.5375 4.72194 0.88066 0.3834 1.5670e+02 1 2.2439e-05 3.5375 6.352000e-01 3.567550e-01 5.397073e-03 -0.1267 
8.7592e+03 4.3165 3.5347 4.61887 0.88125 0.3863 1.6423e+02 1 2.6424e-05 3.5347 6.351394e-01 3.568090e-01 5.403762e-03 -0.1309 
1.4035e+04 4.3251 3.5313 4.48003 0.88184 0.3910 1.7373e+02 1 3.2063e-05 3.5313 6.350413e-01 3.568950e-01 5.414824e-03 -0.1337 
2.0114e+04 4.3320 3.5270 4.28532 0.88247 0.3977 1.8578e+02 1 4.0087e-05 3.5270 6.348932e-01 3.570270e-01 5.430154e-03 -0.1405 
2.6984e+04 4.3395 3.5203 3.99961 0.88309 0.4063 2.0487e+02 1 5.5081e-05 3.5203 6.346791e-01 3.572200e-01 5.449232e-03 -0.1521 
3.4793e+04 4.3462 3.5117 3.62920 0.88374 0.4172 2.3206e+02 1 4.7863e-05 3.5117 6.343747e-01 3.574990e-01 5.472812e-03 -0.1770 
4.3343e+04 4.3533 3.5028 3.30691 0.88435 0.4352 2.6321e+02 1 3.2885e-05 3.5028 6.339489e-01 3.578820e-01 5.510811e-03 -0.1844 
5.2485e+04 4.3582 3.4941 3.00137 0.88491 0.4639 5.8536e+02 0 3.1046e-05 3.4941 6.333876e-01 3.583770e-01 5.571520e-03 -0.1792 
6.2003e+04 4.3634 3.4844 2.69609 0.88548 0.5069 7.1085e+02 0 3.1405e-05 3.4844 6.326934e-01 3.589730e-01 5.662257e-03 -0.1811 
7.1605e+04 4.3679 3.4748 2.40232 0.88611 0.5670 8.6819e+02 0 3.1769e-05 3.4748 6.318745e-01 3.596560e-01 5.789077e-03 -0.1899 
8.1043e+04 4.3722 3.4664 2.11341 0.88686 0.6442 1.0599e+03 0 3.2063e-05 3.4664 6.309575e-01 3.603980e-01 5.952811e-03 -0.1775 
9.0196e+04 4.3775 3.4590 1.82992 0.88789 0.7356 1.3048e+03 0 3.2434e-05 3.4590 6.299855e-01 3.611630e-01 6.147454e-03 -0.1590 
9.8877e+04 4.3796 3.4570 1.55972 0.88922 0.8347 1.5418e+03 0 3.2584e-05 3.4570 6.290183e-01 3.619050e-01 6.359554e-03 -0.1081 
1.0708e+05 4.3820 3.4718 1.30288 0.89095 0.9295 1.5958e+03 0 3.2810e-05 3.4718 6.281532e-01 3.625540e-01 6.563023e-03 -0.0286 
1.1476e+05 4.3851 3.4992 1.06050 0.89305 1.0004 1.5150e+03 0 3.3037e-05 3.4992 6.275378e-01 3.630070e-01 6.715851e-03 0.0763 
1.1992e+05 4.3909 3.6246 0.90010 0.89462 1.0004 5.8025e+02 0 3.3497e-05 3.6246 6.275378e-01 3.630070e-01 6.715851e-03 999.0000 
 5.0000 20 # agb_5.00_Z0.00800000_Mdot2_eta0.40_Mc0.00_dMc0.00_Tbd6.40_L0.00_dL0.00_C0.00_Nr3.00_rates0_KOPv_KMOLv.dat 
0.0000e+00 4.3080 3.5424 5.00000 0.90249 0.3851 1.4681e+02 1 1.8365e-05 3.5424 6.313000e-01 3.607510e-01 5.394384e-03 -0.1194 
3.2845e+03 4.3404 3.5374 4.92352 0.90316 0.3851 1.6289e+02 1 2.6977e-05 3.5374 6.313000e-01 3.607510e-01 5.394384e-03 -0.1262 
6.8980e+03 4.3503 3.5346 4.82556 0.90365 0.3877 1.7103e+02 1 3.1989e-05 3.5346 6.312506e-01 3.607950e-01 5.400283e-03 -0.1298 
1.1018e+04 4.3557 3.5319 4.69770 0.90414 0.3919 1.7863e+02 1 3.7068e-05 3.5319 6.311719e-01 3.608630e-01 5.409941e-03 -0.1353 
1.5713e+04 4.3637 3.5277 4.52171 0.90464 0.3977 1.9051e+02 1 4.6026e-05 3.5277 6.310563e-01 3.609650e-01 5.423034e-03 -0.1408 
2.1052e+04 4.3707 3.5222 4.26884 0.90516 0.4049 2.0698e+02 1 6.0395e-05 3.5222 6.308919e-01 3.611120e-01 5.438972e-03 -0.1562 
2.7054e+04 4.3776 3.5152 3.94434 0.90568 0.4136 2.2969e+02 1 5.6234e-05 3.5152 6.306629e-01 3.613200e-01 5.457719e-03 -0.1715 
3.3686e+04 4.3827 3.5079 3.64887 0.90618 0.4263 2.5451e+02 1 4.0458e-05 3.5079 6.303477e-01 3.616060e-01 5.484526e-03 -0.1781 
4.0811e+04 4.3879 3.5008 3.38395 0.90663 0.4458 5.2867e+02 0 3.3266e-05 3.5008 6.299345e-01 3.619740e-01 5.525394e-03 -0.1814 
4.8315e+04 4.3924 3.4933 3.11319 0.90704 0.4745 6.1549e+02 0 3.3574e-05 3.4933 6.294204e-01 3.624220e-01 5.585534e-03 -0.1754 
5.6119e+04 4.3967 3.4854 2.84898 0.90747 0.5150 7.2257e+02 0 3.3963e-05 3.4854 6.288051e-01 3.629460e-01 5.670196e-03 -0.1863 
6.3924e+04 4.3995 3.4777 2.59274 0.90789 0.5688 8.4774e+02 0 3.4119e-05 3.4777 6.280948e-01 3.635350e-01 5.783239e-03 -0.1861 
7.1756e+04 4.4023 3.4706 2.33452 0.90842 0.6363 9.9918e+02 0 3.4356e-05 3.4706 6.273064e-01 3.641710e-01 5.925378e-03 -0.1782 
7.9408e+04 4.4050 3.4634 2.08059 0.90911 0.7164 1.1885e+03 0 3.4594e-05 3.4634 6.264591e-01 3.648380e-01 6.094745e-03 -0.1664 
8.6772e+04 4.4063 3.4585 1.83544 0.91001 0.8060 1.3944e+03 0 3.4674e-05 3.4585 6.255840e-01 3.655110e-01 6.284946e-03 -0.1363 
9.3778e+04 4.4079 3.4636 1.60123 0.91116 0.8994 1.5111e+03 0 3.4834e-05 3.4636 6.247276e-01 3.661560e-01 6.484007e-03 -0.0852 
1.0037e+05 4.4102 3.4772 1.37994 0.91259 0.9891 1.5378e+03 0 3.4995e-05 3.4772 6.239441e-01 3.667350e-01 6.676042e-03 -0.0291 
1.0666e+05 4.4125 3.4747 1.16727 0.91432 1.0642 1.8386e+03 0 3.5156e-05 3.4747 6.233126e-01 3.671950e-01 6.837487e-03 0.1042 
1.1271e+05 4.4151 3.5413 0.96172 0.91634 1.0976 1.2144e+03 0 3.5400e-05 3.5413 6.230408e-01 3.673900e-01 6.909411e-03 0.3764 
1.1404e+05 4.3930 3.6269 0.92174 0.91655 1.0976 5.5890e+02 0 3.3651e-05 3.6269 6.230408e-01 3.673900e-01 6.909411e-03 999.0000 
 5.2000 23 # agb_5.20_Z0.00800000_Mdot2_eta0.40_Mc0.00_dMc0.00_Tbd6.40_L0.00_dL0.00_C0.00_Nr3.00_rates0_KOPv_KMOLv.dat 
0.0000e+00 4.3429 3.5417 5.20000 0.92656 0.3848 1.5415e+02 1 2.2856e-05 3.5417 6.280000e-01 3.640480e-01 5.393559e-03 -0.1176 
2.5585e+03 4.3739 3.5370 5.12638 0.92713 0.3848 1.7016e+02 1 3.2961e-05 3.5370 6.280000e-01 3.640480e-01 5.393560e-03 -0.1281 
5.3608e+03 4.3805 3.5348 5.03556 0.92752 0.3871 1.7665e+02 1 3.7497e-05 3.5348 6.279602e-01 3.640830e-01 5.398757e-03 -0.1298 
8.5110e+03 4.3885 3.5319 4.91727 0.92792 0.3908 1.8534e+02 1 4.4259e-05 3.5319 6.278985e-01 3.641350e-01 5.407137e-03 -0.1380 
1.2086e+04 4.3948 3.5284 4.75994 0.92832 0.3959 1.9549e+02 1 5.2845e-05 3.5284 6.278091e-01 3.642130e-01 5.418433e-03 -0.1477 
1.6121e+04 4.4017 3.5238 4.54204 0.92873 0.4020 2.0978e+02 1 6.6681e-05 3.5238 6.276850e-01 3.643220e-01 5.431889e-03 -0.1533 
2.0649e+04 4.4072 3.5182 4.26423 0.92913 0.4091 2.2792e+02 1 6.5313e-05 3.5182 6.275161e-01 3.644750e-01 5.447152e-03 -0.1675 
2.5656e+04 4.4143 3.5120 4.00486 0.92954 0.4180 2.4952e+02 1 4.8529e-05 3.5120 6.272893e-01 3.646800e-01 5.466172e-03 -0.1715 
3.1056e+04 4.4183 3.5064 3.76879 0.92989 0.4309 2.7008e+02 1 3.8637e-05 3.5064 6.269943e-01 3.649450e-01 5.493490e-03 -0.1776 
3.6853e+04 4.4224 3.5007 3.54037 0.93023 0.4493 2.9300e+02 1 3.5975e-05 3.5007 6.266281e-01 3.652690e-01 5.532203e-03 -0.1737 
4.2912e+04 4.4259 3.4947 3.31048 0.93054 0.4748 6.1989e+02 0 3.6308e-05 3.4947 6.261888e-01 3.656500e-01 5.585625e-03 -0.1732 
4.9146e+04 4.4289 3.4883 3.08406 0.93083 0.5090 7.0428e+02 0 3.6559e-05 3.4883 6.256770e-01 3.660840e-01 5.657017e-03 -0.1871 
5.5476e+04 4.4306 3.4821 2.85931 0.93112 0.5530 7.9979e+02 0 3.6728e-05 3.4821 6.250962e-01 3.665660e-01 5.748917e-03 -0.1859 
6.1759e+04 4.4321 3.4763 2.63644 0.93143 0.6072 9.0913e+02 0 3.6813e-05 3.4763 6.244536e-01 3.670870e-01 5.862570e-03 -0.1783 
6.8043e+04 4.4337 3.4700 2.41264 0.93184 0.6715 1.0455e+03 0 3.6983e-05 3.4700 6.237581e-01 3.676380e-01 5.997918e-03 -0.1708 
7.4206e+04 4.4346 3.4644 2.19256 0.93236 0.7450 1.2011e+03 0 3.7068e-05 3.4644 6.230212e-01 3.682100e-01 6.153282e-03 -0.1627 
8.0181e+04 4.4367 3.4629 1.97819 0.93305 0.8257 1.3404e+03 0 3.7239e-05 3.4629 6.222621e-01 3.687870e-01 6.324308e-03 -0.1307 
8.5903e+04 4.4378 3.4646 1.77233 0.93391 0.9106 1.4623e+03 0 3.7325e-05 3.4646 6.215025e-01 3.693550e-01 6.505015e-03 -0.0969 
9.1362e+04 4.4393 3.4755 1.57526 0.93497 0.9955 1.4791e+03 0 3.7411e-05 3.4755 6.207731e-01 3.698910e-01 6.686435e-03 -0.0451 
9.6548e+04 4.4411 3.4573 1.38731 0.93624 1.0755 1.9594e+03 0 3.7584e-05 3.4573 6.201080e-01 3.703740e-01 6.857933e-03 0.0338 
1.0155e+05 4.4429 3.4740 1.20509 0.93773 1.1433 1.9241e+03 0 3.7757e-05 3.4740 6.195586e-01 3.707680e-01 7.003883e-03 0.1052 
1.0636e+05 4.4450 3.5171 1.02906 0.93943 1.1823 1.5164e+03 0 3.7931e-05 3.5171 6.192504e-01 3.709860e-01 7.087815e-03 0.3388 
1.0871e+05 4.4477 3.6269 0.94607 0.94018 1.1823 6.1685e+02 0 3.8194e-05 3.6269 6.192504e-01 3.709860e-01 7.087815e-03 999.0000 
 5.4000 27 # agb_5.40_Z0.00800000_Mdot2_eta0.40_Mc0.00_dMc0.00_Tbd6.40_L0.00_dL0.00_C0.00_Nr3.00_rates0_KOPv_KMOLv.dat 
0.0000e+00 4.4012 3.5381 5.40000 0.95445 0.3846 1.7275e+02 1 3.6308e-05 3.5381 6.247000e-01 3.672450e-01 5.393367e-03 -0.1222 
1.9208e+03 4.4396 3.5320 5.30597 0.95494 0.3840 1.9557e+02 1 5.7280e-05 3.5320 6.246990e-01 3.672460e-01 5.394035e-03 -0.1340 
4.0206e+03 4.4532 3.5283 5.17997 0.95528 0.3832 2.0853e+02 1 7.1614e-05 3.5283 6.246636e-01 3.672740e-01 5.400804e-03 -0.1385 
6.3623e+03 4.4643 3.5242 5.00844 0.95561 0.3787 2.2306e+02 1 9.0157e-05 3.5242 6.246082e-01 3.673170e-01 5.412752e-03 -0.1453 
9.0141e+03 4.4744 3.5199 4.82702 0.95593 0.3672 2.3894e+02 1 7.1614e-05 3.5199 6.245272e-01 3.673800e-01 5.430290e-03 -0.1505 
1.2040e+04 4.4810 3.5159 4.64554 0.95627 0.3465 2.5390e+02 1 5.9156e-05 3.5159 6.244146e-01 3.674690e-01 5.452642e-03 -0.1630 
1.5354e+04 4.4868 3.5120 4.47055 0.95658 0.3175 2.6941e+02 1 5.0003e-05 3.5120 6.242656e-01 3.675910e-01 5.478337e-03 -0.1585 
1.9036e+04 4.4909 3.5082 4.29702 0.95689 0.2807 2.8475e+02 1 4.3152e-05 3.5082 6.240749e-01 3.677500e-01 5.507864e-03 -0.1593 
2.3030e+04 4.4937 3.5043 4.11753 0.95719 0.2415 3.0101e+02 1 4.2462e-05 3.5043 6.238391e-01 3.679490e-01 5.543211e-03 -0.1550 
2.7261e+04 4.4948 3.5003 3.92861 0.95745 0.2069 3.1802e+02 1 4.2560e-05 3.5003 6.235564e-01 3.681870e-01 5.584598e-03 -0.1578 
3.1726e+04 4.4930 3.4972 3.73075 0.95769 0.1840 6.3265e+02 0 4.2364e-05 3.4972 6.232259e-01 3.684660e-01 5.632406e-03 -0.1588 
3.6414e+04 4.4907 3.4929 3.53169 0.95792 0.1753 6.8661e+02 0 4.2170e-05 3.4929 6.228471e-01 3.687850e-01 5.688434e-03 -0.1744 
4.1198e+04 4.4853 3.4890 3.33609 0.95812 0.1869 7.3946e+02 0 4.1591e-05 3.4890 6.224229e-01 3.691400e-01 5.753095e-03 -0.1773 
4.6056e+04 4.4810 3.4849 3.14264 0.95831 0.2168 8.0162e+02 0 4.1210e-05 3.4849 6.219554e-01 3.695260e-01 5.828383e-03 -0.1722 
5.0948e+04 4.4769 3.4805 2.94987 0.95850 0.2595 8.7522e+02 0 4.0832e-05 3.4805 6.214447e-01 3.699420e-01 5.917244e-03 -0.1743 
5.5884e+04 4.4733 3.4759 2.75651 0.95874 0.3102 9.6109e+02 0 4.0458e-05 3.4759 6.208937e-01 3.703820e-01 6.021542e-03 -0.1778 
6.0724e+04 4.4716 3.4712 2.56765 0.95900 0.3679 1.0648e+03 0 4.0365e-05 3.4712 6.203097e-01 3.708390e-01 6.140608e-03 -0.1687 
6.5535e+04 4.4699 3.4657 2.38036 0.95936 0.4321 1.1926e+03 0 4.0179e-05 3.4657 6.196986e-01 3.713080e-01 6.273361e-03 -0.1602 
7.0226e+04 4.4701 3.4617 2.19761 0.95981 0.5015 1.3289e+03 0 4.0179e-05 3.4617 6.190694e-01 3.717840e-01 6.417644e-03 -0.1517 
7.4775e+04 4.4709 3.4587 2.02008 0.96038 0.5750 1.4750e+03 0 4.0272e-05 3.4587 6.184306e-01 3.722600e-01 6.570917e-03 -0.1248 
7.9165e+04 4.4718 3.4580 1.84845 0.96108 0.6508 1.6106e+03 0 4.0365e-05 3.4580 6.177950e-01 3.727270e-01 6.729358e-03 -0.0874 
8.3379e+04 4.4729 3.4590 1.68325 0.96191 0.7265 1.7417e+03 0 4.0458e-05 3.4590 6.171777e-01 3.731750e-01 6.888222e-03 -0.0390 
8.7444e+04 4.4741 3.4630 1.52344 0.96290 0.7995 1.8432e+03 0 4.0551e-05 3.4630 6.165958e-01 3.735930e-01 7.042020e-03 0.0293 
9.1330e+04 4.4756 3.4738 1.37017 0.96403 0.8666 1.8467e+03 0 4.0738e-05 3.4738 6.160712e-01 3.739660e-01 7.183827e-03 0.0765 
9.5113e+04 4.4771 3.4892 1.22040 0.96531 0.9227 1.7930e+03 0 4.0832e-05 3.4892 6.156403e-01 3.742700e-01 7.302583e-03 0.1065 
9.8799e+04 4.4787 3.5207 1.07384 0.96674 0.9554 1.5232e+03 0 4.1020e-05 3.5207 6.153930e-01 3.744430e-01 7.371888e-03 0.3120 
1.0135e+05 4.4824 3.6298 0.97364 0.96773 0.9554 6.3303e+02 0 4.1305e-05 3.6298 6.153930e-01 3.744430e-01 7.371888e-03 999.0000 
 5.6000 33 # agb_5.60_Z0.00800000_Mdot2_eta0.40_Mc0.00_dMc0.00_Tbd6.40_L0.00_dL0.00_C0.00_Nr3.00_rates0_KOPv_KMOLv.dat 
0.0000e+00 4.5206 3.5270 5.60000 0.98075 0.2518 2.2884e+02 1 1.0375e-04 3.5270 6.218000e-01 3.701210e-01 5.442820e-03 -0.1261 
1.4630e+03 4.5735 3.5187 5.50170 0.98117 0.2086 2.7032e+02 1 6.8549e-05 3.5187 6.217828e-01 3.701250e-01 5.455935e-03 -0.1407 
3.0413e+03 4.5761 3.5169 5.40209 0.98145 0.1675 2.7785e+02 1 6.3387e-05 3.5169 6.217374e-01 3.701530e-01 5.473186e-03 -0.1387 
4.8067e+03 4.5822 3.5145 5.29886 0.98172 0.1276 2.8887e+02 1 5.7677e-05 3.5145 6.216755e-01 3.701940e-01 5.492769e-03 -0.1391 
6.7913e+03 4.5831 3.5125 5.18938 0.98198 0.0939 2.9662e+02 1 5.3703e-05 3.5125 6.215953e-01 3.702540e-01 5.512649e-03 -0.1445 
8.9810e+03 4.5840 3.5105 5.07272 0.98223 0.0696 3.0500e+02 1 5.2240e-05 3.5105 6.214949e-01 3.703350e-01 5.530874e-03 -0.1458 
1.1421e+04 4.5845 3.5084 4.94417 0.98248 0.0546 3.1407e+02 1 5.2240e-05 3.5084 6.213707e-01 3.704430e-01 5.546690e-03 -0.1472 
1.4067e+04 4.5846 3.5086 4.80542 0.98272 0.0472 3.1823e+02 1 5.2360e-05 3.5086 6.212204e-01 3.705780e-01 5.560462e-03 -0.1411 
1.6948e+04 4.5877 3.5055 4.65280 0.98295 0.0446 3.3295e+02 1 5.2723e-05 3.5055 6.210394e-01 3.707430e-01 5.575156e-03 -0.1412 
2.0016e+04 4.5871 3.5026 4.48993 0.98315 0.0447 3.4603e+02 1 5.2602e-05 3.5026 6.208271e-01 3.709350e-01 5.593079e-03 -0.1496 
2.3275e+04 4.5838 3.4997 4.31707 0.98335 0.0460 3.5823e+02 1 5.2240e-05 3.4997 6.205822e-01 3.711540e-01 5.615962e-03 -0.1580 
2.6697e+04 4.5799 3.4968 4.13552 0.98352 0.0482 7.0268e+02 0 5.1761e-05 3.4968 6.203042e-01 3.714000e-01 5.645292e-03 -0.1583 
3.0263e+04 4.5729 3.4941 3.95241 0.98368 0.0513 7.3812e+02 0 5.0933e-05 3.4941 6.199934e-01 3.716700e-01 5.682655e-03 -0.1562 
3.3899e+04 4.5669 3.4912 3.77269 0.98381 0.0559 7.7926e+02 0 5.0234e-05 3.4912 6.196513e-01 3.719620e-01 5.729340e-03 -0.1550 
3.7657e+04 4.5590 3.4883 3.59287 0.98394 0.0624 8.2095e+02 0 4.9317e-05 3.4883 6.192784e-01 3.722730e-01 5.786562e-03 -0.1557 
4.1478e+04 4.5500 3.4855 3.41548 0.98407 0.0730 8.6330e+02 0 4.8306e-05 3.4855 6.188775e-01 3.726010e-01 5.854959e-03 -0.1580 
4.5337e+04 4.5402 3.4827 3.24036 0.98421 0.0911 9.0824e+02 0 4.7206e-05 3.4827 6.184514e-01 3.729420e-01 5.934385e-03 -0.1695 
4.9215e+04 4.5292 3.4800 3.06814 0.98436 0.1231 9.5335e+02 0 4.6026e-05 3.4800 6.180031e-01 3.732960e-01 6.023366e-03 -0.1702 
5.3085e+04 4.5185 3.4773 2.89980 0.98452 0.1710 1.0035e+03 0 4.4875e-05 3.4773 6.175332e-01 3.736620e-01 6.120649e-03 -0.1693 
5.6920e+04 4.5108 3.4742 2.73557 0.98470 0.2265 1.0689e+03 0 4.4157e-05 3.4742 6.170398e-01 3.740410e-01 6.228070e-03 -0.1661 
6.0698e+04 4.5068 3.4687 2.57502 0.98492 0.2868 1.1749e+03 0 4.3752e-05 3.4687 6.165281e-01 3.744290e-01 6.344970e-03 -0.1603 
6.4449e+04 4.5040 3.4654 2.41646 0.98522 0.3512 1.2727e+03 0 4.3451e-05 3.4654 6.160022e-01 3.748210e-01 6.470258e-03 -0.1541 
6.8114e+04 4.5030 3.4625 2.26180 0.98558 0.4190 1.3831e+03 0 4.3351e-05 3.4625 6.154662e-01 3.752160e-01 6.602632e-03 -0.1419 
7.1681e+04 4.5035 3.4598 2.11113 0.98603 0.4895 1.5103e+03 0 4.3351e-05 3.4598 6.149242e-01 3.756110e-01 6.740642e-03 -0.1120 
7.5143e+04 4.5042 3.4585 1.96467 0.98657 0.5617 1.6323e+03 0 4.3451e-05 3.4585 6.143818e-01 3.760020e-01 6.882471e-03 -0.0821 
7.8495e+04 4.5050 3.4585 1.82265 0.98721 0.6343 1.7482e+03 0 4.3551e-05 3.4585 6.138469e-01 3.763840e-01 7.025530e-03 -0.0554 
8.1735e+04 4.5059 3.4613 1.68507 0.98794 0.7058 1.8338e+03 0 4.3652e-05 3.4613 6.133284e-01 3.767510e-01 7.166930e-03 -0.0303 
8.4869e+04 4.5069 3.4652 1.55170 0.98878 0.7746 1.9116e+03 0 4.3752e-05 3.4652 6.128360e-01 3.770970e-01 7.303428e-03 0.0472 
8.7907e+04 4.5080 3.4716 1.42212 0.98973 0.8387 1.9580e+03 0 4.3853e-05 3.4716 6.123824e-01 3.774130e-01 7.430995e-03 0.0992 
9.0859e+04 4.5092 3.4833 1.29579 0.99077 0.8952 1.9229e+03 0 4.3954e-05 3.4833 6.119870e-01 3.776870e-01 7.543583e-03 0.1892 
9.3735e+04 4.5106 3.5040 1.17233 0.99192 0.9381 1.7542e+03 0 4.4055e-05 3.5040 6.116894e-01 3.778920e-01 7.629254e-03 0.2693 
9.6570e+04 4.5119 3.5448 1.05025 0.99318 0.9502 1.3492e+03 0 4.4259e-05 3.5448 6.116063e-01 3.779490e-01 7.653454e-03 0.5288 
9.7803e+04 4.5134 3.6364 0.99894 0.99363 0.9502 6.2488e+02 0 4.4361e-05 3.6364 6.116063e-01 3.779490e-01 7.653454e-03 999.0000 
