25
0.010 5
10000000 -3.81 3.20629
50000000 -4.66 3.02898
100000000 -4.98 2.9619
10000000000 -4.98 2.9619
20000000000 -4.98 2.9619
0.012 5
10000000 -3.58 3.25551
50000000 -4.09 3.15806
100000000 -4.25 3.12483
120000000 -4.29 3.11694
20000000000 -4.29 3.11694
0.015 5
10000000 -3.14 3.33606
50000000 -3.61 3.26126
100000000 -4.37 3.11059
120000000 -4.54 3.07482
20000000000 -4.54 3.07482
0.020 6
10000000 -2.70 3.39568
50000000 -3.78 3.24551
100000000 -4.21 3.15866
120000000 -4.34 3.13066
500000000 -5.14 2.95472
20000000000 -5.14 2.95472
0.030 7
10000000 -2.49 3.42602
50000000 -3.35 3.34262
100000000 -3.75 3.2737
120000000 -3.86 3.25091
500000000 -4.73 3.06819
1000000000 -5.11 2.98137
20000000000 -5.11 2.98137
0.040 7
10000000 -2.42 3.43996
50000000 -3.09 3.39358
100000000 -3.41 3.34908
120000000 -3.51 3.33264
500000000 -4.36 3.16465
1000000000 -4.77 3.07518
20000000000 -4.77 3.07518
0.050 8
10000000 -2.30 3.45317
50000000 -2.90 3.42357
100000000 -3.18 3.39498
120000000 -3.26 3.38417
500000000 -4.06 3.24329
1000000000 -4.48 3.15351
5000000000 -5.35 2.95761
20000000000 -5.35 2.95761
0.055 8
10000000 -2.24 3.45864
50000000 -2.83 3.43345
100000000 -3.09 3.41095
120000000 -3.17 3.40123
500000000 -3.91 3.27921
1000000000 -4.34 3.19033
5000000000 -5.21 2.99564
20000000000 -5.21 2.99564
0.060 8
10000000 -2.20 3.4633
50000000 -2.76 3.4417
100000000 -3.01 3.42357
120000000 -3.09 3.41597
500000000 -3.78 3.31133
1000000000 -4.21 3.22401
5000000000 -5.04 3.04021
20000000000 -5.29 2.98722
0.070 9
10000000 -2.11 3.47012
50000000 -2.65 3.45423
100000000 -2.88 3.44217
120000000 -2.95 3.43727
500000000 -3.56 3.36078
1000000000 -3.88 3.30363
5000000000 -4.36 3.20222
10000000000 -4.42 3.19089
20000000000 -4.42 3.19089
0.072 9
10000000 -2.09 3.47144
50000000 -2.63 3.45637
100000000 -2.86 3.44514
120000000 -2.92 3.44059
500000000 -3.52 3.36773
1000000000 -3.80 3.31994
5000000000 -4.18 3.24403
10000000000 -4.19 3.24155
20000000000 -4.19 3.24155
0.0817669 5
10000000 -1.9675 3.51672 1
100000000 -2.73462 3.49003 1
1000000000 -3.53838 3.38894 1
10000000000 -3.71379 3.35574 1
20000000000 -3.71379 3.35574 1
0.09 5
10000000 -1.91058 3.52066 1
100000000 -2.65823 3.49917 1
1000000000 -3.24722 3.44214 1
10000000000 -3.25686 3.44078 1
20000000000 -3.25686 3.44078 1
0.1 5
10000000 -1.84493 3.52514 1
100000000 -2.58275 3.50759 1
1000000000 -3.01203 3.47663 1
10000000000 -3.00968 3.47711 1
20000000000 -3.00968 3.47711 1
0.11 5
10000000 -1.78781 3.5291 1
100000000 -2.51387 3.51456 1
1000000000 -2.85726 3.49523 1
10000000000 -2.85391 3.49583 1
20000000000 -2.85391 3.49583 1
0.15 5
10000000 -1.59717 3.54089 1
100000000 -2.29692 3.53415 1
1000000000 -2.49414 3.52848 1
10000000000 -2.48944 3.52895 1
20000000000 -2.48944 3.52895 1
0.20 3
   0.000000E+00 -2.1004  3.5863 M=  0.20                     1    16  
   0.457909E+10 -2.0865  3.5873              2    21                  
   0.248810E+11 -2.0391  3.5899 Te-M         3    41                  
0.25 3
   0.000000E+00 -1.9073  3.5989 M=  0.25                     1    15  
   0.441841E+10 -1.8786  3.6000              2    21                  
   0.253204E+11 -1.8361  3.6023 Te-M         3    41                  
0.30 3
   0.000000E+00 -1.7545  3.6090 M=  0.30                     1    14  
   0.443804E+10 -1.7119  3.6102              2    20                  
   0.255401E+11 -1.6820  3.6121 Te-M         3    41                  
0.35 3
   0.000000E+00 -1.6289  3.6169 M=  0.35                     1    14  
   0.453807E+10 -1.5783  3.6175              2    20                  
   0.255401E+11 -1.5599  3.6191 Te-M         3    41                  
0.40 5
   0.000000E+00 -1.4843  3.6222 M=  0.40                     1    17  
   0.901414E+10 -1.4633  3.6230              2    38                  
   0.151072E+11 -1.4549  3.6235              3    58                  
   0.211469E+11 -1.4469  3.6241              4    76                  
   0.243794E+11 -1.4425  3.6244 Te-M         5    84                  
0.45 6
   0.000000E+00 -1.3721  3.6291 M=  0.45                     1    17  
   0.575606E+10 -1.3508  3.6298              2    38                  
   0.108120E+11 -1.3391  3.6306              3    57                  
   0.160124E+11 -1.3272  3.6314              4    75                  
   0.213514E+11 -1.3149  3.6322              5    92                  
   0.244583E+11 -1.3074  3.6327 Te-M         6   101                  
0.50 7
   0.000000E+00 -1.2430  3.6377 M=  0.50                     1    17  
   0.448552E+10 -1.2206  3.6388              2    38                  
   0.858948E+10 -1.2065  3.6396              3    57                  
   0.127764E+11 -1.1920  3.6407              4    75                  
   0.170435E+11 -1.1765  3.6419              5    92                  
   0.213881E+11 -1.1602  3.6431              6   108                  
   0.243359E+11 -1.1486  3.6440 Te-M         7   118                  
0.55 9
   0.000000E+00 -1.1017  3.6487 M=  0.55                     1    17  
   0.341960E+10 -1.0796  3.6497              2    38                  
   0.666356E+10 -1.0631  3.6509              3    57                  
   0.995534E+10 -1.0466  3.6522              4    75                  
   0.132825E+11 -1.0291  3.6538              5    92                  
   0.166565E+11 -1.0105  3.6553              6   108                  
   0.200847E+11 -0.9903  3.6572              7   123                  
   0.235998E+11 -0.9681  3.6593              8   138                  
   0.246406E+11 -0.9613  3.6598 Te-M         9   142                  
0.60 12
   0.000000E+00 -0.9591  3.6618 M=   .60                     1    15  
   0.614670E+08 -0.9580  3.6618              2    16                  
   0.274689E+10 -0.9335  3.6633              3    37                  
   0.529388E+10 -0.9148  3.6651              4    56                  
   0.786423E+10 -0.8960  3.6670              5    74                  
   0.104499E+11 -0.8767  3.6690              6    91                  
   0.130515E+11 -0.8562  3.6711              7   107                  
   0.156743E+11 -0.8345  3.6735              8   122                  
   0.183254E+11 -0.8102  3.6766              9   137                  
   0.210153E+11 -0.7840  3.6798             10   151                  
   0.237621E+11 -0.7549  3.6834             11   165                  
   0.265759E+11 -0.7222  3.6877 Te-M        12   179                  
