25
0.010 5
10000000 -3.81 3.20629
50000000 -4.66 3.02898
100000000 -4.98 2.9619
10000000000 -4.98 2.9619
20000000000 -4.98 2.9619
0.012 5
10000000 -3.58 3.25551
50000000 -4.09 3.15806
100000000 -4.25 3.12483
120000000 -4.29 3.11694
20000000000 -4.29 3.11694
0.015 5
10000000 -3.14 3.33606
50000000 -3.61 3.26126
100000000 -4.37 3.11059
120000000 -4.54 3.07482
20000000000 -4.54 3.07482
0.020 6
10000000 -2.70 3.39568
50000000 -3.78 3.24551
100000000 -4.21 3.15866
120000000 -4.34 3.13066
500000000 -5.14 2.95472
20000000000 -5.14 2.95472
0.030 7
10000000 -2.49 3.42602
50000000 -3.35 3.34262
100000000 -3.75 3.2737
120000000 -3.86 3.25091
500000000 -4.73 3.06819
1000000000 -5.11 2.98137
20000000000 -5.11 2.98137
0.040 7
10000000 -2.42 3.43996
50000000 -3.09 3.39358
100000000 -3.41 3.34908
120000000 -3.51 3.33264
500000000 -4.36 3.16465
1000000000 -4.77 3.07518
20000000000 -4.77 3.07518
0.050 8
10000000 -2.30 3.45317
50000000 -2.90 3.42357
100000000 -3.18 3.39498
120000000 -3.26 3.38417
500000000 -4.06 3.24329
1000000000 -4.48 3.15351
5000000000 -5.35 2.95761
20000000000 -5.35 2.95761
0.055 8
10000000 -2.24 3.45864
50000000 -2.83 3.43345
100000000 -3.09 3.41095
120000000 -3.17 3.40123
500000000 -3.91 3.27921
1000000000 -4.34 3.19033
5000000000 -5.21 2.99564
20000000000 -5.21 2.99564
0.060 8
10000000 -2.20 3.4633
50000000 -2.76 3.4417
100000000 -3.01 3.42357
120000000 -3.09 3.41597
500000000 -3.78 3.31133
1000000000 -4.21 3.22401
5000000000 -5.04 3.04021
20000000000 -5.29 2.98722
0.070 9
10000000 -2.11 3.47012
50000000 -2.65 3.45423
100000000 -2.88 3.44217
120000000 -2.95 3.43727
500000000 -3.56 3.36078
1000000000 -3.88 3.30363
5000000000 -4.36 3.20222
10000000000 -4.42 3.19089
20000000000 -4.42 3.19089
0.072 9
10000000 -2.09 3.47144
50000000 -2.63 3.45637
100000000 -2.86 3.44514
120000000 -2.92 3.44059
500000000 -3.52 3.36773
1000000000 -3.80 3.31994
5000000000 -4.18 3.24403
10000000000 -4.19 3.24155
20000000000 -4.19 3.24155
0.08 5
10000000 -1.99347 3.5002 1
100000000 -2.76422 3.47506 1
1000000000 -3.5901 3.37244 1
10000000000 -3.77781 3.33702 1
20000000000 -3.77781 3.33702 1
0.09 5
10000000 -1.92322 3.50494 1
100000000 -2.67296 3.48607 1
1000000000 -3.261 3.43215 1
10000000000 -3.26951 3.43095 1
20000000000 -3.26951 3.43095 1
0.1 5
10000000 -1.85747 3.50933 1
100000000 -2.59822 3.49429 1
1000000000 -3.0437 3.4635 1
10000000000 -3.04195 3.46395 1
20000000000 -3.04195 3.46395 1
0.11 5
10000000 -1.80297 3.51307 1
100000000 -2.52896 3.50112 1
1000000000 -2.89443 3.48148 1
10000000000 -2.89143 3.48201 1
20000000000 -2.89143 3.48201 1
0.15 5
10000000 -1.61346 3.52436 1
100000000 -2.31448 3.52035 1
1000000000 -2.53592 3.51454 1
10000000000 -2.53192 3.51497 1
20000000000 -2.53192 3.51497 1
0.20 2
   0.000000E+00 -2.1755  3.5616 M=  0.20                     1    16  
   0.248810E+11 -2.1253  3.5637 Te-M         2    41                  
0.25 2
   0.000000E+00 -1.9868  3.5732 M=  0.25                     1    14  
   0.255401E+11 -1.9224  3.5755 Te-M         2    41                  
0.30 2
   0.000000E+00 -1.8367  3.5824 M=  0.30                     1    15  
   0.253204E+11 -1.7683  3.5848 Te-M         2    41                  
0.35 2
   0.000000E+00 -1.7107  3.5902 M=  0.35                     1    15  
   0.253204E+11 -1.6434  3.5925 Te-M         2    41                  
0.40 5
   0.000000E+00 -1.5648  3.5972 M=  0.40                     1    17  
   0.694212E+10 -1.5447  3.5980              2    32                  
   0.140148E+11 -1.5346  3.5987              3    52                  
   0.212644E+11 -1.5255  3.5994              4    70                  
   0.240960E+11 -1.5219  3.5997 Te-M         5    76                  
0.45 6
   0.000000E+00 -1.4449  3.6061 M=  0.45                     1    17  
   0.489298E+10 -1.4261  3.6067              2    32                  
   0.108074E+11 -1.4132  3.6077              3    52                  
   0.169302E+11 -1.4008  3.6088              4    70                  
   0.232221E+11 -1.3881  3.6099              5    87                  
   0.242824E+11 -1.3858  3.6101 Te-M         6    89                  
0.50 7
   0.000000E+00 -1.3139  3.6168 M=  0.50                     1    17  
   0.370416E+10 -1.2963  3.6174              2    32                  
   0.852214E+10 -1.2812  3.6186              3    52                  
   0.134617E+11 -1.2663  3.6200              4    70                  
   0.185038E+11 -1.2508  3.6214              5    87                  
   0.236487E+11 -1.2346  3.6229              6   103                  
   0.245790E+11 -1.2315  3.6231 Te-M         7   105                  
0.55 8
   0.000000E+00 -1.1754  3.6291 M=  0.55                     1    17  
   0.286594E+10 -1.1583  3.6299              2    32                  
   0.669972E+10 -1.1416  3.6313              3    51                  
   0.106053E+11 -1.1251  3.6328              4    69                  
   0.145683E+11 -1.1080  3.6343              5    86                  
   0.185813E+11 -1.0897  3.6361              6   102                  
   0.226678E+11 -1.0701  3.6379              7   118                  
   0.244863E+11 -1.0610  3.6388 Te-M         8   124                  
0.60 6
   0.000000E+00 -1.0436  3.6410 M=  0.60  Z=0.008 Y=0.25     1    15  
   0.467397E+10 -1.0135  3.6434              2    31                  
   0.103996E+11 -0.9814  3.6465              3    50                  
   0.156423E+11 -0.9495  3.6496              4    68                  
   0.204508E+11 -0.9172  3.6529              5    85                  
   0.248658E+11 -0.8850  3.6563 Te-M         6   101                  
