25
0.010 5
10000000 -3.81 3.20629
50000000 -4.66 3.02898
100000000 -4.98 2.9619
10000000000 -4.98 2.9619
20000000000 -4.98 2.9619
0.012 5
10000000 -3.58 3.25551
50000000 -4.09 3.15806
100000000 -4.25 3.12483
120000000 -4.29 3.11694
20000000000 -4.29 3.11694
0.015 5
10000000 -3.14 3.33606
50000000 -3.61 3.26126
100000000 -4.37 3.11059
120000000 -4.54 3.07482
20000000000 -4.54 3.07482
0.020 6
10000000 -2.70 3.39568
50000000 -3.78 3.24551
100000000 -4.21 3.15866
120000000 -4.34 3.13066
500000000 -5.14 2.95472
20000000000 -5.14 2.95472
0.030 7
10000000 -2.49 3.42602
50000000 -3.35 3.34262
100000000 -3.75 3.2737
120000000 -3.86 3.25091
500000000 -4.73 3.06819
1000000000 -5.11 2.98137
20000000000 -5.11 2.98137
0.040 7
10000000 -2.42 3.43996
50000000 -3.09 3.39358
100000000 -3.41 3.34908
120000000 -3.51 3.33264
500000000 -4.36 3.16465
1000000000 -4.77 3.07518
20000000000 -4.77 3.07518
0.050 8
10000000 -2.30 3.45317
50000000 -2.90 3.42357
100000000 -3.18 3.39498
120000000 -3.26 3.38417
500000000 -4.06 3.24329
1000000000 -4.48 3.15351
5000000000 -5.35 2.95761
20000000000 -5.35 2.95761
0.055 8
10000000 -2.24 3.45864
50000000 -2.83 3.43345
100000000 -3.09 3.41095
120000000 -3.17 3.40123
500000000 -3.91 3.27921
1000000000 -4.34 3.19033
5000000000 -5.21 2.99564
20000000000 -5.21 2.99564
0.060 8
10000000 -2.20 3.4633
50000000 -2.76 3.4417
100000000 -3.01 3.42357
120000000 -3.09 3.41597
500000000 -3.78 3.31133
1000000000 -4.21 3.22401
5000000000 -5.04 3.04021
20000000000 -5.29 2.98722
0.070 9
10000000 -2.11 3.47012
50000000 -2.65 3.45423
100000000 -2.88 3.44217
120000000 -2.95 3.43727
500000000 -3.56 3.36078
1000000000 -3.88 3.30363
5000000000 -4.36 3.20222
10000000000 -4.42 3.19089
20000000000 -4.42 3.19089
0.072 9
10000000 -2.09 3.47144
50000000 -2.63 3.45637
100000000 -2.86 3.44514
120000000 -2.92 3.44059
500000000 -3.52 3.36773
1000000000 -3.80 3.31994
5000000000 -4.18 3.24403
10000000000 -4.19 3.24155
20000000000 -4.19 3.24155
0.085 5
10000000 -1.91606 3.5478 1
100000000 -2.67792 3.51823 1
1000000000 -3.41658 3.42491 1
10000000000 -3.52173 3.40528 1
20000000000 -3.52173 3.40528 1
0.09 5
10000000 -1.88399 3.55036 1
100000000 -2.63192 3.52383 1
1000000000 -3.20527 3.46365 1
10000000000 -3.2152 3.46218 1
20000000000 -3.2152 3.46218 1
0.1 5
10000000 -1.81899 3.55486 1
100000000 -2.55192 3.53306 1
1000000000 -2.93841 3.50344 1
10000000000 -2.93355 3.50424 1
20000000000 -2.93355 3.50424 1
0.11 5
10000000 -1.75985 3.55861 1
100000000 -2.48135 3.54057 1
1000000000 -2.77576 3.52257 1
10000000000 -2.77176 3.52322 1
20000000000 -2.77176 3.52322 1
0.15 5
10000000 -1.56613 3.57033 1
100000000 -2.25256 3.56231 1
1000000000 -2.40319 3.55745 1
10000000000 -2.39533 3.55816 1
20000000000 -2.39533 3.55816 1
0.20 3
   0.000000E+00 -2.0604  3.5999 M=  0.20                     1    15  
   0.201770E+11 -2.0053  3.6025              2    36                  
   0.253204E+11 -1.9983  3.6030 Te-M         3    41                  
0.25 3
   0.000000E+00 -1.8709  3.6112 M=  0.25                     1    15  
   0.206532E+11 -1.8034  3.6138              2    37                  
   0.253204E+11 -1.8000  3.6141 Te-M         3    41                  
0.30 3
   0.000000E+00 -1.7223  3.6198 M=  0.30                     1    14  
   0.206825E+11 -1.6510  3.6227              2    37                  
   0.255401E+11 -1.6488  3.6231 Te-M         3    41                  
0.35 3
   0.000000E+00 -1.5988  3.6272 M=  0.35                     1    13  
   0.197744E+11 -1.5268  3.6302              2    36                  
   0.256499E+11 -1.5241  3.6308 Te-M         3    41                  
0.40 6
   0.000000E+00 -1.4513  3.6347 M=  0.40                     1    16  
   0.311108E+10 -1.4358  3.6352              2    23                  
   0.106448E+11 -1.4198  3.6363              3    44                  
   0.162229E+11 -1.4105  3.6371              4    63                  
   0.216840E+11 -1.4016  3.6379              5    81                  
   0.244861E+11 -1.3969  3.6383 Te-M         6    89                  
0.45 7
   0.000000E+00 -1.3248  3.6435 M=  0.45                     1    17  
   0.166924E+10 -1.3160  3.6439              2    23                  
   0.677080E+10 -1.2991  3.6449              3    44                  
   0.112779E+11 -1.2871  3.6458              4    63                  
   0.158731E+11 -1.2748  3.6467              5    81                  
   0.205871E+11 -1.2617  3.6478              6    98                  
   0.244387E+11 -1.2505  3.6487 Te-M         7   110                  
0.50 9
   0.000000E+00 -1.1882  3.6540 M=  0.50                     1    17  
   0.122539E+10 -1.1788  3.6545              2    23                  
   0.516465E+10 -1.1597  3.6560              3    43                  
   0.874512E+10 -1.1445  3.6574              4    63                  
   0.123746E+11 -1.1286  3.6590              5    80                  
   0.160624E+11 -1.1121  3.6606              6    97                  
   0.198092E+11 -1.0943  3.6625              7   113                  
   0.236243E+11 -1.0750  3.6644              8   129                  
   0.243311E+11 -1.0713  3.6648 Te-M         9   131                  
0.55 11
   0.000000E+00 -1.0369  3.6694 M=  0.55                     1    16  
   0.108471E+10 -1.0248  3.6701              2    22                  
   0.403419E+10 -1.0043  3.6721              3    43                  
   0.679202E+10 -0.9866  3.6741              4    62                  
   0.956952E+10 -0.9685  3.6762              5    80                  
   0.123743E+11 -0.9494  3.6785              6    97                  
   0.152016E+11 -0.9290  3.6811              7   113                  
   0.180737E+11 -0.9068  3.6841              8   128                  
   0.209997E+11 -0.8829  3.6871              9   143                  
   0.239847E+11 -0.8564  3.6905             10   158                  
   0.247952E+11 -0.8487  3.6915 Te-M        11   161                  
0.60 14
   0.000000E+00 -0.8791  3.6889 M=   .60                     1    13  
   0.774058E+09 -0.8663  3.6899              2    20                  
   0.296938E+10 -0.8446  3.6923              3    40                  
   0.508866E+10 -0.8252  3.6948              4    59                  
   0.721364E+10 -0.8052  3.6977              5    77                  
   0.934247E+10 -0.7845  3.7006              6    94                  
   0.114787E+11 -0.7628  3.7035              7   110                  
   0.136247E+11 -0.7398  3.7066              8   125                  
   0.157882E+11 -0.7147  3.7102              9   140                  
   0.179809E+11 -0.6873  3.7138             10   155                  
   0.202109E+11 -0.6572  3.7178             11   169                  
   0.224874E+11 -0.6238  3.7222             12   182                  
   0.248309E+11 -0.5857  3.7269             13   197                  
   0.272614E+11 -0.5413  3.7325 Te-M        14   216                  
