25
0.010 5
10000000 -3.81 3.20629
50000000 -4.66 3.02898
100000000 -4.98 2.9619
10000000000 -4.98 2.9619
20000000000 -4.98 2.9619
0.012 5
10000000 -3.58 3.25551
50000000 -4.09 3.15806
100000000 -4.25 3.12483
120000000 -4.29 3.11694
20000000000 -4.29 3.11694
0.015 5
10000000 -3.14 3.33606
50000000 -3.61 3.26126
100000000 -4.37 3.11059
120000000 -4.54 3.07482
20000000000 -4.54 3.07482
0.020 6
10000000 -2.70 3.39568
50000000 -3.78 3.24551
100000000 -4.21 3.15866
120000000 -4.34 3.13066
500000000 -5.14 2.95472
20000000000 -5.14 2.95472
0.030 7
10000000 -2.49 3.42602
50000000 -3.35 3.34262
100000000 -3.75 3.2737
120000000 -3.86 3.25091
500000000 -4.73 3.06819
1000000000 -5.11 2.98137
20000000000 -5.11 2.98137
0.040 7
10000000 -2.42 3.43996
50000000 -3.09 3.39358
100000000 -3.41 3.34908
120000000 -3.51 3.33264
500000000 -4.36 3.16465
1000000000 -4.77 3.07518
20000000000 -4.77 3.07518
0.050 8
10000000 -2.30 3.45317
50000000 -2.90 3.42357
100000000 -3.18 3.39498
120000000 -3.26 3.38417
500000000 -4.06 3.24329
1000000000 -4.48 3.15351
5000000000 -5.35 2.95761
20000000000 -5.35 2.95761
0.055 8
10000000 -2.24 3.45864
50000000 -2.83 3.43345
100000000 -3.09 3.41095
120000000 -3.17 3.40123
500000000 -3.91 3.27921
1000000000 -4.34 3.19033
5000000000 -5.21 2.99564
20000000000 -5.21 2.99564
0.060 8
10000000 -2.20 3.4633
50000000 -2.76 3.4417
100000000 -3.01 3.42357
120000000 -3.09 3.41597
500000000 -3.78 3.31133
1000000000 -4.21 3.22401
5000000000 -5.04 3.04021
20000000000 -5.29 2.98722
0.070 9
10000000 -2.11 3.47012
50000000 -2.65 3.45423
100000000 -2.88 3.44217
120000000 -2.95 3.43727
500000000 -3.56 3.36078
1000000000 -3.88 3.30363
5000000000 -4.36 3.20222
10000000000 -4.42 3.19089
20000000000 -4.42 3.19089
0.072 9
10000000 -2.09 3.47144
50000000 -2.63 3.45637
100000000 -2.86 3.44514
120000000 -2.92 3.44059
500000000 -3.52 3.36773
1000000000 -3.80 3.31994
5000000000 -4.18 3.24403
10000000000 -4.19 3.24155
20000000000 -4.19 3.24155
0.085 5
10000000 -1.87729 3.58496 1
100000000 -2.64396 3.55031 1
1000000000 -3.47996 3.42584 1
10000000000 -3.84247 3.35195 1
20000000000 -3.84247 3.35195 1
0.09 5
10000000 -1.83973 3.58739 1
100000000 -2.59385 3.55731 1
1000000000 -3.18042 3.48629 1
10000000000 -3.19921 3.4833 1
20000000000 -3.19921 3.4833 1
0.1 5
10000000 -1.77229 3.59158 1
100000000 -2.50606 3.56917 1
1000000000 -2.83868 3.53989 1
10000000000 -2.83212 3.54104 1
20000000000 -2.83212 3.54104 1
0.11 5
10000000 -1.71418 3.59471 1
100000000 -2.42483 3.57803 1
1000000000 -2.65966 3.56189 1
10000000000 -2.65311 3.56318 1
20000000000 -2.65311 3.56318 1
0.15 5
10000000 -1.52329 3.60578 1
100000000 -2.18916 3.59768 1
1000000000 -2.28466 3.59519 1
10000000000 -2.27255 3.59603 1
20000000000 -2.27255 3.59603 1
0.20 3
   0.000000E+00 -2.0080  3.6158 M=  0.20                     1    16
   0.177160E+11 -1.9517  3.6184              2    34
   0.230022E+11 -1.9453  3.6188 Te-M         3    39
0.25 3
   0.000000E+00 -1.7958  3.6285 M=  0.25                     1    17
   0.170016E+11 -1.7477  3.6310              2    34
   0.220021E+11 -1.7464  3.6308 Te-M         3    39
0.30 3
   0.000000E+00 -1.6574  3.6372 M=  0.30                     1    15
   0.183767E+11 -1.5968  3.6399              2    34
   0.240023E+11 -1.5953  3.6401 Te-M         3    39
0.35 3
   0.000000E+00 -1.5359  3.6446 M=  0.35                     1    14
   0.178643E+11 -1.4726  3.6475              2    33
   0.245316E+11 -1.4705  3.6478 Te-M         3    39
0.40 3
   0.000000E+00 -1.4187  3.6513 M=  0.40                     1    12
   0.169404E+11 -1.3660  3.6541              2    35
   0.249519E+11 -1.3705  3.6546 Te-M         3    44
0.45 8
   0.000000E+00 -1.2816  3.6596 M=  0.45                     1    15
   0.175664E+10 -1.2709  3.6601              2    22
   0.627869E+10 -1.2548  3.6610              3    42
   0.104043E+11 -1.2434  3.6620              4    62
   0.146077E+11 -1.2319  3.6628              5    79
   0.189127E+11 -1.2197  3.6638              6    96
   0.233289E+11 -1.2067  3.6648              7   112
   0.245160E+11 -1.2030  3.6651 Te-M         8   116
0.50 9
   0.000000E+00 -1.1516  3.6693 M=  0.50                     1    15
   0.129869E+10 -1.1403  3.6698              2    22
   0.480259E+10 -1.1227  3.6711              3    42
   0.811885E+10 -1.1076  3.6725              4    61
   0.114835E+11 -1.0922  3.6741              5    79
   0.148941E+11 -1.0762  3.6758              6    96
   0.183634E+11 -1.0586  3.6776              7   112
   0.219039E+11 -1.0393  3.6798              8   127
   0.245686E+11 -1.0241  3.6815 Te-M         9   138
0.55 11
   0.000000E+00 -1.0015  3.6842 M=  0.55                     1    15
   0.958750E+09 -0.9896  3.6852              2    21
   0.366164E+10 -0.9699  3.6872              3    42
   0.622824E+10 -0.9526  3.6892              4    61
   0.880019E+10 -0.9346  3.6914              5    79
   0.114015E+11 -0.9155  3.6939              6    96
   0.140282E+11 -0.8949  3.6965              7   112
   0.167179E+11 -0.8730  3.6993              8   127
   0.194442E+11 -0.8490  3.7023              9   142
   0.222196E+11 -0.8228  3.7057             10   157
   0.246336E+11 -0.7983  3.7087 Te-M        11   168
0.60 15
   0.000000E+00 -0.8217  3.7155 M=  0.60                     1    14  
   0.794510E+09 -0.8070  3.7168              2    21                  
   0.276533E+10 -0.7863  3.7189              3    42                  
   0.465001E+10 -0.7678  3.7210              4    61                  
   0.653489E+10 -0.7485  3.7234              5    79                  
   0.842639E+10 -0.7283  3.7258              6    96                  
   0.103250E+11 -0.7074  3.7281              7   112                  
   0.122350E+11 -0.6847  3.7307              8   127                  
   0.141631E+11 -0.6601  3.7334              9   142                  
   0.161175E+11 -0.6332  3.7364             10   156                  
   0.181010E+11 -0.6039  3.7394             11   170                  
   0.201278E+11 -0.5707  3.7429             12   184                  
   0.222036E+11 -0.5333  3.7468             13   199                  
   0.243617E+11 -0.4891  3.7515             14   218                  
   0.267539E+11 -0.4322  3.7571  Te-M       15   245                  
