25
0.010 5
10000000 -3.81 3.20629
50000000 -4.66 3.02898
100000000 -4.98 2.9619
10000000000 -4.98 2.9619
20000000000 -4.98 2.9619
0.012 5
10000000 -3.58 3.25551
50000000 -4.09 3.15806
100000000 -4.25 3.12483
120000000 -4.29 3.11694
20000000000 -4.29 3.11694
0.015 5
10000000 -3.14 3.33606
50000000 -3.61 3.26126
100000000 -4.37 3.11059
120000000 -4.54 3.07482
20000000000 -4.54 3.07482
0.020 6
10000000 -2.70 3.39568
50000000 -3.78 3.24551
100000000 -4.21 3.15866
120000000 -4.34 3.13066
500000000 -5.14 2.95472
20000000000 -5.14 2.95472
0.030 7
10000000 -2.49 3.42602
50000000 -3.35 3.34262
100000000 -3.75 3.2737
120000000 -3.86 3.25091
500000000 -4.73 3.06819
1000000000 -5.11 2.98137
20000000000 -5.11 2.98137
0.040 7
10000000 -2.42 3.43996
50000000 -3.09 3.39358
100000000 -3.41 3.34908
120000000 -3.51 3.33264
500000000 -4.36 3.16465
1000000000 -4.77 3.07518
20000000000 -4.77 3.07518
0.050 8
10000000 -2.30 3.45317
50000000 -2.90 3.42357
100000000 -3.18 3.39498
120000000 -3.26 3.38417
500000000 -4.06 3.24329
1000000000 -4.48 3.15351
5000000000 -5.35 2.95761
20000000000 -5.35 2.95761
0.055 8
10000000 -2.24 3.45864
50000000 -2.83 3.43345
100000000 -3.09 3.41095
120000000 -3.17 3.40123
500000000 -3.91 3.27921
1000000000 -4.34 3.19033
5000000000 -5.21 2.99564
20000000000 -5.21 2.99564
0.060 8
10000000 -2.20 3.4633
50000000 -2.76 3.4417
100000000 -3.01 3.42357
120000000 -3.09 3.41597
500000000 -3.78 3.31133
1000000000 -4.21 3.22401
5000000000 -5.04 3.04021
20000000000 -5.29 2.98722
0.070 9
10000000 -2.11 3.47012
50000000 -2.65 3.45423
100000000 -2.88 3.44217
120000000 -2.95 3.43727
500000000 -3.56 3.36078
1000000000 -3.88 3.30363
5000000000 -4.36 3.20222
10000000000 -4.42 3.19089
20000000000 -4.42 3.19089
0.072 9
10000000 -2.09 3.47144
50000000 -2.63 3.45637
100000000 -2.86 3.44514
120000000 -2.92 3.44059
500000000 -3.52 3.36773
1000000000 -3.80 3.31994
5000000000 -4.18 3.24403
10000000000 -4.19 3.24155
20000000000 -4.19 3.24155
0.08 5
10000000 -2.01873 3.47045 1
100000000 -2.78833 3.4502 1
1000000000 -3.50744 3.37708 1
10000000000 -3.51375 3.3788 1
20000000000 -3.51375 3.3788 1
0.09 5
10000000 -1.94733 3.47536 1
100000000 -2.70511 3.46034 1
1000000000 -3.261 3.4173 1
10000000000 -3.26262 3.41717 1
20000000000 -3.26262 3.41717 1
0.1 5
10000000 -1.88273 3.47973 1
100000000 -2.62233 3.46938 1
1000000000 -3.08389 3.44113 1
10000000000 -3.08328 3.4416 1
20000000000 -3.08328 3.4416 1
0.11 5
10000000 -1.83052 3.48246 1
100000000 -2.56111 3.47563 1
1000000000 -2.95184 3.45665 1
10000000000 -2.94884 3.45705 1
20000000000 -2.94884 3.45705 1
0.15 5
10000000 -1.6479 3.4921 1
100000000 -2.33514 3.49691 1
1000000000 -2.6048 3.48953 1
10000000000 -2.6008 3.49014 1
20000000000 -2.6008 3.49014 1
0.20 2
   0.000000E+00 -2.2579  3.5306 M=  0.20                     1    13  
   0.251556E+11 -2.2125  3.5310 Te-M         2    40                  
0.25 2
   0.000000E+00 -2.0763  3.5408 M=  0.25                     1     8  
   0.253152E+11 -2.0158  3.5421 Te-M         2    40                  
0.30 2
   0.000000E+00 -1.9241  3.5512 M=  0.30                     1    14  
   0.249909E+11 -1.8567  3.5535 Te-M         2    40                  
0.35 2
   0.000000E+00 -1.7864  3.5610 M=  0.35                     1    15  
   0.246613E+11 -1.7265  3.5632 Te-M         2    40                  
0.40 5
   0.000000E+00 -1.6526  3.5697 M=  0.40                     1    15  
   0.443200E+10 -1.6301  3.5700              2    23                  
   0.134030E+11 -1.6177  3.5709              3    41                  
   0.223109E+11 -1.6088  3.5718              4    59                  
   0.249305E+11 -1.6061  3.5721 Te-M         5    63                  
0.45 5
   0.000000E+00 -1.5270  3.5790 M=  0.45                     1    17  
   0.219200E+10 -1.5166  3.5792              2    23                  
   0.962573E+10 -1.5017  3.5804              3    41                  
   0.174001E+11 -1.4895  3.5815              4    59                  
   0.241756E+11 -1.4790  3.5825 Te-M         5    72                  
0.50 6
   0.000000E+00 -1.4066  3.5893 M=  0.50                     1    17  
   0.166441E+10 -1.3980  3.5895              2    22                  
   0.793382E+10 -1.3820  3.5906              3    41                  
   0.144500E+11 -1.3676  3.5920              4    58                  
   0.211434E+11 -1.3524  3.5935              5    75                  
   0.244494E+11 -1.3449  3.5942 Te-M         6    82                  
0.55 7
   0.000000E+00 -1.2833  3.6003 M=  0.55                     1    17  
   0.124325E+10 -1.2766  3.6005              2    22                  
   0.639220E+10 -1.2590  3.6019              3    41                  
   0.117011E+11 -1.2426  3.6035              4    58                  
   0.171209E+11 -1.2261  3.6051              5    74                  
   0.226524E+11 -1.2084  3.6068              6    90                  
   0.242536E+11 -1.2028  3.6074 Te-M         7    94                  
0.60 9
   0.000000E+00 -1.1380  3.6202 M=  0.60                     1    13  
   0.350404E+09 -1.1350  3.6197              2    15                  
   0.420825E+10 -1.1151  3.6207              3    35                  
   0.816576E+10 -1.0978  3.6224              4    53                  
   0.121831E+11 -1.0800  3.6242              5    70                  
   0.162514E+11 -1.0611  3.6261              6    86                  
   0.203724E+11 -1.0410  3.6281              7   102                  
   0.245665E+11 -1.0193  3.6302              8   117                  
   0.288488E+11 -0.9951  3.6327              9   132                  
