25
0.010 5
10000000 -3.81 3.20629
50000000 -4.66 3.02898
100000000 -4.98 2.9619
10000000000 -4.98 2.9619
20000000000 -4.98 2.9619
0.012 5
10000000 -3.58 3.25551
50000000 -4.09 3.15806
100000000 -4.25 3.12483
120000000 -4.29 3.11694
20000000000 -4.29 3.11694
0.015 5
10000000 -3.14 3.33606
50000000 -3.61 3.26126
100000000 -4.37 3.11059
120000000 -4.54 3.07482
20000000000 -4.54 3.07482
0.020 6
10000000 -2.70 3.39568
50000000 -3.78 3.24551
100000000 -4.21 3.15866
120000000 -4.34 3.13066
500000000 -5.14 2.95472
20000000000 -5.14 2.95472
0.030 7
10000000 -2.49 3.42602
50000000 -3.35 3.34262
100000000 -3.75 3.2737
120000000 -3.86 3.25091
500000000 -4.73 3.06819
1000000000 -5.11 2.98137
20000000000 -5.11 2.98137
0.040 7
10000000 -2.42 3.43996
50000000 -3.09 3.39358
100000000 -3.41 3.34908
120000000 -3.51 3.33264
500000000 -4.36 3.16465
1000000000 -4.77 3.07518
20000000000 -4.77 3.07518
0.050 8
10000000 -2.30 3.45317
50000000 -2.90 3.42357
100000000 -3.18 3.39498
120000000 -3.26 3.38417
500000000 -4.06 3.24329
1000000000 -4.48 3.15351
5000000000 -5.35 2.95761
20000000000 -5.35 2.95761
0.055 8
10000000 -2.24 3.45864
50000000 -2.83 3.43345
100000000 -3.09 3.41095
120000000 -3.17 3.40123
500000000 -3.91 3.27921
1000000000 -4.34 3.19033
5000000000 -5.21 2.99564
20000000000 -5.21 2.99564
0.060 8
10000000 -2.20 3.4633
50000000 -2.76 3.4417
100000000 -3.01 3.42357
120000000 -3.09 3.41597
500000000 -3.78 3.31133
1000000000 -4.21 3.22401
5000000000 -5.04 3.04021
20000000000 -5.29 2.98722
0.070 9
10000000 -2.11 3.47012
50000000 -2.65 3.45423
100000000 -2.88 3.44217
120000000 -2.95 3.43727
500000000 -3.56 3.36078
1000000000 -3.88 3.30363
5000000000 -4.36 3.20222
10000000000 -4.42 3.19089
20000000000 -4.42 3.19089
0.072 9
10000000 -2.09 3.47144
50000000 -2.63 3.45637
100000000 -2.86 3.44514
120000000 -2.92 3.44059
500000000 -3.52 3.36773
1000000000 -3.80 3.31994
5000000000 -4.18 3.24403
10000000000 -4.19 3.24155
20000000000 -4.19 3.24155
0.08 5
10000000 -2.01 3.48073 1
100000000 -2.78 3.45879 1
1000000000 -3.536 3.37548 1
10000000000 -3.605 3.36436 1
20000000000 -3.605 3.36436 1
0.09 5
10000000 -1.939 3.48558 1
100000000 -2.694 3.46923 1
1000000000 -3.261 3.42243 1
10000000000 -3.265 3.42193 1
20000000000 -3.265 3.42193 1
0.1 5
10000000 -1.874 3.48996 1
100000000 -2.614 3.47799 1
1000000000 -3.07 3.44886 1
10000000000 -3.069 3.44932 1
20000000000 -3.069 3.44932 1
0.11 5
10000000 -1.821 3.49304 1
100000000 -2.55 3.48444 1
1000000000 -2.932 3.46523 1
10000000000 -2.929 3.46568 1
20000000000 -2.929 3.46568 1
0.15 5
10000000 -1.636 3.50325 1
100000000 -2.328 3.50501 1
1000000000 -2.581 3.49817 1
10000000000 -2.577 3.49872 1
20000000000 -2.577 3.49872 1
0.20 3                  
   0.000000E+00 -2.2373  3.5399 M=  0.20                     1    13  
   0.103628E+11 -2.2157  3.5408              2    26                  
   0.256499E+11 -2.1900  3.5417 Te-M         3    41                  
0.25 3
   0.000000E+00 -2.0502  3.5514 M=  0.25                     1     8  
   0.975480E+10 -2.0136  3.5518              2    25                  
   0.257563E+11 -1.9916  3.5524 Te-M         3    41                  
0.30 3
   0.000000E+00 -1.9017  3.5605 M=  0.30                     1    14  
   0.970526E+10 -1.8508  3.5613              2    26                  
   0.255401E+11 -1.8354  3.5623 Te-M         3    41                  
0.35 3
   0.000000E+00 -1.7732  3.5691 M=  0.35                     1    15  
   0.951890E+10 -1.7165  3.5700              2    26                  
   0.253204E+11 -1.7067  3.5712 Te-M         3    41                  
0.40 5
   0.000000E+00 -1.6336  3.5769 M=  0.40                     1    16  
   0.120755E+10 -1.6213  3.5769              2    19                  
   0.116512E+11 -1.6031  3.5780              3    38                  
   0.198801E+11 -1.5942  3.5788              4    56                  
   0.247885E+11 -1.5891  3.5793 Te-M         5    66                  
0.45 4
   0.000000E+00 -1.5097  3.5859 M=  0.45                     1    18  
   0.177370E+08 -1.5096  3.5859              2    19                  
   0.729982E+10 -1.4890  3.5869              3    38                  
   0.856615E+10 -1.4868  3.5871 Te-M         4    41                  
0.50 6
   0.000000E+00 -1.3910  3.5962 M=  0.50                     1    17  
   0.302643E+09 -1.3885  3.5962              2    18                  
   0.623602E+10 -1.3683  3.5971              3    38                  
   0.122560E+11 -1.3543  3.5983              4    56                  
   0.184468E+11 -1.3399  3.5997              5    73                  
   0.242882E+11 -1.3259  3.6011 Te-M         6    88                  
0.55 6
   0.000000E+00 -1.2619  3.6074 M=  0.55                     1    18  
   0.468348E+10 -1.2428  3.6084              2    38                  
   0.961250E+10 -1.2265  3.6099              3    56                  
   0.146473E+11 -1.2104  3.6115              4    73                  
   0.197655E+11 -1.1932  3.6131              5    89                  
   0.241208E+11 -1.1778  3.6147 Te-M         6   102                  
0.60 9
   0.000000E+00 -1.1380  3.6202 M=  0.60                     1    13  
   0.350404E+09 -1.1350  3.6197              2    15                  
   0.420825E+10 -1.1151  3.6207              3    35                  
   0.816576E+10 -1.0978  3.6224              4    53                  
   0.121831E+11 -1.0800  3.6242              5    70                  
   0.162514E+11 -1.0611  3.6261              6    86                  
   0.203724E+11 -1.0410  3.6281              7   102                  
   0.245665E+11 -1.0193  3.6302              8   117                  
   0.288488E+11 -0.9951  3.6327              9   132                  
