1 3.8463 3.8463 30.73482 17.76871 0
2 3.8561 3.8561 31.69243 18.72232 0
3 3.8679 3.8679 32.01967 19.27854 0
4 3.8796 3.8796 32.33111 19.92022 0
5 3.891 3.891 32.66132 20.52457 0
6 3.9024 3.9024 33.00708 21.10060 0
7 3.9028 3.9028 32.92249 19.54320 0
8 3.9058 3.9058 33.30760 20.03907 0
9 3.9129 3.9129 33.39820 22.48493 0
10 3.9234 3.9234 33.73528 23.45973 0
11 3.9328 3.9328 34.01574 23.86374 0
12 3.9423 3.9423 34.26999 24.12660 0
13 3.9506 3.9506 34.51342 23.98267 0
14 3.959 3.959 34.77984 24.31733 0
15 3.9668 3.9668 34.98767 24.66302 0
16 3.9745 3.9745 35.18344 25.06630 0
17 3.9822 3.9822 35.35591 25.40994 0
18 3.99 3.99 35.51606 25.71722 0
19 3.9964 3.9964 35.99163 25.68462 0
20 3.9967 3.9967 35.68610 26.06691 0
21 3.9967 3.9967 35.99835 25.69738 0
22 4.0034 4.0034 35.87862 26.57306 0
23 4.0101 4.0101 36.05587 26.91299 0
24 4.0169 4.0169 36.18296 27.10378 0
25 4.0236 4.0236 36.32893 27.46762 0
26 4.0303 4.0303 36.49784 27.83065 0
27 4.0357 4.0357 36.59813 27.99383 0
28 4.0412 4.0412 36.68088 28.11428 0
29 4.0429 4.0429 36.99512 28.40579 0
30 4.0466 4.0466 36.87245 28.72322 0
31 4.052 4.052 37.00791 28.97338 0
32 4.0574 4.0574 37.11099 29.13112 0
33 4.0628 4.0628 37.18179 29.26256 0
34 4.0682 4.0682 37.22509 29.38247 0
35 4.0736 4.0736 37.26452 29.47621 0
36 4.079 4.079 37.30066 29.55332 0
37 4.0845 4.0845 37.42625 29.91913 0
38 4.0885 4.0885 37.50087 30.07333 0
39 4.0926 4.0926 37.56593 30.18943 0
40 4.0966 4.0966 37.62123 30.27892 0
41 4.0983 4.0983 37.98657 30.51835 0
42 4.1007 4.1007 37.71662 30.62200 0
43 4.1048 4.1048 37.79779 30.82158 0
44 4.1086 4.1086 38.17623 30.93648 0
45 4.1088 4.1088 37.86459 30.95492 0
46 4.1129 4.1129 37.92380 31.05907 0
47 4.114 4.114 38.25301 31.06506 0
48 4.1142 4.1142 38.26554 31.09164 0
49 4.1169 4.1169 38.03664 31.40246 0
50 4.121 4.121 38.14479 31.63881 0
51 4.125 4.125 38.22940 31.78787 0
52 4.1291 4.1291 38.30180 31.90106 0
53 4.1291 4.1291 38.75924 31.82544 0
54 4.1331 4.1331 38.36248 31.98874 0
55 4.1372 4.1372 38.41704 32.06324 0
56 4.1395 4.1395 38.92775 32.02111 0
57 4.1412 4.1412 38.46437 32.12537 0
58 4.1453 4.1453 38.50805 32.18100 0
59 4.1493 4.1493 38.61238 32.43145 0
60 4.1498 4.1498 39.06404 32.31718 0
61 4.1534 4.1534 38.71143 32.62143 0
62 4.1567 4.1567 39.15803 32.55103 0
63 4.1574 4.1574 38.79032 32.75026 0
64 4.1615 4.1615 38.85869 32.85154 0
65 4.1644 4.1644 39.23594 32.71564 0
66 4.1655 4.1655 38.91640 32.93177 0
67 4.17 4.17 39.29047 32.80610 0
68 4.1715 4.1715 38.99060 33.02986 0
69 4.1776 4.1776 39.08337 33.18158 0
70 4.1836 4.1836 39.22299 33.42171 0
71 4.1885 4.1885 39.62967 33.40041 0
72 4.1896 4.1896 39.32854 33.57534 0
73 4.1904 4.1904 39.66062 33.44424 0
74 4.1927 4.1927 39.69534 33.49197 0
75 4.1956 4.1956 39.41355 33.68835 0
76 4.2016 4.2016 39.48461 33.77793 0
77 4.2076 4.2076 39.59315 33.95150 0
78 4.2106 4.2106 39.96894 33.92743 0
79 4.2119 4.2119 39.99137 33.96445 0
80 4.2129 4.2129 40.00787 33.99092 0
81 4.2136 4.2136 39.70599 34.12078 0
82 4.2195 4.2195 39.79419 34.24036 0
83 4.2255 4.2255 39.86867 34.33534 0
84 4.2302 4.2302 39.91925 34.39745 0
85 4.2311 4.2311 40.23922 34.32619 0
86 4.2349 4.2349 40.00434 34.54200 0
87 4.2379 4.2379 40.35414 34.53294 0
88 4.2395 4.2395 40.37727 34.57002 0
89 4.2396 4.2396 40.07721 34.65382 0
90 4.2443 4.2443 40.13974 34.74245 0
91 4.2489 4.2489 40.19329 34.81456 0
92 4.2518 4.2518 40.52302 34.78197 0
93 4.2536 4.2536 40.24205 34.87749 0
94 4.256 4.256 40.57014 34.86729 0
95 4.2583 4.2583 40.30447 34.98149 0
96 4.2584 4.2584 40.61194 34.97886 0
97 4.2629 4.2629 40.36665 35.08384 0
98 4.2676 4.2676 40.42207 35.16829 0
99 4.2723 4.2723 40.47135 35.23876 0
100 4.2742 4.2742 40.48977 35.26431 0
101 4.2761 4.2761 40.50745 35.28843 0
102 4.2774 4.2774 42.33175 39.02600 0
103 4.278 4.278 40.52444 35.31126 0
104 4.2799 4.2799 40.54637 35.34974 0
105 4.2814 4.2814 42.28841 38.79691 0
106 4.2815 4.2815 42.33175 39.02600 0
107 4.2818 4.2818 40.57070 35.39492 0
108 4.2837 4.2837 40.59376 35.43584 0
109 4.2857 4.2857 40.61675 35.47514 0
110 4.2876 4.2876 40.63757 35.50940 0
111 4.2895 4.2895 40.65744 35.54113 0
112 4.2914 4.2914 40.67645 35.57068 0
113 4.293 4.293 42.33175 39.02600 0
114 4.2933 4.2933 40.69468 35.59834 0
115 4.2952 4.2952 40.71218 35.62433 0
116 4.2971 4.2971 40.72911 35.64874 0
117 4.299 4.299 40.74532 35.67192 0
118 4.3009 4.3009 40.76097 35.69392 0
119 4.3018 4.3018 42.28841 38.79691 0
120 4.3028 4.3028 40.78335 35.74383 0
121 4.3047 4.3047 40.80516 35.79044 0
122 4.3066 4.3066 40.82594 35.83254 0
123 4.3085 4.3085 40.84578 35.87091 0
124 4.3104 4.3104 40.86477 35.90618 0
125 4.3119 4.3119 40.87920 35.93214 0
126 4.3134 4.3134 40.89307 35.95667 0
127 4.3148 4.3148 40.90577 35.97832 0
128 4.3163 4.3163 40.91894 36.00041 0
129 4.3178 4.3178 40.93163 36.02147 0
130 4.3185 4.3185 42.28841 38.79691 0
131 4.3193 4.3193 40.94406 36.04151 0
132 4.3207 4.3207 40.95540 36.05941 0
133 4.3222 4.3222 40.96709 36.07784 0
134 4.3237 4.3237 40.98442 36.12861 0
135 4.3239 4.3239 42.87913 40.47020 0
136 4.3252 4.3252 41.00116 36.17447 0
137 4.3266 4.3266 41.01618 36.21332 0
138 4.3281 4.3281 41.03179 36.25146 0
139 4.3296 4.3296 41.04686 36.28653 0
140 4.331 4.331 41.06043 36.31689 0
141 4.3325 4.3325 41.07459 36.34728 0
142 4.334 4.334 41.08831 36.37570 0
143 4.3354 4.3354 41.10069 36.40063 0
144 4.3369 4.3369 41.11364 36.42590 0
145 4.3384 4.3384 41.12622 36.44980 0
146 4.3398 4.3398 41.13772 36.47104 0
147 4.3413 4.3413 41.14955 36.49260 0
148 4.3416 4.3416 42.28841 38.79691 0
149 4.3428 4.3428 41.16283 36.52444 0
150 4.3442 4.3442 41.17934 36.58016 0
151 4.3457 4.3457 41.19632 36.63288 0
152 4.3458 4.3458 42.87913 40.47020 0
153 4.3472 4.3472 41.21256 36.67983 0
154 4.3486 4.3486 41.22738 36.71972 0
155 4.3501 4.3501 41.24268 36.75875 0
156 4.3515 4.3515 41.25656 36.79238 0
157 4.353 4.353 41.27091 36.82572 0
158 4.3545 4.3545 41.28469 36.85656 0
159 4.3559 4.3559 41.29737 36.88375 0
160 4.3574 4.3574 41.31050 36.91108 0
161 4.3588 4.3588 41.32250 36.93525 0
162 4.3603 4.3603 41.33495 36.95970 0
163 4.3617 4.3617 41.34634 36.98146 0
164 4.3632 4.3632 41.36495 37.04387 0
165 4.3647 4.3647 41.38309 37.09929 0
166 4.3659 4.3659 42.64740 40.23141 0
167 4.3661 4.3661 41.39946 37.14554 0
168 4.3676 4.3676 41.41630 37.19017 0
169 4.369 4.369 41.43155 37.22824 0
170 4.37 4.37 41.44202 37.25339 0
171 4.3711 4.3711 41.45318 37.27939 0
172 4.3721 4.3721 41.46333 37.30209 0
173 4.3731 4.3731 41.47309 37.32346 0
174 4.3741 4.3741 41.48265 37.34387 0
175 4.3751 4.3751 41.49201 37.36337 0
176 4.3754 4.3754 42.87913 40.47020 0
177 4.3762 4.3762 41.50201 37.38376 0
178 4.3772 4.3772 41.51115 37.40186 0
179 4.3782 4.3782 41.51995 37.41903 0
180 4.3792 4.3792 41.52859 37.43557 0
181 4.3803 4.3803 41.53828 37.45562 0
182 4.3806 4.3806 42.64740 40.23141 0
183 4.3813 4.3813 41.55172 37.49879 0
184 4.3823 4.3823 41.56495 37.53837 0
185 4.3833 4.3833 41.57763 37.57446 0
186 4.3843 4.3843 41.58997 37.60784 0
187 4.3853 4.3853 41.60197 37.63886 0
188 4.3864 4.3864 41.61492 37.67080 0
189 4.3874 4.3874 41.62629 37.69785 0
190 4.3884 4.3884 41.63739 37.72334 0
191 4.3894 4.3894 43.12093 41.39220 0
192 4.3904 4.3904 43.12093 41.39220 0
193 4.3914 4.3914 43.12093 41.39220 0
194 4.3924 4.3924 43.12093 41.39220 0
195 4.3929 4.3929 42.64740 40.23141 0
196 4.3934 4.3934 43.12093 41.39220 0
197 4.3945 4.3945 43.12093 41.39220 0
198 4.3955 4.3955 43.12093 41.39220 0
199 4.3965 4.3965 43.12093 41.39220 0
200 4.3975 4.3975 43.12093 41.39220 0
201 4.3985 4.3985 43.12093 41.39220 0
202 4.3995 4.3995 43.12093 41.39220 0
203 4.4004 4.4004 42.64740 40.23141 0
204 4.4005 4.4005 43.12093 41.39220 0
205 4.4015 4.4015 43.12093 41.39220 0
206 4.4025 4.4025 43.12093 41.39220 0
207 4.4035 4.4035 43.12093 41.39220 0
208 4.4045 4.4045 42.64740 40.23141 0
209 4.4045 4.4045 43.12093 41.39220 0
210 4.4055 4.4055 43.12093 41.39220 0
211 4.4065 4.4065 43.12093 41.39220 0
212 4.4075 4.4075 43.12093 41.39220 0
213 4.4085 4.4085 43.12093 41.39220 0
214 4.4095 4.4095 43.12093 41.39220 0
215 4.4105 4.4105 43.12093 41.39220 0
216 4.4115 4.4115 43.12093 41.39220 0
217 4.4125 4.4125 43.12093 41.39220 0
218 4.4135 4.4135 43.12093 41.39220 0
219 4.4145 4.4145 43.12093 41.39220 0
220 4.4155 4.4155 43.12093 41.39220 0
221 4.4161 4.4161 42.40071 39.51914 0
222 4.4165 4.4165 43.12093 41.39220 0
223 4.4175 4.4175 43.12093 41.39220 0
224 4.4185 4.4185 43.12093 41.39220 0
225 4.4195 4.4195 43.12093 41.39220 0
226 4.4204 4.4204 43.12093 41.39220 0
227 4.4214 4.4214 43.12093 41.39220 0
228 4.4224 4.4224 43.12093 41.39220 0
229 4.4234 4.4234 43.12093 41.39220 0
230 4.4244 4.4244 43.12093 41.39220 0
231 4.4253 4.4253 43.12093 41.39220 0
232 4.4263 4.4263 43.12093 41.39220 0
233 4.4273 4.4273 43.12093 41.39220 0
234 4.4283 4.4283 43.12093 41.39220 0
235 4.4286 4.4286 42.64740 40.23141 0
236 4.4292 4.4292 42.40071 39.51914 0
237 4.4292 4.4292 43.12093 41.39220 0
238 4.4299 4.4299 43.12093 41.39220 0
239 4.4306 4.4306 43.12093 41.39220 0
240 4.4313 4.4313 43.12093 41.39220 0
241 4.4319 4.4319 43.12093 41.39220 0
242 4.4326 4.4326 43.12093 41.39220 0
243 4.4333 4.4333 43.12093 41.39220 0
244 4.434 4.434 43.12093 41.39220 0
245 4.4347 4.4347 43.12093 41.39220 0
246 4.4353 4.4353 43.12093 41.39220 0
247 4.436 4.436 43.12093 41.39220 0
248 4.4367 4.4367 43.12093 41.39220 0
249 4.4374 4.4374 43.12093 41.39220 0
250 4.438 4.438 43.12093 41.39220 0
251 4.4387 4.4387 43.12093 41.39220 0
252 4.4394 4.4394 43.12093 41.39220 0
253 4.4401 4.4401 43.12093 41.39220 0
254 4.4407 4.4407 43.12093 41.39220 0
255 4.4414 4.4414 43.12093 41.39220 0
256 4.4417 4.4417 42.40071 39.51914 0
257 4.4421 4.4421 43.12093 41.39220 0
258 4.4427 4.4427 43.12093 41.39220 0
259 4.4434 4.4434 43.12093 41.39220 0
260 4.4441 4.4441 43.12093 41.39220 0
261 4.4447 4.4447 43.12093 41.39220 0
262 4.4454 4.4454 43.12093 41.39220 0
263 4.4461 4.4461 43.12093 41.39220 0
264 4.4467 4.4467 43.12093 41.39220 0
265 4.4474 4.4474 43.12093 41.39220 0
266 4.4481 4.4481 43.12093 41.39220 0
267 4.4487 4.4487 43.12093 41.39220 0
268 4.4494 4.4494 43.12093 41.39220 0
269 4.4494 4.4494 43.44526 42.28262 0
270 4.4501 4.4501 43.12093 41.39220 0
271 4.4507 4.4507 43.12093 41.39220 0
272 4.4514 4.4514 43.12093 41.39220 0
273 4.452 4.452 43.12093 41.39220 0
274 4.4527 4.4527 43.12093 41.39220 0
275 4.4534 4.4534 43.12093 41.39220 0
276 4.4535 4.4535 42.68753 40.29734 0
277 4.454 4.454 43.12093 41.39220 0
278 4.4547 4.4547 43.12093 41.39220 0
279 4.4553 4.4553 43.12093 41.39220 0
280 4.456 4.456 43.12093 41.39220 0
281 4.4566 4.4566 43.12093 41.39220 0
282 4.4573 4.4573 43.12093 41.39220 0
283 4.4579 4.4579 43.12093 41.39220 0
284 4.4586 4.4586 43.12093 41.39220 0
285 4.4592 4.4592 43.12093 41.39220 0
286 4.4599 4.4599 43.12093 41.39220 0
287 4.4605 4.4605 43.12093 41.39220 0
288 4.4612 4.4612 43.12093 41.39220 0
289 4.4618 4.4618 43.12093 41.39220 0
290 4.4625 4.4625 43.12093 41.39220 0
291 4.4631 4.4631 43.12093 41.39220 0
292 4.4633 4.4633 42.68753 40.29734 0
293 4.4637 4.4637 43.12093 41.39220 0
294 4.4644 4.4644 43.12093 41.39220 0
295 4.465 4.465 43.12093 41.39220 0
296 4.4657 4.4657 43.12093 41.39220 0
297 4.4663 4.4663 43.12093 41.39220 0
298 4.467 4.467 43.12093 41.39220 0
299 4.4676 4.4676 43.12093 41.39220 0
300 4.4682 4.4682 42.68753 40.29734 0
301 4.4682 4.4682 43.12093 41.39220 0
302 4.4689 4.4689 43.12093 41.39220 0
303 4.4693 4.4693 43.12093 41.39220 0
304 4.4697 4.4697 43.12093 41.39220 0
305 4.4701 4.4701 43.12093 41.39220 0
306 4.4705 4.4705 43.12093 41.39220 0
307 4.471 4.471 43.12093 41.39220 0
308 4.4714 4.4714 43.12093 41.39220 0
309 4.4718 4.4718 43.12093 41.39220 0
310 4.4722 4.4722 43.12093 41.39220 0
311 4.4725 4.4725 43.44526 42.28262 0
312 4.4726 4.4726 43.12093 41.39220 0
313 4.4728 4.4728 42.68753 40.29734 0
314 4.4731 4.4731 43.12093 41.39220 0
315 4.4735 4.4735 43.12093 41.39220 0
316 4.4739 4.4739 43.12093 41.39220 0
317 4.4743 4.4743 43.12093 41.39220 0
318 4.4747 4.4747 43.12093 41.39220 0
319 4.4751 4.4751 43.12093 41.39220 0
320 4.4756 4.4756 43.12093 41.39220 0
321 4.476 4.476 43.12093 41.39220 0
322 4.4764 4.4764 43.12093 41.39220 0
323 4.4768 4.4768 43.12093 41.39220 0
324 4.4772 4.4772 43.12093 41.39220 0
325 4.4773 4.4773 42.68753 40.29734 0
326 4.4776 4.4776 43.12093 41.39220 0
327 4.478 4.478 43.12093 41.39220 0
328 4.4784 4.4784 43.12093 41.39220 0
329 4.4788 4.4788 43.12093 41.39220 0
330 4.4792 4.4792 43.12093 41.39220 0
331 4.4796 4.4796 43.12093 41.39220 0
332 4.48 4.48 43.12093 41.39220 0
333 4.4804 4.4804 43.12093 41.39220 0
334 4.4808 4.4808 43.12093 41.39220 0
335 4.4812 4.4812 43.12093 41.39220 0
336 4.4815 4.4815 43.12093 41.39220 0
337 4.4815 4.4815 43.14144 41.35622 0
338 4.4819 4.4819 43.12093 41.39220 0
339 4.4823 4.4823 43.12093 41.39220 0
340 4.4826 4.4826 43.12093 41.39220 0
341 4.4829 4.4829 43.12093 41.39220 0
342 4.4833 4.4833 43.12093 41.39220 0
343 4.4836 4.4836 43.12093 41.39220 0
344 4.4839 4.4839 43.12093 41.39220 0
345 4.4842 4.4842 43.12093 41.39220 0
346 4.4846 4.4846 43.12093 41.39220 0
347 4.4849 4.4849 43.12093 41.39220 0
348 4.4852 4.4852 43.12093 41.39220 0
349 4.4855 4.4855 43.12093 41.39220 0
350 4.4855 4.4855 43.14144 41.35622 0
351 4.4858 4.4858 43.12093 41.39220 0
352 4.4861 4.4861 43.12093 41.39220 0
353 4.4864 4.4864 43.12093 41.39220 0
354 4.4867 4.4867 43.12093 41.39220 0
355 4.4871 4.4871 43.12093 41.39220 0
356 4.4874 4.4874 43.12093 41.39220 0
357 4.4877 4.4877 43.12093 41.39220 0
358 4.488 4.488 43.12093 41.39220 0
359 4.4883 4.4883 43.12093 41.39220 0
360 4.4886 4.4886 43.12093 41.39220 0
361 4.4889 4.4889 43.12093 41.39220 0
362 4.4892 4.4892 43.12093 41.39220 0
363 4.4894 4.4894 43.14144 41.35622 0
364 4.4895 4.4895 43.12093 41.39220 0
365 4.4898 4.4898 43.12093 41.39220 0
366 4.4901 4.4901 43.12093 41.39220 0
367 4.4904 4.4904 43.12093 41.39220 0
368 4.4907 4.4907 43.12093 41.39220 0
369 4.491 4.491 43.12093 41.39220 0
370 4.4913 4.4913 43.12093 41.39220 0
371 4.4916 4.4916 43.12093 41.39220 0
372 4.4918 4.4918 43.12093 41.39220 0
373 4.4921 4.4921 43.12093 41.39220 0
374 4.4924 4.4924 43.12093 41.39220 0
375 4.4925 4.4925 42.68753 40.29734 0
376 4.4927 4.4927 43.12093 41.39220 0
377 4.493 4.493 43.12093 41.39220 0
378 4.493 4.493 43.14144 41.35622 0
379 4.4933 4.4933 43.12093 41.39220 0
380 4.4936 4.4936 43.12093 41.39220 0
381 4.4938 4.4938 43.12093 41.39220 0
382 4.4941 4.4941 43.12093 41.39220 0
383 4.4944 4.4944 43.12093 41.39220 0
384 4.4947 4.4947 43.12093 41.39220 0
385 4.4949 4.4949 43.12093 41.39220 0
386 4.4952 4.4952 43.12093 41.39220 0
387 4.4955 4.4955 43.12093 41.39220 0
388 4.4956 4.4956 43.14144 41.35622 0
389 4.4958 4.4958 43.12093 41.39220 0
390 4.496 4.496 43.12093 41.39220 0
391 4.4963 4.4963 43.12093 41.39220 0
392 4.4966 4.4966 43.12093 41.39220 0
393 4.4968 4.4968 43.12093 41.39220 0
394 4.4971 4.4971 43.12093 41.39220 0
395 4.4974 4.4974 43.12093 41.39220 0
396 4.4976 4.4976 43.12093 41.39220 0
397 4.4976 4.4976 43.14144 41.35622 0
398 4.4979 4.4979 43.12093 41.39220 0
399 4.4981 4.4981 43.12093 41.39220 0
400 4.4984 4.4984 43.12093 41.39220 0
401 4.4985 4.4985 43.14144 41.35622 0
402 4.4986 4.4986 42.89011 40.82973 0
403 4.4989 4.4989 42.89011 40.82973 0
404 4.4991 4.4991 42.89011 40.82973 0
405 4.4993 4.4993 43.14144 41.35622 0
406 4.4994 4.4994 42.89011 40.82973 0
407 4.4996 4.4996 42.89011 40.82973 0
408 4.4999 4.4999 42.89011 40.82973 0
409 4.5 4.5 42.89011 40.82973 0
410 4.5001 4.5001 42.89011 40.82973 0
411 4.5004 4.5004 42.89011 40.82973 0
412 4.5006 4.5006 42.89011 40.82973 0
413 4.5006 4.5006 42.89011 40.82973 0
414 4.5009 4.5009 42.89011 40.82973 0
415 4.501 4.501 42.89011 40.82973 0
416 4.5011 4.5011 42.89011 40.82973 0
417 4.5013 4.5013 42.89011 40.82973 0
418 4.5014 4.5014 42.89011 40.82973 0
419 4.5015 4.5015 42.89011 40.82973 0
420 4.5016 4.5016 42.89011 40.82973 0
421 4.5017 4.5017 42.89011 40.82973 0
422 4.5017 4.5017 42.89011 40.82973 0
423 4.5018 4.5018 42.89011 40.82973 0
424 4.5019 4.5019 42.89011 40.82973 0
425 4.5019 4.5019 42.89011 40.82973 0
426 4.502 4.502 42.89011 40.82973 0
427 4.5021 4.5021 42.89011 40.82973 0
428 4.5021 4.5021 42.89011 40.82973 0
429 4.5022 4.5022 42.89011 40.82973 0
430 4.5022 4.5022 42.89011 40.82973 0
431 4.5023 4.5023 42.89011 40.82973 0
432 4.5023 4.5023 42.89011 40.82973 0
433 4.5024 4.5024 42.89011 40.82973 0
434 4.5024 4.5024 42.89011 40.82973 0
435 4.5025 4.5025 42.89011 40.82973 0
436 4.5025 4.5025 42.89011 40.82973 0
437 4.5026 4.5026 42.89011 40.82973 0
438 4.5026 4.5026 42.89011 40.82973 0
439 4.5026 4.5026 42.89011 40.82973 0
440 4.5027 4.5027 42.89011 40.82973 0
441 4.5144 4.5144 42.68753 40.29734 0
442 4.5288 4.5288 43.14144 41.35622 0
443 4.5393 4.5393 43.66748 43.01987 0
444 4.5483 4.5483 43.66748 43.01987 0
445 4.5582 4.5582 43.14144 41.35622 0
446 4.5837 4.5837 43.57248 42.82281 0
447 4.609 4.609 43.66781 43.08669 0
448 4.6345 4.6345 43.66781 43.08669 0
449 4.6546 4.6546 43.74855 43.25256 0
450 4.6831 4.6831 43.71202 43.20170 0
451 4.7096 4.7096 43.71202 43.20170 0
452 4.736 4.736 43.84555 43.50285 0
453 4.7611 4.7611 43.84555 43.50285 0
454 4.7844 4.7844 43.85807 43.57534 0
455 4.8277 4.8277 43.85807 43.57534 0
456 4.8562 4.8562 43.85794 43.61061 0
457 4.88 4.88 43.85794 43.61061 0
458 4.9012 4.9012 43.85794 43.61061 0
459 4.9262 4.9262 43.85339 43.61703 0
460 4.9484 4.9484 43.85339 43.61703 0
461 4.9694 4.9694 43.78983 43.62032 0
462 4.9934 4.9934 43.82314 43.62435 0
463 5.016 5.016 43.82407 43.60297 0
464 5.0382 5.0382 43.80201 43.58957 0
465 5.0602 5.0602 43.84459 43.61916 0
466 5.0832 5.0832 43.72817 43.60017 0
467 5.0834 5.0834 43.72817 43.60017 0
468 5.0875 5.0875 43.76077 43.60445 0
469 5.0919 5.0919 43.76077 43.60445 0
470 5.1004 5.1004 43.81288 43.61224 0
471 5.1122 5.1122 43.61351 43.44409 0
472 5.1159 5.1159 43.61351 43.44409 0
473 5.136 5.136 43.78989 43.58327 0
474 5.157 5.157 43.82782 43.59371 0
475 5.1748 5.1748 43.63330 43.55899 0
476 5.1748 5.1748 43.63330 43.55899 0
477 5.1771 5.1771 43.63330 43.55899 0
478 5.1919 5.1919 43.75708 43.59424 0
479 5.1934 5.1934 43.75708 43.59424 0
480 5.2023 5.2023 43.72072 43.55086 0
481 5.2101 5.2101 43.72072 43.55086 0
482 5.2135 5.2135 43.69577 43.58009 0
483 5.2166 5.2166 43.69577 43.58009 0
484 5.2221 5.2221 43.69577 43.58009 0
485 5.2257 5.2257 43.69577 43.58009 0
486 5.2262 5.2262 43.69577 43.58009 0
487 5.2268 5.2268 43.69577 43.58009 0
